1403636858.651666403,5297.45
1403636858.701666594,5525.77
1403636858.751666546,5695.49
1403636858.801666498,5844.12
1403636858.851666451,5973.83
1403636858.901666403,6136.2
1403636858.951666594,6266.36
1403636859.001666546,6428.21
1403636859.051666498,6584.82
1403636859.101666451,6730.51
1403636859.151666403,6852.62
1403636859.201666594,7004.74
1403636859.251666546,7158.82
1403636859.301666498,7301.62
1403636859.351666451,7444.5
1403636859.401666403,7591.76
1403636859.451666594,7748.11
1403636859.501666546,7895.17
1403636859.551666498,8037.61
1403636859.601666451,8181.48
1403636859.651666403,8357.36
1403636859.701666594,8484.23
1403636859.751666546,8645.1
1403636859.801666498,8800.45
1403636859.851666451,8950.41
1403636859.901666403,9099.66
1403636859.951666594,9272.89
1403636860.001666546,9416.89
1403636860.051666498,9579.37
1403636860.101666451,9728.98
1403636860.151666403,9902.72
1403636860.201666594,10062.6
1403636860.251666546,10239.1
1403636860.301666498,10390.2
1403636860.351666451,10539.5
1403636860.401666403,10682
1403636860.451666594,10836.2
1403636860.501666546,10965.3
1403636860.551666498,11130.7
1403636860.601666451,11296.8
1403636860.651666403,11460.6
1403636860.701666594,11617.9
1403636860.751666546,11776.3
1403636860.801666498,11928.5
1403636860.851666451,12056.6
1403636860.901666403,12211
1403636860.951666594,12357.4
1403636861.001666546,12538.5
1403636861.051666498,12668.5
1403636861.101666451,12816.3
1403636861.151666403,12947.7
1403636861.201666594,13110.3
1403636861.251666546,13243.1
1403636861.301666498,13410.1
1403636861.351666451,13553
1403636861.401666403,13695.2
1403636861.451666594,13837.9
1403636861.501666546,13971.2
1403636861.551666498,14134.7
1403636861.601666451,14269.5
1403636861.651666403,14436.6
1403636861.701666594,14586.9
1403636861.751666546,14755.1
1403636861.801666498,14928.1
1403636861.851666451,15064.8
1403636861.901666403,15215.4
1403636861.951666594,15370.8
1403636862.001666546,15508.3
1403636862.051666498,15673.5
1403636862.101666451,15819.5
1403636862.151666403,15968
1403636862.201666594,16112.5
1403636862.251666546,16253.4
1403636862.301666498,16422.2
1403636862.351666451,16567.2
1403636862.401666403,16697.9
1403636862.451666594,16866.4
1403636862.501666546,17034.9
1403636862.551666498,17181.2
1403636862.601666451,17327.4
1403636862.651666403,17489.2
1403636862.701666594,17625.8
1403636862.751666546,17787.8
1403636862.801666498,17937.1
1403636862.851666451,18117.4
1403636862.901666403,18269.1
1403636862.951666594,18413
1403636863.001666546,18569.3
1403636863.051666498,18713.1
1403636863.101666451,18844
1403636863.151666403,19010.2
1403636863.201666594,19148.1
1403636863.251666546,19342.2
1403636863.301666498,19483
1403636863.351666451,19639.1
1403636863.401666403,19795.6
1403636863.451666594,19938.5
1403636863.501666546,20112.4
1403636863.551666498,20246.8
1403636863.601666451,20423.5
1403636863.651666403,20555.6
1403636863.701666594,20700.2
1403636863.751666546,20881.1
1403636863.801666498,21002.7
1403636863.851666451,21181.1
1403636863.901666403,21335.5
1403636863.951666594,21488.5
1403636864.001666546,21612.6
1403636864.051666498,21775
1403636864.101666451,21922.1
1403636864.151666403,22058.1
1403636864.201666594,22228.1
1403636864.251666546,22373.6
1403636864.301666498,22549.9
1403636864.351666451,22677.8
1403636864.401666403,22855
1403636864.451666594,23007.2
1403636864.501666546,23165.3
1403636864.551666498,23337.2
1403636864.601666451,23491
1403636864.651666403,23628.1
1403636864.701666594,23800.1
1403636864.751666546,23955.5
1403636864.801666498,24112.3
1403636864.851666451,24270.2
1403636864.901666403,24422.7
1403636864.951666594,24580.6
1403636865.001666546,24739.2
1403636865.051666498,24908.8
1403636865.101666451,25059.5
1403636865.151666403,25201.7
1403636865.201666594,25379.7
1403636865.251666546,25526.2
1403636865.301666498,25679.2
1403636865.351666451,25834.8
1403636865.401666403,25989.1
1403636865.451666594,26134.1
1403636865.501666546,26278.9
1403636865.551666498,26412.7
1403636865.601666451,26608.6
1403636865.651666403,26756.5
1403636865.701666594,26903
1403636865.751666546,27054.7
1403636865.801666498,27206.7
1403636865.851666451,27361
1403636865.901666403,27514.1
1403636865.951666594,27662.4
1403636866.001666546,27824.5
1403636866.051666498,27973.8
1403636866.101666451,28132.4
1403636866.151666403,28275
1403636866.201666594,28441.2
1403636866.251666546,28600.3
1403636866.301666498,28740.1
1403636866.351666451,28909.2
1403636866.401666403,29055.4
1403636866.451666594,29203.8
1403636866.501666546,29355
1403636866.551666498,29516.4
1403636866.601666451,29665.3
1403636866.651666403,29816.4
1403636866.701666594,29973.5
1403636866.751666546,30141.7
1403636866.801666498,30296.2
1403636866.851666451,30490.8
1403636866.901666403,30625.7
1403636866.951666594,30772.8
1403636867.001666546,30958.6
1403636867.051666498,31099.5
1403636867.101666451,31255.5
1403636867.151666403,31399.7
1403636867.201666594,31562.5
1403636867.251666546,31694.5
1403636867.301666498,31864.9
1403636867.351666451,32041.2
1403636867.401666403,32195.3
1403636867.451666594,32344.1
1403636867.501666546,32491.3
1403636867.551666498,32634.2
1403636867.601666451,32784
1403636867.651666403,32925.7
1403636867.701666594,33098.8
1403636867.751666546,33245.5
1403636867.801666498,33387.1
1403636867.851666451,33516.8
1403636867.901666403,33704.7
1403636867.951666594,33840.5
1403636868.001666546,33968.4
1403636868.051666498,34138.2
1403636868.101666451,34272.3
1403636868.151666403,34452.9
1403636868.201666594,34602.2
1403636868.251666546,34731.2
1403636868.301666498,34897.6
1403636868.351666451,35047.4
1403636868.401666403,35201.5
1403636868.451666594,35349.9
1403636868.501666546,35495.4
1403636868.551666498,35659.3
1403636868.601666451,35816.1
1403636868.651666403,35955.5
1403636868.701666594,36123.3
1403636868.751666546,36272.2
1403636868.801666498,36436.5
1403636868.851666451,36582.3
1403636868.901666403,36734
1403636868.951666594,36890.2
1403636869.001666546,37028.7
1403636869.051666498,37182.7
1403636869.101666451,37366.8
1403636869.151666403,37506.8
1403636869.201666594,37679.4
1403636869.251666546,37825.2
1403636869.301666498,37971
1403636869.351666451,38110
1403636869.401666403,38286
1403636869.451666594,38430.1
1403636869.501666546,38571.5
1403636869.551666498,38750.9
1403636869.601666451,38903.7
1403636869.651666403,39056.7
1403636869.701666594,39200.6
1403636869.751666546,39361.8
1403636869.801666498,39513.7
1403636869.851666451,39664.2
1403636869.901666403,39828.4
1403636869.951666594,39984.1
1403636870.001666546,40133.8
1403636870.051666498,40277.4
1403636870.101666451,40428.7
1403636870.151666403,40602.9
1403636870.201666594,40740.4
1403636870.251666546,40881.7
1403636870.301666498,41040.1
1403636870.351666451,41186.6
1403636870.401666403,41336.3
1403636870.451666594,41485.9
1403636870.501666546,41655.7
1403636870.551666498,41812.6
1403636870.601666451,41959.5
1403636870.651666403,42132.3
1403636870.701666594,42286.8
1403636870.751666546,42429
1403636870.801666498,42587.8
1403636870.851666451,42713.5
1403636870.901666403,42879.2
1403636870.951666594,43010.2
1403636871.001666546,43177.9
1403636871.051666498,43353.8
1403636871.101666451,43501.4
1403636871.151666403,43657.5
1403636871.201666594,43826.8
1403636871.251666546,43980.7
1403636871.301666498,44111.4
1403636871.351666451,44298.3
1403636871.401666403,44426.1
1403636871.451666594,44589.6
1403636871.501666546,44737.3
1403636871.551666498,44893.2
1403636871.601666451,45036.8
1403636871.651666403,45218
1403636871.701666594,45363.5
1403636871.751666546,45501.9
1403636871.801666498,45677.1
1403636871.851666451,45846.2
1403636871.901666403,45981.2
1403636871.951666594,46131.1
1403636872.001666546,46293.8
1403636872.051666498,46436.9
1403636872.101666451,46598.1
1403636872.151666403,46759.2
1403636872.201666594,46894.5
1403636872.251666546,47072.6
1403636872.301666498,47217.3
1403636872.351666451,47351.3
1403636872.401666403,47537.9
1403636872.451666594,47671.7
1403636872.501666546,47825.8
1403636872.551666498,47979.3
1403636872.601666451,48130.2
1403636872.651666403,48262.9
1403636872.701666594,48439.9
1403636872.751666546,48581.5
1403636872.801666498,48741.7
1403636872.851666451,48894.5
1403636872.901666403,49058.5
1403636872.951666594,49203.1
1403636873.001666546,49364.2
1403636873.051666498,49523.1
1403636873.101666451,49654.7
1403636873.151666403,49828.5
1403636873.201666594,49976.8
1403636873.251666546,50118.9
1403636873.301666498,50273.2
1403636873.351666451,50427.1
1403636873.401666403,50573.3
1403636873.451666594,50740.8
1403636873.501666546,50904.2
1403636873.551666498,51053.8
1403636873.601666451,51208.7
1403636873.651666403,51340.1
1403636873.701666594,51513.3
1403636873.751666546,51666.2
1403636873.801666498,51807.7
1403636873.851666451,51982.1
1403636873.901666403,52131.9
1403636873.951666594,52293.5
1403636874.001666546,52444.5
1403636874.051666498,52595.7
1403636874.101666451,52732.5
1403636874.151666403,52893.4
1403636874.201666594,53052.2
1403636874.251666546,53203.2
1403636874.301666498,53356
1403636874.351666451,53526.5
1403636874.401666403,53676.1
1403636874.451666594,53827.5
1403636874.501666546,53988
1403636874.551666498,54138.4
1403636874.601666451,54272.4
1403636874.651666403,54446.6
1403636874.701666594,54605.8
1403636874.751666546,54751.8
1403636874.801666498,54899.1
1403636874.851666451,55031.6
1403636874.901666403,55194.9
1403636874.951666594,55354.5
1403636875.001666546,55501.6
1403636875.051666498,55638.9
1403636875.101666451,55776.5
1403636875.151666403,55927.8
1403636875.201666594,56076.8
1403636875.251666546,56222.9
1403636875.301666498,56387.5
1403636875.351666451,56547.4
1403636875.401666403,56710.1
1403636875.451666594,56858.5
1403636875.501666546,57007.9
1403636875.551666498,57147.3
1403636875.601666451,57314.6
1403636875.651666403,57467.5
1403636875.701666594,57618.3
1403636875.751666546,57791.5
1403636875.801666498,57926.8
1403636875.851666451,58087
1403636875.901666403,58264.3
1403636875.951666594,58415.5
1403636876.001666546,58589.8
1403636876.051666498,58754.7
1403636876.101666451,58923
1403636876.151666403,59088.7
1403636876.201666594,59225.7
1403636876.251666546,59362.6
1403636876.301666498,59523.5
1403636876.351666451,59672.9
1403636876.401666403,59834.1
1403636876.451666594,59979.8
1403636876.501666546,60148.7
1403636876.551666498,60292.7
1403636876.601666451,60450.2
1403636876.651666403,60597.4
1403636876.701666594,60727.1
1403636876.751666546,60899.6
1403636876.801666498,61060.3
1403636876.851666451,61183.8
1403636876.901666403,61347.9
1403636876.951666594,61523.3
1403636877.001666546,61666
1403636877.051666498,61818.3
1403636877.101666451,61967
1403636877.151666403,62127.1
1403636877.201666594,62275.1
1403636877.251666546,62415.8
1403636877.301666498,62590.4
1403636877.351666451,62751.2
1403636877.401666403,62908.8
1403636877.451666594,63039.2
1403636877.501666546,63218.9
1403636877.551666498,63368.4
1403636877.601666451,63536.8
1403636877.651666403,63691
1403636877.701666594,63856.7
1403636877.751666546,64008
1403636877.801666498,64152.7
1403636877.851666451,64319.8
1403636877.901666403,64467.8
1403636877.951666594,64627.2
1403636878.001666546,64770.8
1403636878.051666498,64920.5
1403636878.101666451,65064.2
1403636878.151666403,65195.9
1403636878.201666594,65357
1403636878.251666546,65517.5
1403636878.301666498,65670.8
1403636878.351666451,65827.5
1403636878.401666403,65971.1
1403636878.451666594,66119.1
1403636878.501666546,66276
1403636878.551666498,66452
1403636878.601666451,66580.1
1403636878.651666403,66746.2
1403636878.701666594,66899.6
1403636878.751666546,67049.1
1403636878.801666498,67197.7
1403636878.851666451,67350.2
1403636878.901666403,67498.2
1403636878.951666594,67650.5
1403636879.001666546,67789.5
1403636879.051666498,67955.7
1403636879.101666451,68105.8
1403636879.151666403,68249.6
1403636879.201666594,68434
1403636879.251666546,68576.4
1403636879.301666498,68718.9
1403636879.351666451,68851.5
1403636879.401666403,69027.9
1403636879.451666594,69170.8
1403636879.501666546,69332.9
1403636879.551666498,69467.1
1403636879.601666451,69631.6
1403636879.651666403,69779
1403636879.701666594,69907.4
1403636879.751666546,70076.6
1403636879.801666498,70219.9
1403636879.851666451,70380.2
1403636879.901666403,70537.6
1403636879.951666594,70676
1403636880.001666546,70814.5
1403636880.051666498,70980.2
1403636880.101666451,71130.6
1403636880.151666403,71276.2
1403636880.201666594,71421.6
1403636880.251666546,71587
1403636880.301666498,71740
1403636880.351666451,71894.1
1403636880.401666403,72029.6
1403636880.451666594,72186.5
1403636880.501666546,72339.9
1403636880.551666498,72488.7
1403636880.601666451,72638.8
1403636880.651666403,72799.5
1403636880.701666594,72950.5
1403636880.751666546,73092.4
1403636880.801666498,73268.9
1403636880.851666451,73399.7
1403636880.901666403,73564.3
1403636880.951666594,73727.2
1403636881.001666546,73865.9
1403636881.051666498,74013.2
1403636881.101666451,74182.4
1403636881.151666403,74327.4
1403636881.201666594,74493.7
1403636881.251666546,74658.9
1403636881.301666498,74794.5
1403636881.351666451,74960.6
1403636881.401666403,75115.6
1403636881.451666594,75277.8
1403636881.501666546,75449.9
1403636881.551666498,75588.1
1403636881.601666451,75721.9
1403636881.651666403,75894.1
1403636881.701666594,76054.9
1403636881.751666546,76209.3
1403636881.801666498,76371.2
1403636881.851666451,76531.9
1403636881.901666403,76664.2
1403636881.951666594,76833.5
1403636882.001666546,76977.5
1403636882.051666498,77156.5
1403636882.101666451,77304
1403636882.151666403,77442.5
1403636882.201666594,77620.8
1403636882.251666546,77768.4
1403636882.301666498,77909
1403636882.351666451,78053.5
1403636882.401666403,78212.3
1403636882.451666594,78363
1403636882.501666546,78533.4
1403636882.551666498,78695.3
1403636882.601666451,78855.2
1403636882.651666403,78992
1403636882.701666594,79137.3
1403636882.751666546,79292.1
1403636882.801666498,79437.1
1403636882.851666451,79576.6
1403636882.901666403,79718.4
1403636882.951666594,79881.8
1403636883.001666546,80028
1403636883.051666498,80177.7
1403636883.101666451,80344.3
1403636883.151666403,80477.9
1403636883.201666594,80646.9
1403636883.251666546,80790.2
1403636883.301666498,80936.2
1403636883.351666451,81095.9
1403636883.401666403,81239.1
1403636883.451666594,81377
1403636883.501666546,81548.2
1403636883.551666498,81692.7
1403636883.601666451,81836
1403636883.651666403,82016.3
1403636883.701666594,82169.8
1403636883.751666546,82322.1
1403636883.801666498,82497.3
1403636883.851666451,82639.6
1403636883.901666403,82766.5
1403636883.951666594,82937.2
1403636884.001666546,83090.6
1403636884.051666498,83234.3
1403636884.101666451,83397.6
1403636884.151666403,83559
1403636884.201666594,83700.6
1403636884.251666546,83882.3
1403636884.301666498,84015.2
1403636884.351666451,84174.4
1403636884.401666403,84331
1403636884.451666594,84462.8
1403636884.501666546,84625.3
1403636884.551666498,84767.8
1403636884.601666451,84934
1403636884.651666403,85082
1403636884.701666594,85223.6
1403636884.751666546,85370.8
1403636884.801666498,85536.1
1403636884.851666451,85701.2
1403636884.901666403,85830.6
1403636884.951666594,86000
1403636885.001666546,86164.1
1403636885.051666498,86316.8
1403636885.101666451,86467.5
1403636885.151666403,86631.7
1403636885.201666594,86786
1403636885.251666546,86943.2
1403636885.301666498,87087.9
1403636885.351666451,87243.4
1403636885.401666403,87386.2
1403636885.451666594,87552.7
1403636885.501666546,87707.5
1403636885.551666498,87852.1
1403636885.601666451,87993.6
1403636885.651666403,88140.9
1403636885.701666594,88284.2
1403636885.751666546,88441.5
1403636885.801666498,88618.7
1403636885.851666451,88769.1
1403636885.901666403,88924
1403636885.951666594,89073.4
1403636886.001666546,89216.1
1403636886.051666498,89394.4
1403636886.101666451,89514.6
1403636886.151666403,89667.4
1403636886.201666594,89841
1403636886.251666546,89986.6
1403636886.301666498,90137.9
1403636886.351666451,90293.4
1403636886.401666403,90448.1
1403636886.451666594,90619.9
1403636886.501666546,90777.2
1403636886.551666498,90936.2
1403636886.601666451,91092.8
1403636886.651666403,91255.4
1403636886.701666594,91392.9
1403636886.751666546,91555.2
1403636886.801666498,91711.3
1403636886.851666451,91853.3
1403636886.901666403,91991.9
1403636886.951666594,92164
1403636887.001666546,92295.6
1403636887.051666498,92451.5
1403636887.101666451,92597.3
1403636887.151666403,92740.8
1403636887.201666594,92910.1
1403636887.251666546,93073
1403636887.301666498,93214.2
1403636887.351666451,93375.4
1403636887.401666403,93534.8
1403636887.451666594,93690
1403636887.501666546,93840.9
1403636887.551666498,93994.9
1403636887.601666451,94139.9
1403636887.651666403,94284.7
1403636887.701666594,94451.2
1403636887.751666546,94603
1403636887.801666498,94759.9
1403636887.851666451,94900.9
1403636887.901666403,95065.6
1403636887.951666594,95214.4
1403636888.001666546,95396.6
1403636888.051666498,95543.7
1403636888.101666451,95688.9
1403636888.151666403,95858
1403636888.201666594,96004.4
1403636888.251666546,96151.4
1403636888.301666498,96330.8
1403636888.351666451,96454.1
1403636888.401666403,96602.7
1403636888.451666594,96774.6
1403636888.501666546,96922.4
1403636888.551666498,97076.7
1403636888.601666451,97227.8
1403636888.651666403,97396.8
1403636888.701666594,97557.7
1403636888.751666546,97717.9
1403636888.801666498,97843.3
1403636888.851666451,97992.7
1403636888.901666403,98164
1403636888.951666594,98315.9
1403636889.001666546,98465.6
1403636889.051666498,98644.4
1403636889.101666451,98793.9
1403636889.151666403,98940
1403636889.201666594,99138.8
1403636889.251666546,99298
1403636889.301666498,99440.3
1403636889.351666451,99613.2
1403636889.401666403,99755.5
1403636889.451666594,99904.4
1403636889.501666546,100046
1403636889.551666498,100210
1403636889.601666451,100361
1403636889.651666403,100517
1403636889.701666594,100663
1403636889.751666546,100824
1403636889.801666498,100980
1403636889.851666451,101109
1403636889.901666403,101267
1403636889.951666594,101427
1403636890.001666546,101574
1403636890.051666498,101726
1403636890.101666451,101878
1403636890.151666403,102029
1403636890.201666594,102181
1403636890.251666546,102337
1403636890.301666498,102483
1403636890.351666451,102610
1403636890.401666403,102782
1403636890.451666594,102915
1403636890.501666546,103084
1403636890.551666498,103233
1403636890.601666451,103393
1403636890.651666403,103533
1403636890.701666594,103719
1403636890.751666546,103867
1403636890.801666498,104020
1403636890.851666451,104180
1403636890.901666403,104312
1403636890.951666594,104477
1403636891.001666546,104634
1403636891.051666498,104769
1403636891.101666451,104926
1403636891.151666403,105098
1403636891.201666594,105242
1403636891.251666546,105370
1403636891.301666498,105546
1403636891.351666451,105684
1403636891.401666403,105817
1403636891.451666594,105988
1403636891.501666546,106133
1403636891.551666498,106295
1403636891.601666451,106443
1403636891.651666403,106596
1403636891.701666594,106768
1403636891.751666546,106916
1403636891.801666498,107068
1403636891.851666451,107243
1403636891.901666403,107393
1403636891.951666594,107547
1403636892.001666546,107726
1403636892.051666498,107872
1403636892.101666451,108015
1403636892.151666403,108176
1403636892.201666594,108325
1403636892.251666546,108490
1403636892.301666498,108644
1403636892.351666451,108800
1403636892.401666403,108932
1403636892.451666594,109098
1403636892.501666546,109259
1403636892.551666498,109407
1403636892.601666451,109559
1403636892.651666403,109729
1403636892.701666594,109881
1403636892.751666546,110018
1403636892.801666498,110193
1403636892.851666451,110326
1403636892.901666403,110488
1403636892.951666594,110648
1403636893.001666546,110804
1403636893.051666498,110960
1403636893.101666451,111100
1403636893.151666403,111252
1403636893.201666594,111418
1403636893.251666546,111578
1403636893.301666498,111738
1403636893.351666451,111863
1403636893.401666403,112021
1403636893.451666594,112168
1403636893.501666546,112330
1403636893.551666498,112506
1403636893.601666451,112634
1403636893.651666403,112803
1403636893.701666594,112960
1403636893.751666546,113112
1403636893.801666498,113265
1403636893.851666451,113417
1403636893.901666403,113593
1403636893.951666594,113732
1403636894.001666546,113901
1403636894.051666498,114056
1403636894.101666451,114208
1403636894.151666403,114369
1403636894.201666594,114500
1403636894.251666546,114660
1403636894.301666498,114816
1403636894.351666451,114963
1403636894.401666403,115092
1403636894.451666594,115255
1403636894.501666546,115403
1403636894.551666498,115544
1403636894.601666451,115724
1403636894.651666403,115869
1403636894.701666594,116004
1403636894.751666546,116180
1403636894.801666498,116316
1403636894.851666451,116459
1403636894.901666403,116657
1403636894.951666594,116815
1403636895.001666546,116975
1403636895.051666498,117129
1403636895.101666451,117280
1403636895.151666403,117412
1403636895.201666594,117590
1403636895.251666546,117706
1403636895.301666498,117867
1403636895.351666451,118014
1403636895.401666403,118156
1403636895.451666594,118330
1403636895.501666546,118468
1403636895.551666498,118620
1403636895.601666451,118780
1403636895.651666403,118937
1403636895.701666594,119090
1403636895.751666546,119245
1403636895.801666498,119399
1403636895.851666451,119529
1403636895.901666403,119694
1403636895.951666594,119869
1403636896.001666546,120016
1403636896.051666498,120150
1403636896.101666451,120317
1403636896.151666403,120467
1403636896.201666594,120600
1403636896.251666546,120772
1403636896.301666498,120915
1403636896.351666451,121068
1403636896.401666403,121229
1403636896.451666594,121365
1403636896.501666546,121521
1403636896.551666498,121691
1403636896.601666451,121851
1403636896.651666403,121998
1403636896.701666594,122146
1403636896.751666546,122312
1403636896.801666498,122461
1403636896.851666451,122629
1403636896.901666403,122762
1403636896.951666594,122927
1403636897.001666546,123070
1403636897.051666498,123235
1403636897.101666451,123391
1403636897.151666403,123558
1403636897.201666594,123726
1403636897.251666546,123876
1403636897.301666498,124032
1403636897.351666451,124158
1403636897.401666403,124305
1403636897.451666594,124453
1403636897.501666546,124643
1403636897.551666498,124766
1403636897.601666451,124928
1403636897.651666403,125111
1403636897.701666594,125277
1403636897.751666546,125442
1403636897.801666498,125575
1403636897.851666451,125722
1403636897.901666403,125933
1403636897.951666594,126066
1403636898.001666546,126214
1403636898.051666498,126390
1403636898.101666451,126536
1403636898.151666403,126688
1403636898.201666594,126829
1403636898.251666546,126990
1403636898.301666498,127143
1403636898.351666451,127284
1403636898.401666403,127442
1403636898.451666594,127585
1403636898.501666546,127739
1403636898.551666498,127908
1403636898.601666451,128094
1403636898.651666403,128274
1403636898.701666594,128429
1403636898.751666546,128573
1403636898.801666498,128721
1403636898.851666451,128893
1403636898.901666403,129033
1403636898.951666594,129199
1403636899.001666546,129354
1403636899.051666498,129482
1403636899.101666451,129658
1403636899.151666403,129820
1403636899.201666594,129967
1403636899.251666546,130117
1403636899.301666498,130286
1403636899.351666451,130445
1403636899.401666403,130582
1403636899.451666594,130744
1403636899.501666546,130884
1403636899.551666498,131038
1403636899.601666451,131186
1403636899.651666403,131326
1403636899.701666594,131490
1403636899.751666546,131644
1403636899.801666498,131778
1403636899.851666451,131941
1403636899.901666403,132091
1403636899.951666594,132242
1403636900.001666546,132413
1403636900.051666498,132564
1403636900.101666451,132705
1403636900.151666403,132874
1403636900.201666594,133004
1403636900.251666546,133157
1403636900.301666498,133332
1403636900.351666451,133470
1403636900.401666403,133626
1403636900.451666594,133800
1403636900.501666546,133948
1403636900.551666498,134095
1403636900.601666451,134256
1403636900.651666403,134400
1403636900.701666594,134549
1403636900.751666546,134704
1403636900.801666498,134838
1403636900.851666451,135001
1403636900.901666403,135168
1403636900.951666594,135312
1403636901.001666546,135461
1403636901.051666498,135618
1403636901.101666451,135762
1403636901.151666403,135908
1403636901.201666594,136093
1403636901.251666546,136270
1403636901.301666498,136427
1403636901.351666451,136605
1403636901.401666403,136786
1403636901.451666594,136916
1403636901.501666546,137069
1403636901.551666498,137225
1403636901.601666451,137354
1403636901.651666403,137529
1403636901.701666594,137674
1403636901.751666546,137822
1403636901.801666498,137983
1403636901.851666451,138126
1403636901.901666403,138273
1403636901.951666594,138438
1403636902.001666546,138580
1403636902.051666498,138721
1403636902.101666451,138891
1403636902.151666403,139028
1403636902.201666594,139174
1403636902.251666546,139344
1403636902.301666498,139470
1403636902.351666451,139627
1403636902.401666403,139794
1403636902.451666594,139951
1403636902.501666546,140104
1403636902.551666498,140271
1403636902.601666451,140429
1403636902.651666403,140587
1403636902.701666594,140770
1403636902.751666546,140931
1403636902.801666498,141081
1403636902.851666451,141241
1403636902.901666403,141379
1403636902.951666594,141541
1403636903.001666546,141703
1403636903.051666498,141852
1403636903.101666451,142004
1403636903.151666403,142143
1403636903.201666594,142303
1403636903.251666546,142446
1403636903.301666498,142597
1403636903.351666451,142737
1403636903.401666403,142900
1403636903.451666594,143061
1403636903.501666546,143193
1403636903.551666498,143365
1403636903.601666451,143519
1403636903.651666403,143654
1403636903.701666594,143815
1403636903.751666546,144005
1403636903.801666498,144157
1403636903.851666451,144321
1403636903.901666403,144483
1403636903.951666594,144629
1403636904.001666546,144790
1403636904.051666498,144951
1403636904.101666451,145105
1403636904.151666403,145245
1403636904.201666594,145412
1403636904.251666546,145579
1403636904.301666498,145727
1403636904.351666451,145897
1403636904.401666403,146064
1403636904.451666594,146195
1403636904.501666546,146351
1403636904.551666498,146519
1403636904.601666451,146676
1403636904.651666403,146834
1403636904.701666594,146972
1403636904.751666546,147133
1403636904.801666498,147299
1403636904.851666451,147454
1403636904.901666403,147599
1403636904.951666594,147758
1403636905.001666546,147907
1403636905.051666498,148042
1403636905.101666451,148220
1403636905.151666403,148366
1403636905.201666594,148503
1403636905.251666546,148667
1403636905.301666498,148817
1403636905.351666451,148968
1403636905.401666403,149135
1403636905.451666594,149285
1403636905.501666546,149438
1403636905.551666498,149607
1403636905.601666451,149769
1403636905.651666403,149917
1403636905.701666594,150095
1403636905.751666546,150248
1403636905.801666498,150400
1403636905.851666451,150590
1403636905.901666403,150781
1403636905.951666594,150938
1403636906.001666546,151098
1403636906.051666498,151261
1403636906.101666451,151398
1403636906.151666403,151592
1403636906.201666594,151741
1403636906.251666546,151891
1403636906.301666498,152053
1403636906.351666451,152186
1403636906.401666403,152334
1403636906.451666594,152558
1403636906.501666546,152707
1403636906.551666498,152853
1403636906.601666451,153029
1403636906.651666403,153195
1403636906.701666594,153360
1403636906.751666546,153538
1403636906.801666498,153715
1403636906.851666451,153871
1403636906.901666403,154043
1403636906.951666594,154201
1403636907.001666546,154347
1403636907.051666498,154519
1403636907.101666451,154668
1403636907.151666403,154831
1403636907.201666594,155000
1403636907.251666546,155159
1403636907.301666498,155304
1403636907.351666451,155484
1403636907.401666403,155619
1403636907.451666594,155786
1403636907.501666546,155960
1403636907.551666498,156125
1403636907.601666451,156257
1403636907.651666403,156450
1403636907.701666594,156595
1403636907.751666546,156758
1403636907.801666498,156921
1403636907.851666451,157068
1403636907.901666403,157207
1403636907.951666594,157444
1403636908.001666546,157593
1403636908.051666498,157753
1403636908.101666451,157920
1403636908.151666403,158056
1403636908.201666594,158201
1403636908.251666546,158382
1403636908.301666498,158559
1403636908.351666451,158697
1403636908.401666403,158878
1403636908.451666594,159049
1403636908.501666546,159207
1403636908.551666498,159374
1403636908.601666451,159540
1403636908.651666403,159694
1403636908.701666594,159864
1403636908.751666546,160021
1403636908.801666498,160163
1403636908.851666451,160349
1403636908.901666403,160507
1403636908.951666594,160665
1403636909.001666546,160843
1403636909.051666498,160989
1403636909.101666451,161122
1403636909.151666403,161307
1403636909.201666594,161471
1403636909.251666546,161619
1403636909.301666498,161785
1403636909.351666451,161939
1403636909.401666403,162087
1403636909.451666594,162259
1403636909.501666546,162426
1403636909.551666498,162573
1403636909.601666451,162746
1403636909.651666403,162905
1403636909.701666594,163062
1403636909.751666546,163236
1403636909.801666498,163389
1403636909.851666451,163548
1403636909.901666403,163716
1403636909.951666594,163874
1403636910.001666546,164010
1403636910.051666498,164193
1403636910.101666451,164352
1403636910.151666403,164524
1403636910.201666594,164684
1403636910.251666546,164814
1403636910.301666498,164966
1403636910.351666451,165141
1403636910.401666403,165289
1403636910.451666594,165452
1403636910.501666546,165636
1403636910.551666498,165791
1403636910.601666451,165972
1403636910.651666403,166164
1403636910.701666594,166340
1403636910.751666546,166489
1403636910.801666498,166656
1403636910.851666451,166785
1403636910.901666403,166944
1403636910.951666594,167116
1403636911.001666546,167287
1403636911.051666498,167421
1403636911.101666451,167608
1403636911.151666403,167773
1403636911.201666594,167920
1403636911.251666546,168105
1403636911.301666498,168228
1403636911.351666451,168393
1403636911.401666403,168564
1403636911.451666594,168699
1403636911.501666546,168867
1403636911.551666498,169033
1403636911.601666451,169192
1403636911.651666403,169343
1403636911.701666594,169521
1403636911.751666546,169667
1403636911.801666498,169805
1403636911.851666451,169973
1403636911.901666403,170109
1403636911.951666594,170254
1403636912.001666546,170416
1403636912.051666498,170584
1403636912.101666451,170727
1403636912.151666403,170892
1403636912.201666594,171029
1403636912.251666546,171194
1403636912.301666498,171352
1403636912.351666451,171491
1403636912.401666403,171638
1403636912.451666594,171804
1403636912.501666546,171954
1403636912.551666498,172107
1403636912.601666451,172285
1403636912.651666403,172434
1403636912.701666594,172571
1403636912.751666546,172754
1403636912.801666498,172905
1403636912.851666451,173065
1403636912.901666403,173224
1403636912.951666594,173398
1403636913.001666546,173546
1403636913.051666498,173706
1403636913.101666451,173877
1403636913.151666403,174040
1403636913.201666594,174206
1403636913.251666546,174377
1403636913.301666498,174508
1403636913.351666451,174706
1403636913.401666403,174847
1403636913.451666594,174990
1403636913.501666546,175157
1403636913.551666498,175315
1403636913.601666451,175456
1403636913.651666403,175645
1403636913.701666594,175783
1403636913.751666546,175931
1403636913.801666498,176118
1403636913.851666451,176254
1403636913.901666403,176416
1403636913.951666594,176609
1403636914.001666546,176749
1403636914.051666498,176924
1403636914.101666451,177104
1403636914.151666403,177249
1403636914.201666594,177391
1403636914.251666546,177585
1403636914.301666498,177728
1403636914.351666451,177880
1403636914.401666403,178037
1403636914.451666594,178209
1403636914.501666546,178355
1403636914.551666498,178518
1403636914.601666451,178685
1403636914.651666403,178830
1403636914.701666594,179011
1403636914.751666546,179142
1403636914.801666498,179306
1403636914.851666451,179474
1403636914.901666403,179673
1403636914.951666594,179821
1403636915.001666546,180032
1403636915.051666498,180203
1403636915.101666451,180357
1403636915.151666403,180549
1403636915.201666594,180724
1403636915.251666546,180924
1403636915.301666498,181114
1403636915.351666451,181292
1403636915.401666403,181426
1403636915.451666594,181633
1403636915.501666546,181775
1403636915.551666498,181907
1403636915.601666451,182123
1403636915.651666403,182274
1403636915.701666594,182423
1403636915.751666546,182604
1403636915.801666498,182751
1403636915.851666451,182916
1403636915.901666403,183088
1403636915.951666594,183224
1403636916.001666546,183404
1403636916.051666498,183606
1403636916.101666451,183762
1403636916.151666403,183899
1403636916.201666594,184108
1403636916.251666546,184236
1403636916.301666498,184410
1403636916.351666451,184613
1403636916.401666403,184765
1403636916.451666594,184921
1403636916.501666546,185090
1403636916.551666498,185260
1403636916.601666451,185407
1403636916.651666403,185600
1403636916.701666594,185756
1403636916.751666546,185899
1403636916.801666498,186069
1403636916.851666451,186235
1403636916.901666403,186387
1403636916.951666594,186553
1403636917.001666546,186732
1403636917.051666498,186883
1403636917.101666451,187077
1403636917.151666403,187234
1403636917.201666594,187385
1403636917.251666546,187580
1403636917.301666498,187737
1403636917.351666451,187893
1403636917.401666403,188087
1403636917.451666594,188241
1403636917.501666546,188393
1403636917.551666498,188593
1403636917.601666451,188744
1403636917.651666403,188892
1403636917.701666594,189096
1403636917.751666546,189231
1403636917.801666498,189392
1403636917.851666451,189624
1403636917.901666403,189783
1403636917.951666594,189940
1403636918.001666546,190081
1403636918.051666498,190254
1403636918.101666451,190442
1403636918.151666403,190584
1403636918.201666594,190767
1403636918.251666546,190906
1403636918.301666498,191112
1403636918.351666451,191257
1403636918.401666403,191412
1403636918.451666594,191577
1403636918.501666546,191740
1403636918.551666498,191894
1403636918.601666451,192087
1403636918.651666403,192217
1403636918.701666594,192384
1403636918.751666546,192580
1403636918.801666498,192732
1403636918.851666451,192874
1403636918.901666403,193062
1403636918.951666594,193246
1403636919.001666546,193403
1403636919.051666498,193604
1403636919.101666451,193742
1403636919.151666403,193913
1403636919.201666594,194119
1403636919.251666546,194279
1403636919.301666498,194439
1403636919.351666451,194605
1403636919.401666403,194789
1403636919.451666594,194946
1403636919.501666546,195136
1403636919.551666498,195266
1403636919.601666451,195431
1403636919.651666403,195630
1403636919.701666594,195771
1403636919.751666546,195921
1403636919.801666498,196144
1403636919.851666451,196298
1403636919.901666403,196448
1403636919.951666594,196659
1403636920.001666546,196787
1403636920.051666498,196954
1403636920.101666451,197145
1403636920.151666403,197296
1403636920.201666594,197446
1403636920.251666546,197640
1403636920.301666498,197787
1403636920.351666451,197947
1403636920.401666403,198101
1403636920.451666594,198247
1403636920.501666546,198395
1403636920.551666498,198583
1403636920.601666451,198735
1403636920.651666403,198869
1403636920.701666594,199052
1403636920.751666546,199191
1403636920.801666498,199357
1403636920.851666451,199545
1403636920.901666403,199690
1403636920.951666594,199836
1403636921.001666546,200039
1403636921.051666498,200184
1403636921.101666451,200335
1403636921.151666403,200537
1403636921.201666594,200667
1403636921.251666546,200853
1403636921.301666498,201027
1403636921.351666451,201192
1403636921.401666403,201345
1403636921.451666594,201533
1403636921.501666546,201674
1403636921.551666498,201826
1403636921.601666451,202016
1403636921.651666403,202180
1403636921.701666594,202370
1403636921.751666546,202530
1403636921.801666498,202705
1403636921.851666451,202861
1403636921.901666403,203022
1403636921.951666594,203177
1403636922.001666546,203331
1403636922.051666498,203539
1403636922.101666451,203690
1403636922.151666403,203866
1403636922.201666594,204075
1403636922.251666546,204204
1403636922.301666498,204375
1403636922.351666451,204540
1403636922.401666403,204712
1403636922.451666594,204865
1403636922.501666546,205051
1403636922.551666498,205198
1403636922.601666451,205338
1403636922.651666403,205497
1403636922.701666594,205652
1403636922.751666546,205791
1403636922.801666498,205979
1403636922.851666451,206148
1403636922.901666403,206301
1403636922.951666594,206477
1403636923.001666546,206644
1403636923.051666498,206784
1403636923.101666451,207003
1403636923.151666403,207157
1403636923.201666594,207310
1403636923.251666546,207518
1403636923.301666498,207667
1403636923.351666451,207840
1403636923.401666403,208032
1403636923.451666594,208180
1403636923.501666546,208327
1403636923.551666498,208518
1403636923.601666451,208658
1403636923.651666403,208819
1403636923.701666594,208986
1403636923.751666546,209158
1403636923.801666498,209288
1403636923.851666451,209486
1403636923.901666403,209631
1403636923.951666594,209786
1403636924.001666546,209971
1403636924.051666498,210143
1403636924.101666451,210280
1403636924.151666403,210482
1403636924.201666594,210640
1403636924.251666546,210800
1403636924.301666498,210945
1403636924.351666451,211131
1403636924.401666403,211281
1403636924.451666594,211452
1403636924.501666546,211621
1403636924.551666498,211774
1403636924.601666451,211959
1403636924.651666403,212102
1403636924.701666594,212256
1403636924.751666546,212445
1403636924.801666498,212576
1403636924.851666451,212725
1403636924.901666403,212901
1403636924.951666594,213070
1403636925.001666546,213215
1403636925.051666498,213381
1403636925.101666451,213538
1403636925.151666403,213697
1403636925.201666594,213853
1403636925.251666546,214002
1403636925.301666498,214162
1403636925.351666451,214321
1403636925.401666403,214463
1403636925.451666594,214638
1403636925.501666546,214810
1403636925.551666498,214965
1403636925.601666451,215114
1403636925.651666403,215281
1403636925.701666594,215412
1403636925.751666546,215590
1403636925.801666498,215745
1403636925.851666451,215895
1403636925.901666403,216044
1403636925.951666594,216201
1403636926.001666546,216356
1403636926.051666498,216505
1403636926.101666451,216683
1403636926.151666403,216851
1403636926.201666594,216996
1403636926.251666546,217183
1403636926.301666498,217331
1403636926.351666451,217476
1403636926.401666403,217656
1403636926.451666594,217818
1403636926.501666546,217969
1403636926.551666498,218143
1403636926.601666451,218307
1403636926.651666403,218444
1403636926.701666594,218636
1403636926.751666546,218799
1403636926.801666498,218959
1403636926.851666451,219122
1403636926.901666403,219300
1403636926.951666594,219449
1403636927.001666546,219631
1403636927.051666498,219793
1403636927.101666451,219956
1403636927.151666403,220129
1403636927.201666594,220287
1403636927.251666546,220448
1403636927.301666498,220593
1403636927.351666451,220765
1403636927.401666403,220910
1403636927.451666594,221081
1403636927.501666546,221240
1403636927.551666498,221390
1403636927.601666451,221597
1403636927.651666403,221740
1403636927.701666594,221891
1403636927.751666546,222055
1403636927.801666498,222216
1403636927.851666451,222367
1403636927.901666403,222558
1403636927.951666594,222707
1403636928.001666546,222838
1403636928.051666498,223016
1403636928.101666451,223184
1403636928.151666403,223333
1403636928.201666594,223513
1403636928.251666546,223646
1403636928.301666498,223835
1403636928.351666451,224038
1403636928.401666403,224186
1403636928.451666594,224332
1403636928.501666546,224515
1403636928.551666498,224660
1403636928.601666451,224818
1403636928.651666403,225015
1403636928.701666594,225157
1403636928.751666546,225303
1403636928.801666498,225510
1403636928.851666451,225660
1403636928.901666403,225810
1403636928.951666594,225997
1403636929.001666546,226141
1403636929.051666498,226274
1403636929.101666451,226472
1403636929.151666403,226623
1403636929.201666594,226774
1403636929.251666546,226972
1403636929.301666498,227100
1403636929.351666451,227268
1403636929.401666403,227464
1403636929.451666594,227630
1403636929.501666546,227751
1403636929.551666498,227955
1403636929.601666451,228101
1403636929.651666403,228248
1403636929.701666594,228433
1403636929.751666546,228582
1403636929.801666498,228739
1403636929.851666451,228949
1403636929.901666403,229099
1403636929.951666594,229230
1403636930.001666546,229421
1403636930.051666498,229550
1403636930.101666451,229718
1403636930.151666403,229908
1403636930.201666594,230076
1403636930.251666546,230222
1403636930.301666498,230419
1403636930.351666451,230564
1403636930.401666403,230716
1403636930.451666594,230919
1403636930.501666546,231063
1403636930.551666498,231211
1403636930.601666451,231413
1403636930.651666403,231557
1403636930.701666594,231712
1403636930.751666546,231864
1403636930.801666498,232040
1403636930.851666451,232188
1403636930.901666403,232371
1403636930.951666594,232522
1403636931.001666546,232666
1403636931.051666498,232802
1403636931.101666451,232971
1403636931.151666403,233118
1403636931.201666594,233317
1403636931.251666546,233470
1403636931.301666498,233601
1403636931.351666451,233809
1403636931.401666403,233969
1403636931.451666594,234117
1403636931.501666546,234315
1403636931.551666498,234463
1403636931.601666451,234603
1403636931.651666403,234799
1403636931.701666594,234950
1403636931.751666546,235144
1403636931.801666498,235257
1403636931.851666451,235427
1403636931.901666403,235575
1403636931.951666594,235793
1403636932.001666546,235941
1403636932.051666498,236071
1403636932.101666451,236281
1403636932.151666403,236433
1403636932.201666594,236582
1403636932.251666546,236775
1403636932.301666498,236915
1403636932.351666451,237060
1403636932.401666403,237253
1403636932.451666594,237399
1403636932.501666546,237548
1403636932.551666498,237711
1403636932.601666451,237894
1403636932.651666403,238029
1403636932.701666594,238195
1403636932.751666546,238352
1403636932.801666498,238524
1403636932.851666451,238654
1403636932.901666403,238839
1403636932.951666594,238999
1403636933.001666546,239159
1403636933.051666498,239364
1403636933.101666451,239506
1403636933.151666403,239718
1403636933.201666594,239875
1403636933.251666546,240017
1403636933.301666498,240229
1403636933.351666451,240387
1403636933.401666403,240539
1403636933.451666594,240733
1403636933.501666546,240880
1403636933.551666498,241033
1403636933.601666451,241230
1403636933.651666403,241377
1403636933.701666594,241532
1403636933.751666546,241669
1403636933.801666498,241827
1403636933.851666451,241988
1403636933.901666403,242181
1403636933.951666594,242325
1403636934.001666546,242464
1403636934.051666498,242648
1403636934.101666451,242826
1403636934.151666403,242985
1403636934.201666594,243186
1403636934.251666546,243335
1403636934.301666498,243483
1403636934.351666451,243676
1403636934.401666403,243818
1403636934.451666594,243966
1403636934.501666546,244161
1403636934.551666498,244307
1403636934.601666451,244451
1403636934.651666403,244648
1403636934.701666594,244804
1403636934.751666546,244970
1403636934.801666498,245115
1403636934.851666451,245284
1403636934.901666403,245426
1403636934.951666594,245635
1403636935.001666546,245776
1403636935.051666498,245917
1403636935.101666451,246108
1403636935.151666403,246249
1403636935.201666594,246421
1403636935.251666546,246624
1403636935.301666498,246781
1403636935.351666451,246932
1403636935.401666403,247130
1403636935.451666594,247285
1403636935.501666546,247431
1403636935.551666498,247627
1403636935.601666451,247776
1403636935.651666403,247931
1403636935.701666594,248091
1403636935.751666546,248262
1403636935.801666498,248407
1403636935.851666451,248596
1403636935.901666403,248742
1403636935.951666594,248899
1403636936.001666546,249110
1403636936.051666498,249284
1403636936.101666451,249421
1403636936.151666403,249608
1403636936.201666594,249765
1403636936.251666546,249927
1403636936.301666498,250122
1403636936.351666451,250260
1403636936.401666403,250408
1403636936.451666594,250579
1403636936.501666546,250737
1403636936.551666498,250905
1403636936.601666451,251107
1403636936.651666403,251254
1403636936.701666594,251404
1403636936.751666546,251568
1403636936.801666498,251746
1403636936.851666451,251882
1403636936.901666403,252097
1403636936.951666594,252243
1403636937.001666546,252397
1403636937.051666498,252583
1403636937.101666451,252711
1403636937.151666403,252862
1403636937.201666594,253040
1403636937.251666546,253215
1403636937.301666498,253386
1403636937.351666451,253593
1403636937.401666403,253737
1403636937.451666594,253887
1403636937.501666546,254098
1403636937.551666498,254240
1403636937.601666451,254384
1403636937.651666403,254599
1403636937.701666594,254740
1403636937.751666546,254885
1403636937.801666498,255079
1403636937.851666451,255253
1403636937.901666403,255407
1403636937.951666594,255607
1403636938.001666546,255758
1403636938.051666498,255914
1403636938.101666451,256072
1403636938.151666403,256248
1403636938.201666594,256398
1403636938.251666546,256591
1403636938.301666498,256727
1403636938.351666451,256905
1403636938.401666403,257096
1403636938.451666594,257247
1403636938.501666546,257392
1403636938.551666498,257584
1403636938.601666451,257752
1403636938.651666403,257869
1403636938.701666594,258063
1403636938.751666546,258204
1403636938.801666498,258350
1403636938.851666451,258489
1403636938.901666403,258654
1403636938.951666594,258808
1403636939.001666546,259006
1403636939.051666498,259165
1403636939.101666451,259306
1403636939.151666403,259513
1403636939.201666594,259651
1403636939.251666546,259789
1403636939.301666498,260009
1403636939.351666451,260166
1403636939.401666403,260294
1403636939.451666594,260490
1403636939.501666546,260632
1403636939.551666498,260791
1403636939.601666451,260949
1403636939.651666403,261090
1403636939.701666594,261256
1403636939.751666546,261408
1403636939.801666498,261556
1403636939.851666451,261710
1403636939.901666403,261867
1403636939.951666594,262009
1403636940.001666546,262156
1403636940.051666498,262291
1403636940.101666451,262466
1403636940.151666403,262599
1403636940.201666594,262815
1403636940.251666546,262958
1403636940.301666498,263110
1403636940.351666451,263268
1403636940.401666403,263453
1403636940.451666594,263600
1403636940.501666546,263793
1403636940.551666498,263953
1403636940.601666451,264099
1403636940.651666403,264309
1403636940.701666594,264449
1403636940.751666546,264608
1403636940.801666498,264790
1403636940.851666451,264937
1403636940.901666403,265104
1403636940.951666594,265232
1403636941.001666546,265416
1403636941.051666498,265561
1403636941.101666451,265693
1403636941.151666403,265861
1403636941.201666594,266018
1403636941.251666546,266156
1403636941.301666498,266336
1403636941.351666451,266482
1403636941.401666403,266685
1403636941.451666594,266848
1403636941.501666546,267000
1403636941.551666498,267170
1403636941.601666451,267317
1403636941.651666403,267452
1403636941.701666594,267641
1403636941.751666546,267787
1403636941.801666498,267957
1403636941.851666451,268103
1403636941.901666403,268259
1403636941.951666594,268435
1403636942.001666546,268603
1403636942.051666498,268761
1403636942.101666451,268906
1403636942.151666403,269062
1403636942.201666594,269237
1403636942.251666546,269386
1403636942.301666498,269555
1403636942.351666451,269687
1403636942.401666403,269869
1403636942.451666594,270020
1403636942.501666546,270211
1403636942.551666498,270357
1403636942.601666451,270522
1403636942.651666403,270728
1403636942.701666594,270862
1403636942.751666546,271050
1403636942.801666498,271198
1403636942.851666451,271333
1403636942.901666403,271517
1403636942.951666594,271670
1403636943.001666546,271820
1403636943.051666498,271991
1403636943.101666451,272140
1403636943.151666403,272270
1403636943.201666594,272466
1403636943.251666546,272609
1403636943.301666498,272757
1403636943.351666451,272924
1403636943.401666403,273050
1403636943.451666594,273214
1403636943.501666546,273390
1403636943.551666498,273561
1403636943.601666451,273701
1403636943.651666403,273885
1403636943.701666594,274036
1403636943.751666546,274164
1403636943.801666498,274360
1403636943.851666451,274535
1403636943.901666403,274674
1403636943.951666594,274852
1403636944.001666546,275007
1403636944.051666498,275156
1403636944.101666451,275308
1403636944.151666403,275496
1403636944.201666594,275648
1403636944.251666546,275788
1403636944.301666498,275960
1403636944.351666451,276101
1403636944.401666403,276250
1403636944.451666594,276427
1403636944.501666546,276577
1403636944.551666498,276745
1403636944.601666451,276908
1403636944.651666403,277062
1403636944.701666594,277255
1403636944.751666546,277403
1403636944.801666498,277544
1403636944.851666451,277736
1403636944.901666403,277882
1403636944.951666594,278042
1403636945.001666546,278218
1403636945.051666498,278378
1403636945.101666451,278525
1403636945.151666403,278714
1403636945.201666594,278873
1403636945.251666546,279024
1403636945.301666498,279187
1403636945.351666451,279335
1403636945.401666403,279497
1403636945.451666594,279658
1403636945.501666546,279819
1403636945.551666498,279976
1403636945.601666451,280116
1403636945.651666403,280285
1403636945.701666594,280436
1403636945.751666546,280607
1403636945.801666498,280781
1403636945.851666451,280931
1403636945.901666403,281094
1403636945.951666594,281250
1403636946.001666546,281395
1403636946.051666498,281568
1403636946.101666451,281717
1403636946.151666403,281880
1403636946.201666594,282029
1403636946.251666546,282203
1403636946.301666498,282357
1403636946.351666451,282513
1403636946.401666403,282654
1403636946.451666594,282810
1403636946.501666546,282986
1403636946.551666498,283153
1403636946.601666451,283306
1403636946.651666403,283505
1403636946.701666594,283655
1403636946.751666546,283807
1403636946.801666498,283965
1403636946.851666451,284107
1403636946.901666403,284271
1403636946.951666594,284439
1403636947.001666546,284577
1403636947.051666498,284712
1403636947.101666451,284876
1403636947.151666403,285055
1403636947.201666594,285209
1403636947.251666546,285354
1403636947.301666498,285525
1403636947.351666451,285667
1403636947.401666403,285844
1403636947.451666594,286001
1403636947.501666546,286157
1403636947.551666498,286353
1403636947.601666451,286500
1403636947.651666403,286672
1403636947.701666594,286844
1403636947.751666546,287007
1403636947.801666498,287141
1403636947.851666451,287305
1403636947.901666403,287433
1403636947.951666594,287608
1403636948.001666546,287790
1403636948.051666498,287941
1403636948.101666451,288089
1403636948.151666403,288299
1403636948.201666594,288450
1403636948.251666546,288600
1403636948.301666498,288787
1403636948.351666451,288927
1403636948.401666403,289075
1403636948.451666594,289261
1403636948.501666546,289420
1403636948.551666498,289573
1403636948.601666451,289756
1403636948.651666403,289896
1403636948.701666594,290078
1403636948.751666546,290250
1403636948.801666498,290383
1403636948.851666451,290555
1403636948.901666403,290741
1403636948.951666594,290879
1403636949.001666546,291028
1403636949.051666498,291208
1403636949.101666451,291360
1403636949.151666403,291495
1403636949.201666594,291682
1403636949.251666546,291812
1403636949.301666498,291965
1403636949.351666451,292158
1403636949.401666403,292307
1403636949.451666594,292443
1403636949.501666546,292635
1403636949.551666498,292788
1403636949.601666451,292932
1403636949.651666403,293078
1403636949.701666594,293257
1403636949.751666546,293414
1403636949.801666498,293556
1403636949.851666451,293729
1403636949.901666403,293887
1403636949.951666594,294057
1403636950.001666546,294206
1403636950.051666498,294366
1403636950.101666451,294503
1403636950.151666403,294668
1403636950.201666594,294844
1403636950.251666546,295020
1403636950.301666498,295144
1403636950.351666451,295304
1403636950.401666403,295466
1403636950.451666594,295649
1403636950.501666546,295804
1403636950.551666498,296006
1403636950.601666451,296136
1403636950.651666403,296309
1403636950.701666594,296500
1403636950.751666546,296656
1403636950.801666498,296804
1403636950.851666451,296982
1403636950.901666403,297133
1403636950.951666594,297261
1403636951.001666546,297505
1403636951.051666498,297689
1403636951.101666451,297842
1403636951.151666403,298053
1403636951.201666594,298185
1403636951.251666546,298348
1403636951.301666498,298558
1403636951.351666451,298712
1403636951.401666403,298860
1403636951.451666594,299008
1403636951.501666546,299177
1403636951.551666498,299342
1403636951.601666451,299508
1403636951.651666403,299680
1403636951.701666594,299839
1403636951.751666546,299983
1403636951.801666498,300167
1403636951.851666451,300320
1403636951.901666403,300468
1403636951.951666594,300648
1403636952.001666546,300785
1403636952.051666498,301032
1403636952.101666451,301184
1403636952.151666403,301339
1403636952.201666594,301477
1403636952.251666546,301647
1403636952.301666498,301793
1403636952.351666451,301999
1403636952.401666403,302134
1403636952.451666594,302293
1403636952.501666546,302479
1403636952.551666498,302632
1403636952.601666451,302783
1403636952.651666403,302922
1403636952.701666594,303103
1403636952.751666546,303243
1403636952.801666498,303392
1403636952.851666451,303597
1403636952.901666403,303723
1403636952.951666594,303894
1403636953.001666546,304074
1403636953.051666498,304221
1403636953.101666451,304394
1403636953.151666403,304545
1403636953.201666594,304677
1403636953.251666546,304884
1403636953.301666498,305009
1403636953.351666451,305182
1403636953.401666403,305327
1403636953.451666594,305510
1403636953.501666546,305650
1403636953.551666498,305821
1403636953.601666451,305988
1403636953.651666403,306161
1403636953.701666594,306345
1403636953.751666546,306525
1403636953.801666498,306676
1403636953.851666451,306847
1403636953.901666403,307018
1403636953.951666594,307172
1403636954.001666546,307331
1403636954.051666498,307476
1403636954.101666451,307639
1403636954.151666403,307817
1403636954.201666594,307990
1403636954.251666546,308141
1403636954.301666498,308315
1403636954.351666451,308471
1403636954.401666403,308625
1403636954.451666594,308801
1403636954.501666546,308944
1403636954.551666498,309092
1403636954.601666451,309245
1403636954.651666403,309428
1403636954.701666594,309563
1403636954.751666546,309721
1403636954.801666498,309897
1403636954.851666451,310032
1403636954.901666403,310216
1403636954.951666594,310367
1403636955.001666546,310523
1403636955.051666498,310673
1403636955.101666451,310846
1403636955.151666403,310994
1403636955.201666594,311169
1403636955.251666546,311322
1403636955.301666498,311486
1403636955.351666451,311648
1403636955.401666403,311785
1403636955.451666594,311960
1403636955.501666546,312114
1403636955.551666498,312259
1403636955.601666451,312430
1403636955.651666403,312583
1403636955.701666594,312760
1403636955.751666546,312907
1403636955.801666498,313103
1403636955.851666451,313246
1403636955.901666403,313398
1403636955.951666594,313574
1403636956.001666546,313723
1403636956.051666498,313880
1403636956.101666451,314039
1403636956.151666403,314197
1403636956.201666594,314347
1403636956.251666546,314528
1403636956.301666498,314663
1403636956.351666451,314833
1403636956.401666403,315007
1403636956.451666594,315165
1403636956.501666546,315326
1403636956.551666498,315489
1403636956.601666451,315660
1403636956.651666403,315816
1403636956.701666594,315998
1403636956.751666546,316144
1403636956.801666498,316272
1403636956.851666451,316512
1403636956.901666403,316661
1403636956.951666594,316826
1403636957.001666546,316983
1403636957.051666498,317135
1403636957.101666451,317289
1403636957.151666403,317470
1403636957.201666594,317602
1403636957.251666546,317777
1403636957.301666498,317965
1403636957.351666451,318118
1403636957.401666403,318267
1403636957.451666594,318411
1403636957.501666546,318596
1403636957.551666498,318729
1403636957.601666451,318901
1403636957.651666403,319098
1403636957.701666594,319232
1403636957.751666546,319445
1403636957.801666498,319578
1403636957.851666451,319760
1403636957.901666403,319931
1403636957.951666594,320086
1403636958.001666546,320227
1403636958.051666498,320442
1403636958.101666451,320585
1403636958.151666403,320721
1403636958.201666594,320905
1403636958.251666546,321074
1403636958.301666498,321232
1403636958.351666451,321423
1403636958.401666403,321568
1403636958.451666594,321719
1403636958.501666546,321889
1403636958.551666498,322065
1403636958.601666451,322223
1403636958.651666403,322363
1403636958.701666594,322529
1403636958.751666546,322685
1403636958.801666498,322893
1403636958.851666451,323046
1403636958.901666403,323200
1403636958.951666594,323402
1403636959.001666546,323548
1403636959.051666498,323706
1403636959.101666451,323846
1403636959.151666403,324015
1403636959.201666594,324162
1403636959.251666546,324325
1403636959.301666498,324503
1403636959.351666451,324653
1403636959.401666403,324859
1403636959.451666594,324995
1403636959.501666546,325166
1403636959.551666498,325369
1403636959.601666451,325508
1403636959.651666403,325643
1403636959.701666594,325795
1403636959.751666546,325966
1403636959.801666498,326117
1403636959.851666451,326314
1403636959.901666403,326439
1403636959.951666594,326635
1403636960.001666546,326852
1403636960.051666498,327020
1403636960.101666451,327163
1403636960.151666403,327332
1403636960.201666594,327472
1403636960.251666546,327646
1403636960.301666498,327801
1403636960.351666451,327971
1403636960.401666403,328113
1403636960.451666594,328303
1403636960.501666546,328456
1403636960.551666498,328618
1403636960.601666451,328817
1403636960.651666403,328986
1403636960.701666594,329130
1403636960.751666546,329338
1403636960.801666498,329462
1403636960.851666451,329641
1403636960.901666403,329800
1403636960.951666594,329957
1403636961.001666546,330089
1403636961.051666498,330319
1403636961.101666451,330448
1403636961.151666403,330614
1403636961.201666594,330805
1403636961.251666546,330959
1403636961.301666498,331122
1403636961.351666451,331262
1403636961.401666403,331443
1403636961.451666594,331591
1403636961.501666546,331778
1403636961.551666498,331892
1403636961.601666451,332060
1403636961.651666403,332222
1403636961.701666594,332376
1403636961.751666546,332528
1403636961.801666498,332696
1403636961.851666451,332841
1403636961.901666403,332985
1403636961.951666594,333149
1403636962.001666546,333306
1403636962.051666498,333460
1403636962.101666451,333651
1403636962.151666403,333805
1403636962.201666594,333968
1403636962.251666546,334101
1403636962.301666498,334280
1403636962.351666451,334418
1403636962.401666403,334603
1403636962.451666594,334755
1403636962.501666546,334925
1403636962.551666498,335094
1403636962.601666451,335263
1403636962.651666403,335434
1403636962.701666594,335634
1403636962.751666546,335778
1403636962.801666498,335929
1403636962.851666451,336123
1403636962.901666403,336266
1403636962.951666594,336421
1403636963.001666546,336586
1403636963.051666498,336734
1403636963.101666451,336909
1403636963.151666403,337091
1403636963.201666594,337250
1403636963.251666546,337409
1403636963.301666498,337589
1403636963.351666451,337756
1403636963.401666403,337921
1403636963.451666594,338088
1403636963.501666546,338258
1403636963.551666498,338406
1403636963.601666451,338577
1403636963.651666403,338706
1403636963.701666594,338849
1403636963.751666546,339016
1403636963.801666498,339215
1403636963.851666451,339345
1403636963.901666403,339509
1403636963.951666594,339650
1403636964.001666546,339819
1403636964.051666498,339981
1403636964.101666451,340166
1403636964.151666403,340321
1403636964.201666594,340520
1403636964.251666546,340687
1403636964.301666498,340836
1403636964.351666451,341021
1403636964.401666403,341163
1403636964.451666594,341324
1403636964.501666546,341531
1403636964.551666498,341678
1403636964.601666451,341840
1403636964.651666403,342024
1403636964.701666594,342171
1403636964.751666546,342302
1403636964.801666498,342506
1403636964.851666451,342664
1403636964.901666403,342824
1403636964.951666594,342990
1403636965.001666546,343158
1403636965.051666498,343332
1403636965.101666451,343495
1403636965.151666403,343679
1403636965.201666594,343828
1403636965.251666546,344008
1403636965.301666498,344151
1403636965.351666451,344314
1403636965.401666403,344505
1403636965.451666594,344635
1403636965.501666546,344806
1403636965.551666498,344991
1403636965.601666451,345143
1403636965.651666403,345298
1403636965.701666594,345492
1403636965.751666546,345639
1403636965.801666498,345786
1403636965.851666451,345953
1403636965.901666403,346092
1403636965.951666594,346247
1403636966.001666546,346423
1403636966.051666498,346575
1403636966.101666451,346748
1403636966.151666403,346925
1403636966.201666594,347077
1403636966.251666546,347234
1403636966.301666498,347411
1403636966.351666451,347569
1403636966.401666403,347744
1403636966.451666594,347936
1403636966.501666546,348103
1403636966.551666498,348255
1403636966.601666451,348414
1403636966.651666403,348556
1403636966.701666594,348689
1403636966.751666546,348868
1403636966.801666498,349026
1403636966.851666451,349182
1403636966.901666403,349354
1403636966.951666594,349504
1403636967.001666546,349662
1403636967.051666498,349821
1403636967.101666451,349989
1403636967.151666403,350146
1403636967.201666594,350299
1403636967.251666546,350453
1403636967.301666498,350609
1403636967.351666451,350794
1403636967.401666403,350950
1403636967.451666594,351098
1403636967.501666546,351275
1403636967.551666498,351447
1403636967.601666451,351600
1403636967.651666403,351763
1403636967.701666594,351894
1403636967.751666546,352058
1403636967.801666498,352238
1403636967.851666451,352370
1403636967.901666403,352539
1403636967.951666594,352692
1403636968.001666546,352857
1403636968.051666498,352994
1403636968.101666451,353187
1403636968.151666403,353335
1403636968.201666594,353480
1403636968.251666546,353660
1403636968.301666498,353811
1403636968.351666451,353970
1403636968.401666403,354134
1403636968.451666594,354307
1403636968.501666546,354447
1403636968.551666498,354636
1403636968.601666451,354801
1403636968.651666403,354953
1403636968.701666594,355138
1403636968.751666546,355289
1403636968.801666498,355449
1403636968.851666451,355617
1403636968.901666403,355769
1403636968.951666594,355921
1403636969.001666546,356097
1403636969.051666498,356239
1403636969.101666451,356407
1403636969.151666403,356579
1403636969.201666594,356732
1403636969.251666546,356892
1403636969.301666498,357073
1403636969.351666451,357222
1403636969.401666403,357372
1403636969.451666594,357560
1403636969.501666546,357726
1403636969.551666498,357871
1403636969.601666451,358037
1403636969.651666403,358181
1403636969.701666594,358313
1403636969.751666546,358506
1403636969.801666498,358638
1403636969.851666451,358788
1403636969.901666403,358961
1403636969.951666594,359128
1403636970.001666546,359278
1403636970.051666498,359447
1403636970.101666451,359614
1403636970.151666403,359758
1403636970.201666594,359924
1403636970.251666546,360092
1403636970.301666498,360242
1403636970.351666451,360421
1403636970.401666403,360573
1403636970.451666594,360742
1403636970.501666546,360925
1403636970.551666498,361073
1403636970.601666451,361223
1403636970.651666403,361403
1403636970.701666594,361568
1403636970.751666546,361711
1403636970.801666498,361879
1403636970.851666451,362057
1403636970.901666403,362208
1403636970.951666594,362379
1403636971.001666546,362555
1403636971.051666498,362755
1403636971.101666451,362977
1403636971.151666403,363137
1403636971.201666594,363301
1403636971.251666546,363462
1403636971.301666498,363643
1403636971.351666451,363790
1403636971.401666403,363978
1403636971.451666594,364131
1403636971.501666546,364283
1403636971.551666498,364436
1403636971.601666451,364572
1403636971.651666403,364746
1403636971.701666594,364922
1403636971.751666546,365071
1403636971.801666498,365220
1403636971.851666451,365397
1403636971.901666403,365551
1403636971.951666594,365705
1403636972.001666546,365885
1403636972.051666498,366058
1403636972.101666451,366219
1403636972.151666403,366389
1403636972.201666594,366541
1403636972.251666546,366707
1403636972.301666498,366903
1403636972.351666451,367053
1403636972.401666403,367197
1403636972.451666594,367420
1403636972.501666546,367567
1403636972.551666498,367726
1403636972.601666451,367924
1403636972.651666403,368092
1403636972.701666594,368233
1403636972.751666546,368434
1403636972.801666498,368580
1403636972.851666451,368752
1403636972.901666403,368926
1403636972.951666594,369092
1403636973.001666546,369218
1403636973.051666498,369397
1403636973.101666451,369568
1403636973.151666403,369726
1403636973.201666594,369899
1403636973.251666546,370082
1403636973.301666498,370239
1403636973.351666451,370410
1403636973.401666403,370585
1403636973.451666594,370742
1403636973.501666546,370920
1403636973.551666498,371065
1403636973.601666451,371211
1403636973.651666403,371390
1403636973.701666594,371539
1403636973.751666546,371670
1403636973.801666498,371842
1403636973.851666451,371999
1403636973.901666403,372179
1403636973.951666594,372344
1403636974.001666546,372482
1403636974.051666498,372626
1403636974.101666451,372790
1403636974.151666403,372967
1403636974.201666594,373119
1403636974.251666546,373278
1403636974.301666498,373446
1403636974.351666451,373593
1403636974.401666403,373771
1403636974.451666594,373926
1403636974.501666546,374070
1403636974.551666498,374256
1403636974.601666451,374410
1403636974.651666403,374585
1403636974.701666594,374756
1403636974.751666546,374926
1403636974.801666498,375082
1403636974.851666451,375240
1403636974.901666403,375395
1403636974.951666594,375562
1403636975.001666546,375750
1403636975.051666498,375901
1403636975.101666451,376055
1403636975.151666403,376261
1403636975.201666594,376428
1403636975.251666546,376594
1403636975.301666498,376814
1403636975.351666451,376954
1403636975.401666403,377109
1403636975.451666594,377314
1403636975.501666546,377478
1403636975.551666498,377626
1403636975.601666451,377817
1403636975.651666403,377957
1403636975.701666594,378091
1403636975.751666546,378286
1403636975.801666498,378432
1403636975.851666451,378585
1403636975.901666403,378757
1403636975.951666594,378938
1403636976.001666546,379112
1403636976.051666498,379274
1403636976.101666451,379478
1403636976.151666403,379633
1403636976.201666594,379800
1403636976.251666546,379991
1403636976.301666498,380134
1403636976.351666451,380331
1403636976.401666403,380492
1403636976.451666594,380641
1403636976.501666546,380813
1403636976.551666498,380960
1403636976.601666451,381096
1403636976.651666403,381285
1403636976.701666594,381431
1403636976.751666546,381582
1403636976.801666498,381722
1403636976.851666451,381898
1403636976.901666403,382046
1403636976.951666594,382252
1403636977.001666546,382398
1403636977.051666498,382555
1403636977.101666451,382751
1403636977.151666403,382883
1403636977.201666594,383040
1403636977.251666546,383227
1403636977.301666498,383371
1403636977.351666451,383524
1403636977.401666403,383716
1403636977.451666594,383858
1403636977.501666546,384041
1403636977.551666498,384225
1403636977.601666451,384362
1403636977.651666403,384520
1403636977.701666594,384704
1403636977.751666546,384841
1403636977.801666498,385038
1403636977.851666451,385218
1403636977.901666403,385367
1403636977.951666594,385545
1403636978.001666546,385747
1403636978.051666498,385902
1403636978.101666451,386032
1403636978.151666403,386223
1403636978.201666594,386383
1403636978.251666546,386530
1403636978.301666498,386715
1403636978.351666451,386873
1403636978.401666403,387017
1403636978.451666594,387218
1403636978.501666546,387378
1403636978.551666498,387523
1403636978.601666451,387713
1403636978.651666403,387861
1403636978.701666594,388014
1403636978.751666546,388199
1403636978.801666498,388344
1403636978.851666451,388504
1403636978.901666403,388715
1403636978.951666594,388869
1403636979.001666546,389024
1403636979.051666498,389211
1403636979.101666451,389355
1403636979.151666403,389498
1403636979.201666594,389692
1403636979.251666546,389829
1403636979.301666498,390017
1403636979.351666451,390209
1403636979.401666403,390368
1403636979.451666594,390533
1403636979.501666546,390752
1403636979.551666498,390918
1403636979.601666451,391045
1403636979.651666403,391223
1403636979.701666594,391363
1403636979.751666546,391517
1403636979.801666498,391712
1403636979.851666451,391910
1403636979.901666403,392052
1403636979.951666594,392220
1403636980.001666546,392363
1403636980.051666498,392519
1403636980.101666451,392704
1403636980.151666403,392855
1403636980.201666594,393012
1403636980.251666546,393205
1403636980.301666498,393356
1403636980.351666451,393488
1403636980.401666403,393678
1403636980.451666594,393830
1403636980.501666546,393988
1403636980.551666498,394162
1403636980.601666451,394314
1403636980.651666403,394487
1403636980.701666594,394659
1403636980.751666546,394816
1403636980.801666498,394972
1403636980.851666451,395134
1403636980.901666403,395306
1403636980.951666594,395457
1403636981.001666546,395624
1403636981.051666498,395772
1403636981.101666451,395927
1403636981.151666403,396103
1403636981.201666594,396238
1403636981.251666546,396386
1403636981.301666498,396578
1403636981.351666451,396733
1403636981.401666403,396881
1403636981.451666594,397055
1403636981.501666546,397193
1403636981.551666498,397348
1403636981.601666451,397546
1403636981.651666403,397702
1403636981.701666594,397843
1403636981.751666546,398032
1403636981.801666498,398187
1403636981.851666451,398336
1403636981.901666403,398515
1403636981.951666594,398649
1403636982.001666546,398815
1403636982.051666498,398976
1403636982.101666451,399128
1403636982.151666403,399273
1403636982.201666594,399429
1403636982.251666546,399600
1403636982.301666498,399754
1403636982.351666451,399963
1403636982.401666403,400118
1403636982.451666594,400256
1403636982.501666546,400411
1403636982.551666498,400577
1403636982.601666451,400743
1403636982.651666403,400895
1403636982.701666594,401062
1403636982.751666546,401204
1403636982.801666498,401431
1403636982.851666451,401578
1403636982.901666403,401732
1403636982.951666594,401907
1403636983.001666546,402056
1403636983.051666498,402189
1403636983.101666451,402404
1403636983.151666403,402554
1403636983.201666594,402715
1403636983.251666546,402866
1403636983.301666498,403066
1403636983.351666451,403223
1403636983.401666403,403420
1403636983.451666594,403574
1403636983.501666546,403736
1403636983.551666498,403887
1403636983.601666451,404066
1403636983.651666403,404239
1403636983.701666594,404418
1403636983.751666546,404561
1403636983.801666498,404696
1403636983.851666451,404876
1403636983.901666403,405040
1403636983.951666594,405190
1403636984.001666546,405337
1403636984.051666498,405513
1403636984.101666451,405646
1403636984.151666403,405838
1403636984.201666594,405987
1403636984.251666546,406132
1403636984.301666498,406336
1403636984.351666451,406476
1403636984.401666403,406642
1403636984.451666594,406784
1403636984.501666546,406950
1403636984.551666498,407107
1403636984.601666451,407272
1403636984.651666403,407447
1403636984.701666594,407606
1403636984.751666546,407756
1403636984.801666498,407928
1403636984.851666451,408079
1403636984.901666403,408273
1403636984.951666594,408422
1403636985.001666546,408570
1403636985.051666498,408766
1403636985.101666451,408906
1403636985.151666403,409053
1403636985.201666594,409253
1403636985.251666546,409404
1403636985.301666498,409552
1403636985.351666451,409750
1403636985.401666403,409923
1403636985.451666594,410084
1403636985.501666546,410230
1403636985.551666498,410394
1403636985.601666451,410544
1403636985.651666403,410731
1403636985.701666594,410880
1403636985.751666546,411027
1403636985.801666498,411221
1403636985.851666451,411372
1403636985.901666403,411519
1403636985.951666594,411700
1403636986.001666546,411851
1403636986.051666498,411999
1403636986.101666451,412182
1403636986.151666403,412334
1403636986.201666594,412494
1403636986.251666546,412641
1403636986.301666498,412809
1403636986.351666451,412950
1403636986.401666403,413111
1403636986.451666594,413304
1403636986.501666546,413448
1403636986.551666498,413603
1403636986.601666451,413781
1403636986.651666403,413927
1403636986.701666594,414118
1403636986.751666546,414279
1403636986.801666498,414446
1403636986.851666451,414623
1403636986.901666403,414770
1403636986.951666594,414922
1403636987.001666546,415115
1403636987.051666498,415268
1403636987.101666451,415428
1403636987.151666403,415600
1403636987.201666594,415772
1403636987.251666546,415912
1403636987.301666498,416076
1403636987.351666451,416245
1403636987.401666403,416399
1403636987.451666594,416556
1403636987.501666546,416718
1403636987.551666498,416891
1403636987.601666451,417065
1403636987.651666403,417221
1403636987.701666594,417376
1403636987.751666546,417540
1403636987.801666498,417714
1403636987.851666451,417866
1403636987.901666403,418053
1403636987.951666594,418225
1403636988.001666546,418389
1403636988.051666498,418575
1403636988.101666451,418733
1403636988.151666403,418892
1403636988.201666594,419043
1403636988.251666546,419228
1403636988.301666498,419383
1403636988.351666451,419572
1403636988.401666403,419728
1403636988.451666594,419884
1403636988.501666546,420035
1403636988.551666498,420211
1403636988.601666451,420367
1403636988.651666403,420520
1403636988.701666594,420676
1403636988.751666546,420849
1403636988.801666498,421068
1403636988.851666451,421200
1403636988.901666403,421359
1403636988.951666594,421575
1403636989.001666546,421701
1403636989.051666498,421852
1403636989.101666451,422051
1403636989.151666403,422199
1403636989.201666594,422353
1403636989.251666546,422541
1403636989.301666498,422693
1403636989.351666451,422845
1403636989.401666403,423049
1403636989.451666594,423200
1403636989.501666546,423356
1403636989.551666498,423549
1403636989.601666451,423689
1403636989.651666403,423876
1403636989.701666594,424073
1403636989.751666546,424230
1403636989.801666498,424385
1403636989.851666451,424594
1403636989.901666403,424743
1403636989.951666594,424893
1403636990.001666546,425075
1403636990.051666498,425224
1403636990.101666451,425384
1403636990.151666403,425571
1403636990.201666594,425715
1403636990.251666546,425897
1403636990.301666498,426083
1403636990.351666451,426230
1403636990.401666403,426370
1403636990.451666594,426550
1403636990.501666546,426692
1403636990.551666498,426863
1403636990.601666451,427043
1403636990.651666403,427178
1403636990.701666594,427332
1403636990.751666546,427500
1403636990.801666498,427665
1403636990.851666451,427808
1403636990.901666403,428021
1403636990.951666594,428189
1403636991.001666546,428343
1403636991.051666498,428534
1403636991.101666451,428667
1403636991.151666403,428840
1403636991.201666594,429031
1403636991.251666546,429162
1403636991.301666498,429302
1403636991.351666451,429483
1403636991.401666403,429616
1403636991.451666594,429764
1403636991.501666546,429983
1403636991.551666498,430130
1403636991.601666451,430287
1403636991.651666403,430455
1403636991.701666594,430607
1403636991.751666546,430751
1403636991.801666498,430933
1403636991.851666451,431081
1403636991.901666403,431236
1403636991.951666594,431411
1403636992.001666546,431556
1403636992.051666498,431708
1403636992.101666451,431886
1403636992.151666403,432028
1403636992.201666594,432181
1403636992.251666546,432365
1403636992.301666498,432518
1403636992.351666451,432679
1403636992.401666403,432847
1403636992.451666594,432995
1403636992.501666546,433143
1403636992.551666498,433323
1403636992.601666451,433472
1403636992.651666403,433630
1403636992.701666594,433823
1403636992.751666546,433964
1403636992.801666498,434134
1403636992.851666451,434293
1403636992.901666403,434456
1403636992.951666594,434635
1403636993.001666546,434808
1403636993.051666498,434987
1403636993.101666451,435128
1403636993.151666403,435339
1403636993.201666594,435478
1403636993.251666546,435642
1403636993.301666498,435833
1403636993.351666451,436001
1403636993.401666403,436151
1403636993.451666594,436348
1403636993.501666546,436497
1403636993.551666498,436680
1403636993.601666451,436822
1403636993.651666403,437008
1403636993.701666594,437140
1403636993.751666546,437319
1403636993.801666498,437467
1403636993.851666451,437608
1403636993.901666403,437837
1403636993.951666594,437997
1403636994.001666546,438155
1403636994.051666498,438363
1403636994.101666451,438514
1403636994.151666403,438664
1403636994.201666594,438841
1403636994.251666546,438996
1403636994.301666498,439164
1403636994.351666451,439333
1403636994.401666403,439508
1403636994.451666594,439659
1403636994.501666546,439831
1403636994.551666498,440006
1403636994.601666451,440143
1403636994.651666403,440327
1403636994.701666594,440499
1403636994.751666546,440655
1403636994.801666498,440850
1403636994.851666451,441018
1403636994.901666403,441190
1403636994.951666594,441372
1403636995.001666546,441521
1403636995.051666498,441672
1403636995.101666451,441859
1403636995.151666403,442013
1403636995.201666594,442190
1403636995.251666546,442375
1403636995.301666498,442526
1403636995.351666451,442699
1403636995.401666403,442887
1403636995.451666594,443056
1403636995.501666546,443234
1403636995.551666498,443409
1403636995.601666451,443538
1403636995.651666403,443679
1403636995.701666594,443861
1403636995.751666546,444019
1403636995.801666498,444195
1403636995.851666451,444333
1403636995.901666403,444497
1403636995.951666594,444644
1403636996.001666546,444819
1403636996.051666498,444970
1403636996.101666451,445116
1403636996.151666403,445292
1403636996.201666594,445437
1403636996.251666546,445607
1403636996.301666498,445765
1403636996.351666451,445930
1403636996.401666403,446077
1403636996.451666594,446265
1403636996.501666546,446403
1403636996.551666498,446551
1403636996.601666451,446742
1403636996.651666403,446929
1403636996.701666594,447099
1403636996.751666546,447285
1403636996.801666498,447433
1403636996.851666451,447614
1403636996.901666403,447797
1403636996.951666594,447970
1403636997.001666546,448102
1403636997.051666498,448323
1403636997.101666451,448491
1403636997.151666403,448658
1403636997.201666594,448826
1403636997.251666546,449008
1403636997.301666498,449153
1403636997.351666451,449340
1403636997.401666403,449504
1403636997.451666594,449673
1403636997.501666546,449835
1403636997.551666498,450015
1403636997.601666451,450167
1403636997.651666403,450331
1403636997.701666594,450501
1403636997.751666546,450638
1403636997.801666498,450818
1403636997.851666451,450971
1403636997.901666403,451119
1403636997.951666594,451294
1403636998.001666546,451447
1403636998.051666498,451601
1403636998.101666451,451801
1403636998.151666403,451950
1403636998.201666594,452086
1403636998.251666546,452290
1403636998.301666498,452445
1403636998.351666451,452596
1403636998.401666403,452790
1403636998.451666594,452942
1403636998.501666546,453083
1403636998.551666498,453256
1403636998.601666451,453441
1403636998.651666403,453594
1403636998.701666594,453758
1403636998.751666546,453912
1403636998.801666498,454057
1403636998.851666451,454223
1403636998.901666403,454383
1403636998.951666594,454566
1403636999.001666546,454748
1403636999.051666498,454911
1403636999.101666451,455063
1403636999.151666403,455267
1403636999.201666594,455397
1403636999.251666546,455582
1403636999.301666498,455753
1403636999.351666451,455895
1403636999.401666403,456048
1403636999.451666594,456243
1403636999.501666546,456408
1403636999.551666498,456574
1403636999.601666451,456744
1403636999.651666403,456921
1403636999.701666594,457063
1403636999.751666546,457231
1403636999.801666498,457414
1403636999.851666451,457633
1403636999.901666403,457785
1403636999.951666594,457931
1403637000.001666546,458096
1403637000.051666498,458280
1403637000.101666451,458438
1403637000.151666403,458596
1403637000.201666594,458764
1403637000.251666546,458918
1403637000.301666498,459074
1403637000.351666451,459256
1403637000.401666403,459399
1403637000.451666594,459548
1403637000.501666546,459720
1403637000.551666498,459876
1403637000.601666451,460030
1403637000.651666403,460216
1403637000.701666594,460358
1403637000.751666546,460505
1403637000.801666498,460692
1403637000.851666451,460901
1403637000.901666403,461050
1403637000.951666594,461221
1403637001.001666546,461369
1403637001.051666498,461531
1403637001.101666451,461712
1403637001.151666403,461870
1403637001.201666594,461999
1403637001.251666546,462182
1403637001.301666498,462357
1403637001.351666451,462504
1403637001.401666403,462712
1403637001.451666594,462858
1403637001.501666546,463018
1403637001.551666498,463195
1403637001.601666451,463331
1403637001.651666403,463491
1403637001.701666594,463693
1403637001.751666546,463860
1403637001.801666498,464003
1403637001.851666451,464161
1403637001.901666403,464337
1403637001.951666594,464479
1403637002.001666546,464695
1403637002.051666498,464850
1403637002.101666451,465004
1403637002.151666403,465180
1403637002.201666594,465362
1403637002.251666546,465516
1403637002.301666498,465709
1403637002.351666451,465872
1403637002.401666403,466027
1403637002.451666594,466218
1403637002.501666546,466373
1403637002.551666498,466513
1403637002.601666451,466714
1403637002.651666403,466919
1403637002.701666594,467037
1403637002.751666546,467196
1403637002.801666498,467352
1403637002.851666451,467490
1403637002.901666403,467699
1403637002.951666594,467860
1403637003.001666546,467997
1403637003.051666498,468172
1403637003.101666451,468344
1403637003.151666403,468487
1403637003.201666594,468684
1403637003.251666546,468855
1403637003.301666498,469008
1403637003.351666451,469181
1403637003.401666403,469344
1403637003.451666594,469492
1403637003.501666546,469673
1403637003.551666498,469811
1403637003.601666451,469969
1403637003.651666403,470157
1403637003.701666594,470316
1403637003.751666546,470477
1403637003.801666498,470638
1403637003.851666451,470793
1403637003.901666403,470921
1403637003.951666594,471120
1403637004.001666546,471273
1403637004.051666498,471405
1403637004.101666451,471596
1403637004.151666403,471736
1403637004.201666594,471896
1403637004.251666546,472089
1403637004.301666498,472228
1403637004.351666451,472396
1403637004.401666403,472591
1403637004.451666594,472731
1403637004.501666546,472871
1403637004.551666498,473076
1403637004.601666451,473245
1403637004.651666403,473384
1403637004.701666594,473569
1403637004.751666546,473753
1403637004.801666498,473913
1403637004.851666451,474070
1403637004.901666403,474226
1403637004.951666594,474372
1403637005.001666546,474505
1403637005.051666498,474681
1403637005.101666451,474837
1403637005.151666403,475026
1403637005.201666594,475171
1403637005.251666546,475338
1403637005.301666498,475531
1403637005.351666451,475698
1403637005.401666403,475835
1403637005.451666594,476030
1403637005.501666546,476158
1403637005.551666498,476324
1403637005.601666451,476464
1403637005.651666403,476629
1403637005.701666594,476793
1403637005.751666546,477005
1403637005.801666498,477166
1403637005.851666451,477326
1403637005.901666403,477528
1403637005.951666594,477677
1403637006.001666546,477833
1403637006.051666498,477970
1403637006.101666451,478134
1403637006.151666403,478295
1403637006.201666594,478479
1403637006.251666546,478639
1403637006.301666498,478798
1403637006.351666451,478983
1403637006.401666403,479150
1403637006.451666594,479326
1403637006.501666546,479508
1403637006.551666498,479662
1403637006.601666451,479795
1403637006.651666403,479969
1403637006.701666594,480118
1403637006.751666546,480290
1403637006.801666498,480449
1403637006.851666451,480626
1403637006.901666403,480759
1403637006.951666594,480948
1403637007.001666546,481106
1403637007.051666498,481254
1403637007.101666451,481436
1403637007.151666403,481595
1403637007.201666594,481746
1403637007.251666546,481917
1403637007.301666498,482066
1403637007.351666451,482220
1403637007.401666403,482399
1403637007.451666594,482545
1403637007.501666546,482687
1403637007.551666498,482857
1403637007.601666451,483002
1403637007.651666403,483161
1403637007.701666594,483323
1403637007.751666546,483491
1403637007.801666498,483630
1403637007.851666451,483817
1403637007.901666403,483967
1403637007.951666594,484108
1403637008.001666546,484333
1403637008.051666498,484457
1403637008.101666451,484611
1403637008.151666403,484797
1403637008.201666594,484937
1403637008.251666546,485091
1403637008.301666498,485280
1403637008.351666451,485428
1403637008.401666403,485568
1403637008.451666594,485810
1403637008.501666546,485962
1403637008.551666498,486121
1403637008.601666451,486282
1403637008.651666403,486443
1403637008.701666594,486616
1403637008.751666546,486781
1403637008.801666498,486955
1403637008.851666451,487106
1403637008.901666403,487265
1403637008.951666594,487432
1403637009.001666546,487570
1403637009.051666498,487763
1403637009.101666451,487906
1403637009.151666403,488035
1403637009.201666594,488232
1403637009.251666546,488383
1403637009.301666498,488535
1403637009.351666451,488697
1403637009.401666403,488854
1403637009.451666594,489006
1403637009.501666546,489208
1403637009.551666498,489341
1403637009.601666451,489481
1403637009.651666403,489638
1403637009.701666594,489789
1403637009.751666546,489962
1403637009.801666498,490124
1403637009.851666451,490291
1403637009.901666403,490449
1403637009.951666594,490647
1403637010.001666546,490802
1403637010.051666498,490961
1403637010.101666451,491147
1403637010.151666403,491279
1403637010.201666594,491449
1403637010.251666546,491643
1403637010.301666498,491794
1403637010.351666451,491959
1403637010.401666403,492110
1403637010.451666594,492250
1403637010.501666546,492406
1403637010.551666498,492611
1403637010.601666451,492751
