1403636858.651666403,3.33638
1403636858.701666594,4.42995
1403636858.751666546,16.1064
1403636858.801666498,7.04684
1403636858.851666451,5.90087
1403636858.901666403,7.59497
1403636858.951666594,10.4319
1403636859.001666546,10.3629
1403636859.051666498,7.92551
1403636859.101666451,8.1749
1403636859.151666403,8.78675
1403636859.201666594,14.4159
1403636859.251666546,11.8541
1403636859.301666498,11.9869
1403636859.351666451,15.0018
1403636859.401666403,11.1011
1403636859.451666594,12.1943
1403636859.501666546,13.3952
1403636859.551666498,14.1666
1403636859.601666451,15.3142
1403636859.651666403,17.9327
1403636859.701666594,16.5818
1403636859.751666546,14.7513
1403636859.801666498,15.2892
1403636859.851666451,17.9536
1403636859.901666403,18.5472
1403636859.951666594,18.2397
1403636860.001666546,16.1993
1403636860.051666498,18.5535
1403636860.101666451,19.1244
1403636860.151666403,15.9344
1403636860.201666594,18.7172
1403636860.251666546,16.3134
1403636860.301666498,17.4765
1403636860.351666451,16.1941
1403636860.401666403,19.3103
1403636860.451666594,18.609
1403636860.501666546,16.0444
1403636860.551666498,16.6419
1403636860.601666451,17.5645
1403636860.651666403,17.7424
1403636860.701666594,18.0164
1403636860.751666546,13.9615
1403636860.801666498,17.9351
1403636860.851666451,12.7797
1403636860.901666403,14.8591
1403636860.951666594,17.4039
1403636861.001666546,16.0717
1403636861.051666498,15.6795
1403636861.101666451,17.6058
1403636861.151666403,15.7784
1403636861.201666594,19.8845
1403636861.251666546,15.904
1403636861.301666498,18.383
1403636861.351666451,20.2005
1403636861.401666403,21.8894
1403636861.451666594,20.667
1403636861.501666546,17.8869
1403636861.551666498,19.5563
1403636861.601666451,22.4464
1403636861.651666403,18.4801
1403636861.701666594,21.7143
1403636861.751666546,19.4995
1403636861.801666498,19.8592
1403636861.851666451,20.0865
1403636861.901666403,21.0392
1403636861.951666594,17.2774
1403636862.001666546,19.0679
1403636862.051666498,19.0454
1403636862.101666451,17.2912
1403636862.151666403,15.9585
1403636862.201666594,17.4025
1403636862.251666546,13.223
1403636862.301666498,14.8495
1403636862.351666451,14.4784
1403636862.401666403,14.9902
1403636862.451666594,16.5091
1403636862.501666546,16.2575
1403636862.551666498,14.5343
1403636862.601666451,17.1586
1403636862.651666403,18.663
1403636862.701666594,18.3876
1403636862.751666546,19.4992
1403636862.801666498,19.3635
1403636862.851666451,17.5669
1403636862.901666403,21.2841
1403636862.951666594,21.7892
1403636863.001666546,22.1688
1403636863.051666498,18.6907
1403636863.101666451,21.4225
1403636863.151666403,19.7535
1403636863.201666594,20.865
1403636863.251666546,17.4169
1403636863.301666498,19.4362
1403636863.351666451,19.8507
1403636863.401666403,20.5495
1403636863.451666594,18.6099
1403636863.501666546,18.9316
1403636863.551666498,18.1707
1403636863.601666451,18.3302
1403636863.651666403,15.7715
1403636863.701666594,17.7049
1403636863.751666546,15.9003
1403636863.801666498,15.6304
1403636863.851666451,10.9213
1403636863.901666403,14.6564
1403636863.951666594,15.0618
1403636864.001666546,16.2932
1403636864.051666498,15.6583
1403636864.101666451,16.9437
1403636864.151666403,16.2151
1403636864.201666594,17.0399
1403636864.251666546,16.3674
1403636864.301666498,18.4447
1403636864.351666451,17.6179
1403636864.401666403,18.3139
1403636864.451666594,18.4411
1403636864.501666546,22.3568
1403636864.551666498,18.6491
1403636864.601666451,19.8454
1403636864.651666403,21.7006
1403636864.701666594,22.8178
1403636864.751666546,22.1209
1403636864.801666498,21.1305
1403636864.851666451,20.3918
1403636864.901666403,19.8844
1403636864.951666594,18.2076
1403636865.001666546,20.9486
1403636865.051666498,14.4081
1403636865.101666451,18.0373
1403636865.151666403,17.1609
1403636865.201666594,18.0388
1403636865.251666546,19.0251
1403636865.301666498,17.4793
1403636865.351666451,16.2051
1403636865.401666403,19.7361
1403636865.451666594,18.5201
1403636865.501666546,16.9035
1403636865.551666498,19.4943
1403636865.601666451,16.8278
1403636865.651666403,18.6662
1403636865.701666594,20.1141
1403636865.751666546,16.7927
1403636865.801666498,18.8647
1403636865.851666451,20.8328
1403636865.901666403,19.5413
1403636865.951666594,21.1932
1403636866.001666546,21.4685
1403636866.051666498,20.898
1403636866.101666451,20.0774
1403636866.151666403,20.0244
1403636866.201666594,22.2465
1403636866.251666546,22.6333
1403636866.301666498,21.8876
1403636866.351666451,22.5492
1403636866.401666403,22.4017
1403636866.451666594,20.5248
1403636866.501666546,22.379
1403636866.551666498,17.9265
1403636866.601666451,19.729
1403636866.651666403,21.426
1403636866.701666594,20.3527
1403636866.751666546,21.5405
1403636866.801666498,21.8938
1403636866.851666451,20.231
1403636866.901666403,16.5956
1403636866.951666594,20.3826
1403636867.001666546,19.903
1403636867.051666498,17.331
1403636867.101666451,17.2951
1403636867.151666403,16.336
1403636867.201666594,20.1787
1403636867.251666546,15.5665
1403636867.301666498,16.5302
1403636867.351666451,16.7453
1403636867.401666403,18.2721
1403636867.451666594,15.5687
1403636867.501666546,19.1211
1403636867.551666498,17.609
1403636867.601666451,17.2729
1403636867.651666403,15.522
1403636867.701666594,16.5129
1403636867.751666546,16.3864
1403636867.801666498,17.0238
1403636867.851666451,13.9083
1403636867.901666403,18.0857
1403636867.951666594,13.1418
1403636868.001666546,18.5253
1403636868.051666498,14.3993
1403636868.101666451,18.0151
1403636868.151666403,18.0907
1403636868.201666594,19.3906
1403636868.251666546,16.6847
1403636868.301666498,15.7951
1403636868.351666451,16.5774
1403636868.401666403,14.7869
1403636868.451666594,17.2159
1403636868.501666546,20.9145
1403636868.551666498,16.9969
1403636868.601666451,17.876
1403636868.651666403,16.3267
1403636868.701666594,19.2826
1403636868.751666546,19.7593
1403636868.801666498,17.8167
1403636868.851666451,16.2704
1403636868.901666403,18.449
1403636868.951666594,16.2958
1403636869.001666546,21.2818
1403636869.051666498,17.2086
1403636869.101666451,18.6605
1403636869.151666403,18.4351
1403636869.201666594,17.0059
1403636869.251666546,16.6694
1403636869.301666498,18.8496
1403636869.351666451,15.8566
1403636869.401666403,19.9432
1403636869.451666594,16.6748
1403636869.501666546,20.1949
1403636869.551666498,17.6552
1403636869.601666451,17.0785
1403636869.651666403,17.0615
1403636869.701666594,18.447
1403636869.751666546,16.5054
1403636869.801666498,19.0071
1403636869.851666451,18.3846
1403636869.901666403,20.8092
1403636869.951666594,17.2874
1403636870.001666546,18.3937
1403636870.051666498,16.5861
1403636870.101666451,18.4706
1403636870.151666403,18.1414
1403636870.201666594,19.9239
1403636870.251666546,16.5695
1403636870.301666498,21.1037
1403636870.351666451,17.2557
1403636870.401666403,19.1223
1403636870.451666594,17.1836
1403636870.501666546,18.319
1403636870.551666498,17.2894
1403636870.601666451,19.0048
1403636870.651666403,17.405
1403636870.701666594,21.2469
1403636870.751666546,17.9601
1403636870.801666498,18.1247
1403636870.851666451,18.0402
1403636870.901666403,17.9588
1403636870.951666594,18.076
1403636871.001666546,18.8711
1403636871.051666498,21.3602
1403636871.101666451,20.9777
1403636871.151666403,17.5536
1403636871.201666594,20.9703
1403636871.251666546,16.8692
1403636871.301666498,20.7917
1403636871.351666451,20.053
1403636871.401666403,18.4844
1403636871.451666594,18.2813
1403636871.501666546,19.7214
1403636871.551666498,17.811
1403636871.601666451,19.1635
1403636871.651666403,17.4399
1403636871.701666594,19.7736
1403636871.751666546,21.6398
1403636871.801666498,22.9191
1403636871.851666451,21.5628
1403636871.901666403,21.8829
1403636871.951666594,17.3951
1403636872.001666546,20.3253
1403636872.051666498,18.0954
1403636872.101666451,21.2791
1403636872.151666403,17.8622
1403636872.201666594,17.6407
1403636872.251666546,18.8316
1403636872.301666498,17.5242
1403636872.351666451,14.1143
1403636872.401666403,17.1554
1403636872.451666594,18.3577
1403636872.501666546,15.8951
1403636872.551666498,14.9857
1403636872.601666451,15.5714
1403636872.651666403,15.02
1403636872.701666594,16.8363
1403636872.751666546,15.04
1403636872.801666498,17.3008
1403636872.851666451,15.1065
1403636872.901666403,17.2113
1403636872.951666594,19.101
1403636873.001666546,18.284
1403636873.051666498,19.4152
1403636873.101666451,18.5602
1403636873.151666403,18.5712
1403636873.201666594,20.4445
1403636873.251666546,17.7274
1403636873.301666498,19.0627
1403636873.351666451,20.0994
1403636873.401666403,19.1621
1403636873.451666594,19.7446
1403636873.501666546,22.1734
1403636873.551666498,16.8179
1403636873.601666451,18.9765
1403636873.651666403,20.0698
1403636873.701666594,21.2835
1403636873.751666546,17.3597
1403636873.801666498,18.8725
1403636873.851666451,16.7549
1403636873.901666403,21.2953
1403636873.951666594,19.1331
1403636874.001666546,18.8023
1403636874.051666498,19.9179
1403636874.101666451,18.7523
1403636874.151666403,18.4829
1403636874.201666594,20.3634
1403636874.251666546,16.2087
1403636874.301666498,18.2666
1403636874.351666451,18.9071
1403636874.401666403,20.6146
1403636874.451666594,16.8272
1403636874.501666546,20.2543
1403636874.551666498,18.2657
1403636874.601666451,20.9883
1403636874.651666403,20.4196
1403636874.701666594,20.9541
1403636874.751666546,19.3264
1403636874.801666498,20.2961
1403636874.851666451,17.4985
1403636874.901666403,19.0934
1403636874.951666594,18.424
1403636875.001666546,18.0026
1403636875.051666498,18.1352
1403636875.101666451,18.6521
1403636875.151666403,17.584
1403636875.201666594,18.4119
1403636875.251666546,18.1929
1403636875.301666498,17.0888
1403636875.351666451,16.0413
1403636875.401666403,19.2268
1403636875.451666594,16.9024
1403636875.501666546,16.4869
1403636875.551666498,15.5557
1403636875.601666451,16.1522
1403636875.651666403,16.5482
1403636875.701666594,19.8406
1403636875.751666546,15.857
1403636875.801666498,13.6478
1403636875.851666451,16.5488
1403636875.901666403,17.3904
1403636875.951666594,18.043
1403636876.001666546,17.4327
1403636876.051666498,18.5943
1403636876.101666451,17.1639
1403636876.151666403,17.6107
1403636876.201666594,18.9558
1403636876.251666546,17.4899
1403636876.301666498,20.7633
1403636876.351666451,19.8998
1403636876.401666403,19.9777
1403636876.451666594,18.6179
1403636876.501666546,20.2224
1403636876.551666498,17.342
1403636876.601666451,19.3851
1403636876.651666403,20.1942
1403636876.701666594,19.5322
1403636876.751666546,19.1016
1403636876.801666498,19.4766
1403636876.851666451,19.8696
1403636876.901666403,21.1279
1403636876.951666594,19.6076
1403636877.001666546,15.2263
1403636877.051666498,17.2506
1403636877.101666451,20.5591
1403636877.151666403,16.7871
1403636877.201666594,16.149
1403636877.251666546,16.3128
1403636877.301666498,19.4506
1403636877.351666451,14.8341
1403636877.401666403,16.3936
1403636877.451666594,17.9056
1403636877.501666546,18.478
1403636877.551666498,16.1925
1403636877.601666451,14.528
1403636877.651666403,11.9577
1403636877.701666594,13.4466
1403636877.751666546,12.105
1403636877.801666498,13.6819
1403636877.851666451,11.3856
1403636877.901666403,14.1123
1403636877.951666594,14.1185
1403636878.001666546,11.7455
1403636878.051666498,15.4778
1403636878.101666451,18.1757
1403636878.151666403,14.4351
1403636878.201666594,16.732
1403636878.251666546,17.4937
1403636878.301666498,19.0902
1403636878.351666451,16.0713
1403636878.401666403,17.6522
1403636878.451666594,17.5795
1403636878.501666546,19.5991
1403636878.551666498,18.3798
1403636878.601666451,18.3479
1403636878.651666403,19.7013
1403636878.701666594,21.6108
1403636878.751666546,18.2129
1403636878.801666498,19.471
1403636878.851666451,18.5653
1403636878.901666403,21.9677
1403636878.951666594,18.0139
1403636879.001666546,19.1847
1403636879.051666498,17.5904
1403636879.101666451,18.0845
1403636879.151666403,16.6731
1403636879.201666594,16.7798
1403636879.251666546,16.0796
1403636879.301666498,16.6801
1403636879.351666451,18.1182
1403636879.401666403,17.1389
1403636879.451666594,17.7457
1403636879.501666546,19.879
1403636879.551666498,16.4904
1403636879.601666451,17.3475
1403636879.651666403,18.1924
1403636879.701666594,19.7766
1403636879.751666546,16.3572
1403636879.801666498,19.2931
1403636879.851666451,15.6697
1403636879.901666403,15.9042
1403636879.951666594,11.9924
1403636880.001666546,17.1815
1403636880.051666498,15.3359
1403636880.101666451,15.8807
1403636880.151666403,15.756
1403636880.201666594,20.4835
1403636880.251666546,16.1308
1403636880.301666498,18.7009
1403636880.351666451,19.2534
1403636880.401666403,21.6108
1403636880.451666594,18.1
1403636880.501666546,19.6539
1403636880.551666498,19.2534
1403636880.601666451,19.8393
1403636880.651666403,17.6131
1403636880.701666594,19.9674
1403636880.751666546,17.6402
1403636880.801666498,18.6593
1403636880.851666451,17.4168
1403636880.901666403,19.615
1403636880.951666594,17.9003
1403636881.001666546,19.3972
1403636881.051666498,19.197
1403636881.101666451,19.6164
1403636881.151666403,17.7911
1403636881.201666594,19.8762
1403636881.251666546,19.1142
1403636881.301666498,22.0861
1403636881.351666451,20.4282
1403636881.401666403,22.3337
1403636881.451666594,20.4133
1403636881.501666546,22.1607
1403636881.551666498,18.1954
1403636881.601666451,22.4055
1403636881.651666403,17.9282
1403636881.701666594,18.9433
1403636881.751666546,17.953
1403636881.801666498,20.7579
1403636881.851666451,17.7768
1403636881.901666403,21.0753
1403636881.951666594,17.4783
1403636882.001666546,18.309
1403636882.051666498,16.9604
1403636882.101666451,20.8532
1403636882.151666403,18.7222
1403636882.201666594,19.1845
1403636882.251666546,16.3186
1403636882.301666498,18.2924
1403636882.351666451,19.5701
1403636882.401666403,18.9291
1403636882.451666594,19.6469
1403636882.501666546,21.6048
1403636882.551666498,17.2582
1403636882.601666451,20.9681
1403636882.651666403,17.2634
1403636882.701666594,19.2325
1403636882.751666546,17.4508
1403636882.801666498,16.3687
1403636882.851666451,16.7555
1403636882.901666403,18.4529
1403636882.951666594,18.631
1403636883.001666546,16.6785
1403636883.051666498,17.0162
1403636883.101666451,17.8209
1403636883.151666403,15.4693
1403636883.201666594,16.5543
1403636883.251666546,14.5716
1403636883.301666498,15.3004
1403636883.351666451,13.4204
1403636883.401666403,14.9127
1403636883.451666594,14.1203
1403636883.501666546,14.9345
1403636883.551666498,11.5506
1403636883.601666451,14.9321
1403636883.651666403,13.3755
1403636883.701666594,14.5581
1403636883.751666546,14.6158
1403636883.801666498,15.7605
1403636883.851666451,12.9553
1403636883.901666403,14.5196
1403636883.951666594,11.6541
1403636884.001666546,15.4682
1403636884.051666498,15.6177
1403636884.101666451,16.292
1403636884.151666403,13.1577
1403636884.201666594,14.3027
1403636884.251666546,13.3766
1403636884.301666498,13.8613
1403636884.351666451,16.1254
1403636884.401666403,18.6158
1403636884.451666594,14.7351
1403636884.501666546,15.7297
1403636884.551666498,12.8487
1403636884.601666451,18.6577
1403636884.651666403,13.9133
1403636884.701666594,16.0539
1403636884.751666546,15.4289
1403636884.801666498,17.5146
1403636884.851666451,16.9614
1403636884.901666403,17.9017
1403636884.951666594,14.0926
1403636885.001666546,17.8657
1403636885.051666498,15.4442
1403636885.101666451,15.3493
1403636885.151666403,13.4278
1403636885.201666594,16.6848
1403636885.251666546,14.0082
1403636885.301666498,16.2463
1403636885.351666451,17.0019
1403636885.401666403,16.0179
1403636885.451666594,14.5386
1403636885.501666546,14.8273
1403636885.551666498,13.7137
1403636885.601666451,16.3267
1403636885.651666403,13.6402
1403636885.701666594,15.4697
1403636885.751666546,13.6354
1403636885.801666498,13.855
1403636885.851666451,15.2909
1403636885.901666403,15.2215
1403636885.951666594,13.9894
1403636886.001666546,15.202
1403636886.051666498,13.604
1403636886.101666451,14.5682
1403636886.151666403,12.7379
1403636886.201666594,14.9784
1403636886.251666546,13.6471
1403636886.301666498,15.3261
1403636886.351666451,14.8736
1403636886.401666403,14.5558
1403636886.451666594,13.8602
1403636886.501666546,15.5815
1403636886.551666498,13.9041
1403636886.601666451,17.9086
1403636886.651666403,12.7044
1403636886.701666594,18.3364
1403636886.751666546,14.0331
1403636886.801666498,17.8824
1403636886.851666451,13.731
1403636886.901666403,17.068
1403636886.951666594,13.4843
1403636887.001666546,18.0555
1403636887.051666498,12.7993
1403636887.101666451,17.9552
1403636887.151666403,13.5016
1403636887.201666594,15.6603
1403636887.251666546,13.6144
1403636887.301666498,16.0198
1403636887.351666451,12.9635
1403636887.401666403,14.2573
1403636887.451666594,13.2287
1403636887.501666546,15.8174
1403636887.551666498,14.849
1403636887.601666451,15.6242
1403636887.651666403,13.8191
1403636887.701666594,18.2989
1403636887.751666546,12.5266
1403636887.801666498,14.4519
1403636887.851666451,13.619
1403636887.901666403,17.4086
1403636887.951666594,16.2224
1403636888.001666546,14.8792
1403636888.051666498,16.1347
1403636888.101666451,16.261
1403636888.151666403,13.0938
1403636888.201666594,15.6909
1403636888.251666546,14.3133
1403636888.301666498,15.2006
1403636888.351666451,12.2292
1403636888.401666403,15.6739
1403636888.451666594,13.8864
1403636888.501666546,15.3437
1403636888.551666498,16.5231
1403636888.601666451,14.7048
1403636888.651666403,13.9537
1403636888.701666594,14.0522
1403636888.751666546,13.2591
1403636888.801666498,17.572
1403636888.851666451,13.0814
1403636888.901666403,15.8996
1403636888.951666594,15.6163
1403636889.001666546,15.2053
1403636889.051666498,15.3361
1403636889.101666451,17.4008
1403636889.151666403,12.9009
1403636889.201666594,14.7792
1403636889.251666546,14.8894
1403636889.301666498,16.823
1403636889.351666451,13.6506
1403636889.401666403,15.3741
1403636889.451666594,13.3621
1403636889.501666546,17.6383
1403636889.551666498,13.8345
1403636889.601666451,15.3136
1403636889.651666403,13.1946
1403636889.701666594,15.2145
1403636889.751666546,16.1795
1403636889.801666498,14.7363
1403636889.851666451,14.0081
1403636889.901666403,14.1036
1403636889.951666594,15.8505
1403636890.001666546,17.0937
1403636890.051666498,16.5792
1403636890.101666451,15.2475
1403636890.151666403,12.5515
1403636890.201666594,17.4962
1403636890.251666546,13.6542
1403636890.301666498,15.1885
1403636890.351666451,13.4343
1403636890.401666403,14.2415
1403636890.451666594,12.8287
1403636890.501666546,17.8389
1403636890.551666498,16.8803
1403636890.601666451,16.6379
1403636890.651666403,12.0851
1403636890.701666594,18.189
1403636890.751666546,14.0891
1403636890.801666498,14.3088
1403636890.851666451,17.1487
1403636890.901666403,15.1447
1403636890.951666594,13.897
1403636891.001666546,12.8463
1403636891.051666498,11.1338
1403636891.101666451,16.4975
1403636891.151666403,16.7079
1403636891.201666594,17.5692
1403636891.251666546,14.1537
1403636891.301666498,14.4245
1403636891.351666451,13.3384
1403636891.401666403,16.2464
1403636891.451666594,11.6472
1403636891.501666546,15.7896
1403636891.551666498,15.417
1403636891.601666451,17.2562
1403636891.651666403,13.5808
1403636891.701666594,14.3981
1403636891.751666546,11.9456
1403636891.801666498,14.7053
1403636891.851666451,12.3136
1403636891.901666403,19.9333
1403636891.951666594,13.466
1403636892.001666546,17.5641
1403636892.051666498,14.1923
1403636892.101666451,18.154
1403636892.151666403,12.76
1403636892.201666594,15.6888
1403636892.251666546,12.7846
1403636892.301666498,14.3922
1403636892.351666451,11.7326
1403636892.401666403,14.2282
1403636892.451666594,13.1184
1403636892.501666546,15.2265
1403636892.551666498,14.7399
1403636892.601666451,15.146
1403636892.651666403,13.6333
1403636892.701666594,15.1372
1403636892.751666546,14.6962
1403636892.801666498,16.6954
1403636892.851666451,13.7443
1403636892.901666403,17.0172
1403636892.951666594,13.0994
1403636893.001666546,16.4039
1403636893.051666498,16.7501
1403636893.101666451,15.0301
1403636893.151666403,13.9259
1403636893.201666594,14.857
1403636893.251666546,12.8575
1403636893.301666498,14.7345
1403636893.351666451,14.0021
1403636893.401666403,16.3034
1403636893.451666594,12.6795
1403636893.501666546,15.2185
1403636893.551666498,14.5394
1403636893.601666451,15.1238
1403636893.651666403,13.3852
1403636893.701666594,14.86
1403636893.751666546,13.3427
1403636893.801666498,15.3256
1403636893.851666451,16.9344
1403636893.901666403,18.2148
1403636893.951666594,13.7727
1403636894.001666546,14.4993
1403636894.051666498,10.3004
1403636894.101666451,14.3056
1403636894.151666403,15.6786
1403636894.201666594,13.8847
1403636894.251666546,12.6321
1403636894.301666498,14.7408
1403636894.351666451,13.4738
1403636894.401666403,15.1301
1403636894.451666594,14.4401
1403636894.501666546,16.9616
1403636894.551666498,13.4397
1403636894.601666451,15.5803
1403636894.651666403,15.9655
1403636894.701666594,16.1118
1403636894.751666546,13.5826
1403636894.801666498,13.9409
1403636894.851666451,14.2117
1403636894.901666403,15.2703
1403636894.951666594,16.1279
1403636895.001666546,15.8926
1403636895.051666498,13.0069
1403636895.101666451,14.7781
1403636895.151666403,13.0885
1403636895.201666594,15.9971
1403636895.251666546,13.0261
1403636895.301666498,14.4076
1403636895.351666451,13.8733
1403636895.401666403,12.7309
1403636895.451666594,13.0408
1403636895.501666546,15.5977
1403636895.551666498,13.2594
1403636895.601666451,16.9838
1403636895.651666403,11.8803
1403636895.701666594,14.7045
1403636895.751666546,10.3016
1403636895.801666498,15.181
1403636895.851666451,12.9608
1403636895.901666403,15.678
1403636895.951666594,11.517
1403636896.001666546,18.1692
1403636896.051666498,14.2282
1403636896.101666451,14.9504
1403636896.151666403,15.7313
1403636896.201666594,16.5199
1403636896.251666546,12.9908
1403636896.301666498,18.3336
1403636896.351666451,12.971
1403636896.401666403,15.6439
1403636896.451666594,12.9529
1403636896.501666546,14.7913
1403636896.551666498,13.3915
1403636896.601666451,15.2703
1403636896.651666403,13.5948
1403636896.701666594,14.9437
1403636896.751666546,14.1156
1403636896.801666498,15.2785
1403636896.851666451,15.5794
1403636896.901666403,13.2027
1403636896.951666594,15.4874
1403636897.001666546,15.9859
1403636897.051666498,16.1045
1403636897.101666451,13.5658
1403636897.151666403,16.2337
1403636897.201666594,17.4637
1403636897.251666546,13.641
1403636897.301666498,15.3814
1403636897.351666451,13.5154
1403636897.401666403,15.2397
1403636897.451666594,14.1121
1403636897.501666546,18.0609
1403636897.551666498,12.059
1403636897.601666451,17.3667
1403636897.651666403,17.0758
1403636897.701666594,14.4859
1403636897.751666546,13.0755
1403636897.801666498,15.0301
1403636897.851666451,13.1443
1403636897.901666403,16.3739
1403636897.951666594,14.632
1403636898.001666546,16.1401
1403636898.051666498,15.5657
1403636898.101666451,16.8682
1403636898.151666403,16.8809
1403636898.201666594,17.5706
1403636898.251666546,17.705
1403636898.301666498,18.2784
1403636898.351666451,16.7377
1403636898.401666403,17.9801
1403636898.451666594,15.9177
1403636898.501666546,17.5718
1403636898.551666498,15.1057
1403636898.601666451,17.0075
1403636898.651666403,14.2818
1403636898.701666594,15.7741
1403636898.751666546,15.9585
1403636898.801666498,17.1471
1403636898.851666451,15.8655
1403636898.901666403,18.9122
1403636898.951666594,15.3989
1403636899.001666546,16.7828
1403636899.051666498,15.5723
1403636899.101666451,18.9074
1403636899.151666403,15.3025
1403636899.201666594,17.9002
1403636899.251666546,17.9462
1403636899.301666498,17.2014
1403636899.351666451,19.4093
1403636899.401666403,19.5924
1403636899.451666594,18.5092
1403636899.501666546,18.7547
1403636899.551666498,20.7647
1403636899.601666451,19.141
1403636899.651666403,18.9111
1403636899.701666594,20.6048
1403636899.751666546,19.5905
1403636899.801666498,20.5036
1403636899.851666451,20.2065
1403636899.901666403,21.573
1403636899.951666594,19.7166
1403636900.001666546,21.3889
1403636900.051666498,19.7001
1403636900.101666451,21.9823
1403636900.151666403,22.2673
1403636900.201666594,23.9525
1403636900.251666546,18.3717
1403636900.301666498,21.7968
1403636900.351666451,20.5433
1403636900.401666403,21.4641
1403636900.451666594,20.2152
1403636900.501666546,21.2288
1403636900.551666498,20.3159
1403636900.601666451,22.314
1403636900.651666403,22.7892
1403636900.701666594,23.8227
1403636900.751666546,24.9503
1403636900.801666498,23.776
1403636900.851666451,21.2475
1403636900.901666403,21.9369
1403636900.951666594,23.5979
1403636901.001666546,23.3966
1403636901.051666498,21.0938
1403636901.101666451,23.4318
1403636901.151666403,21.975
1403636901.201666594,20.6248
1403636901.251666546,21.1759
1403636901.301666498,20.1349
1403636901.351666451,22.6578
1403636901.401666403,22.6533
1403636901.451666594,19.7368
1403636901.501666546,21.4223
1403636901.551666498,20.9699
1403636901.601666451,20.5576
1403636901.651666403,23.6228
1403636901.701666594,21.5148
1403636901.751666546,20.6947
1403636901.801666498,21.3168
1403636901.851666451,24.2851
1403636901.901666403,20.3195
1403636901.951666594,21.0659
1403636902.001666546,22.1113
1403636902.051666498,24.1114
1403636902.101666451,22.8777
1403636902.151666403,22.5664
1403636902.201666594,25.7373
1403636902.251666546,21.758
1403636902.301666498,22.9854
1403636902.351666451,21.2503
1403636902.401666403,23.8474
1403636902.451666594,22.559
1403636902.501666546,26.6573
1403636902.551666498,21.0507
1403636902.601666451,25.4063
1403636902.651666403,24.2848
1403636902.701666594,22.856
1403636902.751666546,24.1839
1403636902.801666498,22.1949
1403636902.851666451,22.1665
1403636902.901666403,24.0909
1403636902.951666594,23.9111
1403636903.001666546,26.1598
1403636903.051666498,22.4764
1403636903.101666451,25.1114
1403636903.151666403,22.7064
1403636903.201666594,23.8027
1403636903.251666546,24.9543
1403636903.301666498,22.9354
1403636903.351666451,22.3572
1403636903.401666403,25.0573
1403636903.451666594,23.0299
1403636903.501666546,27.0766
1403636903.551666498,27.5822
1403636903.601666451,24.0189
1403636903.651666403,24.2429
1403636903.701666594,24.347
1403636903.751666546,22.7776
1403636903.801666498,26.6958
1403636903.851666451,23.233
1403636903.901666403,24.8897
1403636903.951666594,26.6023
1403636904.001666546,23.9591
1403636904.051666498,24.6638
1403636904.101666451,23.3924
1403636904.151666403,26.3514
1403636904.201666594,25.3637
1403636904.251666546,22.6047
1403636904.301666498,25.0969
1403636904.351666451,23.7973
1403636904.401666403,27.0641
1403636904.451666594,23.3662
1403636904.501666546,25.1299
1403636904.551666498,25.8662
1403636904.601666451,25.9739
1403636904.651666403,23.4257
1403636904.701666594,27.3823
1403636904.751666546,19.7543
1403636904.801666498,26.2527
1403636904.851666451,24.3819
1403636904.901666403,23.238
1403636904.951666594,26.4227
1403636905.001666546,27.2692
1403636905.051666498,21.1242
1403636905.101666451,23.0774
1403636905.151666403,22.7716
1403636905.201666594,25.324
1403636905.251666546,23.2502
1403636905.301666498,26.2636
1403636905.351666451,25.6402
1403636905.401666403,24.6696
1403636905.451666594,24.0385
1403636905.501666546,25.5941
1403636905.551666498,25.9592
1403636905.601666451,26.708
1403636905.651666403,24.9929
1403636905.701666594,26.6854
1403636905.751666546,25.7669
1403636905.801666498,26.0577
1403636905.851666451,22.5911
1403636905.901666403,25.8786
1403636905.951666594,26.4767
1403636906.001666546,27.5613
1403636906.051666498,26.1352
1403636906.101666451,25.7945
1403636906.151666403,24.9357
1403636906.201666594,24.5587
1403636906.251666546,22.4882
1403636906.301666498,24.4232
1403636906.351666451,21.6486
1403636906.401666403,26.5941
1403636906.451666594,24.5676
1403636906.501666546,24.028
1403636906.551666498,23.0145
1403636906.601666451,24.8841
1403636906.651666403,22.5739
1403636906.701666594,22.9412
1403636906.751666546,22.7054
1403636906.801666498,26.6024
1403636906.851666451,25.4069
1403636906.901666403,23.3951
1403636906.951666594,26.2621
1403636907.001666546,28.0107
1403636907.051666498,22.7191
1403636907.101666451,26.5112
1403636907.151666403,23.067
1403636907.201666594,25.2597
1403636907.251666546,24.2189
1403636907.301666498,25.4682
1403636907.351666451,23.7582
1403636907.401666403,24.4555
1403636907.451666594,23.8854
1403636907.501666546,26.8233
1403636907.551666498,25.7459
1403636907.601666451,23.5438
1403636907.651666403,22.5386
1403636907.701666594,22.735
1403636907.751666546,23.1822
1403636907.801666498,24.027
1403636907.851666451,22.8894
1403636907.901666403,22.4563
1403636907.951666594,22.2034
1403636908.001666546,19.4075
1403636908.051666498,21.7895
1403636908.101666451,25.7553
1403636908.151666403,20.3348
1403636908.201666594,23.5447
1403636908.251666546,22.5992
1403636908.301666498,22.189
1403636908.351666451,24.1006
1403636908.401666403,19.2088
1403636908.451666594,24.2491
1403636908.501666546,22.8068
1403636908.551666498,22.3764
1403636908.601666451,23.7902
1403636908.651666403,20.31
1403636908.701666594,23.2142
1403636908.751666546,22.8937
1403636908.801666498,21.9427
1403636908.851666451,21.2215
1403636908.901666403,23.8388
1403636908.951666594,23.5826
1403636909.001666546,24.6779
1403636909.051666498,22.7219
1403636909.101666451,23.4972
1403636909.151666403,22.2057
1403636909.201666594,21.9653
1403636909.251666546,21.6937
1403636909.301666498,22.5684
1403636909.351666451,24.4958
1403636909.401666403,21.9821
1403636909.451666594,23.1359
1403636909.501666546,25.0902
1403636909.551666498,24.2955
1403636909.601666451,24.6804
1403636909.651666403,24.194
1403636909.701666594,24.2745
1403636909.751666546,23.9815
1403636909.801666498,22.9295
1403636909.851666451,24.3998
1403636909.901666403,25.7304
1403636909.951666594,18.0503
1403636910.001666546,24.2343
1403636910.051666498,24.2578
1403636910.101666451,23.9123
1403636910.151666403,20.8657
1403636910.201666594,24.2505
1403636910.251666546,24.3997
1403636910.301666498,23.5981
1403636910.351666451,21.6827
1403636910.401666403,24.4701
1403636910.451666594,22.0262
1403636910.501666546,22.7956
1403636910.551666498,23.4433
1403636910.601666451,21.9462
1403636910.651666403,21.3309
1403636910.701666594,24.1416
1403636910.751666546,21.5588
1403636910.801666498,22.9421
1403636910.851666451,21.2182
1403636910.901666403,22.8223
1403636910.951666594,21.3531
1403636911.001666546,23.8611
1403636911.051666498,20.4266
1403636911.101666451,24.7779
1403636911.151666403,23.5786
1403636911.201666594,25.0565
1403636911.251666546,20.7706
1403636911.301666498,23.378
1403636911.351666451,22.5012
1403636911.401666403,24.7653
1403636911.451666594,22.6001
1403636911.501666546,22.1457
1403636911.551666498,22.7538
1403636911.601666451,24.8031
1403636911.651666403,24.8393
1403636911.701666594,25.3516
1403636911.751666546,22.8142
1403636911.801666498,22.7916
1403636911.851666451,22.4135
1403636911.901666403,22.3506
1403636911.951666594,24.0534
1403636912.001666546,23.1969
1403636912.051666498,19.5809
1403636912.101666451,24.5542
1403636912.151666403,22.1192
1403636912.201666594,25.1363
1403636912.251666546,19.4811
1403636912.301666498,22.4473
1403636912.351666451,23.2185
1403636912.401666403,24.0883
1403636912.451666594,21.9117
1403636912.501666546,22.5672
1403636912.551666498,22.8802
1403636912.601666451,25.4844
1403636912.651666403,24.6774
1403636912.701666594,24.0736
1403636912.751666546,19.3365
1403636912.801666498,23.2575
1403636912.851666451,21.0669
1403636912.901666403,25.1605
1403636912.951666594,23.7304
1403636913.001666546,22.9642
1403636913.051666498,25.0191
1403636913.101666451,23.9029
1403636913.151666403,22.2011
1403636913.201666594,23.9777
1403636913.251666546,24.8697
1403636913.301666498,23.6418
1403636913.351666451,24.3468
1403636913.401666403,23.5361
1403636913.451666594,24.9706
1403636913.501666546,24.0579
1403636913.551666498,23.0329
1403636913.601666451,23.3341
1403636913.651666403,24.4509
1403636913.701666594,23.3686
1403636913.751666546,21.9423
1403636913.801666498,25.71
1403636913.851666451,23.8249
1403636913.901666403,23.425
1403636913.951666594,22.3299
1403636914.001666546,23.521
1403636914.051666498,22.4354
1403636914.101666451,25.8946
1403636914.151666403,22.2569
1403636914.201666594,23.8485
1403636914.251666546,22.5075
1403636914.301666498,24.3108
1403636914.351666451,17.3973
1403636914.401666403,18.6457
1403636914.451666594,23.121
1403636914.501666546,23.4052
1403636914.551666498,21.1098
1403636914.601666451,22.4071
1403636914.651666403,19.1173
1403636914.701666594,21.3335
1403636914.751666546,22.3222
1403636914.801666498,23.5978
1403636914.851666451,21.6345
1403636914.901666403,22.5559
1403636914.951666594,21.5569
1403636915.001666546,21.7971
1403636915.051666498,23.6464
1403636915.101666451,22.6374
1403636915.151666403,23.0999
1403636915.201666594,25.0439
1403636915.251666546,21.6936
1403636915.301666498,25.4771
1403636915.351666451,21.4413
1403636915.401666403,21.5602
1403636915.451666594,23.3765
1403636915.501666546,23.1711
1403636915.551666498,21.6805
1403636915.601666451,25.5897
1403636915.651666403,25.2244
1403636915.701666594,25.6761
1403636915.751666546,21.2528
1403636915.801666498,22.7052
1403636915.851666451,21.1603
1403636915.901666403,21.231
1403636915.951666594,23.2768
1403636916.001666546,21.5311
1403636916.051666498,21.9828
1403636916.101666451,23.0158
1403636916.151666403,22.2883
1403636916.201666594,26.1614
1403636916.251666546,23.8145
1403636916.301666498,23.3727
1403636916.351666451,24.4049
1403636916.401666403,26.4535
1403636916.451666594,22.5794
1403636916.501666546,22.1352
1403636916.551666498,22.3291
1403636916.601666451,25.2922
1403636916.651666403,24.1689
1403636916.701666594,24.053
1403636916.751666546,25.1157
1403636916.801666498,23.9752
1403636916.851666451,21.1798
1403636916.901666403,23.5272
1403636916.951666594,25.3364
1403636917.001666546,23.7481
1403636917.051666498,23.2383
1403636917.101666451,26.1289
1403636917.151666403,23.1344
1403636917.201666594,26.031
1403636917.251666546,24.9239
1403636917.301666498,24.9393
1403636917.351666451,21.6786
1403636917.401666403,24.2669
1403636917.451666594,18.3103
1403636917.501666546,21.9185
1403636917.551666498,21.039
1403636917.601666451,24.4875
1403636917.651666403,23.025
1403636917.701666594,24.3248
1403636917.751666546,19.7641
1403636917.801666498,23.1933
1403636917.851666451,23.8211
1403636917.901666403,26.2987
1403636917.951666594,22.2698
1403636918.001666546,23.6227
1403636918.051666498,23.1165
1403636918.101666451,26.0292
1403636918.151666403,19.5438
1403636918.201666594,23.3459
1403636918.251666546,23.3386
1403636918.301666498,25.2638
1403636918.351666451,22.9296
1403636918.401666403,23.5333
1403636918.451666594,22.0376
1403636918.501666546,22.8762
1403636918.551666498,21.1134
1403636918.601666451,26.5019
1403636918.651666403,22.2953
1403636918.701666594,24.0636
1403636918.751666546,20.8316
1403636918.801666498,22.4799
1403636918.851666451,24.6761
1403636918.901666403,23.7939
1403636918.951666594,19.3354
1403636919.001666546,22.9897
1403636919.051666498,22.5066
1403636919.101666451,23.5616
1403636919.151666403,19.7671
1403636919.201666594,23.5796
1403636919.251666546,24.1989
1403636919.301666498,25.9874
1403636919.351666451,23.1945
1403636919.401666403,24.0334
1403636919.451666594,21.4202
1403636919.501666546,26.2585
1403636919.551666498,20.4438
1403636919.601666451,25.4823
1403636919.651666403,20.9748
1403636919.701666594,24.4873
1403636919.751666546,20.1239
1403636919.801666498,22.9346
1403636919.851666451,19.128
1403636919.901666403,26.5166
1403636919.951666594,23.4998
1403636920.001666546,26.0569
1403636920.051666498,24.0388
1403636920.101666451,26.4746
1403636920.151666403,22.4828
1403636920.201666594,24.8466
1403636920.251666546,23.113
1403636920.301666498,25.1913
1403636920.351666451,22.0339
1403636920.401666403,26.3482
1403636920.451666594,20.328
1403636920.501666546,25.6196
1403636920.551666498,22.1384
1403636920.601666451,25.1093
1403636920.651666403,26.2005
1403636920.701666594,24.3354
1403636920.751666546,19.7564
1403636920.801666498,26.1992
1403636920.851666451,20.5683
1403636920.901666403,24.7232
1403636920.951666594,20.5323
1403636921.001666546,28.0847
1403636921.051666498,21.5802
1403636921.101666451,25.5719
1403636921.151666403,20.7917
1403636921.201666594,27.3211
1403636921.251666546,21.0344
1403636921.301666498,27.9021
1403636921.351666451,20.5821
1403636921.401666403,27.4745
1403636921.451666594,20.3681
1403636921.501666546,27.7147
1403636921.551666498,23.9257
1403636921.601666451,27.5924
1403636921.651666403,20.9055
1403636921.701666594,25.8844
1403636921.751666546,23.1745
1403636921.801666498,27.5341
1403636921.851666451,24.5974
1403636921.901666403,25.4247
1403636921.951666594,20.6507
1403636922.001666546,26.1671
1403636922.051666498,21.1693
1403636922.101666451,26.3129
1403636922.151666403,23.0001
1403636922.201666594,24.3401
1403636922.251666546,23.5697
1403636922.301666498,27.4105
1403636922.351666451,22.448
1403636922.401666403,26.0556
1403636922.451666594,20.416
1403636922.501666546,23.3056
1403636922.551666498,19.9906
1403636922.601666451,24.4434
1403636922.651666403,25.8691
1403636922.701666594,23.7693
1403636922.751666546,20.1543
1403636922.801666498,26.7829
1403636922.851666451,19.5763
1403636922.901666403,25.2341
1403636922.951666594,23.1266
1403636923.001666546,24.5187
1403636923.051666498,20.1535
1403636923.101666451,25.1441
1403636923.151666403,20.3405
1403636923.201666594,25.6937
1403636923.251666546,19.6202
1403636923.301666498,26.6904
1403636923.351666451,22.2703
1403636923.401666403,25.3422
1403636923.451666594,20.9662
1403636923.501666546,26.3333
1403636923.551666498,19.1438
1403636923.601666451,22.3335
1403636923.651666403,20.0997
1403636923.701666594,26.3676
1403636923.751666546,20.0988
1403636923.801666498,26.0425
1403636923.851666451,20.1679
1403636923.901666403,26.9898
1403636923.951666594,19.8446
1403636924.001666546,27.1249
1403636924.051666498,20.1142
1403636924.101666451,25.632
1403636924.151666403,20.9438
1403636924.201666594,25.1748
1403636924.251666546,21.8149
1403636924.301666498,24.4553
1403636924.351666451,20.0954
1403636924.401666403,25.2073
1403636924.451666594,23.576
1403636924.501666546,23.2078
1403636924.551666498,19.9154
1403636924.601666451,26.9789
1403636924.651666403,20.0872
1403636924.701666594,24.2987
1403636924.751666546,20.0912
1403636924.801666498,25.7309
1403636924.851666451,20.1602
1403636924.901666403,24.9795
1403636924.951666594,20.3238
1403636925.001666546,27.8387
1403636925.051666498,19.7072
1403636925.101666451,24.6384
1403636925.151666403,19.7824
1403636925.201666594,23.4563
1403636925.251666546,19.818
1403636925.301666498,24.4398
1403636925.351666451,20.3767
1403636925.401666403,23.6567
1403636925.451666594,18.9854
1403636925.501666546,25.2791
1403636925.551666498,18.9859
1403636925.601666451,26.7473
1403636925.651666403,19.3898
1403636925.701666594,25.5204
1403636925.751666546,20.7721
1403636925.801666498,25.405
1403636925.851666451,19.9574
1403636925.901666403,23.8282
1403636925.951666594,18.968
1403636926.001666546,24.0255
1403636926.051666498,19.6143
1403636926.101666451,24.4798
1403636926.151666403,21.3989
1403636926.201666594,24.1701
1403636926.251666546,19.5408
1403636926.301666498,24.1216
1403636926.351666451,23.2908
1403636926.401666403,24.3307
1403636926.451666594,20.0406
1403636926.501666546,25.2907
1403636926.551666498,20.4683
1403636926.601666451,22.9587
1403636926.651666403,24.0443
1403636926.701666594,24.017
1403636926.751666546,20.3227
1403636926.801666498,27.5789
1403636926.851666451,20.4389
1403636926.901666403,26.964
1403636926.951666594,19.6316
1403636927.001666546,24.2279
1403636927.051666498,19.1036
1403636927.101666451,25.8179
1403636927.151666403,22.1742
1403636927.201666594,23.4619
1403636927.251666546,19.2196
1403636927.301666498,24.2984
1403636927.351666451,19.3637
1403636927.401666403,24.43
1403636927.451666594,19.1701
1403636927.501666546,26.2876
1403636927.551666498,19.5831
1403636927.601666451,23.5477
1403636927.651666403,22.8585
1403636927.701666594,22.7293
1403636927.751666546,20.8877
1403636927.801666498,25.0301
1403636927.851666451,19.7297
1403636927.901666403,25.0312
1403636927.951666594,22.6998
1403636928.001666546,24.0907
1403636928.051666498,20.015
1403636928.101666451,26.0043
1403636928.151666403,19.9564
1403636928.201666594,24.2559
1403636928.251666546,20.778
1403636928.301666498,25.2659
1403636928.351666451,22.0778
1403636928.401666403,18.8587
1403636928.451666594,20.1338
1403636928.501666546,24.5358
1403636928.551666498,19.7796
1403636928.601666451,26.4502
1403636928.651666403,19.6281
1403636928.701666594,24.6116
1403636928.751666546,19.633
1403636928.801666498,25.0313
1403636928.851666451,19.5543
1403636928.901666403,25.872
1403636928.951666594,19.6658
1403636929.001666546,22.6532
1403636929.051666498,23.296
1403636929.101666451,24.3416
1403636929.151666403,20.6709
1403636929.201666594,26.1987
1403636929.251666546,18.8315
1403636929.301666498,23.6132
1403636929.351666451,20.2195
1403636929.401666403,23.3835
1403636929.451666594,24.8501
1403636929.501666546,24.052
1403636929.551666498,19.2487
1403636929.601666451,24.0376
1403636929.651666403,19.9299
1403636929.701666594,23.1103
1403636929.751666546,20.0921
1403636929.801666498,23.6704
1403636929.851666451,19.3967
1403636929.901666403,24.2883
1403636929.951666594,22.1564
1403636930.001666546,23.7967
1403636930.051666498,22.422
1403636930.101666451,26.7584
1403636930.151666403,24.6871
1403636930.201666594,26.1882
1403636930.251666546,19.829
1403636930.301666498,27.0873
1403636930.351666451,19.8302
1403636930.401666403,23.8892
1403636930.451666594,19.8024
1403636930.501666546,23.7148
1403636930.551666498,18.3864
1403636930.601666451,23.1526
1403636930.651666403,19.8218
1403636930.701666594,25.6487
1403636930.751666546,22.3233
1403636930.801666498,25.3031
1403636930.851666451,19.0167
1403636930.901666403,23.4462
1403636930.951666594,18.6128
1403636931.001666546,22.702
1403636931.051666498,19.469
1403636931.101666451,22.4948
1403636931.151666403,19.0047
1403636931.201666594,22.4783
1403636931.251666546,18.2247
1403636931.301666498,23.9377
1403636931.351666451,19.176
1403636931.401666403,23.5677
1403636931.451666594,20.6798
1403636931.501666546,24.2009
1403636931.551666498,19.9469
1403636931.601666451,24.8143
1403636931.651666403,19.3808
1403636931.701666594,23.5626
1403636931.751666546,22.4566
1403636931.801666498,25.8152
1403636931.851666451,19.4861
1403636931.901666403,26.23
1403636931.951666594,20.7183
1403636932.001666546,25.2519
1403636932.051666498,23.0061
1403636932.101666451,24.0479
1403636932.151666403,21.0114
1403636932.201666594,26.6373
1403636932.251666546,20.5328
1403636932.301666498,25.2552
1403636932.351666451,20.5325
1403636932.401666403,24.9451
1403636932.451666594,20.2196
1403636932.501666546,25.1557
1403636932.551666498,20.4477
1403636932.601666451,22.8652
1403636932.651666403,20.8237
1403636932.701666594,24.2496
1403636932.751666546,20.3234
1403636932.801666498,24.2671
1403636932.851666451,19.7933
1403636932.901666403,23.768
1403636932.951666594,21.6227
1403636933.001666546,24.5475
1403636933.051666498,20.9983
1403636933.101666451,23.9412
1403636933.151666403,21.8332
1403636933.201666594,26.0311
1403636933.251666546,19.8913
1403636933.301666498,24.1089
1403636933.351666451,21.1428
1403636933.401666403,27.1485
1403636933.451666594,20.9105
1403636933.501666546,25.5973
1403636933.551666498,21.4924
1403636933.601666451,28.3568
1403636933.651666403,19.976
1403636933.701666594,26.0525
1403636933.751666546,21.1947
1403636933.801666498,26.8742
1403636933.851666451,21.8648
1403636933.901666403,25.3221
1403636933.951666594,21.5916
1403636934.001666546,25.9441
1403636934.051666498,22.0421
1403636934.101666451,23.4189
1403636934.151666403,20.5894
1403636934.201666594,25.7745
1403636934.251666546,20.3922
1403636934.301666498,25.6443
1403636934.351666451,19.8901
1403636934.401666403,25.9906
1403636934.451666594,18.5093
1403636934.501666546,23.9093
1403636934.551666498,20.159
1403636934.601666451,25.3407
1403636934.651666403,19.9525
1403636934.701666594,22.6221
1403636934.751666546,18.5467
1403636934.801666498,24.7502
1403636934.851666451,21.2128
1403636934.901666403,23.0617
1403636934.951666594,20.3406
1403636935.001666546,22.3628
1403636935.051666498,21.6053
1403636935.101666451,22.5682
1403636935.151666403,22.0528
1403636935.201666594,23.3029
1403636935.251666546,20.4278
1403636935.301666498,25.3905
1403636935.351666451,22.0656
1403636935.401666403,21.3707
1403636935.451666594,20.9962
1403636935.501666546,23.5545
1403636935.551666498,24.8355
1403636935.601666451,23.505
1403636935.651666403,20.9694
1403636935.701666594,27.2115
1403636935.751666546,21.7651
1403636935.801666498,27.1603
1403636935.851666451,19.8165
1403636935.901666403,27.1762
1403636935.951666594,19.5739
1403636936.001666546,25.6904
1403636936.051666498,20.3424
1403636936.101666451,23.4301
1403636936.151666403,19.9569
1403636936.201666594,26.0604
1403636936.251666546,23.1344
1403636936.301666498,26.4708
1403636936.351666451,20.4891
1403636936.401666403,25.942
1403636936.451666594,20.8862
1403636936.501666546,24.1154
1403636936.551666498,22.0668
1403636936.601666451,26.2502
1403636936.651666403,20.6978
1403636936.701666594,26.3485
1403636936.751666546,20.8931
1403636936.801666498,26.4299
1403636936.851666451,22.1871
1403636936.901666403,22.9076
1403636936.951666594,21.2508
1403636937.001666546,25.5516
1403636937.051666498,22.2501
1403636937.101666451,22.6541
1403636937.151666403,21.6142
1403636937.201666594,24.0772
1403636937.251666546,23.5585
1403636937.301666498,23.9658
1403636937.351666451,22.6712
1403636937.401666403,24.1073
1403636937.451666594,21.7818
1403636937.501666546,25.3173
1403636937.551666498,23.0432
1403636937.601666451,23.8905
1403636937.651666403,24.3231
1403636937.701666594,25.8949
1403636937.751666546,20.0151
1403636937.801666498,25.4164
1403636937.851666451,21.373
1403636937.901666403,25.9243
1403636937.951666594,22.3947
1403636938.001666546,24.9532
1403636938.051666498,18.3631
1403636938.101666451,23.3043
1403636938.151666403,20.7604
1403636938.201666594,23.2912
1403636938.251666546,22.6085
1403636938.301666498,25.1804
1403636938.351666451,18.8255
1403636938.401666403,22.862
1403636938.451666594,21.9904
1403636938.501666546,24.7444
1403636938.551666498,21.0948
1403636938.601666451,23.7515
1403636938.651666403,18.9934
1403636938.701666594,23.4833
1403636938.751666546,21.1641
1403636938.801666498,24.2141
1403636938.851666451,22.2077
1403636938.901666403,25.2869
1403636938.951666594,21.6765
1403636939.001666546,23.0176
1403636939.051666498,21.6457
1403636939.101666451,25.062
1403636939.151666403,19.8278
1403636939.201666594,25.4387
1403636939.251666546,24.7014
1403636939.301666498,25.8787
1403636939.351666451,23.8196
1403636939.401666403,25.5589
1403636939.451666594,19.9136
1403636939.501666546,22.1181
1403636939.551666498,23.2452
1403636939.601666451,23.7805
1403636939.651666403,20.6486
1403636939.701666594,22.1507
1403636939.751666546,20.9717
1403636939.801666498,21.6891
1403636939.851666451,21.2365
1403636939.901666403,22.8172
1403636939.951666594,21.9169
1403636940.001666546,22.7506
1403636940.051666498,22.708
1403636940.101666451,24.2323
1403636940.151666403,19.3108
1403636940.201666594,23.7721
1403636940.251666546,18.735
1403636940.301666498,21.4568
1403636940.351666451,22.5516
1403636940.401666403,21.6359
1403636940.451666594,19.7638
1403636940.501666546,21.8925
1403636940.551666498,20.1288
1403636940.601666451,23.8276
1403636940.651666403,22.3564
1403636940.701666594,21.4434
1403636940.751666546,20.2613
1403636940.801666498,23.2084
1403636940.851666451,20.0358
1403636940.901666403,24.0617
1403636940.951666594,19.2824
1403636941.001666546,22.3922
1403636941.051666498,24.0845
1403636941.101666451,20.6091
1403636941.151666403,20.9409
1403636941.201666594,23.5233
1403636941.251666546,22.0606
1403636941.301666498,23.5846
1403636941.351666451,23.2698
1403636941.401666403,23.4754
1403636941.451666594,20.8256
1403636941.501666546,24.5782
1403636941.551666498,23.6656
1403636941.601666451,22.2002
1403636941.651666403,19.8605
1403636941.701666594,23.5482
1403636941.751666546,20.9297
1403636941.801666498,22.537
1403636941.851666451,23.5225
1403636941.901666403,22.4237
1403636941.951666594,20.7346
1403636942.001666546,23.1638
1403636942.051666498,21.7184
1403636942.101666451,24.1634
1403636942.151666403,23.25
1403636942.201666594,24.5688
1403636942.251666546,21.2432
1403636942.301666498,24.6879
1403636942.351666451,20.6375
1403636942.401666403,19.8258
1403636942.451666594,22.64
1403636942.501666546,23.6649
1403636942.551666498,20.0198
1403636942.601666451,21.7636
1403636942.651666403,21.7737
1403636942.701666594,20.5417
1403636942.751666546,19.4872
1403636942.801666498,23.5546
1403636942.851666451,20.0332
1403636942.901666403,20.5503
1403636942.951666594,18.7621
1403636943.001666546,21.9282
1403636943.051666498,22.5187
1403636943.101666451,21.4737
1403636943.151666403,22.8772
1403636943.201666594,21.9534
1403636943.251666546,20.0534
1403636943.301666498,21.375
1403636943.351666451,20.1438
1403636943.401666403,23.7245
1403636943.451666594,21.8871
1403636943.501666546,22.279
1403636943.551666498,20.5585
1403636943.601666451,23.9579
1403636943.651666403,20.1911
1403636943.701666594,23.8857
1403636943.751666546,23.9338
1403636943.801666498,25.4193
1403636943.851666451,20.9109
1403636943.901666403,22.6935
1403636943.951666594,22.2459
1403636944.001666546,23.4356
1403636944.051666498,21.6317
1403636944.101666451,24.7393
1403636944.151666403,21.732
1403636944.201666594,22.8796
1403636944.251666546,24.6861
1403636944.301666498,23.9508
1403636944.351666451,26.4949
1403636944.401666403,24.4535
1403636944.451666594,24.981
1403636944.501666546,25.2185
1403636944.551666498,22.1293
1403636944.601666451,22.0973
1403636944.651666403,23.4584
1403636944.701666594,23.4852
1403636944.751666546,22.8345
1403636944.801666498,25.0774
1403636944.851666451,22.479
1403636944.901666403,24.7628
1403636944.951666594,23.1622
1403636945.001666546,24.7023
1403636945.051666498,25.717
1403636945.101666451,26.1942
1403636945.151666403,23.7046
1403636945.201666594,27.4502
1403636945.251666546,24.365
1403636945.301666498,28.5356
1403636945.351666451,26.8958
1403636945.401666403,27.9302
1403636945.451666594,24.529
1403636945.501666546,23.5026
1403636945.551666498,23.0881
1403636945.601666451,27.256
1403636945.651666403,24.8414
1403636945.701666594,24.4262
1403636945.751666546,25.6897
1403636945.801666498,26.6059
1403636945.851666451,26.7823
1403636945.901666403,25.2549
1403636945.951666594,24.4271
1403636946.001666546,25.212
1403636946.051666498,22.9441
1403636946.101666451,26.9832
1403636946.151666403,27.0142
1403636946.201666594,27.5058
1403636946.251666546,24.7681
1403636946.301666498,26.9286
1403636946.351666451,25.5704
1403636946.401666403,27.2179
1403636946.451666594,23.594
1403636946.501666546,25.7998
1403636946.551666498,24.9895
1403636946.601666451,24.6552
1403636946.651666403,23.8775
1403636946.701666594,24.939
1403636946.751666546,23.6498
1403636946.801666498,24.4401
1403636946.851666451,25.4461
1403636946.901666403,24.9955
1403636946.951666594,26.824
1403636947.001666546,27.4207
1403636947.051666498,23.461
1403636947.101666451,22.8287
1403636947.151666403,23.2266
1403636947.201666594,26.6021
1403636947.251666546,23.9613
1403636947.301666498,25.3369
1403636947.351666451,25.5765
1403636947.401666403,23.6433
1403636947.451666594,25.5157
1403636947.501666546,25.1285
1403636947.551666498,25.9987
1403636947.601666451,24.7533
1403636947.651666403,23.6038
1403636947.701666594,24.3213
1403636947.751666546,25.0443
1403636947.801666498,27.7384
1403636947.851666451,23.175
1403636947.901666403,25.9837
1403636947.951666594,24.1353
1403636948.001666546,27.0268
1403636948.051666498,23.8363
1403636948.101666451,24.8692
1403636948.151666403,26.1597
1403636948.201666594,27.0373
1403636948.251666546,24.6665
1403636948.301666498,26.9391
1403636948.351666451,23.0574
1403636948.401666403,27.369
1403636948.451666594,23.7431
1403636948.501666546,21.3219
1403636948.551666498,23.7943
1403636948.601666451,25.1466
1403636948.651666403,26.4543
1403636948.701666594,25.3217
1403636948.751666546,24.0659
1403636948.801666498,25.9768
1403636948.851666451,26.5445
1403636948.901666403,24.56
1403636948.951666594,23.2294
1403636949.001666546,27.9391
1403636949.051666498,23.7351
1403636949.101666451,28.1544
1403636949.151666403,23.1566
1403636949.201666594,27.4976
1403636949.251666546,20.3592
1403636949.301666498,26.8338
1403636949.351666451,24.9153
1403636949.401666403,24.5535
1403636949.451666594,26.6174
1403636949.501666546,26.9568
1403636949.551666498,24.7591
1403636949.601666451,23.5085
1403636949.651666403,22.5675
1403636949.701666594,23.8814
1403636949.751666546,23.3424
1403636949.801666498,24.9097
1403636949.851666451,20.6155
1403636949.901666403,21.876
1403636949.951666594,24.7026
1403636950.001666546,26.1001
1403636950.051666498,24.6084
1403636950.101666451,21.2963
1403636950.151666403,20.1052
1403636950.201666594,25.6152
1403636950.251666546,22.0312
1403636950.301666498,25.6483
1403636950.351666451,21.4029
1403636950.401666403,26.722
1403636950.451666594,21.281
1403636950.501666546,23.539
1403636950.551666498,23.1971
1403636950.601666451,23.6518
1403636950.651666403,20.9255
1403636950.701666594,22.8838
1403636950.751666546,22.1216
1403636950.801666498,24.915
1403636950.851666451,23.8886
1403636950.901666403,23.7823
1403636950.951666594,24.295
1403636951.001666546,24.0674
1403636951.051666498,20.5607
1403636951.101666451,23.6922
1403636951.151666403,21.9368
1403636951.201666594,24.849
1403636951.251666546,21.118
1403636951.301666498,24.8666
1403636951.351666451,22.5031
1403636951.401666403,22.325
1403636951.451666594,19.124
1403636951.501666546,19.6483
1403636951.551666498,22.3631
1403636951.601666451,21.157
1403636951.651666403,20.3313
1403636951.701666594,22.204
1403636951.751666546,23.7123
1403636951.801666498,22.4597
1403636951.851666451,21.5434
1403636951.901666403,22.1003
1403636951.951666594,19.9657
1403636952.001666546,24.1755
1403636952.051666498,22.0788
1403636952.101666451,25.939
1403636952.151666403,22.8985
1403636952.201666594,24.233
1403636952.251666546,21.9622
1403636952.301666498,25.1716
1403636952.351666451,22.874
1403636952.401666403,25.657
1403636952.451666594,21.9335
1403636952.501666546,22.4099
1403636952.551666498,22.5407
1403636952.601666451,24.6264
1403636952.651666403,21.4137
1403636952.701666594,24.7118
1403636952.751666546,23.9506
1403636952.801666498,22.9789
1403636952.851666451,20.8141
1403636952.901666403,23.1501
1403636952.951666594,21.9645
1403636953.001666546,21.9027
1403636953.051666498,19.2364
1403636953.101666451,26.2186
1403636953.151666403,24.1735
1403636953.201666594,24.3758
1403636953.251666546,24.2977
1403636953.301666498,24.4727
1403636953.351666451,24.6377
1403636953.401666403,23.7529
1403636953.451666594,22.2018
1403636953.501666546,26.7077
1403636953.551666498,23.9976
1403636953.601666451,24.8948
1403636953.651666403,24.7953
1403636953.701666594,26.6704
1403636953.751666546,21.0103
1403636953.801666498,23.5328
1403636953.851666451,18.6899
1403636953.901666403,23.3356
1403636953.951666594,21.6255
1403636954.001666546,24.4466
1403636954.051666498,24.3757
1403636954.101666451,26.2359
1403636954.151666403,23.5373
1403636954.201666594,25.3505
1403636954.251666546,21.5136
1403636954.301666498,25.6457
1403636954.351666451,22.2112
1403636954.401666403,23.65
1403636954.451666594,22.8662
1403636954.501666546,22.4123
1403636954.551666498,22.6983
1403636954.601666451,25.5997
1403636954.651666403,21.72
1403636954.701666594,23.5664
1403636954.751666546,24.476
1403636954.801666498,25.5784
1403636954.851666451,21.5136
1403636954.901666403,25.049
1403636954.951666594,21.4054
1403636955.001666546,23.1721
1403636955.051666498,22.1547
1403636955.101666451,23.6923
1403636955.151666403,20.9748
1403636955.201666594,23.0949
1403636955.251666546,22.5521
1403636955.301666498,23.9172
1403636955.351666451,18.811
1403636955.401666403,23.1368
1403636955.451666594,21.4932
1403636955.501666546,22.8885
1403636955.551666498,21.5685
1403636955.601666451,22.5859
1403636955.651666403,24.0392
1403636955.701666594,21.7057
1403636955.751666546,20.6925
1403636955.801666498,23.5431
1403636955.851666451,17.5639
1403636955.901666403,20.875
1403636955.951666594,18.3079
1403636956.001666546,21.5464
1403636956.051666498,18.1209
1403636956.101666451,22.4403
1403636956.151666403,20.4402
1403636956.201666594,21.618
1403636956.251666546,20.4782
1403636956.301666498,24.7684
1403636956.351666451,19.8351
1403636956.401666403,23.7481
1403636956.451666594,19.8207
1403636956.501666546,25.9409
1403636956.551666498,19.138
1403636956.601666451,22.0324
1403636956.651666403,22.0247
1403636956.701666594,25.1189
1403636956.751666546,21.9752
1403636956.801666498,22.914
1403636956.851666451,23.0389
1403636956.901666403,24.7057
1403636956.951666594,21.8063
1403636957.001666546,21.0229
1403636957.051666498,20.9191
1403636957.101666451,23.0179
1403636957.151666403,21.2298
1403636957.201666594,24.2839
1403636957.251666546,17.9521
1403636957.301666498,23.7568
1403636957.351666451,24.7575
1403636957.401666403,26.421
1403636957.451666594,22.8512
1403636957.501666546,26.5188
1403636957.551666498,22.0318
1403636957.601666451,23.318
1403636957.651666403,22.0011
1403636957.701666594,26.7196
1403636957.751666546,19.753
1403636957.801666498,23.5314
1403636957.851666451,20.4898
1403636957.901666403,23.79
1403636957.951666594,18.9894
1403636958.001666546,26.45
1403636958.051666498,22.1519
1403636958.101666451,23.7212
1403636958.151666403,25.2426
1403636958.201666594,24.167
1403636958.251666546,19.4157
1403636958.301666498,26.1129
1403636958.351666451,22.1507
1403636958.401666403,23.7002
1403636958.451666594,22.9635
1403636958.501666546,26.3313
1403636958.551666498,24.3868
1403636958.601666451,24.4415
1403636958.651666403,21.0908
1403636958.701666594,23.6487
1403636958.751666546,21.9285
1403636958.801666498,25.4412
1403636958.851666451,22.7062
1403636958.901666403,25.4793
1403636958.951666594,23.8382
1403636959.001666546,24.9677
1403636959.051666498,21.6503
1403636959.101666451,27.5735
1403636959.151666403,23.7494
1403636959.201666594,26.837
1403636959.251666546,25.2758
1403636959.301666498,24.6418
1403636959.351666451,23.1606
1403636959.401666403,25.2259
1403636959.451666594,21.0387
1403636959.501666546,26.246
1403636959.551666498,21.9785
1403636959.601666451,27.0401
1403636959.651666403,24.5181
1403636959.701666594,26.7836
1403636959.751666546,20.8146
1403636959.801666498,24.7961
1403636959.851666451,20.7592
1403636959.901666403,24.5013
1403636959.951666594,21.5647
1403636960.001666546,25.3027
1403636960.051666498,21.1356
1403636960.101666451,24.5685
1403636960.151666403,21.1712
1403636960.201666594,27.0899
1403636960.251666546,20.2916
1403636960.301666498,26.4749
1403636960.351666451,20.3016
1403636960.401666403,26.5541
1403636960.451666594,20.7576
1403636960.501666546,25.3033
1403636960.551666498,21.6235
1403636960.601666451,24.5698
1403636960.651666403,20.4461
1403636960.701666594,25.6155
1403636960.751666546,24.8246
1403636960.801666498,26.9571
1403636960.851666451,20.1418
1403636960.901666403,24.393
1403636960.951666594,19.5927
1403636961.001666546,26.4745
1403636961.051666498,19.8405
1403636961.101666451,24.0864
1403636961.151666403,19.5384
1403636961.201666594,26.8791
1403636961.251666546,23.4033
1403636961.301666498,25.8594
1403636961.351666451,21.0714
1403636961.401666403,24.0926
1403636961.451666594,20.0272
1403636961.501666546,24.4137
1403636961.551666498,19.9914
1403636961.601666451,24.2671
1403636961.651666403,19.6913
1403636961.701666594,24.9714
1403636961.751666546,23.3234
1403636961.801666498,24.2806
1403636961.851666451,21.7031
1403636961.901666403,24.5434
1403636961.951666594,20.0142
1403636962.001666546,24.1575
1403636962.051666498,22.5834
1403636962.101666451,25.0674
1403636962.151666403,22.2184
1403636962.201666594,23.3629
1403636962.251666546,24.4276
1403636962.301666498,23.1264
1403636962.351666451,22.4679
1403636962.401666403,25.4734
1403636962.451666594,19.5492
1403636962.501666546,22.9927
1403636962.551666498,20.7955
1403636962.601666451,23.2673
1403636962.651666403,21.9606
1403636962.701666594,25.308
1403636962.751666546,20.4265
1403636962.801666498,23.3979
1403636962.851666451,19.8049
1403636962.901666403,26.0428
1403636962.951666594,18.6608
1403636963.001666546,25.8704
1403636963.051666498,18.9415
1403636963.101666451,23.983
1403636963.151666403,19.4287
1403636963.201666594,23.9383
1403636963.251666546,19.1769
1403636963.301666498,21.456
1403636963.351666451,19.1945
1403636963.401666403,22.5931
1403636963.451666594,24.1347
1403636963.501666546,23.4113
1403636963.551666498,20.1795
1403636963.601666451,24.2601
1403636963.651666403,22.4107
1403636963.701666594,26.1527
1403636963.751666546,20.0456
1403636963.801666498,23.1126
1403636963.851666451,20.42
1403636963.901666403,25.1452
1403636963.951666594,23.9913
1403636964.001666546,23.1536
1403636964.051666498,19.3656
1403636964.101666451,22.3842
1403636964.151666403,22.1349
1403636964.201666594,24.2036
1403636964.251666546,19.4747
1403636964.301666498,27.2037
1403636964.351666451,20.0611
1403636964.401666403,24.7484
1403636964.451666594,19.5297
1403636964.501666546,25.671
1403636964.551666498,19.8689
1403636964.601666451,25.1498
1403636964.651666403,19.3735
1403636964.701666594,26.0898
1403636964.751666546,19.945
1403636964.801666498,24.6512
1403636964.851666451,18.8851
1403636964.901666403,24.2811
1403636964.951666594,19.8266
1403636965.001666546,22.1116
1403636965.051666498,18.3732
1403636965.101666451,25.5292
1403636965.151666403,19.0996
1403636965.201666594,23.9967
1403636965.251666546,19.4077
1403636965.301666498,22.4383
1403636965.351666451,18.6583
1403636965.401666403,21.6361
1403636965.451666594,20.3867
1403636965.501666546,24.2463
1403636965.551666498,19.5478
1403636965.601666451,25.9282
1403636965.651666403,19.099
1403636965.701666594,26.7288
1403636965.751666546,19.5999
1403636965.801666498,24.5638
1403636965.851666451,20.0013
1403636965.901666403,23.7209
1403636965.951666594,21.3165
1403636966.001666546,24.9515
1403636966.051666498,21.0297
1403636966.101666451,28.2642
1403636966.151666403,21.6121
1403636966.201666594,23.9578
1403636966.251666546,21.3953
1403636966.301666498,26.5953
1403636966.351666451,20.4876
1403636966.401666403,23.7244
1403636966.451666594,20.5793
1403636966.501666546,26.4274
1403636966.551666498,21.6636
1403636966.601666451,26.1943
1403636966.651666403,21.4804
1403636966.701666594,28.801
1403636966.751666546,21.9766
1403636966.801666498,27.8195
1403636966.851666451,21.2341
1403636966.901666403,26.9123
1403636966.951666594,21.3685
1403636967.001666546,26.9035
1403636967.051666498,21.5187
1403636967.101666451,25.0043
1403636967.151666403,21.739
1403636967.201666594,24.6253
1403636967.251666546,21.3616
1403636967.301666498,25.1145
1403636967.351666451,22.4507
1403636967.401666403,27.0679
1403636967.451666594,21.5546
1403636967.501666546,28.1406
1403636967.551666498,22.9072
1403636967.601666451,24.6322
1403636967.651666403,22.1898
1403636967.701666594,29.1839
1403636967.751666546,22.5942
1403636967.801666498,24.7105
1403636967.851666451,21.7829
1403636967.901666403,26.0426
1403636967.951666594,21.7322
1403636968.001666546,27.7973
1403636968.051666498,21.2962
1403636968.101666451,26.7026
1403636968.151666403,20.7194
1403636968.201666594,26.4818
1403636968.251666546,20.9655
1403636968.301666498,26.4496
1403636968.351666451,20.9724
1403636968.401666403,23.1974
1403636968.451666594,21.2455
1403636968.501666546,27.1819
1403636968.551666498,20.7538
1403636968.601666451,25.6831
1403636968.651666403,21.5364
1403636968.701666594,26.0215
1403636968.751666546,21.0203
1403636968.801666498,24.8214
1403636968.851666451,21.7969
1403636968.901666403,25.5396
1403636968.951666594,20.6439
1403636969.001666546,26.8834
1403636969.051666498,21.2077
1403636969.101666451,25.8356
1403636969.151666403,20.0375
1403636969.201666594,23.8913
1403636969.251666546,22.1195
1403636969.301666498,24.4131
1403636969.351666451,19.8103
1403636969.401666403,22.9654
1403636969.451666594,20.6242
1403636969.501666546,26.7738
1403636969.551666498,19.7567
1403636969.601666451,25.141
1403636969.651666403,20.0972
1403636969.701666594,27.3363
1403636969.751666546,21.0808
1403636969.801666498,21.175
1403636969.851666451,19.462
1403636969.901666403,25.749
1403636969.951666594,19.9164
1403636970.001666546,23.7835
1403636970.051666498,18.5949
1403636970.101666451,25.2713
1403636970.151666403,19.1318
1403636970.201666594,25.8328
1403636970.251666546,20.3159
1403636970.301666498,24.0848
1403636970.351666451,19.2939
1403636970.401666403,24.6329
1403636970.451666594,20.3274
1403636970.501666546,23.5646
1403636970.551666498,18.631
1403636970.601666451,22.8213
1403636970.651666403,24.6377
1403636970.701666594,24.8294
1403636970.751666546,18.6253
1403636970.801666498,22.9203
1403636970.851666451,18.7212
1403636970.901666403,25.3957
1403636970.951666594,19.3423
1403636971.001666546,22.6561
1403636971.051666498,19.9956
1403636971.101666451,24.0626
1403636971.151666403,20.8993
1403636971.201666594,22.8782
1403636971.251666546,21.7191
1403636971.301666498,22.6183
1403636971.351666451,20.9193
1403636971.401666403,21.0284
1403636971.451666594,21.4675
1403636971.501666546,24.4332
1403636971.551666498,22.509
1403636971.601666451,24.133
1403636971.651666403,19.4994
1403636971.701666594,22.2191
1403636971.751666546,21.5021
1403636971.801666498,24.8026
1403636971.851666451,20.3371
1403636971.901666403,21.6227
1403636971.951666594,20.2367
1403636972.001666546,24.7662
1403636972.051666498,20.1695
1403636972.101666451,22.187
1403636972.151666403,23.0218
1403636972.201666594,24.4257
1403636972.251666546,21.6569
1403636972.301666498,23.5746
1403636972.351666451,18.5177
1403636972.401666403,22.636
1403636972.451666594,21.4046
1403636972.501666546,23.2696
1403636972.551666498,20.0547
1403636972.601666451,24.9169
1403636972.651666403,23.8837
1403636972.701666594,23.3721
1403636972.751666546,20.5648
1403636972.801666498,23.807
1403636972.851666451,24.1173
1403636972.901666403,24.1862
1403636972.951666594,22.9166
1403636973.001666546,25.7557
1403636973.051666498,21.31
1403636973.101666451,23.7166
1403636973.151666403,21.5411
1403636973.201666594,24.2135
1403636973.251666546,22.1947
1403636973.301666498,23.742
1403636973.351666451,22.4862
1403636973.401666403,26.8795
1403636973.451666594,23.1481
1403636973.501666546,26.231
1403636973.551666498,23.1088
1403636973.601666451,24.2612
1403636973.651666403,23.2496
1403636973.701666594,25.1262
1403636973.751666546,25.3473
1403636973.801666498,24.2998
1403636973.851666451,25.5305
1403636973.901666403,25.0123
1403636973.951666594,23.076
1403636974.001666546,24.9258
1403636974.051666498,24.175
1403636974.101666451,27.3108
1403636974.151666403,19.9041
1403636974.201666594,24.3475
1403636974.251666546,22.6586
1403636974.301666498,25.206
1403636974.351666451,23.9386
1403636974.401666403,24.8169
1403636974.451666594,23.273
1403636974.501666546,25.1652
1403636974.551666498,25.8292
1403636974.601666451,25.1975
1403636974.651666403,21.1529
1403636974.701666594,26.4068
1403636974.751666546,20.4241
1403636974.801666498,25.0054
1403636974.851666451,22.4537
1403636974.901666403,26.9356
1403636974.951666594,20.2811
1403636975.001666546,24.3912
1403636975.051666498,25.9514
1403636975.101666451,27.9334
1403636975.151666403,25.1887
1403636975.201666594,25.7788
1403636975.251666546,23.3103
1403636975.301666498,25.6315
1403636975.351666451,20.6688
1403636975.401666403,25.8217
1403636975.451666594,26.5067
1403636975.501666546,26.9325
1403636975.551666498,21.6218
1403636975.601666451,26.3756
1403636975.651666403,22.3684
1403636975.701666594,25.5178
1403636975.751666546,21.6657
1403636975.801666498,27.233
1403636975.851666451,22.9648
1403636975.901666403,25.8374
1403636975.951666594,22.1639
1403636976.001666546,25.7234
1403636976.051666498,27.3588
1403636976.101666451,28.418
1403636976.151666403,25.0493
1403636976.201666594,25.757
1403636976.251666546,22.3615
1403636976.301666498,26.9987
1403636976.351666451,23.189
1403636976.401666403,27.4617
1403636976.451666594,23.6988
1403636976.501666546,27.2564
1403636976.551666498,22.6214
1403636976.601666451,26.1938
1403636976.651666403,22.9408
1403636976.701666594,29.2167
1403636976.751666546,22.8675
1403636976.801666498,26.9051
1403636976.851666451,22.1671
1403636976.901666403,26.6982
1403636976.951666594,22.323
1403636977.001666546,28.4111
1403636977.051666498,23.0649
1403636977.101666451,27.4893
1403636977.151666403,22.1405
1403636977.201666594,28.0573
1403636977.251666546,22.8154
1403636977.301666498,27.1255
1403636977.351666451,22.7819
1403636977.401666403,27.1662
1403636977.451666594,22.8497
1403636977.501666546,26.5098
1403636977.551666498,25.8683
1403636977.601666451,28.0374
1403636977.651666403,24.5347
1403636977.701666594,23.7065
1403636977.751666546,25.7634
1403636977.801666498,25.9522
1403636977.851666451,23.429
1403636977.901666403,25.5013
1403636977.951666594,24.3099
1403636978.001666546,27.4994
1403636978.051666498,21.9138
1403636978.101666451,27.9031
1403636978.151666403,22.2749
1403636978.201666594,28.6409
1403636978.251666546,22.19
1403636978.301666498,25.5041
1403636978.351666451,23.9007
1403636978.401666403,26.681
1403636978.451666594,24.2189
1403636978.501666546,24.3214
1403636978.551666498,21.3894
1403636978.601666451,29.2905
1403636978.651666403,22.4637
1403636978.701666594,26.6441
1403636978.751666546,22.4916
1403636978.801666498,26.1202
1403636978.851666451,24.3673
1403636978.901666403,24.6019
1403636978.951666594,21.8196
1403636979.001666546,26.8094
1403636979.051666498,23.0144
1403636979.101666451,26.6152
1403636979.151666403,22.0733
1403636979.201666594,28.9062
1403636979.251666546,21.8623
1403636979.301666498,27.006
1403636979.351666451,23.1228
1403636979.401666403,27.0288
1403636979.451666594,21.9745
1403636979.501666546,27.924
1403636979.551666498,25.0084
1403636979.601666451,26.7374
1403636979.651666403,23.5114
1403636979.701666594,25.7218
1403636979.751666546,22.9751
1403636979.801666498,27.2646
1403636979.851666451,22.378
1403636979.901666403,26.0551
1403636979.951666594,22.1076
1403636980.001666546,25.8184
1403636980.051666498,21.0991
1403636980.101666451,27.6122
1403636980.151666403,24.5745
1403636980.201666594,25.2669
1403636980.251666546,22.1405
1403636980.301666498,26.3955
1403636980.351666451,21.6097
1403636980.401666403,25.5724
1403636980.451666594,22.0358
1403636980.501666546,26.0623
1403636980.551666498,22.2124
1403636980.601666451,26.9419
1403636980.651666403,23.3515
1403636980.701666594,25.979
1403636980.751666546,22.5407
1403636980.801666498,27.7996
1403636980.851666451,21.7001
1403636980.901666403,27.9575
1403636980.951666594,21.7217
1403636981.001666546,29.376
1403636981.051666498,21.9431
1403636981.101666451,26.108
1403636981.151666403,21.7713
1403636981.201666594,28.4222
1403636981.251666546,21.7581
1403636981.301666498,26.765
1403636981.351666451,22.1438
1403636981.401666403,28.0357
1403636981.451666594,21.9225
1403636981.501666546,28.533
1403636981.551666498,21.431
1403636981.601666451,25.9882
1403636981.651666403,21.2875
1403636981.701666594,23.9374
1403636981.751666546,22.3628
1403636981.801666498,26.3057
1403636981.851666451,21.2612
1403636981.901666403,25.7293
1403636981.951666594,21.3558
1403636982.001666546,25.8994
1403636982.051666498,20.3619
1403636982.101666451,24.3066
1403636982.151666403,20.6978
1403636982.201666594,26.4124
1403636982.251666546,21.8652
1403636982.301666498,23.9371
1403636982.351666451,21.3925
1403636982.401666403,24.2566
1403636982.451666594,21.7248
1403636982.501666546,25.1014
1403636982.551666498,20.9268
1403636982.601666451,24.8994
1403636982.651666403,20.6368
1403636982.701666594,24.4116
1403636982.751666546,20.7653
1403636982.801666498,25.6832
1403636982.851666451,20.8652
1403636982.901666403,24.0718
1403636982.951666594,20.7722
1403636983.001666546,24.778
1403636983.051666498,19.6045
1403636983.101666451,23.3472
1403636983.151666403,20.5031
1403636983.201666594,24.65
1403636983.251666546,20.4612
1403636983.301666498,24.97
1403636983.351666451,20.5199
1403636983.401666403,26.23
1403636983.451666594,20.6698
1403636983.501666546,25.0725
1403636983.551666498,20.9458
1403636983.601666451,25.2903
1403636983.651666403,20.1025
1403636983.701666594,24.2004
1403636983.751666546,19.7314
1403636983.801666498,21.6433
1403636983.851666451,19.7107
1403636983.901666403,24.0887
1403636983.951666594,20.5485
1403636984.001666546,24.5734
1403636984.051666498,21.6009
1403636984.101666451,23.6518
1403636984.151666403,21.4803
1403636984.201666594,23.7632
1403636984.251666546,20.024
1403636984.301666498,23.0812
1403636984.351666451,21.413
1403636984.401666403,23.6837
1403636984.451666594,20.5452
1403636984.501666546,25.2122
1403636984.551666498,20.7849
1403636984.601666451,24.7812
1403636984.651666403,21.6516
1403636984.701666594,26.3944
1403636984.751666546,19.9717
1403636984.801666498,24.3477
1403636984.851666451,19.6755
1403636984.901666403,24.1476
1403636984.951666594,20.2412
1403636985.001666546,24.8882
1403636985.051666498,20.5529
1403636985.101666451,24.215
1403636985.151666403,21.0042
1403636985.201666594,24.3449
1403636985.251666546,20.4227
1403636985.301666498,25.5732
1403636985.351666451,20.4858
1403636985.401666403,24.1134
1403636985.451666594,21.1014
1403636985.501666546,22.44
1403636985.551666498,19.6688
1403636985.601666451,24.3684
1403636985.651666403,19.8373
1403636985.701666594,25.8511
1403636985.751666546,20.0704
1403636985.801666498,24.4022
1403636985.851666451,19.7823
1403636985.901666403,26.8339
1403636985.951666594,19.9167
1403636986.001666546,25.9441
1403636986.051666498,20.9617
1403636986.101666451,25.082
1403636986.151666403,20.1931
1403636986.201666594,25.0647
1403636986.251666546,19.2033
1403636986.301666498,25.2946
1403636986.351666451,18.8947
1403636986.401666403,24.3423
1403636986.451666594,20.4064
1403636986.501666546,24.2748
1403636986.551666498,20.7526
1403636986.601666451,23.6221
1403636986.651666403,20.0058
1403636986.701666594,24.3501
1403636986.751666546,19.8672
1403636986.801666498,26.9706
1403636986.851666451,20.0867
1403636986.901666403,25.8661
1403636986.951666594,19.64
1403636987.001666546,24.2487
1403636987.051666498,20.0749
1403636987.101666451,25.1948
1403636987.151666403,25.1797
1403636987.201666594,26.0079
1403636987.251666546,20.1664
1403636987.301666498,25.687
1403636987.351666451,21.5975
1403636987.401666403,23.88
1403636987.451666594,20.286
1403636987.501666546,26.7584
1403636987.551666498,21.6186
1403636987.601666451,25.5775
1403636987.651666403,20.7418
1403636987.701666594,26.8668
1403636987.751666546,21.2565
1403636987.801666498,27.5639
1403636987.851666451,21.4272
1403636987.901666403,25.4618
1403636987.951666594,21.7595
1403636988.001666546,26.366
1403636988.051666498,21.639
1403636988.101666451,26.0002
1403636988.151666403,20.9582
1403636988.201666594,25.3678
1403636988.251666546,22.4386
1403636988.301666498,24.1876
1403636988.351666451,20.4908
1403636988.401666403,25.8056
1403636988.451666594,20.9959
1403636988.501666546,27.6509
1403636988.551666498,22.7365
1403636988.601666451,24.6578
1403636988.651666403,21.6428
1403636988.701666594,25.512
1403636988.751666546,21.7426
1403636988.801666498,25.9061
1403636988.851666451,22.0422
1403636988.901666403,27.5616
1403636988.951666594,23.4038
1403636989.001666546,26.1072
1403636989.051666498,21.1383
1403636989.101666451,28.481
1403636989.151666403,23.4567
1403636989.201666594,25.5709
1403636989.251666546,21.9347
1403636989.301666498,25.9323
1403636989.351666451,21.9829
1403636989.401666403,28.1944
1403636989.451666594,24.5132
1403636989.501666546,24.4088
1403636989.551666498,23.3985
1403636989.601666451,24.8948
1403636989.651666403,23.1355
1403636989.701666594,25.5964
1403636989.751666546,22.6496
1403636989.801666498,25.3488
1403636989.851666451,23.8548
1403636989.901666403,25.9109
1403636989.951666594,25.4202
1403636990.001666546,26.4719
1403636990.051666498,22.4596
1403636990.101666451,27.9867
1403636990.151666403,25.083
1403636990.201666594,26.0915
1403636990.251666546,25.2384
1403636990.301666498,26.1137
1403636990.351666451,24.6558
1403636990.401666403,25.0305
1403636990.451666594,22.9387
1403636990.501666546,26.4665
1403636990.551666498,23.4863
1403636990.601666451,25.3541
1403636990.651666403,22.3441
1403636990.701666594,28.0879
1403636990.751666546,23.3676
1403636990.801666498,24.281
1403636990.851666451,21.8616
1403636990.901666403,28.242
1403636990.951666594,24.5754
1403636991.001666546,27.0705
1403636991.051666498,23.2865
1403636991.101666451,24.3021
1403636991.151666403,22.3391
1403636991.201666594,24.0573
1403636991.251666546,22.9323
1403636991.301666498,26.8472
1403636991.351666451,22.0404
1403636991.401666403,25.6824
1403636991.451666594,25.1013
1403636991.501666546,28.0102
1403636991.551666498,23.4482
1403636991.601666451,25.4272
1403636991.651666403,22.4741
1403636991.701666594,27.2349
1403636991.751666546,24.9281
1403636991.801666498,28.1962
1403636991.851666451,24.3937
1403636991.901666403,26.5507
1403636991.951666594,24.2062
1403636992.001666546,27.4838
1403636992.051666498,23.459
1403636992.101666451,25.5129
1403636992.151666403,25.0547
1403636992.201666594,29.0182
1403636992.251666546,23.6468
1403636992.301666498,27.671
1403636992.351666451,24.8498
1403636992.401666403,27.1633
1403636992.451666594,25.0753
1403636992.501666546,28.4236
1403636992.551666498,24.623
1403636992.601666451,29.3492
1403636992.651666403,24.0823
1403636992.701666594,25.4707
1403636992.751666546,23.7016
1403636992.801666498,27.7831
1403636992.851666451,23.6492
1403636992.901666403,27.6593
1403636992.951666594,24.4956
1403636993.001666546,26.8474
1403636993.051666498,24.3566
1403636993.101666451,29.6796
1403636993.151666403,25.0824
1403636993.201666594,28.7066
1403636993.251666546,24.6683
1403636993.301666498,28.8659
1403636993.351666451,24.7113
1403636993.401666403,26.5172
1403636993.451666594,24.9516
1403636993.501666546,26.1697
1403636993.551666498,24.6076
1403636993.601666451,25.3585
1403636993.651666403,25.3736
1403636993.701666594,28.5362
1403636993.751666546,24.8666
1403636993.801666498,26.8724
1403636993.851666451,23.5733
1403636993.901666403,27.5489
1403636993.951666594,24.1286
1403636994.001666546,29.3371
1403636994.051666498,24.6609
1403636994.101666451,29.1523
1403636994.151666403,24.6849
1403636994.201666594,27.8028
1403636994.251666546,24.6927
1403636994.301666498,28.1616
1403636994.351666451,23.8194
1403636994.401666403,29.4009
1403636994.451666594,25.0095
1403636994.501666546,29.3294
1403636994.551666498,25.253
1403636994.601666451,27.5299
1403636994.651666403,24.1
1403636994.701666594,28.0642
1403636994.751666546,24.8745
1403636994.801666498,28.612
1403636994.851666451,24.7651
1403636994.901666403,26.4122
1403636994.951666594,24.3189
1403636995.001666546,27.9662
1403636995.051666498,25.0323
1403636995.101666451,26.842
1403636995.151666403,24.4873
1403636995.201666594,26.6421
1403636995.251666546,24.3594
1403636995.301666498,27.5196
1403636995.351666451,23.4135
1403636995.401666403,29.5207
1403636995.451666594,24.5473
1403636995.501666546,28.1119
1403636995.551666498,25.1837
1403636995.601666451,29.1377
1403636995.651666403,25.1414
1403636995.701666594,27.5413
1403636995.751666546,25.7423
1403636995.801666498,28.6123
1403636995.851666451,25.0098
1403636995.901666403,27.7402
1403636995.951666594,24.5505
1403636996.001666546,27.2402
1403636996.051666498,24.8533
1403636996.101666451,26.6662
1403636996.151666403,24.7928
1403636996.201666594,28.005
1403636996.251666546,24.6361
1403636996.301666498,26.8066
1403636996.351666451,24.5568
1403636996.401666403,29.2991
1403636996.451666594,24.2909
1403636996.501666546,28.3785
1403636996.551666498,24.3803
1403636996.601666451,28.0118
1403636996.651666403,24.273
1403636996.701666594,26.2958
1403636996.751666546,23.8168
1403636996.801666498,28.0504
1403636996.851666451,23.7553
1403636996.901666403,24.6189
1403636996.951666594,24.8957
1403636997.001666546,28.1836
1403636997.051666498,23.5377
1403636997.101666451,24.5823
1403636997.151666403,23.2298
1403636997.201666594,26.8961
1403636997.251666546,23.329
1403636997.301666498,27.0863
1403636997.351666451,23.3285
1403636997.401666403,28.82
1403636997.451666594,24.4144
1403636997.501666546,26.4622
1403636997.551666498,23.6721
1403636997.601666451,27.8272
1403636997.651666403,25.5181
1403636997.701666594,25.901
1403636997.751666546,23.9715
1403636997.801666498,26.7987
1403636997.851666451,24.0025
1403636997.901666403,25.7891
1403636997.951666594,23.0188
1403636998.001666546,25.5071
1403636998.051666498,25.8531
1403636998.101666451,26.7399
1403636998.151666403,23.7331
1403636998.201666594,27.6265
1403636998.251666546,24.0982
1403636998.301666498,25.6475
1403636998.351666451,24.1687
1403636998.401666403,27.7622
1403636998.451666594,23.8212
1403636998.501666546,26.1456
1403636998.551666498,23.6113
1403636998.601666451,26.3109
1403636998.651666403,23.6064
1403636998.701666594,25.5365
1403636998.751666546,23.4348
1403636998.801666498,25.4342
1403636998.851666451,22.1699
1403636998.901666403,26.7628
1403636998.951666594,23.4035
1403636999.001666546,25.0072
1403636999.051666498,22.4102
1403636999.101666451,27.3772
1403636999.151666403,24.1427
1403636999.201666594,26.3632
1403636999.251666546,23.7603
1403636999.301666498,25.5864
1403636999.351666451,25.3155
1403636999.401666403,27.4545
1403636999.451666594,24.6508
1403636999.501666546,28.9676
1403636999.551666498,26.5527
1403636999.601666451,27.4312
1403636999.651666403,24.3445
1403636999.701666594,26.2296
1403636999.751666546,25.0958
1403636999.801666498,25.0703
1403636999.851666451,24.759
1403636999.901666403,29.5756
1403636999.951666594,24.7761
1403637000.001666546,29.0427
1403637000.051666498,24.7891
1403637000.101666451,30.2793
1403637000.151666403,24.9131
1403637000.201666594,26.7373
1403637000.251666546,24.6543
1403637000.301666498,25.2414
1403637000.351666451,23.9266
1403637000.401666403,27.8964
1403637000.451666594,24.6433
1403637000.501666546,26.9669
1403637000.551666498,24.945
1403637000.601666451,26.661
1403637000.651666403,24.7144
1403637000.701666594,29.2564
1403637000.751666546,24.4364
1403637000.801666498,29.3503
1403637000.851666451,24.3591
1403637000.901666403,28.0707
1403637000.951666594,25.2829
1403637001.001666546,27.3733
1403637001.051666498,24.844
1403637001.101666451,27.3633
1403637001.151666403,24.6412
1403637001.201666594,27.0625
1403637001.251666546,24.3707
1403637001.301666498,28.5485
1403637001.351666451,25.1426
1403637001.401666403,26.248
1403637001.451666594,24.0403
1403637001.501666546,27.4912
1403637001.551666498,24.7496
1403637001.601666451,26.5769
1403637001.651666403,24.8565
1403637001.701666594,26.1042
1403637001.751666546,25.2707
1403637001.801666498,27.4449
1403637001.851666451,24.9324
1403637001.901666403,27.0376
1403637001.951666594,25.0432
1403637002.001666546,26.6404
1403637002.051666498,24.4235
1403637002.101666451,26.5391
1403637002.151666403,24.496
1403637002.201666594,28.9538
1403637002.251666546,25.2479
1403637002.301666498,28.4948
1403637002.351666451,25.6048
1403637002.401666403,25.8953
1403637002.451666594,24.4773
1403637002.501666546,26.7112
1403637002.551666498,24.1786
1403637002.601666451,29.6307
1403637002.651666403,23.1272
1403637002.701666594,27.9932
1403637002.751666546,24.994
1403637002.801666498,27.84
1403637002.851666451,24.5195
1403637002.901666403,24.7699
1403637002.951666594,23.8846
1403637003.001666546,26.8682
1403637003.051666498,25.186
1403637003.101666451,27.8267
1403637003.151666403,25.131
1403637003.201666594,27.4078
1403637003.251666546,24.3698
1403637003.301666498,28.954
1403637003.351666451,23.4107
1403637003.401666403,24.6691
1403637003.451666594,25.1204
1403637003.501666546,23.3715
1403637003.551666498,23.5862
1403637003.601666451,26.2943
1403637003.651666403,21.8559
1403637003.701666594,26.4852
1403637003.751666546,20.6418
1403637003.801666498,23.6122
1403637003.851666451,19.6464
1403637003.901666403,26.1371
1403637003.951666594,21.2944
1403637004.001666546,25.2912
1403637004.051666498,19.0191
1403637004.101666451,23.4062
1403637004.151666403,18.9847
1403637004.201666594,24.9302
1403637004.251666546,20.3949
1403637004.301666498,20.3712
1403637004.351666451,19.5498
1403637004.401666403,22.289
1403637004.451666594,20.3546
1403637004.501666546,22.2657
1403637004.551666498,20.417
1403637004.601666451,22.6835
1403637004.651666403,20.156
1403637004.701666594,24.8186
1403637004.751666546,20.7064
1403637004.801666498,21.9437
1403637004.851666451,21.1577
1403637004.901666403,23.1686
1403637004.951666594,20.8854
1403637005.001666546,22.9891
1403637005.051666498,21.0616
1403637005.101666451,24.3052
1403637005.151666403,21.3519
1403637005.201666594,25.8779
1403637005.251666546,23.205
1403637005.301666498,23.1197
1403637005.351666451,20.9601
1403637005.401666403,24.9573
1403637005.451666594,20.3737
1403637005.501666546,26.4561
1403637005.551666498,21.6349
1403637005.601666451,22.8766
1403637005.651666403,20.1204
1403637005.701666594,24.7189
1403637005.751666546,21.0757
1403637005.801666498,22.6411
1403637005.851666451,21.4101
1403637005.901666403,23.9389
1403637005.951666594,22.5808
1403637006.001666546,25.5373
1403637006.051666498,19.7256
1403637006.101666451,25.1404
1403637006.151666403,23.6574
1403637006.201666594,24.4445
1403637006.251666546,20.5229
1403637006.301666498,24.1778
1403637006.351666451,19.5303
1403637006.401666403,25.7758
1403637006.451666594,20.3475
1403637006.501666546,22.8018
1403637006.551666498,19.1852
1403637006.601666451,25.049
1403637006.651666403,18.8636
1403637006.701666594,23.553
1403637006.751666546,20.0565
1403637006.801666498,22.1778
1403637006.851666451,19.3882
1403637006.901666403,23.3716
1403637006.951666594,19.6912
1403637007.001666546,21.304
1403637007.051666498,17.4247
1403637007.101666451,21.0586
1403637007.151666403,17.1126
1403637007.201666594,21.8398
1403637007.251666546,17.9517
1403637007.301666498,20.0744
1403637007.351666451,16.6453
1403637007.401666403,21.6457
1403637007.451666594,17.2542
1403637007.501666546,20.821
1403637007.551666498,17.0503
1403637007.601666451,21.2271
1403637007.651666403,18.9488
1403637007.701666594,20.12
1403637007.751666546,15.3185
1403637007.801666498,20.3557
1403637007.851666451,15.6938
1403637007.901666403,22.9463
1403637007.951666594,18.9168
1403637008.001666546,22.3583
1403637008.051666498,15.9142
1403637008.101666451,20.4241
1403637008.151666403,15.0903
1403637008.201666594,18.7628
1403637008.251666546,16.0947
1403637008.301666498,18.3681
1403637008.351666451,14.5925
1403637008.401666403,20.375
1403637008.451666594,14.3097
1403637008.501666546,19.6774
1403637008.551666498,17.3797
1403637008.601666451,19.5075
1403637008.651666403,15.4121
1403637008.701666594,19.8207
1403637008.751666546,20.2331
1403637008.801666498,19.4715
1403637008.851666451,17.7872
1403637008.901666403,18.5537
1403637008.951666594,14.6477
1403637009.001666546,18.8812
1403637009.051666498,13.9227
1403637009.101666451,16.6554
1403637009.151666403,17.3779
1403637009.201666594,18.6373
1403637009.251666546,20.1979
1403637009.301666498,17.9006
1403637009.351666451,16.869
1403637009.401666403,17.4173
1403637009.451666594,18.4053
1403637009.501666546,17.3579
1403637009.551666498,12.5806
1403637009.601666451,17.6217
1403637009.651666403,18.8639
1403637009.701666594,21.0702
1403637009.751666546,16.8831
1403637009.801666498,20.5675
1403637009.851666451,13.9529
1403637009.901666403,21.4583
1403637009.951666594,14.9938
1403637010.001666546,19.609
1403637010.051666498,17.6892
1403637010.101666451,21.7973
1403637010.151666403,17.5196
1403637010.201666594,20.621
1403637010.251666546,20.3942
1403637010.301666498,20.032
1403637010.351666451,17.492
1403637010.401666403,21.4464
1403637010.451666594,15.5298
1403637010.501666546,19.8633
1403637010.551666498,14.6876
1403637010.601666451,19.6541
