1403715523.912142992,3.17996
1403715523.962142944,2.92046
1403715524.012142897,2.22297
1403715524.062143087,2.92442
1403715524.11214304,1.82026
1403715524.162142992,2.21155
1403715524.212142944,1.80269
1403715524.262142897,2.48339
1403715524.312143087,1.89853
1403715524.36214304,1.93389
1403715524.412142992,1.82734
1403715524.462142944,1.79295
1403715524.512142897,1.9083
1403715524.562143087,2.03243
1403715524.61214304,1.90834
1403715524.662142992,1.84783
1403715524.712142944,1.79917
1403715524.762142897,2.4343
1403715524.812143087,2.6224
1403715524.86214304,2.24046
1403715524.912142992,2.61149
1403715524.962142944,2.56352
1403715525.012142897,2.58489
1403715525.062143087,2.69285
1403715525.11214304,2.46617
1403715525.162142992,2.0226
1403715525.212142944,2.46309
1403715525.262142897,1.8837
1403715525.312143087,2.51065
1403715525.36214304,2.49324
1403715525.412142992,2.57583
1403715525.462142944,1.94476
1403715525.512142897,2.34063
1403715525.562143087,1.92872
1403715525.61214304,1.92697
1403715525.662142992,1.84071
1403715525.712142944,2.90261
1403715525.762142897,1.88234
1403715525.812143087,2.34553
1403715525.86214304,2.52797
1403715525.912142992,2.62055
1403715525.962142944,1.93816
1403715526.012142897,1.8902
1403715526.062143087,1.97857
1403715526.11214304,1.94935
1403715526.162142992,2.3501
1403715526.212142944,2.62312
1403715526.262142897,1.90047
1403715526.312143087,1.86343
1403715526.36214304,1.95591
1403715526.412142992,2.7429
1403715526.462142944,2.82702
1403715526.512142897,1.87497
1403715526.562143087,1.87685
1403715526.61214304,2.35944
1403715526.662142992,1.89416
1403715526.712142944,1.93668
1403715526.762142897,1.8566
1403715526.812143087,1.84874
1403715526.86214304,2.33622
1403715526.912142992,2.33778
1403715526.962142944,1.84683
1403715527.012142897,1.93356
1403715527.062143087,2.56884
1403715527.11214304,2.69129
1403715527.162142992,2.55446
1403715527.212142944,1.89996
1403715527.262142897,1.93283
1403715527.312143087,2.25652
1403715527.36214304,1.87257
1403715527.412142992,2.7023
1403715527.462142944,2.15851
1403715527.512142897,2.53449
1403715527.562143087,2.06992
1403715527.61214304,2.62124
1403715527.662142992,2.06907
1403715527.712142944,2.09678
1403715527.762142897,2.02504
1403715527.812143087,1.93622
1403715527.86214304,1.95811
1403715527.912142992,2.60926
1403715527.962142944,2.30687
1403715528.012142897,2.54277
1403715528.062143087,2.83955
1403715528.11214304,2.83115
1403715528.162142992,2.59924
1403715528.212142944,2.75273
1403715528.262142897,2.00108
1403715528.312143087,2.6245
1403715528.36214304,2.87931
1403715528.412142992,2.85557
1403715528.462142944,11.3781
1403715528.512142897,3.29295
1403715528.562143087,3.35688
1403715528.61214304,4.9295
1403715528.662142992,3.2319
1403715528.712142944,4.67989
1403715528.762142897,4.68482
1403715528.812143087,3.63109
1403715528.86214304,6.15492
1403715528.912142992,5.97658
1403715528.962142944,6.75178
1403715529.012142897,7.76645
1403715529.062143087,7.581
1403715529.11214304,9.15019
1403715529.162142992,6.49243
1403715529.212142944,8.20491
1403715529.262142897,10.164
1403715529.312143087,11.6884
1403715529.36214304,16.0906
1403715529.412142992,15.3826
1403715529.462142944,15.3739
1403715529.512142897,13.3565
1403715529.562143087,16.5916
1403715529.61214304,19.5927
1403715529.662142992,16.3947
1403715529.712142944,18.2689
1403715529.762142897,20.2857
1403715529.812143087,19.468
1403715529.86214304,21.2008
1403715529.912142992,21.651
1403715529.962142944,21.8683
1403715530.012142897,24.0573
1403715530.062143087,22.0528
1403715530.11214304,25.2238
1403715530.162142992,22.9403
1403715530.212142944,23.0567
1403715530.262142897,20.5791
1403715530.312143087,23.9902
1403715530.36214304,22.2796
1403715530.412142992,22.1772
1403715530.462142944,26.6893
1403715530.512142897,22.2277
1403715530.562143087,21.4584
1403715530.61214304,24.1788
1403715530.662142992,24.408
1403715530.712142944,26.1875
1403715530.762142897,24.4758
1403715530.812143087,20.0259
1403715530.86214304,20.9429
1403715530.912142992,24.0595
1403715530.962142944,25.206
1403715531.012142897,24.7693
1403715531.062143087,24.2935
1403715531.11214304,25.7098
1403715531.162142992,24.9047
1403715531.212142944,25.0806
1403715531.262142897,27.0021
1403715531.312143087,27.2984
1403715531.36214304,24.7029
1403715531.412142992,22.6321
1403715531.462142944,23.4062
1403715531.512142897,20.911
1403715531.562143087,22.8977
1403715531.61214304,23.8683
1403715531.662142992,24.2199
1403715531.712142944,22.8885
1403715531.762142897,22.8924
1403715531.812143087,25.4345
1403715531.86214304,22.8587
1403715531.912142992,23.9677
1403715531.962142944,21.0203
1403715532.012142897,24.8767
1403715532.062143087,21.2802
1403715532.11214304,22.7092
1403715532.162142992,22.7554
1403715532.212142944,17.3435
1403715532.262142897,21.6987
1403715532.312143087,21.756
1403715532.36214304,21.0403
1403715532.412142992,21.3178
1403715532.462142944,22.3613
1403715532.512142897,19.9744
1403715532.562143087,19.7215
1403715532.61214304,18.4543
1403715532.662142992,18.6126
1403715532.712142944,19.9786
1403715532.762142897,20.7572
1403715532.812143087,19.5673
1403715532.86214304,16.0387
1403715532.912142992,18.7871
1403715532.962142944,21.8308
1403715533.012142897,19.2821
1403715533.062143087,21.25
1403715533.11214304,24.2848
1403715533.162142992,25.9373
1403715533.212142944,22.2076
1403715533.262142897,23.6921
1403715533.312143087,22.4277
1403715533.36214304,23.5853
1403715533.412142992,21.8278
1403715533.462142944,23.1298
1403715533.512142897,23.4721
1403715533.562143087,24.5722
1403715533.61214304,26.7732
1403715533.662142992,26.3451
1403715533.712142944,21.4604
1403715533.762142897,25.6806
1403715533.812143087,22.4053
1403715533.86214304,20.4479
1403715533.912142992,22.8243
1403715533.962142944,25.1996
1403715534.012142897,22.6311
1403715534.062143087,27.0795
1403715534.11214304,24.7271
1403715534.162142992,25.9763
1403715534.212142944,26.8563
1403715534.262142897,23.8701
1403715534.312143087,22.7229
1403715534.36214304,26.8833
1403715534.412142992,27.6261
1403715534.462142944,24.0766
1403715534.512142897,26.1685
1403715534.562143087,27.4316
1403715534.61214304,23.7172
1403715534.662142992,22.1329
1403715534.712142944,25.2255
1403715534.762142897,27.7384
1403715534.812143087,21.3027
1403715534.86214304,24.0477
1403715534.912142992,23.2447
1403715534.962142944,21.4197
1403715535.012142897,19.8936
1403715535.062143087,25.5387
1403715535.11214304,27.0281
1403715535.162142992,24.9048
1403715535.212142944,27.2491
1403715535.262142897,25.7979
1403715535.312143087,23.8378
1403715535.36214304,21.8142
1403715535.412142992,27.9476
1403715535.462142944,25.6561
1403715535.512142897,26.1777
1403715535.562143087,28.1118
1403715535.61214304,26.116
1403715535.662142992,23.5295
1403715535.712142944,21.6844
1403715535.762142897,26.5635
1403715535.812143087,25.848
1403715535.86214304,26.8336
1403715535.912142992,25.9884
1403715535.962142944,23.666
1403715536.012142897,24.7159
1403715536.062143087,23.6709
1403715536.11214304,24.3896
1403715536.162142992,24.9325
1403715536.212142944,24.6666
1403715536.262142897,22.4541
1403715536.312143087,26.1336
1403715536.36214304,21.7104
1403715536.412142992,23.9527
1403715536.462142944,24.6339
1403715536.512142897,22.3971
1403715536.562143087,21.8805
1403715536.61214304,23.9587
1403715536.662142992,23.1627
1403715536.712142944,21.1286
1403715536.762142897,22.6177
1403715536.812143087,21.5462
1403715536.86214304,20.8402
1403715536.912142992,20.7818
1403715536.962142944,19.9441
1403715537.012142897,22.4885
1403715537.062143087,21.3067
1403715537.11214304,23.5459
1403715537.162142992,23.9616
1403715537.212142944,20.708
1403715537.262142897,19.8449
1403715537.312143087,20.5599
1403715537.36214304,15.646
1403715537.412142992,18.8415
1403715537.462142944,17.775
1403715537.512142897,19.3198
1403715537.562143087,18.8086
1403715537.61214304,23.176
1403715537.662142992,23.0343
1403715537.712142944,21.3486
1403715537.762142897,23.2002
1403715537.812143087,23.2653
1403715537.86214304,25.2236
1403715537.912142992,23.6112
1403715537.962142944,25.7422
1403715538.012142897,25.8753
1403715538.062143087,23.6019
1403715538.11214304,24.056
1403715538.162142992,21.6978
1403715538.212142944,22.208
1403715538.262142897,19.9497
1403715538.312143087,24.124
1403715538.36214304,24.8624
1403715538.412142992,26.1162
1403715538.462142944,20.6823
1403715538.512142897,21.5605
1403715538.562143087,25.3071
1403715538.61214304,23.2736
1403715538.662142992,20.6825
1403715538.712142944,26.6422
1403715538.762142897,26.0717
1403715538.812143087,22.9555
1403715538.86214304,26.1968
1403715538.912142992,24.521
1403715538.962142944,24.6719
1403715539.012142897,26.5452
1403715539.062143087,23.866
1403715539.11214304,23.9993
1403715539.162142992,27.2301
1403715539.212142944,24.8287
1403715539.262142897,26.4559
1403715539.312143087,26.9127
1403715539.36214304,26.3646
1403715539.412142992,26.5273
1403715539.462142944,24.3707
1403715539.512142897,26.2235
1403715539.562143087,26.8371
1403715539.61214304,27.3164
1403715539.662142992,25.0819
1403715539.712142944,23.3702
1403715539.762142897,23.2168
1403715539.812143087,25.0774
1403715539.86214304,26.6334
1403715539.912142992,27.9132
1403715539.962142944,25.2861
1403715540.012142897,26.7844
1403715540.062143087,25.4517
1403715540.11214304,25.2059
1403715540.162142992,26.1067
1403715540.212142944,27.2739
1403715540.262142897,26.6404
1403715540.312143087,24.4507
1403715540.36214304,27.0687
1403715540.412142992,27.9124
1403715540.462142944,29.1308
1403715540.512142897,27.1578
1403715540.562143087,24.3766
1403715540.61214304,26.5558
1403715540.662142992,22.2942
1403715540.712142944,26.5729
1403715540.762142897,23.772
1403715540.812143087,24.5365
1403715540.86214304,26.6282
1403715540.912142992,24.1113
1403715540.962142944,25.8626
1403715541.012142897,27.8696
1403715541.062143087,25.7801
1403715541.11214304,27.3477
1403715541.162142992,26.6084
1403715541.212142944,23.5134
1403715541.262142897,25.7267
1403715541.312143087,23.2903
1403715541.36214304,24.2426
1403715541.412142992,24.2746
1403715541.462142944,25.4658
1403715541.512142897,19.8229
1403715541.562143087,22.6994
1403715541.61214304,21.7168
1403715541.662142992,21.8967
1403715541.712142944,23.2488
1403715541.762142897,20.8336
1403715541.812143087,20.2932
1403715541.86214304,22.8246
1403715541.912142992,19.5926
1403715541.962142944,23.1134
1403715542.012142897,22.5957
1403715542.062143087,22.406
1403715542.11214304,22.6157
1403715542.162142992,22.5923
1403715542.212142944,21.2877
1403715542.262142897,22.8595
1403715542.312143087,25.5361
1403715542.36214304,23.6021
1403715542.412142992,22.8002
1403715542.462142944,26.4352
1403715542.512142897,23.3212
1403715542.562143087,26.3936
1403715542.61214304,21.9854
1403715542.662142992,25.9414
1403715542.712142944,24.934
1403715542.762142897,27.5001
1403715542.812143087,27.7006
1403715542.86214304,25.081
1403715542.912142992,28.3962
1403715542.962142944,27.7361
1403715543.012142897,26.5258
1403715543.062143087,24.9605
1403715543.11214304,28.7752
1403715543.162142992,28.2769
1403715543.212142944,27.4907
1403715543.262142897,27.351
1403715543.312143087,23.4197
1403715543.36214304,29.0598
1403715543.412142992,26.8449
1403715543.462142944,23.251
1403715543.512142897,27.0724
1403715543.562143087,25.9392
1403715543.61214304,26.6006
1403715543.662142992,25.3244
1403715543.712142944,25.2005
1403715543.762142897,25.2077
1403715543.812143087,26.9016
1403715543.86214304,25.4787
1403715543.912142992,18.3876
1403715543.962142944,21.5181
1403715544.012142897,23.2716
1403715544.062143087,23.034
1403715544.11214304,22.6263
1403715544.162142992,21.1137
1403715544.212142944,20.7849
1403715544.262142897,21.47
1403715544.312143087,22.0629
1403715544.36214304,23.5003
1403715544.412142992,22.735
1403715544.462142944,23.935
1403715544.512142897,20.651
1403715544.562143087,24.5979
1403715544.61214304,24.0959
1403715544.662142992,23.7897
1403715544.712142944,26.6174
1403715544.762142897,27.1774
1403715544.812143087,23.8669
1403715544.86214304,23.5839
1403715544.912142992,22.2973
1403715544.962142944,20.2696
1403715545.012142897,22.3889
1403715545.062143087,23.5509
1403715545.11214304,22.4163
1403715545.162142992,23.1102
1403715545.212142944,21.5318
1403715545.262142897,24.4369
1403715545.312143087,22.568
1403715545.36214304,19.2629
1403715545.412142992,24.4571
1403715545.462142944,25.399
1403715545.512142897,23.5288
1403715545.562143087,24.1572
1403715545.61214304,22.5558
1403715545.662142992,21.6945
1403715545.712142944,23.5209
1403715545.762142897,20.7586
1403715545.812143087,26.8117
1403715545.86214304,25.1015
1403715545.912142992,27.2038
1403715545.962142944,25.4483
1403715546.012142897,21.9419
1403715546.062143087,23.2103
1403715546.11214304,25.8644
1403715546.162142992,22.2124
1403715546.212142944,23.7069
1403715546.262142897,24.2254
1403715546.312143087,23.417
1403715546.36214304,25.6681
1403715546.412142992,25.4428
1403715546.462142944,22.7642
1403715546.512142897,24.5802
1403715546.562143087,24.164
1403715546.61214304,24.8126
1403715546.662142992,27.4491
1403715546.712142944,24.2719
1403715546.762142897,25.277
1403715546.812143087,23.9576
1403715546.86214304,27.3889
1403715546.912142992,22.0756
1403715546.962142944,24.4896
1403715547.012142897,26.0592
1403715547.062143087,25.6007
1403715547.11214304,24.1534
1403715547.162142992,27.6034
1403715547.212142944,22.8917
1403715547.262142897,26.2215
1403715547.312143087,25.899
1403715547.36214304,21.3708
1403715547.412142992,24.8903
1403715547.462142944,22.2571
1403715547.512142897,25.9068
1403715547.562143087,24.4529
1403715547.61214304,24.7016
1403715547.662142992,22.3203
1403715547.712142944,25.4138
1403715547.762142897,23.5874
1403715547.812143087,22.6739
1403715547.86214304,21.0357
1403715547.912142992,20.4518
1403715547.962142944,20.7736
1403715548.012142897,18.9202
1403715548.062143087,22.2573
1403715548.11214304,24.1526
1403715548.162142992,25.2479
1403715548.212142944,24.4404
1403715548.262142897,21.7592
1403715548.312143087,22.4463
1403715548.36214304,21.5694
1403715548.412142992,19.5886
1403715548.462142944,22.5073
1403715548.512142897,22.3828
1403715548.562143087,22.0911
1403715548.61214304,21.3056
1403715548.662142992,24.6013
1403715548.712142944,20.787
1403715548.762142897,22.2494
1403715548.812143087,22.0119
1403715548.86214304,22.7091
1403715548.912142992,22.3995
1403715548.962142944,22.3986
1403715549.012142897,23.2181
1403715549.062143087,21.8473
1403715549.11214304,25.8616
1403715549.162142992,25.0896
1403715549.212142944,24.5119
1403715549.262142897,24.2018
1403715549.312143087,23.5673
1403715549.36214304,24.6782
1403715549.412142992,22.5625
1403715549.462142944,23.1443
1403715549.512142897,23.4874
1403715549.562143087,23.8858
1403715549.61214304,24.4219
1403715549.662142992,25.702
1403715549.712142944,22.0858
1403715549.762142897,26.0612
1403715549.812143087,24.633
1403715549.86214304,25.075
1403715549.912142992,19.8724
1403715549.962142944,26.6186
1403715550.012142897,27.2007
1403715550.062143087,24.1252
1403715550.11214304,27.248
1403715550.162142992,28.469
1403715550.212142944,22.2989
1403715550.262142897,28.114
1403715550.312143087,27.0882
1403715550.36214304,22.5718
1403715550.412142992,22.0255
1403715550.462142944,25.8157
1403715550.512142897,23.0181
1403715550.562143087,23.2293
1403715550.61214304,24.6802
1403715550.662142992,24.8635
1403715550.712142944,27.7746
1403715550.762142897,25.0689
1403715550.812143087,27.4118
1403715550.86214304,25.545
1403715550.912142992,23.7442
1403715550.962142944,23.2555
1403715551.012142897,23.5048
1403715551.062143087,26.9609
1403715551.11214304,27.1098
1403715551.162142992,26.6428
1403715551.212142944,25.1144
1403715551.262142897,26.7703
1403715551.312143087,27.2243
1403715551.36214304,26.544
1403715551.412142992,25.4429
1403715551.462142944,27.618
1403715551.512142897,27.0035
1403715551.562143087,27.1067
1403715551.61214304,27.7304
1403715551.662142992,22.0996
1403715551.712142944,25.3165
1403715551.762142897,25.8363
1403715551.812143087,25.1065
1403715551.86214304,25.0103
1403715551.912142992,25.9517
1403715551.962142944,26.1394
1403715552.012142897,24.5994
1403715552.062143087,28.7125
1403715552.11214304,27.7226
1403715552.162142992,23.0855
1403715552.212142944,27.1894
1403715552.262142897,25.3891
1403715552.312143087,24.732
1403715552.36214304,22.8878
1403715552.412142992,24.5927
1403715552.462142944,25.1652
1403715552.512142897,27.6723
1403715552.562143087,26.5994
1403715552.61214304,21.4697
1403715552.662142992,24.5871
1403715552.712142944,22.5628
1403715552.762142897,23.1262
1403715552.812143087,24.7184
1403715552.86214304,26.972
1403715552.912142992,27.8863
1403715552.962142944,26.2439
1403715553.012142897,26.131
1403715553.062143087,24.3998
1403715553.11214304,25.8201
1403715553.162142992,22.8089
1403715553.212142944,24.2617
1403715553.262142897,28.6242
1403715553.312143087,29.1183
1403715553.36214304,25.8048
1403715553.412142992,26.4972
1403715553.462142944,26.0069
1403715553.512142897,27.387
1403715553.562143087,26.4511
1403715553.61214304,24.2981
1403715553.662142992,25.0921
1403715553.712142944,22.6949
1403715553.762142897,20.647
1403715553.812143087,25.2498
1403715553.86214304,20.2742
1403715553.912142992,26.1831
1403715553.962142944,25.7485
1403715554.012142897,24.556
1403715554.062143087,21.8963
1403715554.11214304,22.5831
1403715554.162142992,24.6467
1403715554.212142944,21.1443
1403715554.262142897,20.9548
1403715554.312143087,23.8795
1403715554.36214304,20.6358
1403715554.412142992,22.3789
1403715554.462142944,21.662
1403715554.512142897,17.5712
1403715554.562143087,18.4096
1403715554.61214304,18.2331
1403715554.662142992,18.4974
1403715554.712142944,20.1956
1403715554.762142897,19.7812
1403715554.812143087,18.6289
1403715554.86214304,18.3353
1403715554.912142992,18.2925
1403715554.962142944,18.4945
1403715555.012142897,17.6321
1403715555.062143087,20.7836
1403715555.11214304,21.2091
1403715555.162142992,22.0191
1403715555.212142944,21.3762
1403715555.262142897,23.1863
1403715555.312143087,21.7042
1403715555.36214304,23.2164
1403715555.412142992,22.3571
1403715555.462142944,24.6891
1403715555.512142897,24.112
1403715555.562143087,20.7016
1403715555.61214304,20.7121
1403715555.662142992,17.866
1403715555.712142944,21.6086
1403715555.762142897,21.5226
1403715555.812143087,22.3713
1403715555.86214304,21.8699
1403715555.912142992,20.1846
1403715555.962142944,23.0432
1403715556.012142897,21.5148
1403715556.062143087,22.1165
1403715556.11214304,23.1875
1403715556.162142992,21.2598
1403715556.212142944,23.4529
1403715556.262142897,25.4272
1403715556.312143087,25.6682
1403715556.36214304,23.1019
1403715556.412142992,23.6257
1403715556.462142944,23.3754
1403715556.512142897,24.4163
1403715556.562143087,26.6438
1403715556.61214304,26.6461
1403715556.662142992,23.3551
1403715556.712142944,24.3244
1403715556.762142897,23.2564
1403715556.812143087,22.5563
1403715556.86214304,24.032
1403715556.912142992,26.8593
1403715556.962142944,24.2076
1403715557.012142897,26.1039
1403715557.062143087,25.8919
1403715557.11214304,24.6821
1403715557.162142992,24.9458
1403715557.212142944,21.926
1403715557.262142897,22.6526
1403715557.312143087,24.8834
1403715557.36214304,25.5578
1403715557.412142992,20.4297
1403715557.462142944,22.7633
1403715557.512142897,24.6605
1403715557.562143087,24.545
1403715557.61214304,24.1791
1403715557.662142992,27.3064
1403715557.712142944,22.8927
1403715557.762142897,24.9931
1403715557.812143087,26.1883
1403715557.86214304,23.3868
1403715557.912142992,24.9972
1403715557.962142944,26.3108
1403715558.012142897,23.9582
1403715558.062143087,24.0656
1403715558.11214304,26.8043
1403715558.162142992,23.1878
1403715558.212142944,24.9303
1403715558.262142897,24.5655
1403715558.312143087,24.6872
1403715558.36214304,23.0108
1403715558.412142992,25.0506
1403715558.462142944,20.5002
1403715558.512142897,24.2973
1403715558.562143087,24.8534
1403715558.61214304,25.0501
1403715558.662142992,24.5202
1403715558.712142944,25.5122
1403715558.762142897,24.1506
1403715558.812143087,25.1131
1403715558.86214304,23.8418
1403715558.912142992,26.1169
1403715558.962142944,24.3098
1403715559.012142897,28.6881
1403715559.062143087,25.3661
1403715559.11214304,25.5419
1403715559.162142992,27.4203
1403715559.212142944,23.5127
1403715559.262142897,26.1222
1403715559.312143087,24.2849
1403715559.36214304,26.1102
1403715559.412142992,24.6533
1403715559.462142944,25.6375
1403715559.512142897,24.2237
1403715559.562143087,26.9455
1403715559.61214304,27.7013
1403715559.662142992,26.1536
1403715559.712142944,28.9157
1403715559.762142897,27.5121
1403715559.812143087,26.9235
1403715559.86214304,26.217
1403715559.912142992,27.5305
1403715559.962142944,26.6805
1403715560.012142897,25.932
1403715560.062143087,26.9346
1403715560.11214304,27.0213
1403715560.162142992,27.4907
1403715560.212142944,29.7042
1403715560.262142897,27.3477
1403715560.312143087,30.5303
1403715560.36214304,27.8397
1403715560.412142992,26.3065
1403715560.462142944,26.569
1403715560.512142897,30.1982
1403715560.562143087,23.9206
1403715560.61214304,28.0302
1403715560.662142992,27.3535
1403715560.712142944,26.6892
1403715560.762142897,28.3787
1403715560.812143087,28.8973
1403715560.86214304,24.7756
1403715560.912142992,27.1914
1403715560.962142944,28.5232
1403715561.012142897,26.2288
1403715561.062143087,26.548
1403715561.11214304,26.4838
1403715561.162142992,25.723
1403715561.212142944,26.0797
1403715561.262142897,26.497
1403715561.312143087,21.535
1403715561.36214304,27.1572
1403715561.412142992,25.8931
1403715561.462142944,24.8732
1403715561.512142897,24.1359
1403715561.562143087,27.9032
1403715561.61214304,24.1313
1403715561.662142992,24.627
1403715561.712142944,23.3381
1403715561.762142897,24.5971
1403715561.812143087,22.9836
1403715561.86214304,25.4179
1403715561.912142992,22.6737
1403715561.962142944,21.1935
1403715562.012142897,24.1366
1403715562.062143087,25.2694
1403715562.11214304,26.6611
1403715562.162142992,26.1202
1403715562.212142944,23.2107
1403715562.262142897,25.2515
1403715562.312143087,23.7198
1403715562.36214304,24.4993
1403715562.412142992,25.4923
1403715562.462142944,25.0716
1403715562.512142897,21.7322
1403715562.562143087,23.8331
1403715562.61214304,24.1416
1403715562.662142992,25.6108
1403715562.712142944,24.2424
1403715562.762142897,24.7965
1403715562.812143087,22.9812
1403715562.86214304,23.941
1403715562.912142992,19.8937
1403715562.962142944,20.3659
1403715563.012142897,26.0058
1403715563.062143087,24.3592
1403715563.11214304,24.1484
1403715563.162142992,22.4869
1403715563.212142944,19.8339
1403715563.262142897,25.8736
1403715563.312143087,26.1986
1403715563.36214304,24.4371
1403715563.412142992,24.7603
1403715563.462142944,25.016
1403715563.512142897,23.9537
1403715563.562143087,20.0319
1403715563.61214304,23.9119
1403715563.662142992,25.4151
1403715563.712142944,24.4349
1403715563.762142897,24.0384
1403715563.812143087,22.1188
1403715563.86214304,21.5875
1403715563.912142992,22.2245
1403715563.962142944,24.372
1403715564.012142897,23.7756
1403715564.062143087,21.9195
1403715564.11214304,21.7288
1403715564.162142992,22.074
1403715564.212142944,21.6649
1403715564.262142897,21.6365
1403715564.312143087,20.345
1403715564.36214304,21.3543
1403715564.412142992,22.2275
1403715564.462142944,20.2412
1403715564.512142897,23.4136
1403715564.562143087,24.3175
1403715564.61214304,24.3634
1403715564.662142992,24.9287
1403715564.712142944,26.0605
1403715564.762142897,27.1189
1403715564.812143087,25.828
1403715564.86214304,24.8796
1403715564.912142992,21.774
1403715564.962142944,21.9842
1403715565.012142897,24.9892
1403715565.062143087,23.9708
1403715565.11214304,29.033
1403715565.162142992,29.2462
1403715565.212142944,23.7683
1403715565.262142897,28.3008
1403715565.312143087,25.7072
1403715565.36214304,24.0356
1403715565.412142992,26.9899
1403715565.462142944,26.8712
1403715565.512142897,20.8561
1403715565.562143087,25.2131
1403715565.61214304,22.6856
1403715565.662142992,19.117
1403715565.712142944,24.6129
1403715565.762142897,21.9198
1403715565.812143087,23.4165
1403715565.86214304,22.6728
1403715565.912142992,20.3934
1403715565.962142944,21.2748
1403715566.012142897,23.5088
1403715566.062143087,24.1276
1403715566.11214304,21.8754
1403715566.162142992,23.2829
1403715566.212142944,22.4318
1403715566.262142897,23.5192
1403715566.312143087,23.9031
1403715566.36214304,24.7703
1403715566.412142992,20.6915
1403715566.462142944,24.4035
1403715566.512142897,24.4035
1403715566.562143087,23.3271
1403715566.61214304,27.3709
1403715566.662142992,23.1713
1403715566.712142944,21.9947
1403715566.762142897,23.208
1403715566.812143087,24.5859
1403715566.86214304,20.1857
1403715566.912142992,20.9083
1403715566.962142944,22.2054
1403715567.012142897,23.8494
1403715567.062143087,21.3522
1403715567.11214304,22.2181
1403715567.162142992,22.6179
1403715567.212142944,26.4189
1403715567.262142897,27.7218
1403715567.312143087,24.1484
1403715567.36214304,29.4842
1403715567.412142992,28.2969
1403715567.462142944,24.3712
1403715567.512142897,28.3724
1403715567.562143087,25.358
1403715567.61214304,23.942
1403715567.662142992,25.9727
1403715567.712142944,27.1167
1403715567.762142897,21.8293
1403715567.812143087,26.4604
1403715567.86214304,24.6194
1403715567.912142992,20.8818
1403715567.962142944,23.7876
1403715568.012142897,24.7801
1403715568.062143087,22.0938
1403715568.11214304,23.0523
1403715568.162142992,24.3308
1403715568.212142944,18.8862
1403715568.262142897,22.2388
1403715568.312143087,23.8722
1403715568.36214304,19.1769
1403715568.412142992,21.8432
1403715568.462142944,22.1266
1403715568.512142897,19.284
1403715568.562143087,20.4346
1403715568.61214304,21.6374
1403715568.662142992,20.4858
1403715568.712142944,24.9861
1403715568.762142897,25.2183
1403715568.812143087,20.6545
1403715568.86214304,25.7757
1403715568.912142992,24.0773
1403715568.962142944,21.2302
1403715569.012142897,26.4035
1403715569.062143087,27.0323
1403715569.11214304,20.9882
1403715569.162142992,23.879
1403715569.212142944,26.4529
1403715569.262142897,20.4938
1403715569.312143087,22.4441
1403715569.36214304,26.4128
1403715569.412142992,19.4199
1403715569.462142944,24.3427
1403715569.512142897,20.8067
1403715569.562143087,20.206
1403715569.61214304,21.1024
1403715569.662142992,23.0505
1403715569.712142944,19.0401
1403715569.762142897,20.5534
1403715569.812143087,23.9127
1403715569.86214304,18.0325
1403715569.912142992,19.3901
1403715569.962142944,21.3662
1403715570.012142897,18.6275
1403715570.062143087,23.852
1403715570.11214304,20.5328
1403715570.162142992,17.0312
1403715570.212142944,22.0884
1403715570.262142897,23.0168
1403715570.312143087,15.8144
1403715570.36214304,15.3049
1403715570.412142992,17.1745
1403715570.462142944,14.1089
1403715570.512142897,14.4173
1403715570.562143087,15.0244
1403715570.61214304,14.6579
1403715570.662142992,19.4338
1403715570.712142944,18.2087
1403715570.762142897,22.1302
1403715570.812143087,24.1739
1403715570.86214304,27.0232
1403715570.912142992,23.8717
1403715570.962142944,26.0137
1403715571.012142897,28.0961
1403715571.062143087,22.8198
1403715571.11214304,24.7179
1403715571.162142992,27.7157
1403715571.212142944,22.1211
1403715571.262142897,26.2975
1403715571.312143087,27.9388
1403715571.36214304,22.1525
1403715571.412142992,26.0563
1403715571.462142944,27.5095
1403715571.512142897,21.0568
1403715571.562143087,27.3312
1403715571.61214304,25.2154
1403715571.662142992,22.6895
1403715571.712142944,25.6257
1403715571.762142897,26.2711
1403715571.812143087,23.0414
1403715571.86214304,25.7157
1403715571.912142992,25.5437
1403715571.962142944,22.2998
1403715572.012142897,26.332
1403715572.062143087,23.3414
1403715572.11214304,21.284
1403715572.162142992,25.0915
1403715572.212142944,26.3366
1403715572.262142897,22.1528
1403715572.312143087,25.0785
1403715572.36214304,27.1031
1403715572.412142992,27.533
1403715572.462142944,24.9121
1403715572.512142897,26.0031
1403715572.562143087,22.5959
1403715572.61214304,25.9845
1403715572.662142992,26.2473
1403715572.712142944,21.9374
1403715572.762142897,25.7346
1403715572.812143087,21.0163
1403715572.86214304,19.4974
1403715572.912142992,24.6071
1403715572.962142944,23.9693
1403715573.012142897,21.2403
1403715573.062143087,25.5519
1403715573.11214304,24.7058
1403715573.162142992,21.4695
1403715573.212142944,26.6946
1403715573.262142897,21.7312
1403715573.312143087,19.623
1403715573.36214304,26.265
1403715573.412142992,25.7773
1403715573.462142944,20.8275
1403715573.512142897,24.5733
1403715573.562143087,21.4222
1403715573.61214304,21.594
1403715573.662142992,23.9163
1403715573.712142944,26.6702
1403715573.762142897,23.519
1403715573.812143087,25.5193
1403715573.86214304,24.9013
1403715573.912142992,20.079
1403715573.962142944,24.1376
1403715574.012142897,23.5301
1403715574.062143087,21.6391
1403715574.11214304,24.1128
1403715574.162142992,26.5741
1403715574.212142944,21.2357
1403715574.262142897,25.3566
1403715574.312143087,26.4357
1403715574.36214304,22.2334
1403715574.412142992,23.9939
1403715574.462142944,22.7107
1403715574.512142897,22.4234
1403715574.562143087,23.3279
1403715574.61214304,22.1966
1403715574.662142992,22.6026
1403715574.712142944,24.7841
1403715574.762142897,25.6464
1403715574.812143087,19.5353
1403715574.86214304,24.3201
1403715574.912142992,23.5543
1403715574.962142944,23.2025
1403715575.012142897,26.1251
1403715575.062143087,23.3906
1403715575.11214304,21.0119
1403715575.162142992,22.3456
1403715575.212142944,24.0306
1403715575.262142897,19.6249
1403715575.312143087,23.039
1403715575.36214304,22.2239
1403715575.412142992,19.9566
1403715575.462142944,21.4062
1403715575.512142897,21.4701
1403715575.562143087,21.1237
1403715575.61214304,20.985
1403715575.662142992,23.4078
1403715575.712142944,22.0753
1403715575.762142897,22.516
1403715575.812143087,20.3431
1403715575.86214304,19.1233
1403715575.912142992,20.858
1403715575.962142944,22.128
1403715576.012142897,20.7479
1403715576.062143087,16.337
1403715576.11214304,21.1369
1403715576.162142992,22.1685
1403715576.212142944,23.2553
1403715576.262142897,20.1087
1403715576.312143087,23.4814
1403715576.36214304,20.8629
1403715576.412142992,21.1784
1403715576.462142944,21.5352
1403715576.512142897,23.5108
1403715576.562143087,23.7468
1403715576.61214304,20.7259
1403715576.662142992,25.6444
1403715576.712142944,22.6021
1403715576.762142897,19.5888
1403715576.812143087,24.3718
1403715576.86214304,24.5389
1403715576.912142992,25.4249
1403715576.962142944,24.142
1403715577.012142897,25.3485
1403715577.062143087,24.1008
1403715577.11214304,23.6172
1403715577.162142992,25.5129
1403715577.212142944,22.998
1403715577.262142897,24.3695
1403715577.312143087,25.8706
1403715577.36214304,21.4172
1403715577.412142992,24.6563
1403715577.462142944,24.8721
1403715577.512142897,22.6538
1403715577.562143087,27.3944
1403715577.61214304,27.7214
1403715577.662142992,22.8731
1403715577.712142944,26.9872
1403715577.762142897,26.593
1403715577.812143087,23.745
1403715577.86214304,25.6424
1403715577.912142992,25.0026
1403715577.962142944,25.7561
1403715578.012142897,28.0502
1403715578.062143087,26.2878
1403715578.11214304,24.4256
1403715578.162142992,25.8594
1403715578.212142944,26.2438
1403715578.262142897,22.4926
1403715578.312143087,25.388
1403715578.36214304,23.4077
1403715578.412142992,22.7406
1403715578.462142944,24.5139
1403715578.512142897,22.1759
1403715578.562143087,23.4186
1403715578.61214304,21.7395
1403715578.662142992,22.0149
1403715578.712142944,18.4113
1403715578.762142897,22.4979
1403715578.812143087,18.3877
1403715578.86214304,20.5063
1403715578.912142992,19.2455
1403715578.962142944,22.9586
1403715579.012142897,19.9979
1403715579.062143087,22.5201
1403715579.11214304,21.7719
1403715579.162142992,20.0772
1403715579.212142944,22.5725
1403715579.262142897,21.6992
1403715579.312143087,20.8256
1403715579.36214304,19.3466
1403715579.412142992,19.873
1403715579.462142944,19.6911
1403715579.512142897,22.3114
1403715579.562143087,19.5019
1403715579.61214304,21.4488
1403715579.662142992,20.7293
1403715579.712142944,22.0532
1403715579.762142897,21.0902
1403715579.812143087,21.5147
1403715579.86214304,21.0507
1403715579.912142992,21.0946
1403715579.962142944,23.0394
1403715580.012142897,20.5994
1403715580.062143087,24.1941
1403715580.11214304,23.2731
1403715580.162142992,22.4846
1403715580.212142944,24.0443
1403715580.262142897,24.8884
1403715580.312143087,21.399
1403715580.36214304,24.4487
1403715580.412142992,27.2512
1403715580.462142944,25.2806
1403715580.512142897,23.7212
1403715580.562143087,27.2581
1403715580.61214304,24.4435
1403715580.662142992,24.1607
1403715580.712142944,24.4623
1403715580.762142897,26.0689
1403715580.812143087,27.7253
1403715580.86214304,25.118
1403715580.912142992,26.1919
1403715580.962142944,24.379
1403715581.012142897,23.7256
1403715581.062143087,24.4319
1403715581.11214304,23.2424
1403715581.162142992,27.64
1403715581.212142944,25.9313
1403715581.262142897,25.6127
1403715581.312143087,26.7992
1403715581.36214304,29.3265
1403715581.412142992,23.9134
1403715581.462142944,26.0128
1403715581.512142897,25.567
1403715581.562143087,21.3927
1403715581.61214304,25.9387
1403715581.662142992,26.5225
1403715581.712142944,24.202
1403715581.762142897,26.9992
1403715581.812143087,26.3012
1403715581.86214304,24.5466
1403715581.912142992,22.5475
1403715581.962142944,20.2941
1403715582.012142897,17.8542
1403715582.062143087,17.1881
1403715582.11214304,16.6196
1403715582.162142992,17.6766
1403715582.212142944,20.7629
1403715582.262142897,20.3291
1403715582.312143087,21.349
1403715582.36214304,21.6801
1403715582.412142992,21.0459
1403715582.462142944,21.0134
1403715582.512142897,21.1313
1403715582.562143087,23.6688
1403715582.61214304,22.4888
1403715582.662142992,25.4701
1403715582.712142944,21.8331
1403715582.762142897,23.6551
1403715582.812143087,20.6079
1403715582.86214304,21.9928
1403715582.912142992,19.6297
1403715582.962142944,20.7854
1403715583.012142897,21.4615
1403715583.062143087,20.0573
1403715583.11214304,21.1109
1403715583.162142992,20.4751
1403715583.212142944,17.6241
1403715583.262142897,18.9289
1403715583.312143087,17.641
1403715583.36214304,17.0404
1403715583.412142992,20.233
1403715583.462142944,20.0633
1403715583.512142897,18.7278
1403715583.562143087,18.3111
1403715583.61214304,18.7006
1403715583.662142992,15.6601
1403715583.712142944,21.2133
1403715583.762142897,18.0871
1403715583.812143087,20.6651
1403715583.86214304,19.9743
1403715583.912142992,19.8457
1403715583.962142944,19.7978
1403715584.012142897,20.8858
1403715584.062143087,20.5271
1403715584.11214304,22.0922
1403715584.162142992,22.4924
1403715584.212142944,23.1719
1403715584.262142897,21.2954
1403715584.312143087,21.1539
1403715584.36214304,21.4219
1403715584.412142992,23.4873
1403715584.462142944,21.6667
1403715584.512142897,23.6848
1403715584.562143087,24.2841
1403715584.61214304,26.3904
1403715584.662142992,24.8246
1403715584.712142944,27.5163
1403715584.762142897,26.0544
1403715584.812143087,25.0005
1403715584.86214304,24.0931
1403715584.912142992,27.7695
1403715584.962142944,25.5503
1403715585.012142897,25.5387
1403715585.062143087,30.2199
1403715585.11214304,25.3934
1403715585.162142992,25.0156
1403715585.212142944,25.3057
1403715585.262142897,24.6755
1403715585.312143087,25.6031
1403715585.36214304,24.8466
1403715585.412142992,23.755
1403715585.462142944,24.5422
1403715585.512142897,24.7737
1403715585.562143087,25.6828
1403715585.61214304,27.9649
1403715585.662142992,26.7423
1403715585.712142944,24.0819
1403715585.762142897,21.4843
1403715585.812143087,29.0951
1403715585.86214304,26.53
1403715585.912142992,26.0211
1403715585.962142944,26.2348
1403715586.012142897,27.2486
1403715586.062143087,27.4819
1403715586.11214304,29.5468
1403715586.162142992,27.2057
1403715586.212142944,28.1398
1403715586.262142897,27.3979
1403715586.312143087,27.3704
1403715586.36214304,27.8537
1403715586.412142992,24.8553
1403715586.462142944,27.5626
1403715586.512142897,26.4317
1403715586.562143087,25.6132
1403715586.61214304,26.9701
1403715586.662142992,27.3966
1403715586.712142944,30.1386
1403715586.762142897,27.7576
1403715586.812143087,26.4982
1403715586.86214304,26.6721
1403715586.912142992,29.9895
1403715586.962142944,28.2049
1403715587.012142897,26.7906
1403715587.062143087,28.5562
1403715587.11214304,28.2606
1403715587.162142992,26.5221
1403715587.212142944,26.5369
1403715587.262142897,25.1479
1403715587.312143087,25.7274
1403715587.36214304,26.8918
1403715587.412142992,28.428
1403715587.462142944,27.9546
1403715587.512142897,25.7228
1403715587.562143087,24.3467
1403715587.61214304,27.2744
1403715587.662142992,27.4108
1403715587.712142944,26.8323
1403715587.762142897,27.7799
1403715587.812143087,23.5841
1403715587.86214304,30.0016
1403715587.912142992,28.8162
1403715587.962142944,26.9385
1403715588.012142897,21.6185
1403715588.062143087,25.7288
1403715588.11214304,26.3378
1403715588.162142992,23.3488
1403715588.212142944,28.3801
1403715588.262142897,26.9482
1403715588.312143087,22.4838
1403715588.36214304,22.9278
1403715588.412142992,26.6153
1403715588.462142944,22.3091
1403715588.512142897,25.1302
1403715588.562143087,25.8076
1403715588.61214304,22.1057
1403715588.662142992,26.6595
1403715588.712142944,27.4291
1403715588.762142897,23.5585
1403715588.812143087,27.5097
1403715588.86214304,25.0022
1403715588.912142992,22.6926
1403715588.962142944,26.0599
1403715589.012142897,27.0442
1403715589.062143087,23.2871
1403715589.11214304,27.618
1403715589.162142992,25.5505
1403715589.212142944,23.5078
1403715589.262142897,27.0026
1403715589.312143087,27.9121
1403715589.36214304,22.8789
1403715589.412142992,27.5692
1403715589.462142944,25.9281
1403715589.512142897,21.5305
1403715589.562143087,25.7285
1403715589.61214304,26.7634
1403715589.662142992,21.7773
1403715589.712142944,28.2635
1403715589.762142897,24.7688
1403715589.812143087,22.0777
1403715589.86214304,25.9498
1403715589.912142992,24.0283
1403715589.962142944,22.7074
1403715590.012142897,25.1124
1403715590.062143087,26.5979
1403715590.11214304,22.9568
1403715590.162142992,28.3363
1403715590.212142944,24.6645
1403715590.262142897,22.8336
1403715590.312143087,27.0364
1403715590.36214304,27.6268
1403715590.412142992,23.5466
1403715590.462142944,24.9839
1403715590.512142897,27.0559
1403715590.562143087,24.1192
1403715590.61214304,28.5
1403715590.662142992,27.8583
1403715590.712142944,23.9002
1403715590.762142897,28.4285
1403715590.812143087,26.785
1403715590.86214304,23.729
1403715590.912142992,26.0632
1403715590.962142944,25.8908
1403715591.012142897,23.145
1403715591.062143087,24.7307
1403715591.11214304,28.7839
1403715591.162142992,22.2972
1403715591.212142944,26.7789
1403715591.262142897,23.664
1403715591.312143087,20.7756
1403715591.36214304,25.4679
1403715591.412142992,25.2803
1403715591.462142944,22.2308
1403715591.512142897,25.6967
1403715591.562143087,22.753
1403715591.61214304,22.4297
1403715591.662142992,23.1538
1403715591.712142944,21.4791
1403715591.762142897,20.0424
1403715591.812143087,23.6202
1403715591.86214304,26.108
1403715591.912142992,21.925
1403715591.962142944,25.9375
1403715592.012142897,26.3019
1403715592.062143087,22.0553
1403715592.11214304,26.9231
1403715592.162142992,27.1479
1403715592.212142944,23.7021
1403715592.262142897,26.2424
1403715592.312143087,22.1643
1403715592.36214304,22.4377
1403715592.412142992,26.5859
1403715592.462142944,25.2477
1403715592.512142897,20.8719
1403715592.562143087,24.1986
1403715592.61214304,25.0488
1403715592.662142992,20.9896
1403715592.712142944,23.475
1403715592.762142897,24.599
1403715592.812143087,23.1492
1403715592.86214304,23.1843
1403715592.912142992,24.9182
1403715592.962142944,22.025
1403715593.012142897,24.5414
1403715593.062143087,23.4232
1403715593.11214304,21.3423
1403715593.162142992,25.8956
1403715593.212142944,24.6694
1403715593.262142897,20.6279
1403715593.312143087,22.869
1403715593.36214304,23.4807
1403715593.412142992,21.8353
1403715593.462142944,25.9108
1403715593.512142897,28.8089
1403715593.562143087,23.4393
1403715593.61214304,27.0619
1403715593.662142992,27.9189
1403715593.712142944,24.8873
1403715593.762142897,30.4045
1403715593.812143087,29.5395
1403715593.86214304,26.7943
1403715593.912142992,25.0792
1403715593.962142944,28.3811
1403715594.012142897,23.6389
1403715594.062143087,26.2382
1403715594.11214304,29.2167
1403715594.162142992,24.9905
1403715594.212142944,29.5862
1403715594.262142897,27.1345
1403715594.312143087,24.6273
1403715594.36214304,27.5062
1403715594.412142992,27.2273
1403715594.462142944,23.783
1403715594.512142897,27.0893
1403715594.562143087,26.9814
1403715594.61214304,24.0275
1403715594.662142992,27.188
1403715594.712142944,27.1745
1403715594.762142897,24.1437
1403715594.812143087,26.2219
1403715594.86214304,28.3257
1403715594.912142992,23.439
1403715594.962142944,27.1491
1403715595.012142897,29.1016
1403715595.062143087,22.9557
1403715595.11214304,25.3093
1403715595.162142992,28.855
1403715595.212142944,25.9955
1403715595.262142897,23.9059
1403715595.312143087,27.184
1403715595.36214304,23.7112
1403715595.412142992,29.9875
1403715595.462142944,26.3924
1403715595.512142897,25.1026
1403715595.562143087,27.1637
1403715595.61214304,29.3843
1403715595.662142992,24.3975
1403715595.712142944,24.3913
1403715595.762142897,26.9462
1403715595.812143087,24.7454
1403715595.86214304,26.1258
1403715595.912142992,27.376
1403715595.962142944,25.6323
1403715596.012142897,25.1161
1403715596.062143087,27.6938
1403715596.11214304,23.6573
1403715596.162142992,25.0728
1403715596.212142944,26.4283
1403715596.262142897,24.5158
1403715596.312143087,24.5798
1403715596.36214304,26.3441
1403715596.412142992,24.9301
1403715596.462142944,25.2791
1403715596.512142897,27.123
1403715596.562143087,25.3865
1403715596.61214304,25.4988
1403715596.662142992,27.8818
1403715596.712142944,25.9364
1403715596.762142897,26.4662
1403715596.812143087,28.5161
1403715596.86214304,26.1584
1403715596.912142992,26.4689
1403715596.962142944,29.8846
1403715597.012142897,25.8686
1403715597.062143087,27.0968
1403715597.11214304,29.1138
1403715597.162142992,25.5945
1403715597.212142944,28.2462
1403715597.262142897,28.9498
1403715597.312143087,25.0426
1403715597.36214304,24.7907
1403715597.412142992,27.8573
1403715597.462142944,23.9138
1403715597.512142897,23.9623
1403715597.562143087,25.6457
1403715597.61214304,24.481
1403715597.662142992,25.3459
1403715597.712142944,27.2765
1403715597.762142897,22.9946
1403715597.812143087,25.6135
1403715597.86214304,23.8327
1403715597.912142992,22.2123
1403715597.962142944,23.9976
1403715598.012142897,26.5458
1403715598.062143087,23.0071
1403715598.11214304,24.2776
1403715598.162142992,26.0121
1403715598.212142944,23.0043
1403715598.262142897,21.9979
1403715598.312143087,26.4887
1403715598.36214304,25.1824
1403715598.412142992,23.7748
1403715598.462142944,26.1677
1403715598.512142897,24.4196
1403715598.562143087,24.8935
1403715598.61214304,24.9358
1403715598.662142992,25.3922
1403715598.712142944,26.7543
1403715598.762142897,27.7114
1403715598.812143087,23.1418
1403715598.86214304,23.4322
1403715598.912142992,25.6713
1403715598.962142944,23.8614
1403715599.012142897,24.1139
1403715599.062143087,23.7243
1403715599.11214304,23.0889
1403715599.162142992,20.9477
1403715599.212142944,24.5342
1403715599.262142897,20.1011
1403715599.312143087,21.6169
1403715599.36214304,23.4686
1403715599.412142992,19.2747
1403715599.462142944,22.4362
1403715599.512142897,24.8344
1403715599.562143087,18.9606
1403715599.61214304,21.3307
1403715599.662142992,24.8913
1403715599.712142944,19.0751
1403715599.762142897,25.1527
1403715599.812143087,22.5764
1403715599.86214304,20.6382
1403715599.912142992,23.5871
1403715599.962142944,21.3321
1403715600.012142897,19.3811
1403715600.062143087,23.411
1403715600.11214304,26.4839
1403715600.162142992,21.8671
1403715600.212142944,23.8985
1403715600.262142897,26.2827
1403715600.312143087,22.4523
1403715600.36214304,24.415
1403715600.412142992,25.7407
1403715600.462142944,24.6245
1403715600.512142897,24.3988
1403715600.562143087,25.9085
1403715600.61214304,25.7662
1403715600.662142992,27.5238
1403715600.712142944,27.8444
1403715600.762142897,25.5002
1403715600.812143087,26.1601
1403715600.86214304,30.2165
1403715600.912142992,25.0544
1403715600.962142944,26.6243
1403715601.012142897,28.4861
1403715601.062143087,25.6934
1403715601.11214304,27.4887
1403715601.162142992,30.8686
1403715601.212142944,25.8315
1403715601.262142897,25.3243
1403715601.312143087,28.3905
1403715601.36214304,25.7205
1403715601.412142992,28.7045
1403715601.462142944,28.5746
1403715601.512142897,24.7651
1403715601.562143087,24.1779
1403715601.61214304,26.8202
1403715601.662142992,24.6412
1403715601.712142944,26.1296
1403715601.762142897,28.5533
1403715601.812143087,24.9025
1403715601.86214304,25.6581
1403715601.912142992,25.525
1403715601.962142944,25.0885
1403715602.012142897,21.0337
1403715602.062143087,24.0001
1403715602.11214304,25.4473
1403715602.162142992,25.669
1403715602.212142944,27.9927
1403715602.262142897,24.9005
1403715602.312143087,26.5815
1403715602.36214304,28.3912
1403715602.412142992,25.9431
1403715602.462142944,26.7269
1403715602.512142897,30.4621
1403715602.562143087,26.48
1403715602.61214304,29.5829
1403715602.662142992,29.2184
1403715602.712142944,26.2842
1403715602.762142897,28.6669
1403715602.812143087,31.7065
1403715602.86214304,27.2454
1403715602.912142992,28.2253
1403715602.962142944,29.5796
1403715603.012142897,27.3457
1403715603.062143087,28.5385
1403715603.11214304,27.3907
1403715603.162142992,26.1383
1403715603.212142944,31.3304
1403715603.262142897,28.1637
1403715603.312143087,27.05
1403715603.36214304,28.296
1403715603.412142992,29.3764
1403715603.462142944,26.7041
1403715603.512142897,29.9544
1403715603.562143087,30.0162
1403715603.61214304,26.4222
1403715603.662142992,27.1663
1403715603.712142944,28.2114
1403715603.762142897,25.1687
1403715603.812143087,24.5944
1403715603.86214304,26.4105
1403715603.912142992,22.3574
1403715603.962142944,25.9658
1403715604.012142897,25.0368
1403715604.062143087,20.5384
1403715604.11214304,21.4199
1403715604.162142992,23.1488
1403715604.212142944,18.9577
1403715604.262142897,22.3753
1403715604.312143087,26.2015
1403715604.36214304,20.2839
1403715604.412142992,23.9147
1403715604.462142944,23.0114
1403715604.512142897,19.8093
1403715604.562143087,21.4295
1403715604.61214304,23.2822
1403715604.662142992,19.2149
1403715604.712142944,24.7107
1403715604.762142897,25.0146
1403715604.812143087,19.1568
1403715604.86214304,23.2598
1403715604.912142992,23.1504
1403715604.962142944,18.959
1403715605.012142897,24.5835
1403715605.062143087,23.0294
1403715605.11214304,19.4069
1403715605.162142992,22.6131
1403715605.212142944,25.6344
1403715605.262142897,19.0091
1403715605.312143087,23.6553
1403715605.36214304,25.2319
1403715605.412142992,18.5057
1403715605.462142944,24.2235
1403715605.512142897,24.9531
1403715605.562143087,18.2412
1403715605.61214304,22.1363
1403715605.662142992,24.4762
1403715605.712142944,18.2061
1403715605.762142897,21.9251
1403715605.812143087,24.9259
1403715605.86214304,17.9403
1403715605.912142992,22.6066
1403715605.962142944,22.0712
1403715606.012142897,16.8967
1403715606.062143087,23.6453
1403715606.11214304,23.6282
1403715606.162142992,17.7667
1403715606.212142944,18.996
1403715606.262142897,20.0502
1403715606.312143087,15.1962
1403715606.36214304,21.8405
1403715606.412142992,19.2563
1403715606.462142944,16.6263
1403715606.512142897,19.3917
1403715606.562143087,21.2444
1403715606.61214304,19.3302
1403715606.662142992,18.1472
1403715606.712142944,17.3649
1403715606.762142897,19.3643
1403715606.812143087,18.6124
1403715606.86214304,18.6968
1403715606.912142992,17.8152
1403715606.962142944,18.3502
1403715607.012142897,18.3083
1403715607.062143087,13.7048
1403715607.11214304,17.1829
1403715607.162142992,16.8193
1403715607.212142944,15.5936
1403715607.262142897,17.9844
1403715607.312143087,16.6014
1403715607.36214304,17.9769
1403715607.412142992,16.5129
1403715607.462142944,16.5979
1403715607.512142897,16.2212
1403715607.562143087,17.1964
1403715607.61214304,17.5996
1403715607.662142992,13.677
1403715607.712142944,17.0697
1403715607.762142897,17.9208
1403715607.812143087,14.8502
1403715607.86214304,16.7983
1403715607.912142992,15.5057
1403715607.962142944,16.2451
1403715608.012142897,14.9452
1403715608.062143087,16.0959
1403715608.11214304,14.2665
1403715608.162142992,14.8067
1403715608.212142944,15.6822
1403715608.262142897,15.9326
1403715608.312143087,16.2954
1403715608.36214304,17.8444
1403715608.412142992,14.6604
1403715608.462142944,17.0635
1403715608.512142897,15.336
1403715608.562143087,14.5159
1403715608.61214304,13.6998
1403715608.662142992,15.1202
1403715608.712142944,12.6385
1403715608.762142897,15.6871
1403715608.812143087,15.7956
1403715608.86214304,12.3667
1403715608.912142992,15.5618
1403715608.962142944,15.821
1403715609.012142897,12.4746
1403715609.062143087,15.0776
1403715609.11214304,12.0577
1403715609.162142992,14.8227
1403715609.212142944,18.1369
1403715609.262142897,15.626
1403715609.312143087,13.6186
1403715609.36214304,18.3017
