1403715523.912142992,11853.7
1403715523.962142944,12048
1403715524.012142897,12201.4
1403715524.062143087,12342.1
1403715524.11214304,12497.4
1403715524.162142992,12636.1
1403715524.212142944,12784.4
1403715524.262142897,12914.5
1403715524.312143087,13049.9
1403715524.36214304,13202.7
1403715524.412142992,13345.4
1403715524.462142944,13492.4
1403715524.512142897,13632.9
1403715524.562143087,13782.7
1403715524.61214304,13922.8
1403715524.662142992,14063.8
1403715524.712142944,14198.2
1403715524.762142897,14338.9
1403715524.812143087,14485.2
1403715524.86214304,14617
1403715524.912142992,14751.3
1403715524.962142944,14894.7
1403715525.012142897,15034.9
1403715525.062143087,15214.3
1403715525.11214304,15352.3
1403715525.162142992,15504.6
1403715525.212142944,15647
1403715525.262142897,15787.1
1403715525.312143087,15928.1
1403715525.36214304,16084.4
1403715525.412142992,16236.3
1403715525.462142944,16376.3
1403715525.512142897,16563.8
1403715525.562143087,16717.1
1403715525.61214304,16873
1403715525.662142992,17010.9
1403715525.712142944,17143.9
1403715525.762142897,17308.8
1403715525.812143087,17457.1
1403715525.86214304,17607.6
1403715525.912142992,17744.2
1403715525.962142944,17886.1
1403715526.012142897,18032.1
1403715526.062143087,18166.9
1403715526.11214304,18327.5
1403715526.162142992,18475.4
1403715526.212142944,18620.5
1403715526.262142897,18758.7
1403715526.312143087,18904.5
1403715526.36214304,19042.7
1403715526.412142992,19186.6
1403715526.462142944,19330.7
1403715526.512142897,19478.2
1403715526.562143087,19624.5
1403715526.61214304,19763.2
1403715526.662142992,19909.3
1403715526.712142944,20072.4
1403715526.762142897,20216.1
1403715526.812143087,20363.1
1403715526.86214304,20510.5
1403715526.912142992,20640.1
1403715526.962142944,20806
1403715527.012142897,20949.5
1403715527.062143087,21089.2
1403715527.11214304,21233.9
1403715527.162142992,21381.3
1403715527.212142944,21528.3
1403715527.262142897,21699.6
1403715527.312143087,21839.3
1403715527.36214304,21983.4
1403715527.412142992,22129.4
1403715527.462142944,22263.8
1403715527.512142897,22408.4
1403715527.562143087,22552.2
1403715527.61214304,22687.7
1403715527.662142992,22853.8
1403715527.712142944,23015.1
1403715527.762142897,23165.6
1403715527.812143087,23314.2
1403715527.86214304,23463.4
1403715527.912142992,23601.4
1403715527.962142944,23751.2
1403715528.012142897,23898.3
1403715528.062143087,24033.6
1403715528.11214304,24179.2
1403715528.162142992,24327.3
1403715528.212142944,24475.6
1403715528.262142897,24612.1
1403715528.312143087,24754.8
1403715528.36214304,24916.2
1403715528.412142992,25091.5
1403715528.462142944,25246.7
1403715528.512142897,25397.3
1403715528.562143087,25544.3
1403715528.61214304,25699.1
1403715528.662142992,25866.5
1403715528.712142944,26005.8
1403715528.762142897,26163.2
1403715528.812143087,26307.1
1403715528.86214304,26446.6
1403715528.912142992,26619.8
1403715528.962142944,26765.8
1403715529.012142897,26937.5
1403715529.062143087,27094.2
1403715529.11214304,27236.7
1403715529.162142992,27377.5
1403715529.212142944,27541.4
1403715529.262142897,27694.3
1403715529.312143087,27859.3
1403715529.36214304,28014
1403715529.412142992,28180
1403715529.462142944,28369.1
1403715529.512142897,28572.8
1403715529.562143087,28724
1403715529.61214304,28870.3
1403715529.662142992,29030.7
1403715529.712142944,29193.4
1403715529.762142897,29350.5
1403715529.812143087,29503
1403715529.86214304,29648.9
1403715529.912142992,29803.3
1403715529.962142944,30007
1403715530.012142897,30159.6
1403715530.062143087,30334.4
1403715530.11214304,30484.9
1403715530.162142992,30640.9
1403715530.212142944,30791.9
1403715530.262142897,30939.7
1403715530.312143087,31092.6
1403715530.36214304,31242.9
1403715530.412142992,31392.7
1403715530.462142944,31536.1
1403715530.512142897,31702.7
1403715530.562143087,31876.7
1403715530.61214304,32024
1403715530.662142992,32174.2
1403715530.712142944,32353.7
1403715530.762142897,32525.8
1403715530.812143087,32678.7
1403715530.86214304,32846.6
1403715530.912142992,33002.3
1403715530.962142944,33187.7
1403715531.012142897,33343.4
1403715531.062143087,33491.4
1403715531.11214304,33656.1
1403715531.162142992,33860.7
1403715531.212142944,34009.4
1403715531.262142897,34173
1403715531.312143087,34332.4
1403715531.36214304,34483.3
1403715531.412142992,34629.1
1403715531.462142944,34811.2
1403715531.512142897,34976.2
1403715531.562143087,35147.1
1403715531.61214304,35306.2
1403715531.662142992,35454.9
1403715531.712142944,35600.8
1403715531.762142897,35754.3
1403715531.812143087,35896.2
1403715531.86214304,36072.7
1403715531.912142992,36251.4
1403715531.962142944,36411.3
1403715532.012142897,36548
1403715532.062143087,36709.9
1403715532.11214304,36858.9
1403715532.162142992,37008
1403715532.212142944,37160.8
1403715532.262142897,37298.6
1403715532.312143087,37442.8
1403715532.36214304,37639
1403715532.412142992,37800.9
1403715532.462142944,37951
1403715532.512142897,38118.4
1403715532.562143087,38258.5
1403715532.61214304,38400.5
1403715532.662142992,38550.6
1403715532.712142944,38695.5
1403715532.762142897,38856.7
1403715532.812143087,39002.2
1403715532.86214304,39136.6
1403715532.912142992,39279.1
1403715532.962142944,39469.2
1403715533.012142897,39652
1403715533.062143087,39794.6
1403715533.11214304,39949.2
1403715533.162142992,40100.8
1403715533.212142944,40268
1403715533.262142897,40429.6
1403715533.312143087,40594.3
1403715533.36214304,40742.5
1403715533.412142992,40913.3
1403715533.462142944,41080.8
1403715533.512142897,41232.6
1403715533.562143087,41391.3
1403715533.61214304,41544
1403715533.662142992,41722.2
1403715533.712142944,41895.7
1403715533.762142897,42064
1403715533.812143087,42229.2
1403715533.86214304,42383.1
1403715533.912142992,42552.1
1403715533.962142944,42694.6
1403715534.012142897,42874.3
1403715534.062143087,43026.2
1403715534.11214304,43168.7
1403715534.162142992,43334.1
1403715534.212142944,43493.8
1403715534.262142897,43652.5
1403715534.312143087,43811.2
1403715534.36214304,43969
1403715534.412142992,44118.5
1403715534.462142944,44352.3
1403715534.512142897,44514.9
1403715534.562143087,44668.3
1403715534.61214304,44853.9
1403715534.662142992,44995.6
1403715534.712142944,45162.6
1403715534.762142897,45371.4
1403715534.812143087,45523.5
1403715534.86214304,45671.2
1403715534.912142992,45850.7
1403715534.962142944,45997.2
1403715535.012142897,46139.8
1403715535.062143087,46342.6
1403715535.11214304,46499.1
1403715535.162142992,46646.4
1403715535.212142944,46827.2
1403715535.262142897,46995.6
1403715535.312143087,47144.3
1403715535.36214304,47313.2
1403715535.412142992,47457.3
1403715535.462142944,47638.1
1403715535.512142897,47834.3
1403715535.562143087,47973.6
1403715535.61214304,48132
1403715535.662142992,48309.2
1403715535.712142944,48447.6
1403715535.762142897,48629.4
1403715535.812143087,48808.8
1403715535.86214304,48966.7
1403715535.912142992,49133.7
1403715535.962142944,49320.5
1403715536.012142897,49468.7
1403715536.062143087,49630
1403715536.11214304,49809.1
1403715536.162142992,49981.8
1403715536.212142944,50135.3
1403715536.262142897,50310.9
1403715536.312143087,50485.9
1403715536.36214304,50632.4
1403715536.412142992,50784.9
1403715536.462142944,50939.8
1403715536.512142897,51089
1403715536.562143087,51250.1
1403715536.61214304,51394.5
1403715536.662142992,51602.1
1403715536.712142944,51770.1
1403715536.762142897,51914.6
1403715536.812143087,52066.2
1403715536.86214304,52250.3
1403715536.912142992,52426.5
1403715536.962142944,52586
1403715537.012142897,52743.3
1403715537.062143087,52892.9
1403715537.11214304,53068.3
1403715537.162142992,53261
1403715537.212142944,53437.3
1403715537.262142897,53588.3
1403715537.312143087,53753.6
1403715537.36214304,53947.1
1403715537.412142992,54087.9
1403715537.462142944,54255.4
1403715537.512142897,54374.2
1403715537.562143087,54543.4
1403715537.61214304,54711.7
1403715537.662142992,54904.1
1403715537.712142944,55057.6
1403715537.762142897,55222.5
1403715537.812143087,55383.2
1403715537.86214304,55553.7
1403715537.912142992,55721.6
1403715537.962142944,55886.3
1403715538.012142897,56027.7
1403715538.062143087,56198.9
1403715538.11214304,56350.7
1403715538.162142992,56497.6
1403715538.212142944,56653.7
1403715538.262142897,56812.9
1403715538.312143087,56967.1
1403715538.36214304,57123.5
1403715538.412142992,57288.1
1403715538.462142944,57474.6
1403715538.512142897,57611.7
1403715538.562143087,57762.4
1403715538.61214304,57911.1
1403715538.662142992,58111
1403715538.712142944,58278.7
1403715538.762142897,58421.8
1403715538.812143087,58612.1
1403715538.86214304,58780.7
1403715538.912142992,58955.1
1403715538.962142944,59140.9
1403715539.012142897,59289.5
1403715539.062143087,59460.1
1403715539.11214304,59659.8
1403715539.162142992,59806.7
1403715539.212142944,59958.7
1403715539.262142897,60143.4
1403715539.312143087,60325.3
1403715539.36214304,60509.9
1403715539.412142992,60716
1403715539.462142944,60898.7
1403715539.512142897,61067.3
1403715539.562143087,61239.3
1403715539.61214304,61412.6
1403715539.662142992,61583.2
1403715539.712142944,61780.8
1403715539.762142897,61937.3
1403715539.812143087,62105.5
1403715539.86214304,62289.2
1403715539.912142992,62438.2
1403715539.962142944,62596.9
1403715540.012142897,62762.7
1403715540.062143087,62936.9
1403715540.11214304,63079.4
1403715540.162142992,63288.3
1403715540.212142944,63487.3
1403715540.262142897,63660.3
1403715540.312143087,63842.7
1403715540.36214304,64020.9
1403715540.412142992,64201.5
1403715540.462142944,64398.8
1403715540.512142897,64545.9
1403715540.562143087,64692.5
1403715540.61214304,64907.8
1403715540.662142992,65057.1
1403715540.712142944,65206.7
1403715540.762142897,65388.6
1403715540.812143087,65576
1403715540.86214304,65737.8
1403715540.912142992,65915.8
1403715540.962142944,66086.2
1403715541.012142897,66250.1
1403715541.062143087,66430.8
1403715541.11214304,66581.2
1403715541.162142992,66731.9
1403715541.212142944,66886.6
1403715541.262142897,67025.2
1403715541.312143087,67181.4
1403715541.36214304,67363
1403715541.412142992,67525
1403715541.462142944,67669.7
1403715541.512142897,67845.2
1403715541.562143087,67972.6
1403715541.61214304,68115.3
1403715541.662142992,68273.8
1403715541.712142944,68442.8
1403715541.762142897,68570.4
1403715541.812143087,68739.9
1403715541.86214304,68890.9
1403715541.912142992,69062.4
1403715541.962142944,69221.9
1403715542.012142897,69396.8
1403715542.062143087,69546.9
1403715542.11214304,69750.7
1403715542.162142992,69913.8
1403715542.212142944,70083.3
1403715542.262142897,70284.9
1403715542.312143087,70407.3
1403715542.36214304,70549.4
1403715542.412142992,70743.6
1403715542.462142944,70938.9
1403715542.512142897,71063.1
1403715542.562143087,71276
1403715542.61214304,71460.2
1403715542.662142992,71600.9
1403715542.712142944,71766.3
1403715542.762142897,71913.7
1403715542.812143087,72055.3
1403715542.86214304,72222.4
1403715542.912142992,72392.2
1403715542.962142944,72535.7
1403715543.012142897,72746.9
1403715543.062143087,72895.1
1403715543.11214304,73040.6
1403715543.162142992,73233.5
1403715543.212142944,73412.5
1403715543.262142897,73569.6
1403715543.312143087,73742.1
1403715543.36214304,73889.7
1403715543.412142992,74040.6
1403715543.462142944,74217.2
1403715543.512142897,74391
1403715543.562143087,74563.5
1403715543.61214304,74727.1
1403715543.662142992,74880.3
1403715543.712142944,75016.5
1403715543.762142897,75184.9
1403715543.812143087,75351.6
1403715543.86214304,75517.9
1403715543.912142992,75684.3
1403715543.962142944,75844.4
1403715544.012142897,75993.2
1403715544.062143087,76167.7
1403715544.11214304,76313.7
1403715544.162142992,76489.4
1403715544.212142944,76656
1403715544.262142897,76805.5
1403715544.312143087,76954.3
1403715544.36214304,77157.2
1403715544.412142992,77370.6
1403715544.462142944,77523.1
1403715544.512142897,77704.8
1403715544.562143087,77862.1
1403715544.61214304,78007.5
1403715544.662142992,78176.1
1403715544.712142944,78324.3
1403715544.762142897,78480.8
1403715544.812143087,78648.9
1403715544.86214304,78828.7
1403715544.912142992,78998.8
1403715544.962142944,79171.4
1403715545.012142897,79319.5
1403715545.062143087,79465.8
1403715545.11214304,79664.9
1403715545.162142992,79818.3
1403715545.212142944,79967.7
1403715545.262142897,80165.4
1403715545.312143087,80300
1403715545.36214304,80482.3
1403715545.412142992,80649.6
1403715545.462142944,80812.5
1403715545.512142897,80969.4
1403715545.562143087,81153.1
1403715545.61214304,81299.2
1403715545.662142992,81448.5
1403715545.712142944,81613.8
1403715545.762142897,81797.6
1403715545.812143087,81943.2
1403715545.86214304,82150.7
1403715545.912142992,82331.7
1403715545.962142944,82501.7
1403715546.012142897,82678.3
1403715546.062143087,82851.9
1403715546.11214304,83003.7
1403715546.162142992,83252.4
1403715546.212142944,83401.5
1403715546.262142897,83555.8
1403715546.312143087,83739.8
1403715546.36214304,83898.3
1403715546.412142992,84124.5
1403715546.462142944,84305.9
1403715546.512142897,84464.4
1403715546.562143087,84639.5
1403715546.61214304,84860
1403715546.662142992,85031.9
1403715546.712142944,85192
1403715546.762142897,85344
1403715546.812143087,85525.7
1403715546.86214304,85713.5
1403715546.912142992,85883.8
1403715546.962142944,86043.7
1403715547.012142897,86201.2
1403715547.062143087,86360.5
1403715547.11214304,86570.9
1403715547.162142992,86699.9
1403715547.212142944,86871.4
1403715547.262142897,87071.2
1403715547.312143087,87269
1403715547.36214304,87480.7
1403715547.412142992,87647.2
1403715547.462142944,87814.2
1403715547.512142897,88032.4
1403715547.562143087,88153.2
1403715547.61214304,88296.5
1403715547.662142992,88489.8
1403715547.712142944,88663.4
1403715547.762142897,88821.6
1403715547.812143087,89019.3
1403715547.86214304,89182.5
1403715547.912142992,89346.2
1403715547.962142944,89505.6
1403715548.012142897,89665.6
1403715548.062143087,89824.9
1403715548.11214304,90016.7
1403715548.162142992,90178.9
1403715548.212142944,90335.6
1403715548.262142897,90539.8
1403715548.312143087,90700.6
1403715548.36214304,90853.4
1403715548.412142992,91021.9
1403715548.462142944,91200.9
1403715548.512142897,91355.6
1403715548.562143087,91537.4
1403715548.61214304,91692.1
1403715548.662142992,91847.2
1403715548.712142944,92037.1
1403715548.762142897,92193.2
1403715548.812143087,92349.4
1403715548.86214304,92523.7
1403715548.912142992,92703
1403715548.962142944,92846.4
1403715549.012142897,93031.5
1403715549.062143087,93197.5
1403715549.11214304,93357.8
1403715549.162142992,93540.3
1403715549.212142944,93692.9
1403715549.262142897,93849.7
1403715549.312143087,94027.2
1403715549.36214304,94197.3
1403715549.412142992,94361.2
1403715549.462142944,94572.3
1403715549.512142897,94727
1403715549.562143087,94867.8
1403715549.61214304,95043.3
1403715549.662142992,95196.1
1403715549.712142944,95347.9
1403715549.762142897,95543.2
1403715549.812143087,95736.3
1403715549.86214304,95885.1
1403715549.912142992,96061.1
1403715549.962142944,96219.1
1403715550.012142897,96433.3
1403715550.062143087,96609.8
1403715550.11214304,96775.5
1403715550.162142992,96933.1
1403715550.212142944,97117.6
1403715550.262142897,97264.7
1403715550.312143087,97416.5
1403715550.36214304,97578
1403715550.412142992,97744.5
1403715550.462142944,97884.7
1403715550.512142897,98039.4
1403715550.562143087,98200.3
1403715550.61214304,98372.8
1403715550.662142992,98553.2
1403715550.712142944,98715.5
1403715550.762142897,98888.8
1403715550.812143087,99085.9
1403715550.86214304,99233.8
1403715550.912142992,99403.6
1403715550.962142944,99583.9
1403715551.012142897,99759.8
1403715551.062143087,99909.5
1403715551.11214304,100127
1403715551.162142992,100286
1403715551.212142944,100447
1403715551.262142897,100665
1403715551.312143087,100836
1403715551.36214304,100983
1403715551.412142992,101159
1403715551.462142944,101296
1403715551.512142897,101446
1403715551.562143087,101624
1403715551.61214304,101750
1403715551.662142992,101904
1403715551.712142944,102121
1403715551.762142897,102263
1403715551.812143087,102433
1403715551.86214304,102634
1403715551.912142992,102793
1403715551.962142944,102946
1403715552.012142897,103153
1403715552.062143087,103357
1403715552.11214304,103479
1403715552.162142992,103685
1403715552.212142944,103837
1403715552.262142897,103986
1403715552.312143087,104166
1403715552.36214304,104335
1403715552.412142992,104484
1403715552.462142944,104662
1403715552.512142897,104884
1403715552.562143087,105049
1403715552.61214304,105238
1403715552.662142992,105390
1403715552.712142944,105542
1403715552.762142897,105719
1403715552.812143087,105880
1403715552.86214304,106044
1403715552.912142992,106224
1403715552.962142944,106384
1403715553.012142897,106532
1403715553.062143087,106746
1403715553.11214304,106897
1403715553.162142992,107048
1403715553.212142944,107226
1403715553.262142897,107397
1403715553.312143087,107547
1403715553.36214304,107753
1403715553.412142992,107933
1403715553.462142944,108088
1403715553.512142897,108270
1403715553.562143087,108437
1403715553.61214304,108590
1403715553.662142992,108779
1403715553.712142944,108936
1403715553.762142897,109103
1403715553.812143087,109286
1403715553.86214304,109477
1403715553.912142992,109604
1403715553.962142944,109788
1403715554.012142897,109972
1403715554.062143087,110135
1403715554.11214304,110326
1403715554.162142992,110504
1403715554.212142944,110650
1403715554.262142897,110822
1403715554.312143087,110984
1403715554.36214304,111136
1403715554.412142992,111357
1403715554.462142944,111526
1403715554.512142897,111676
1403715554.562143087,111861
1403715554.61214304,112030
1403715554.662142992,112184
1403715554.712142944,112367
1403715554.762142897,112546
1403715554.812143087,112719
1403715554.86214304,112891
1403715554.912142992,113086
1403715554.962142944,113223
1403715555.012142897,113406
1403715555.062143087,113553
1403715555.11214304,113713
1403715555.162142992,113919
1403715555.212142944,114089
1403715555.262142897,114235
1403715555.312143087,114425
1403715555.36214304,114589
1403715555.412142992,114717
1403715555.462142944,114902
1403715555.512142897,115066
1403715555.562143087,115218
1403715555.61214304,115380
1403715555.662142992,115535
1403715555.712142944,115691
1403715555.762142897,115861
1403715555.812143087,116019
1403715555.86214304,116159
1403715555.912142992,116323
1403715555.962142944,116490
1403715556.012142897,116647
1403715556.062143087,116828
1403715556.11214304,117008
1403715556.162142992,117175
1403715556.212142944,117404
1403715556.262142897,117562
1403715556.312143087,117718
1403715556.36214304,117893
1403715556.412142992,118078
1403715556.462142944,118248
1403715556.512142897,118430
1403715556.562143087,118626
1403715556.61214304,118783
1403715556.662142992,118945
1403715556.712142944,119111
1403715556.762142897,119256
1403715556.812143087,119434
1403715556.86214304,119589
1403715556.912142992,119734
1403715556.962142944,119934
1403715557.012142897,120115
1403715557.062143087,120278
1403715557.11214304,120474
1403715557.162142992,120634
1403715557.212142944,120814
1403715557.262142897,121001
1403715557.312143087,121202
1403715557.36214304,121361
1403715557.412142992,121556
1403715557.462142944,121730
1403715557.512142897,121863
1403715557.562143087,122071
1403715557.61214304,122234
1403715557.662142992,122390
1403715557.712142944,122568
1403715557.762142897,122730
1403715557.812143087,122894
1403715557.86214304,123079
1403715557.912142992,123227
1403715557.962142944,123374
1403715558.012142897,123566
1403715558.062143087,123726
1403715558.11214304,123882
1403715558.162142992,124057
1403715558.212142944,124214
1403715558.262142897,124372
1403715558.312143087,124531
1403715558.36214304,124681
1403715558.412142992,124824
1403715558.462142944,125010
1403715558.512142897,125197
1403715558.562143087,125353
1403715558.61214304,125531
1403715558.662142992,125729
1403715558.712142944,125859
1403715558.762142897,126039
1403715558.812143087,126200
1403715558.86214304,126354
1403715558.912142992,126531
1403715558.962142944,126650
1403715559.012142897,126804
1403715559.062143087,126993
1403715559.11214304,127146
1403715559.162142992,127302
1403715559.212142944,127484
1403715559.262142897,127642
1403715559.312143087,127797
1403715559.36214304,128001
1403715559.412142992,128174
1403715559.462142944,128297
1403715559.512142897,128470
1403715559.562143087,128662
1403715559.61214304,128813
1403715559.662142992,129037
1403715559.712142944,129219
1403715559.762142897,129379
1403715559.812143087,129542
1403715559.86214304,129697
1403715559.912142992,129850
1403715559.962142944,130034
1403715560.012142897,130196
1403715560.062143087,130349
1403715560.11214304,130552
1403715560.162142992,130712
1403715560.212142944,130862
1403715560.262142897,131086
1403715560.312143087,131271
1403715560.36214304,131429
1403715560.412142992,131617
1403715560.462142944,131791
1403715560.512142897,131945
1403715560.562143087,132155
1403715560.61214304,132314
1403715560.662142992,132481
1403715560.712142944,132661
1403715560.762142897,132823
1403715560.812143087,132982
1403715560.86214304,133189
1403715560.912142992,133356
1403715560.962142944,133515
1403715561.012142897,133717
1403715561.062143087,133874
1403715561.11214304,134029
1403715561.162142992,134208
1403715561.212142944,134370
1403715561.262142897,134532
1403715561.312143087,134729
1403715561.36214304,134886
1403715561.412142992,135042
1403715561.462142944,135258
1403715561.512142897,135434
1403715561.562143087,135594
1403715561.61214304,135811
1403715561.662142992,135963
1403715561.712142944,136108
1403715561.762142897,136265
1403715561.812143087,136427
1403715561.86214304,136610
1403715561.912142992,136785
1403715561.962142944,136933
1403715562.012142897,137083
1403715562.062143087,137288
1403715562.11214304,137465
1403715562.162142992,137620
1403715562.212142944,137793
1403715562.262142897,137950
1403715562.312143087,138101
1403715562.36214304,138281
1403715562.412142992,138452
1403715562.462142944,138636
1403715562.512142897,138802
1403715562.562143087,138964
1403715562.61214304,139113
1403715562.662142992,139309
1403715562.712142944,139480
1403715562.762142897,139635
1403715562.812143087,139859
1403715562.86214304,140020
1403715562.912142992,140183
1403715562.962142944,140335
1403715563.012142897,140534
1403715563.062143087,140681
1403715563.11214304,140856
1403715563.162142992,141026
1403715563.212142944,141184
1403715563.262142897,141414
1403715563.312143087,141551
1403715563.36214304,141715
1403715563.412142992,141915
1403715563.462142944,142099
1403715563.512142897,142280
1403715563.562143087,142434
1403715563.61214304,142561
1403715563.662142992,142714
1403715563.712142944,142879
1403715563.762142897,143091
1403715563.812143087,143225
1403715563.86214304,143435
1403715563.912142992,143614
1403715563.962142944,143783
1403715564.012142897,144031
1403715564.062143087,144209
1403715564.11214304,144366
1403715564.162142992,144565
1403715564.212142944,144744
1403715564.262142897,144896
1403715564.312143087,145100
1403715564.36214304,145257
1403715564.412142992,145409
1403715564.462142944,145584
1403715564.512142897,145739
1403715564.562143087,145886
1403715564.61214304,146099
1403715564.662142992,146255
1403715564.712142944,146409
1403715564.762142897,146569
1403715564.812143087,146751
1403715564.86214304,146899
1403715564.912142992,147070
1403715564.962142944,147235
1403715565.012142897,147387
1403715565.062143087,147566
1403715565.11214304,147699
1403715565.162142992,147860
1403715565.212142944,148038
1403715565.262142897,148233
1403715565.312143087,148387
1403715565.36214304,148601
1403715565.412142992,148763
1403715565.462142944,148911
1403715565.512142897,149085
1403715565.562143087,149258
1403715565.61214304,149442
1403715565.662142992,149626
1403715565.712142944,149819
1403715565.762142897,149975
1403715565.812143087,150143
1403715565.86214304,150328
1403715565.912142992,150500
1403715565.962142944,150639
1403715566.012142897,150828
1403715566.062143087,151010
1403715566.11214304,151204
1403715566.162142992,151340
1403715566.212142944,151527
1403715566.262142897,151684
1403715566.312143087,151863
1403715566.36214304,152017
1403715566.412142992,152197
1403715566.462142944,152362
1403715566.512142897,152516
1403715566.562143087,152713
1403715566.61214304,152908
1403715566.662142992,153059
1403715566.712142944,153250
1403715566.762142897,153447
1403715566.812143087,153597
1403715566.86214304,153804
1403715566.912142992,154005
1403715566.962142944,154192
1403715567.012142897,154410
1403715567.062143087,154607
1403715567.11214304,154810
1403715567.162142992,155043
1403715567.212142944,155214
1403715567.262142897,155383
1403715567.312143087,155575
1403715567.36214304,155725
1403715567.412142992,155908
1403715567.462142944,156083
1403715567.512142897,156282
1403715567.562143087,156456
1403715567.61214304,156639
1403715567.662142992,156800
1403715567.712142944,156946
1403715567.762142897,157149
1403715567.812143087,157323
1403715567.86214304,157479
1403715567.912142992,157670
1403715567.962142944,157847
1403715568.012142897,158023
1403715568.062143087,158193
1403715568.11214304,158349
1403715568.162142992,158495
1403715568.212142944,158683
1403715568.262142897,158864
1403715568.312143087,159014
1403715568.36214304,159188
1403715568.412142992,159363
1403715568.462142944,159510
1403715568.512142897,159688
1403715568.562143087,159856
1403715568.61214304,160011
1403715568.662142992,160196
1403715568.712142944,160356
1403715568.762142897,160528
1403715568.812143087,160703
1403715568.86214304,160862
1403715568.912142992,161010
1403715568.962142944,161182
1403715569.012142897,161360
1403715569.062143087,161515
1403715569.11214304,161713
1403715569.162142992,161905
1403715569.212142944,162065
1403715569.262142897,162245
1403715569.312143087,162385
1403715569.36214304,162540
1403715569.412142992,162732
1403715569.462142944,162899
1403715569.512142897,163055
1403715569.562143087,163230
1403715569.61214304,163381
1403715569.662142992,163533
1403715569.712142944,163714
1403715569.762142897,163895
1403715569.812143087,164014
1403715569.86214304,164205
1403715569.912142992,164352
1403715569.962142944,164507
1403715570.012142897,164744
1403715570.062143087,164910
1403715570.11214304,165066
1403715570.162142992,165298
1403715570.212142944,165457
1403715570.262142897,165613
1403715570.312143087,165811
1403715570.36214304,165994
1403715570.412142992,166132
1403715570.462142944,166349
1403715570.512142897,166499
1403715570.562143087,166674
1403715570.61214304,166839
1403715570.662142992,167016
1403715570.712142944,167173
1403715570.762142897,167388
1403715570.812143087,167538
1403715570.86214304,167684
1403715570.912142992,167863
1403715570.962142944,168050
1403715571.012142897,168184
1403715571.062143087,168400
1403715571.11214304,168552
1403715571.162142992,168706
1403715571.212142944,168893
1403715571.262142897,169039
1403715571.312143087,169211
1403715571.36214304,169379
1403715571.412142992,169556
1403715571.462142944,169710
1403715571.512142897,169892
1403715571.562143087,170072
1403715571.61214304,170245
1403715571.662142992,170433
1403715571.712142944,170563
1403715571.762142897,170720
1403715571.812143087,170906
1403715571.86214304,171069
1403715571.912142992,171229
1403715571.962142944,171428
1403715572.012142897,171601
1403715572.062143087,171748
1403715572.11214304,171953
1403715572.162142992,172092
1403715572.212142944,172256
1403715572.262142897,172417
1403715572.312143087,172565
1403715572.36214304,172707
1403715572.412142992,172909
1403715572.462142944,173102
1403715572.512142897,173249
1403715572.562143087,173402
1403715572.61214304,173551
1403715572.662142992,173716
1403715572.712142944,173913
1403715572.762142897,174090
1403715572.812143087,174291
1403715572.86214304,174463
1403715572.912142992,174607
1403715572.962142944,174767
1403715573.012142897,174957
1403715573.062143087,175114
1403715573.11214304,175283
1403715573.162142992,175488
1403715573.212142944,175651
1403715573.262142897,175794
1403715573.312143087,175988
1403715573.36214304,176168
1403715573.412142992,176301
1403715573.462142944,176507
1403715573.512142897,176660
1403715573.562143087,176831
1403715573.61214304,177011
1403715573.662142992,177190
1403715573.712142944,177389
1403715573.762142897,177563
1403715573.812143087,177738
1403715573.86214304,177860
1403715573.912142992,178035
1403715573.962142944,178217
1403715574.012142897,178369
1403715574.062143087,178550
1403715574.11214304,178764
1403715574.162142992,178898
1403715574.212142944,179066
1403715574.262142897,179229
1403715574.312143087,179432
1403715574.36214304,179624
1403715574.412142992,179791
1403715574.462142944,179957
1403715574.512142897,180168
1403715574.562143087,180327
1403715574.61214304,180500
1403715574.662142992,180715
1403715574.712142944,180892
1403715574.762142897,181040
1403715574.812143087,181240
1403715574.86214304,181421
1403715574.912142992,181600
1403715574.962142944,181811
1403715575.012142897,181973
1403715575.062143087,182135
1403715575.11214304,182350
1403715575.162142992,182505
1403715575.212142944,182651
1403715575.262142897,182864
1403715575.312143087,183026
1403715575.36214304,183178
1403715575.412142992,183383
1403715575.462142944,183546
1403715575.512142897,183678
1403715575.562143087,183934
1403715575.61214304,184093
1403715575.662142992,184258
1403715575.712142944,184483
1403715575.762142897,184666
1403715575.812143087,184823
1403715575.86214304,184985
1403715575.912142992,185152
1403715575.962142944,185307
1403715576.012142897,185514
1403715576.062143087,185677
1403715576.11214304,185819
1403715576.162142992,186019
1403715576.212142944,186227
1403715576.262142897,186372
1403715576.312143087,186559
1403715576.36214304,186730
1403715576.412142992,186878
1403715576.462142944,187086
1403715576.512142897,187246
1403715576.562143087,187426
1403715576.61214304,187641
1403715576.662142992,187824
1403715576.712142944,188000
1403715576.762142897,188184
1403715576.812143087,188335
1403715576.86214304,188501
1403715576.912142992,188673
1403715576.962142944,188839
1403715577.012142897,188988
1403715577.062143087,189188
1403715577.11214304,189357
1403715577.162142992,189491
1403715577.212142944,189715
1403715577.262142897,189881
1403715577.312143087,190015
1403715577.36214304,190213
1403715577.412142992,190380
1403715577.462142944,190549
1403715577.512142897,190740
1403715577.562143087,190900
1403715577.61214304,191060
1403715577.662142992,191234
1403715577.712142944,191423
1403715577.762142897,191574
1403715577.812143087,191773
1403715577.86214304,191943
1403715577.912142992,192119
1403715577.962142944,192298
1403715578.012142897,192471
1403715578.062143087,192617
1403715578.11214304,192844
1403715578.162142992,193014
1403715578.212142944,193179
1403715578.262142897,193357
1403715578.312143087,193546
1403715578.36214304,193703
1403715578.412142992,193882
1403715578.462142944,194055
1403715578.512142897,194211
1403715578.562143087,194391
1403715578.61214304,194567
1403715578.662142992,194725
1403715578.712142944,194950
1403715578.762142897,195126
1403715578.812143087,195259
1403715578.86214304,195462
1403715578.912142992,195633
1403715578.962142944,195793
1403715579.012142897,195988
1403715579.062143087,196188
1403715579.11214304,196368
1403715579.162142992,196540
1403715579.212142944,196726
1403715579.262142897,196879
1403715579.312143087,197090
1403715579.36214304,197272
1403715579.412142992,197463
1403715579.462142944,197616
1403715579.512142897,197835
1403715579.562143087,197968
1403715579.61214304,198140
1403715579.662142992,198312
1403715579.712142944,198469
1403715579.762142897,198659
1403715579.812143087,198813
1403715579.86214304,198985
1403715579.912142992,199179
1403715579.962142944,199354
1403715580.012142897,199526
1403715580.062143087,199700
1403715580.11214304,199862
1403715580.162142992,200013
1403715580.212142944,200202
1403715580.262142897,200392
1403715580.312143087,200541
1403715580.36214304,200731
1403715580.412142992,200887
1403715580.462142944,201038
1403715580.512142897,201215
1403715580.562143087,201383
1403715580.61214304,201549
1403715580.662142992,201702
1403715580.712142944,201868
1403715580.762142897,202042
1403715580.812143087,202229
1403715580.86214304,202386
1403715580.912142992,202532
1403715580.962142944,202696
1403715581.012142897,202865
1403715581.062143087,202993
1403715581.11214304,203155
1403715581.162142992,203363
1403715581.212142944,203555
1403715581.262142897,203738
1403715581.312143087,203905
1403715581.36214304,204066
1403715581.412142992,204234
1403715581.462142944,204393
1403715581.512142897,204535
1403715581.562143087,204699
1403715581.61214304,204867
1403715581.662142992,205009
1403715581.712142944,205193
1403715581.762142897,205360
1403715581.812143087,205500
1403715581.86214304,205709
1403715581.912142992,205866
1403715581.962142944,206041
1403715582.012142897,206202
1403715582.062143087,206360
1403715582.11214304,206517
1403715582.162142992,206671
1403715582.212142944,206845
1403715582.262142897,206989
1403715582.312143087,207194
1403715582.36214304,207383
1403715582.412142992,207548
1403715582.462142944,207716
1403715582.512142897,207869
1403715582.562143087,208018
1403715582.61214304,208188
1403715582.662142992,208339
1403715582.712142944,208508
1403715582.762142897,208681
1403715582.812143087,208888
1403715582.86214304,209041
1403715582.912142992,209248
1403715582.962142944,209439
1403715583.012142897,209586
1403715583.062143087,209745
1403715583.11214304,209925
1403715583.162142992,210083
1403715583.212142944,210279
1403715583.262142897,210442
1403715583.312143087,210599
1403715583.36214304,210770
1403715583.412142992,210925
1403715583.462142944,211084
1403715583.512142897,211236
1403715583.562143087,211412
1403715583.61214304,211537
1403715583.662142992,211706
1403715583.712142944,211857
1403715583.762142897,212003
1403715583.812143087,212191
1403715583.86214304,212329
1403715583.912142992,212518
1403715583.962142944,212705
1403715584.012142897,212906
1403715584.062143087,213056
1403715584.11214304,213222
1403715584.162142992,213377
1403715584.212142944,213549
1403715584.262142897,213713
1403715584.312143087,213888
1403715584.36214304,214044
1403715584.412142992,214229
1403715584.462142944,214379
1403715584.512142897,214546
1403715584.562143087,214693
1403715584.61214304,214887
1403715584.662142992,215041
1403715584.712142944,215235
1403715584.762142897,215398
1403715584.812143087,215551
1403715584.86214304,215712
1403715584.912142992,215863
1403715584.962142944,216034
1403715585.012142897,216221
1403715585.062143087,216368
1403715585.11214304,216531
1403715585.162142992,216683
1403715585.212142944,216849
1403715585.262142897,216989
1403715585.312143087,217151
1403715585.36214304,217316
1403715585.412142992,217455
1403715585.462142944,217640
1403715585.512142897,217801
1403715585.562143087,217967
1403715585.61214304,218150
1403715585.662142992,218291
1403715585.712142944,218445
1403715585.762142897,218616
1403715585.812143087,218789
1403715585.86214304,218938
1403715585.912142992,219120
1403715585.962142944,219254
1403715586.012142897,219409
1403715586.062143087,219585
1403715586.11214304,219745
1403715586.162142992,219895
1403715586.212142944,220066
1403715586.262142897,220225
1403715586.312143087,220398
1403715586.36214304,220582
1403715586.412142992,220758
1403715586.462142944,220926
1403715586.512142897,221093
1403715586.562143087,221276
1403715586.61214304,221423
1403715586.662142992,221597
1403715586.712142944,221755
1403715586.762142897,221904
1403715586.812143087,222095
1403715586.86214304,222262
1403715586.912142992,222429
1403715586.962142944,222628
1403715587.012142897,222792
1403715587.062143087,222948
1403715587.11214304,223133
1403715587.162142992,223311
1403715587.212142944,223489
1403715587.262142897,223654
1403715587.312143087,223821
1403715587.36214304,223997
1403715587.412142992,224149
1403715587.462142944,224300
1403715587.512142897,224449
1403715587.562143087,224607
1403715587.61214304,224765
1403715587.662142992,224913
1403715587.712142944,225066
1403715587.762142897,225220
1403715587.812143087,225375
1403715587.86214304,225542
1403715587.912142992,225753
1403715587.962142944,225932
1403715588.012142897,226131
1403715588.062143087,226287
1403715588.11214304,226435
1403715588.162142992,226636
1403715588.212142944,226793
1403715588.262142897,226936
1403715588.312143087,227117
1403715588.36214304,227288
1403715588.412142992,227455
1403715588.462142944,227607
1403715588.512142897,227771
1403715588.562143087,227924
1403715588.61214304,228100
1403715588.662142992,228263
1403715588.712142944,228448
1403715588.762142897,228624
1403715588.812143087,228784
1403715588.86214304,228931
1403715588.912142992,229121
1403715588.962142944,229297
1403715589.012142897,229480
1403715589.062143087,229670
1403715589.11214304,229839
1403715589.162142992,230009
1403715589.212142944,230200
1403715589.262142897,230336
1403715589.312143087,230477
1403715589.36214304,230681
1403715589.412142992,230839
1403715589.462142944,230987
1403715589.512142897,231167
1403715589.562143087,231353
1403715589.61214304,231519
1403715589.662142992,231709
1403715589.712142944,231876
1403715589.762142897,231998
1403715589.812143087,232195
1403715589.86214304,232342
1403715589.912142992,232510
1403715589.962142944,232718
1403715590.012142897,232875
1403715590.062143087,233024
1403715590.11214304,233188
1403715590.162142992,233331
1403715590.212142944,233535
1403715590.262142897,233706
1403715590.312143087,233859
1403715590.36214304,234007
1403715590.412142992,234179
1403715590.462142944,234361
1403715590.512142897,234507
1403715590.562143087,234673
1403715590.61214304,234854
1403715590.662142992,235031
1403715590.712142944,235187
1403715590.762142897,235369
1403715590.812143087,235523
1403715590.86214304,235681
1403715590.912142992,235863
1403715590.962142944,236006
1403715591.012142897,236189
1403715591.062143087,236372
1403715591.11214304,236509
1403715591.162142992,236668
1403715591.212142944,236870
1403715591.262142897,237020
1403715591.312143087,237244
1403715591.36214304,237417
1403715591.412142992,237583
1403715591.462142944,237815
1403715591.512142897,237973
1403715591.562143087,238124
1403715591.61214304,238322
1403715591.662142992,238466
1403715591.712142944,238618
1403715591.762142897,238794
1403715591.812143087,238923
1403715591.86214304,239086
1403715591.912142992,239265
1403715591.962142944,239407
1403715592.012142897,239560
1403715592.062143087,239743
1403715592.11214304,239916
1403715592.162142992,240082
1403715592.212142944,240277
1403715592.262142897,240458
1403715592.312143087,240593
1403715592.36214304,240791
1403715592.412142992,240953
1403715592.462142944,241116
1403715592.512142897,241314
1403715592.562143087,241461
1403715592.61214304,241639
1403715592.662142992,241787
1403715592.712142944,241938
1403715592.762142897,242100
1403715592.812143087,242264
1403715592.86214304,242429
1403715592.912142992,242623
1403715592.962142944,242809
1403715593.012142897,242958
1403715593.062143087,243112
1403715593.11214304,243289
1403715593.162142992,243480
1403715593.212142944,243667
1403715593.262142897,243852
1403715593.312143087,244005
1403715593.36214304,244170
1403715593.412142992,244352
1403715593.462142944,244507
1403715593.512142897,244665
1403715593.562143087,244848
1403715593.61214304,245008
1403715593.662142992,245187
1403715593.712142944,245393
1403715593.762142897,245570
1403715593.812143087,245724
1403715593.86214304,245933
1403715593.912142992,246106
1403715593.962142944,246262
1403715594.012142897,246456
1403715594.062143087,246609
1403715594.11214304,246762
1403715594.162142992,246928
1403715594.212142944,247098
1403715594.262142897,247280
1403715594.312143087,247447
1403715594.36214304,247612
1403715594.412142992,247762
1403715594.462142944,247914
1403715594.512142897,248093
1403715594.562143087,248249
1403715594.61214304,248435
1403715594.662142992,248593
1403715594.712142944,248750
1403715594.762142897,248917
1403715594.812143087,249131
1403715594.86214304,249275
1403715594.912142992,249480
1403715594.962142944,249661
1403715595.012142897,249807
1403715595.062143087,250013
1403715595.11214304,250166
1403715595.162142992,250329
1403715595.212142944,250542
1403715595.262142897,250716
1403715595.312143087,250862
1403715595.36214304,251058
1403715595.412142992,251236
1403715595.462142944,251399
1403715595.512142897,251594
1403715595.562143087,251750
1403715595.61214304,251914
1403715595.662142992,252095
1403715595.712142944,252291
1403715595.762142897,252448
1403715595.812143087,252628
1403715595.86214304,252788
1403715595.912142992,252946
1403715595.962142944,253108
1403715596.012142897,253284
1403715596.062143087,253431
1403715596.11214304,253598
1403715596.162142992,253780
1403715596.212142944,253959
1403715596.262142897,254133
1403715596.312143087,254300
1403715596.36214304,254453
1403715596.412142992,254622
1403715596.462142944,254793
1403715596.512142897,254976
1403715596.562143087,255148
1403715596.61214304,255340
1403715596.662142992,255498
1403715596.712142944,255672
1403715596.762142897,255864
1403715596.812143087,256022
1403715596.86214304,256236
1403715596.912142992,256413
1403715596.962142944,256550
1403715597.012142897,256728
1403715597.062143087,256911
1403715597.11214304,257091
1403715597.162142992,257286
1403715597.212142944,257457
1403715597.262142897,257626
1403715597.312143087,257829
1403715597.36214304,258006
1403715597.412142992,258153
1403715597.462142944,258308
1403715597.512142897,258486
1403715597.562143087,258619
1403715597.61214304,258795
1403715597.662142992,258995
1403715597.712142944,259114
1403715597.762142897,259279
1403715597.812143087,259450
1403715597.86214304,259607
1403715597.912142992,259762
1403715597.962142944,259936
1403715598.012142897,260104
1403715598.062143087,260319
1403715598.11214304,260509
1403715598.162142992,260664
1403715598.212142944,260845
1403715598.262142897,261013
1403715598.312143087,261161
1403715598.36214304,261331
1403715598.412142992,261505
1403715598.462142944,261653
1403715598.512142897,261860
1403715598.562143087,262015
1403715598.61214304,262174
1403715598.662142992,262337
1403715598.712142944,262525
1403715598.762142897,262653
1403715598.812143087,262813
1403715598.86214304,262978
1403715598.912142992,263128
1403715598.962142944,263301
1403715599.012142897,263486
1403715599.062143087,263638
1403715599.11214304,263810
1403715599.162142992,263993
1403715599.212142944,264125
1403715599.262142897,264304
1403715599.312143087,264466
1403715599.36214304,264615
1403715599.412142992,264797
1403715599.462142944,264957
1403715599.512142897,265111
1403715599.562143087,265266
1403715599.61214304,265432
1403715599.662142992,265597
1403715599.712142944,265764
1403715599.762142897,265929
1403715599.812143087,266077
1403715599.86214304,266273
1403715599.912142992,266474
1403715599.962142944,266593
1403715600.012142897,266752
1403715600.062143087,266926
1403715600.11214304,267082
1403715600.162142992,267243
1403715600.212142944,267409
1403715600.262142897,267568
1403715600.312143087,267745
1403715600.36214304,267911
1403715600.412142992,268096
1403715600.462142944,268254
1403715600.512142897,268422
1403715600.562143087,268577
1403715600.61214304,268762
1403715600.662142992,268925
1403715600.712142944,269108
1403715600.762142897,269261
1403715600.812143087,269457
1403715600.86214304,269606
1403715600.912142992,269812
1403715600.962142944,269975
1403715601.012142897,270119
1403715601.062143087,270297
1403715601.11214304,270500
1403715601.162142992,270661
1403715601.212142944,270827
1403715601.262142897,270990
1403715601.312143087,271148
1403715601.36214304,271331
1403715601.412142992,271497
1403715601.462142944,271643
1403715601.512142897,271823
1403715601.562143087,272005
1403715601.61214304,272157
1403715601.662142992,272352
1403715601.712142944,272539
1403715601.762142897,272697
1403715601.812143087,272842
1403715601.86214304,273011
1403715601.912142992,273161
1403715601.962142944,273355
1403715602.012142897,273545
1403715602.062143087,273687
1403715602.11214304,273860
1403715602.162142992,274022
1403715602.212142944,274194
1403715602.262142897,274388
1403715602.312143087,274572
1403715602.36214304,274696
1403715602.412142992,274907
1403715602.462142944,275039
1403715602.512142897,275213
1403715602.562143087,275400
1403715602.61214304,275568
1403715602.662142992,275726
1403715602.712142944,275902
1403715602.762142897,276072
1403715602.812143087,276246
1403715602.86214304,276409
1403715602.912142992,276606
1403715602.962142944,276764
1403715603.012142897,276925
1403715603.062143087,277108
1403715603.11214304,277232
1403715603.162142992,277394
1403715603.212142944,277567
1403715603.262142897,277720
1403715603.312143087,277900
1403715603.36214304,278094
1403715603.412142992,278247
1403715603.462142944,278455
1403715603.512142897,278625
1403715603.562143087,278780
1403715603.61214304,278972
1403715603.662142992,279138
1403715603.712142944,279298
1403715603.762142897,279452
1403715603.812143087,279648
1403715603.86214304,279782
1403715603.912142992,279971
1403715603.962142944,280129
1403715604.012142897,280314
1403715604.062143087,280510
1403715604.11214304,280691
1403715604.162142992,280847
1403715604.212142944,281037
1403715604.262142897,281200
1403715604.312143087,281344
1403715604.36214304,281511
1403715604.412142992,281685
1403715604.462142944,281853
1403715604.512142897,282002
1403715604.562143087,282160
1403715604.61214304,282340
1403715604.662142992,282510
1403715604.712142944,282676
1403715604.762142897,282839
1403715604.812143087,283004
1403715604.86214304,283185
1403715604.912142992,283341
1403715604.962142944,283493
1403715605.012142897,283667
1403715605.062143087,283816
1403715605.11214304,284003
1403715605.162142992,284160
1403715605.212142944,284347
1403715605.262142897,284554
1403715605.312143087,284709
1403715605.36214304,284862
1403715605.412142992,285054
1403715605.462142944,285216
1403715605.512142897,285373
1403715605.562143087,285555
1403715605.61214304,285747
1403715605.662142992,285897
1403715605.712142944,286089
1403715605.762142897,286254
1403715605.812143087,286387
1403715605.86214304,286582
1403715605.912142992,286757
1403715605.962142944,286927
1403715606.012142897,287106
1403715606.062143087,287261
1403715606.11214304,287428
1403715606.162142992,287624
1403715606.212142944,287808
1403715606.262142897,287950
1403715606.312143087,288157
1403715606.36214304,288298
1403715606.412142992,288447
1403715606.462142944,288600
1403715606.512142897,288754
1403715606.562143087,288907
1403715606.61214304,289114
1403715606.662142992,289349
1403715606.712142944,289499
1403715606.762142897,289685
1403715606.812143087,289864
1403715606.86214304,290035
1403715606.912142992,290212
1403715606.962142944,290384
1403715607.012142897,290527
1403715607.062143087,290683
1403715607.11214304,290869
1403715607.162142992,291025
1403715607.212142944,291187
1403715607.262142897,291344
1403715607.312143087,291509
1403715607.36214304,291695
1403715607.412142992,291905
1403715607.462142944,292052
1403715607.512142897,292225
1403715607.562143087,292425
1403715607.61214304,292586
1403715607.662142992,292765
1403715607.712142944,292920
1403715607.762142897,293072
1403715607.812143087,293238
1403715607.86214304,293420
1403715607.912142992,293603
1403715607.962142944,293786
1403715608.012142897,293948
1403715608.062143087,294121
1403715608.11214304,294286
1403715608.162142992,294461
1403715608.212142944,294581
1403715608.262142897,294757
1403715608.312143087,294905
1403715608.36214304,295059
1403715608.412142992,295222
1403715608.462142944,295432
1403715608.512142897,295590
1403715608.562143087,295765
1403715608.61214304,295919
1403715608.662142992,296087
1403715608.712142944,296256
1403715608.762142897,296406
1403715608.812143087,296580
1403715608.86214304,296741
1403715608.912142992,296887
1403715608.962142944,297040
1403715609.012142897,297222
1403715609.062143087,297441
1403715609.11214304,297555
1403715609.162142992,297707
1403715609.212142944,297889
1403715609.262142897,298024
1403715609.312143087,298190
1403715609.36214304,298361
1403715609.412142992,298580
