1403637130.538319111,5.57619
1403637130.588319063,3.4869
1403637130.638319016,5.39114
1403637130.688318968,3.68468
1403637130.73831892,4.23762
1403637130.788319111,19.4289
1403637130.838319063,10.9639
1403637130.888319016,11.6748
1403637130.938318968,9.14566
1403637130.98831892,10.9768
1403637131.038319111,9.5664
1403637131.088319063,11.0817
1403637131.138319016,10.1566
1403637131.188318968,10.0394
1403637131.23831892,10.3951
1403637131.288319111,12.3013
1403637131.338319063,13.5908
1403637131.388319016,10.6445
1403637131.438318968,12.7971
1403637131.48831892,11.399
1403637131.538319111,10.6385
1403637131.588319063,11.2962
1403637131.638319016,10.4241
1403637131.688318968,11.9683
1403637131.73831892,9.80591
1403637131.788319111,8.13414
1403637131.838319063,12.7456
1403637131.888319016,11.1878
1403637131.938318968,11.7049
1403637131.98831892,8.85524
1403637132.038319111,12.2096
1403637132.088319063,8.97611
1403637132.138319016,12.8964
1403637132.188318968,11.7838
1403637132.23831892,12.6927
1403637132.288319111,11.8778
1403637132.338319063,10.3568
1403637132.388319016,12.0327
1403637132.438318968,11.3041
1403637132.48831892,13.4475
1403637132.538319111,10.9401
1403637132.588319063,12.5248
1403637132.638319016,12.5259
1403637132.688318968,9.94986
1403637132.73831892,11.1905
1403637132.788319111,13.0283
1403637132.838319063,12.4945
1403637132.888319016,12.5143
1403637132.938318968,12.6723
1403637132.98831892,11.494
1403637133.038319111,11.8267
1403637133.088319063,11.9764
1403637133.138319016,10.0289
1403637133.188318968,11.0867
1403637133.23831892,11.4539
1403637133.288319111,11.4808
1403637133.338319063,9.56513
1403637133.388319016,9.24839
1403637133.438318968,7.67287
1403637133.48831892,12.7579
1403637133.538319111,9.69377
1403637133.588319063,9.78544
1403637133.638319016,12.2074
1403637133.688318968,10.4697
1403637133.73831892,13.184
1403637133.788319111,12.2573
1403637133.838319063,15.0573
1403637133.888319016,14.076
1403637133.938318968,11.6785
1403637133.98831892,16.0143
1403637134.038319111,16.3518
1403637134.088319063,17.2571
1403637134.138319016,15.4043
1403637134.188318968,17.2943
1403637134.23831892,18.0851
1403637134.288319111,16.8766
1403637134.338319063,17.9642
1403637134.388319016,17.7904
1403637134.438318968,19.0213
1403637134.48831892,18.0364
1403637134.538319111,20.3602
1403637134.588319063,17.5825
1403637134.638319016,18.8874
1403637134.688318968,17.7812
1403637134.73831892,20.2968
1403637134.788319111,17.4895
1403637134.838319063,19.0764
1403637134.888319016,18.9989
1403637134.938318968,18.9084
1403637134.98831892,15.5201
1403637135.038319111,15.2651
1403637135.088319063,14.885
1403637135.138319016,14.4601
1403637135.188318968,15.0965
1403637135.23831892,12.0233
1403637135.288319111,12.9545
1403637135.338319063,12.3328
1403637135.388319016,13.6371
1403637135.438318968,15.4913
1403637135.48831892,16.535
1403637135.538319111,18.6705
1403637135.588319063,18.1351
1403637135.638319016,17.0613
1403637135.688318968,18.2241
1403637135.73831892,18.6557
1403637135.788319111,22.0903
1403637135.838319063,20.1019
1403637135.888319016,21.9466
1403637135.938318968,21.5461
1403637135.98831892,20.9218
1403637136.038319111,19.9644
1403637136.088319063,22.7905
1403637136.138319016,20.036
1403637136.188318968,21.0981
1403637136.23831892,18.0873
1403637136.288319111,18.4103
1403637136.338319063,17.0877
1403637136.388319016,18.6327
1403637136.438318968,16.5767
1403637136.48831892,17.3158
1403637136.538319111,13.6479
1403637136.588319063,15.6818
1403637136.638319016,11.685
1403637136.688318968,16.9875
1403637136.73831892,11.1202
1403637136.788319111,14.722
1403637136.838319063,16.8166
1403637136.888319016,16.717
1403637136.938318968,20.7203
1403637136.98831892,17.8357
1403637137.038319111,18.7871
1403637137.088319063,19.5813
1403637137.138319016,19.6181
1403637137.188318968,21.5486
1403637137.23831892,20.825
1403637137.288319111,20.7349
1403637137.338319063,22.7396
1403637137.388319016,20.7383
1403637137.438318968,22.0324
1403637137.48831892,19.2093
1403637137.538319111,22.9398
1403637137.588319063,19.9706
1403637137.638319016,14.9334
1403637137.688318968,18.7187
1403637137.73831892,20.2446
1403637137.788319111,21.5122
1403637137.838319063,17.9052
1403637137.888319016,18.2196
1403637137.938318968,16.6523
1403637137.98831892,15.0345
1403637138.038319111,15.2375
1403637138.088319063,16.7908
1403637138.138319016,15.5987
1403637138.188318968,16.0681
1403637138.23831892,16.2467
1403637138.288319111,19.2916
1403637138.338319063,20.602
1403637138.388319016,18.0807
1403637138.438318968,18.8377
1403637138.48831892,19.3774
1403637138.538319111,19.9559
1403637138.588319063,20.7219
1403637138.638319016,22.5607
1403637138.688318968,22.5596
1403637138.73831892,20.6615
1403637138.788319111,20.7045
1403637138.838319063,21.3298
1403637138.888319016,20.2133
1403637138.938318968,19.9259
1403637138.98831892,21.6427
1403637139.038319111,21.5947
1403637139.088319063,18.7129
1403637139.138319016,17.6251
1403637139.188318968,20.7888
1403637139.23831892,20.3591
1403637139.288319111,16.874
1403637139.338319063,16.365
1403637139.388319016,16.8945
1403637139.438318968,12.8553
1403637139.48831892,14.5501
1403637139.538319111,14.0899
1403637139.588319063,14.1154
1403637139.638319016,14.2871
1403637139.688318968,14.0713
1403637139.73831892,15.1001
1403637139.788319111,15.8066
1403637139.838319063,13.8317
1403637139.888319016,14.9107
1403637139.938318968,14.5599
1403637139.98831892,17.4507
1403637140.038319111,17.9645
1403637140.088319063,15.2832
1403637140.138319016,15.5261
1403637140.188318968,15.74
1403637140.23831892,16.8832
1403637140.288319111,15.9581
1403637140.338319063,17.4952
1403637140.388319016,18.9423
1403637140.438318968,15.4078
1403637140.48831892,16.5625
1403637140.538319111,15.89
1403637140.588319063,15.8342
1403637140.638319016,14.5387
1403637140.688318968,16.6475
1403637140.73831892,18.3067
1403637140.788319111,15.1578
1403637140.838319063,18.5503
1403637140.888319016,14.2018
1403637140.938318968,16.363
1403637140.98831892,15.262
1403637141.038319111,16.8064
1403637141.088319063,11.7557
1403637141.138319016,14.9654
1403637141.188318968,18.9407
1403637141.23831892,15.3551
1403637141.288319111,14.0102
1403637141.338319063,18.2525
1403637141.388319016,16.8639
1403637141.438318968,16.7907
1403637141.48831892,18.062
1403637141.538319111,15.1117
1403637141.588319063,13.9026
1403637141.638319016,14.4376
1403637141.688318968,17.9397
1403637141.73831892,16.4828
1403637141.788319111,15.9161
1403637141.838319063,15.9306
1403637141.888319016,18.5129
1403637141.938318968,18.6833
1403637141.98831892,16.9852
1403637142.038319111,17.9125
1403637142.088319063,15.4888
1403637142.138319016,14.4572
1403637142.188318968,18.2768
1403637142.23831892,18.2218
1403637142.288319111,16.0924
1403637142.338319063,16.9782
1403637142.388319016,17.8283
1403637142.438318968,14.2618
1403637142.48831892,16.0212
1403637142.538319111,16.0094
1403637142.588319063,15.5664
1403637142.638319016,15.5998
1403637142.688318968,15.8608
1403637142.73831892,18.2351
1403637142.788319111,14.6021
1403637142.838319063,15.7239
1403637142.888319016,11.6772
1403637142.938318968,17.9708
1403637142.98831892,15.2509
1403637143.038319111,14.9369
1403637143.088319063,18.1325
1403637143.138319016,15.9879
1403637143.188318968,13.6239
1403637143.23831892,18.1663
1403637143.288319111,16.1331
1403637143.338319063,18.4112
1403637143.388319016,18.6652
1403637143.438318968,16.0709
1403637143.48831892,16.4238
1403637143.538319111,15.4407
1403637143.588319063,13.8368
1403637143.638319016,18.178
1403637143.688318968,14.6512
1403637143.73831892,12.2914
1403637143.788319111,18.0032
1403637143.838319063,16.4382
1403637143.888319016,14.9219
1403637143.938318968,18.0194
1403637143.98831892,15.0891
1403637144.038319111,18.3993
1403637144.088319063,13.8879
1403637144.138319016,15.4263
1403637144.188318968,16.5608
1403637144.23831892,15.4197
1403637144.288319111,15.4358
1403637144.338319063,16.4381
1403637144.388319016,15.5161
1403637144.438318968,18.2192
1403637144.48831892,16.3723
1403637144.538319111,15.6601
1403637144.588319063,17.7015
1403637144.638319016,15.125
1403637144.688318968,15.3518
1403637144.73831892,14.9438
1403637144.788319111,18.3247
1403637144.838319063,17.1344
1403637144.888319016,15.7871
1403637144.938318968,16.1009
1403637144.98831892,18.7166
1403637145.038319111,13.6181
1403637145.088319063,15.6946
1403637145.138319016,15.4488
1403637145.188318968,18.3577
1403637145.23831892,16.6054
1403637145.288319111,16.1668
1403637145.338319063,17.8406
1403637145.388319016,14.25
1403637145.438318968,15.0805
1403637145.48831892,16.1192
1403637145.538319111,17.7802
1403637145.588319063,15.9489
1403637145.638319016,13.8497
1403637145.688318968,19.0956
1403637145.73831892,16.3305
1403637145.788319111,16.3623
1403637145.838319063,13.2454
1403637145.888319016,15.1981
1403637145.938318968,16.1052
1403637145.98831892,14.3154
1403637146.038319111,15.6273
1403637146.088319063,15.0094
1403637146.138319016,13.6965
1403637146.188318968,15.3869
1403637146.23831892,15.2226
1403637146.288319111,15.7745
1403637146.338319063,14.974
1403637146.388319016,13.9607
1403637146.438318968,15.132
1403637146.48831892,18.5732
1403637146.538319111,15.0271
1403637146.588319063,14.6577
1403637146.638319016,15.6754
1403637146.688318968,14.845
1403637146.73831892,13.1132
1403637146.788319111,17.1515
1403637146.838319063,17.0447
1403637146.888319016,19.3794
1403637146.938318968,14.2858
1403637146.98831892,16.1211
1403637147.038319111,15.0743
1403637147.088319063,13.4076
1403637147.138319016,15.4774
1403637147.188318968,15.9787
1403637147.23831892,17.9841
1403637147.288319111,17.3883
1403637147.338319063,13.4971
1403637147.388319016,16.8439
1403637147.438318968,15.0801
1403637147.48831892,16.1369
1403637147.538319111,16.6361
1403637147.588319063,14.782
1403637147.638319016,17.4185
1403637147.688318968,14.6308
1403637147.73831892,17.0935
1403637147.788319111,15.0481
1403637147.838319063,13.4784
1403637147.888319016,12.8654
1403637147.938318968,15.4117
1403637147.98831892,17.4907
1403637148.038319111,14.8023
1403637148.088319063,15.4462
1403637148.138319016,16.9034
1403637148.188318968,12.9934
1403637148.23831892,14.2299
1403637148.288319111,13.9915
1403637148.338319063,15.0454
1403637148.388319016,17.7753
1403637148.438318968,15.5222
1403637148.48831892,15.9536
1403637148.538319111,18.322
1403637148.588319063,14.3305
1403637148.638319016,15.9298
1403637148.688318968,14.0923
1403637148.73831892,14.9893
1403637148.788319111,15.9233
1403637148.838319063,16.5923
1403637148.888319016,14.8543
1403637148.938318968,14.9408
1403637148.98831892,16.9235
1403637149.038319111,14.8856
1403637149.088319063,13.6857
1403637149.138319016,14.335
1403637149.188318968,13.0605
1403637149.23831892,12.8115
1403637149.288319111,15.1764
1403637149.338319063,16.7888
1403637149.388319016,12.5251
1403637149.438318968,13.157
1403637149.48831892,14.1418
1403637149.538319111,11.363
1403637149.588319063,14.2976
1403637149.638319016,14.9666
1403637149.688318968,13.8913
1403637149.73831892,16.3658
1403637149.788319111,14.7303
1403637149.838319063,10.2498
1403637149.888319016,13.4691
1403637149.938318968,12.2886
1403637149.98831892,11.5903
1403637150.038319111,15.4968
1403637150.088319063,11.8334
1403637150.138319016,14.6878
1403637150.188318968,15.3725
1403637150.23831892,12.6507
1403637150.288319111,14.0595
1403637150.338319063,15.1139
1403637150.388319016,18.4899
1403637150.438318968,18.1803
1403637150.48831892,14.9821
1403637150.538319111,16.4134
1403637150.588319063,16.6652
1403637150.638319016,17.7668
1403637150.688318968,18.1563
1403637150.73831892,18.3065
1403637150.788319111,18.8809
1403637150.838319063,17.8852
1403637150.888319016,20.2126
1403637150.938318968,19.0477
1403637150.98831892,20.4193
1403637151.038319111,21.0737
1403637151.088319063,19.8871
1403637151.138319016,19.1854
1403637151.188318968,20.1191
1403637151.23831892,21.5995
1403637151.288319111,20.7495
1403637151.338319063,18.8929
1403637151.388319016,21.3704
1403637151.438318968,21.7518
1403637151.48831892,21.1848
1403637151.538319111,20.3617
1403637151.588319063,19.832
1403637151.638319016,19.916
1403637151.688318968,22.0189
1403637151.73831892,22.9128
1403637151.788319111,19.9335
1403637151.838319063,19.3822
1403637151.888319016,21.4546
1403637151.938318968,22.1607
1403637151.98831892,19.3683
1403637152.038319111,19.1489
1403637152.088319063,18.7141
1403637152.138319016,21.5394
1403637152.188318968,19.3281
1403637152.23831892,22.0367
1403637152.288319111,16.1266
1403637152.338319063,21.0667
1403637152.388319016,19.854
1403637152.438318968,21.7373
1403637152.48831892,19.2903
1403637152.538319111,20.4721
1403637152.588319063,20.104
1403637152.638319016,21.0544
1403637152.688318968,19.774
1403637152.73831892,19.1927
1403637152.788319111,19.6945
1403637152.838319063,23.134
1403637152.888319016,19.6641
1403637152.938318968,23.4277
1403637152.98831892,22.489
1403637153.038319111,20.4011
1403637153.088319063,20.4566
1403637153.138319016,23.2025
1403637153.188318968,22.5406
1403637153.23831892,20.6632
1403637153.288319111,21.17
1403637153.338319063,22.869
1403637153.388319016,23.5874
1403637153.438318968,22.1395
1403637153.48831892,20.722
1403637153.538319111,20.6313
1403637153.588319063,23.9555
1403637153.638319016,21.3559
1403637153.688318968,22.9574
1403637153.73831892,23.6649
1403637153.788319111,22.1797
1403637153.838319063,21.0937
1403637153.888319016,24.5331
1403637153.938318968,21.5616
1403637153.98831892,21.6839
1403637154.038319111,22.4559
1403637154.088319063,20.9327
1403637154.138319016,21.5635
1403637154.188318968,21.5051
1403637154.23831892,23.6352
1403637154.288319111,20.5214
1403637154.338319063,24.1137
1403637154.388319016,21.6188
1403637154.438318968,21.4572
1403637154.48831892,22.5828
1403637154.538319111,21.4795
1403637154.588319063,22.6161
1403637154.638319016,23.8588
1403637154.688318968,21.8799
1403637154.73831892,20.6527
1403637154.788319111,20.3672
1403637154.838319063,24.258
1403637154.888319016,23.4789
1403637154.938318968,22.5146
1403637154.98831892,20.2735
1403637155.038319111,21.2379
1403637155.088319063,21.6346
1403637155.138319016,22.1964
1403637155.188318968,21.7867
1403637155.23831892,22.0015
1403637155.288319111,21.9991
1403637155.338319063,24.4598
1403637155.388319016,19.9244
1403637155.438318968,23.8155
1403637155.48831892,23.5234
1403637155.538319111,22.4919
1403637155.588319063,23.7636
1403637155.638319016,25.0272
1403637155.688318968,22.4113
1403637155.73831892,23.5485
1403637155.788319111,22.9668
1403637155.838319063,23.43
1403637155.888319016,20.5406
1403637155.938318968,22.9536
1403637155.98831892,23.6586
1403637156.038319111,22.6884
1403637156.088319063,23.8876
1403637156.138319016,22.3995
1403637156.188318968,23.4355
1403637156.23831892,23.5209
1403637156.288319111,21.8115
1403637156.338319063,24.0586
1403637156.388319016,24.9767
1403637156.438318968,22.9101
1403637156.48831892,24.3322
1403637156.538319111,23.9497
1403637156.588319063,22.384
1403637156.638319016,21.7466
1403637156.688318968,24.5245
1403637156.73831892,23.5404
1403637156.788319111,22.2789
1403637156.838319063,22.3698
1403637156.888319016,25.7247
1403637156.938318968,25.5457
1403637156.98831892,23.7406
1403637157.038319111,24.2285
1403637157.088319063,22.2665
1403637157.138319016,23.0624
1403637157.188318968,22.274
1403637157.23831892,23.3107
1403637157.288319111,21.9739
1403637157.338319063,23.2326
1403637157.388319016,23.8352
1403637157.438318968,22.8612
1403637157.48831892,26.0922
1403637157.538319111,26.004
1403637157.588319063,26.8204
1403637157.638319016,25.2173
1403637157.688318968,24.1393
1403637157.73831892,23.4987
1403637157.788319111,26.189
1403637157.838319063,27.2194
1403637157.888319016,26.3022
1403637157.938318968,23.2219
1403637157.98831892,25.1178
1403637158.038319111,23.5277
1403637158.088319063,26.8603
1403637158.138319016,27.0582
1403637158.188318968,26.1531
1403637158.23831892,22.7828
1403637158.288319111,25.7919
1403637158.338319063,26.2482
1403637158.388319016,24.4075
1403637158.438318968,25.0816
1403637158.48831892,24.1119
1403637158.538319111,26.0755
1403637158.588319063,25.7561
1403637158.638319016,25.8072
1403637158.688318968,23.1559
1403637158.73831892,25.2303
1403637158.788319111,23.6618
1403637158.838319063,24.694
1403637158.888319016,23.4204
1403637158.938318968,25.0209
1403637158.98831892,23.7459
1403637159.038319111,24.2521
1403637159.088319063,24.5672
1403637159.138319016,24.919
1403637159.188318968,26.3088
1403637159.23831892,24.9418
1403637159.288319111,24.5084
1403637159.338319063,23.3292
1403637159.388319016,25.9218
1403637159.438318968,24.565
1403637159.48831892,26.6316
1403637159.538319111,26.8244
1403637159.588319063,25.613
1403637159.638319016,24.4987
1403637159.688318968,25.8753
1403637159.73831892,20.8952
1403637159.788319111,26.6179
1403637159.838319063,23.8586
1403637159.888319016,26.5501
1403637159.938318968,23.0912
1403637159.98831892,24.0533
1403637160.038319111,23.9202
1403637160.088319063,22.0752
1403637160.138319016,25.2191
1403637160.188318968,25.5061
1403637160.23831892,23.7993
1403637160.288319111,25.7981
1403637160.338319063,24.0358
1403637160.388319016,24.3011
1403637160.438318968,22.5774
1403637160.48831892,26.0227
1403637160.538319111,23.2053
1403637160.588319063,22.3518
1403637160.638319016,22.3627
1403637160.688318968,23.0499
1403637160.73831892,21.8835
1403637160.788319111,22.3259
1403637160.838319063,24.475
1403637160.888319016,23.7253
1403637160.938318968,21.924
1403637160.98831892,22.8396
1403637161.038319111,24.8695
1403637161.088319063,27.0954
1403637161.138319016,25.558
1403637161.188318968,24.8173
1403637161.23831892,24.8532
1403637161.288319111,22.2444
1403637161.338319063,25.2215
1403637161.388319016,22.6683
1403637161.438318968,22.031
1403637161.48831892,24.9325
1403637161.538319111,23.8717
1403637161.588319063,21.7533
1403637161.638319016,23.9476
1403637161.688318968,24.8016
1403637161.73831892,25.8756
1403637161.788319111,21.0864
1403637161.838319063,24.2617
1403637161.888319016,24.9597
1403637161.938318968,21.2414
1403637161.98831892,21.165
1403637162.038319111,24.3213
1403637162.088319063,22.0024
1403637162.138319016,24.2818
1403637162.188318968,21.2277
1403637162.23831892,22.0206
1403637162.288319111,22.2596
1403637162.338319063,25.5768
1403637162.388319016,26.127
1403637162.438318968,23.8282
1403637162.48831892,23.4833
1403637162.538319111,22.8223
1403637162.588319063,24.2576
1403637162.638319016,25.5212
1403637162.688318968,22.7983
1403637162.73831892,23.0559
1403637162.788319111,23.6253
1403637162.838319063,25.1314
1403637162.888319016,22.6848
1403637162.938318968,23.6244
1403637162.98831892,24.5312
1403637163.038319111,24.7492
1403637163.088319063,25.8494
1403637163.138319016,24.7976
1403637163.188318968,21.5321
1403637163.23831892,24.0536
1403637163.288319111,23.0601
1403637163.338319063,23.9576
1403637163.388319016,26.4244
1403637163.438318968,23.9869
1403637163.48831892,23.1405
1403637163.538319111,23.1608
1403637163.588319063,25.4734
1403637163.638319016,22.0601
1403637163.688318968,25.681
1403637163.73831892,22.4224
1403637163.788319111,25.4641
1403637163.838319063,23.0131
1403637163.888319016,25.2364
1403637163.938318968,25.7761
1403637163.98831892,24.2169
1403637164.038319111,25.023
1403637164.088319063,24.3232
1403637164.138319016,25.5697
1403637164.188318968,23.4376
1403637164.23831892,23.2859
1403637164.288319111,24.0728
1403637164.338319063,25.161
1403637164.388319016,26.2503
1403637164.438318968,23.5429
1403637164.48831892,23.1113
1403637164.538319111,26.3464
1403637164.588319063,22.5187
1403637164.638319016,23.8097
1403637164.688318968,23.1664
1403637164.73831892,24.09
1403637164.788319111,25.2253
1403637164.838319063,24.239
1403637164.888319016,24.0701
1403637164.938318968,23.7308
1403637164.98831892,23.884
1403637165.038319111,23.912
1403637165.088319063,22.7969
1403637165.138319016,22.9704
1403637165.188318968,24.7679
1403637165.23831892,22.8464
1403637165.288319111,22.8688
1403637165.338319063,23.4754
1403637165.388319016,21.9453
1403637165.438318968,20.9165
1403637165.48831892,20.7726
1403637165.538319111,23.9672
1403637165.588319063,21.9379
1403637165.638319016,23.7979
1403637165.688318968,21.7771
1403637165.73831892,21.2108
1403637165.788319111,21.673
1403637165.838319063,22.817
1403637165.888319016,21.2797
1403637165.938318968,22.5324
1403637165.98831892,22.9877
1403637166.038319111,25.1589
1403637166.088319063,21.4813
1403637166.138319016,19.53
1403637166.188318968,23.9448
1403637166.23831892,23.6358
1403637166.288319111,24.0515
1403637166.338319063,22.0434
1403637166.388319016,23.6607
1403637166.438318968,24.5973
1403637166.48831892,21.7769
1403637166.538319111,21.587
1403637166.588319063,23.253
1403637166.638319016,24.9114
1403637166.688318968,22.3951
1403637166.73831892,22.2646
1403637166.788319111,24.4233
1403637166.838319063,25.5651
1403637166.888319016,23.0717
1403637166.938318968,24.0567
1403637166.98831892,25.8852
1403637167.038319111,23.8464
1403637167.088319063,25.4106
1403637167.138319016,21.5843
1403637167.188318968,24.9751
1403637167.23831892,22.9875
1403637167.288319111,24.2831
1403637167.338319063,24.7753
1403637167.388319016,20.9168
1403637167.438318968,24.6031
1403637167.48831892,23.1897
1403637167.538319111,22.1941
1403637167.588319063,24.2324
1403637167.638319016,24.0153
1403637167.688318968,23.2098
1403637167.73831892,25.7003
1403637167.788319111,25.3861
1403637167.838319063,25.8149
1403637167.888319016,24.4578
1403637167.938318968,26.2425
1403637167.98831892,24.818
1403637168.038319111,26.2563
1403637168.088319063,24.866
1403637168.138319016,27.4964
1403637168.188318968,25.3556
1403637168.23831892,26.7296
1403637168.288319111,20.5409
1403637168.338319063,26.2681
1403637168.388319016,26.746
1403637168.438318968,24.9087
1403637168.48831892,26.7784
1403637168.538319111,28.1354
1403637168.588319063,27.4948
1403637168.638319016,26.7477
1403637168.688318968,26.4596
1403637168.73831892,24.3612
1403637168.788319111,26.0452
1403637168.838319063,26.8181
1403637168.888319016,26.7244
1403637168.938318968,23.3532
1403637168.98831892,25.8667
1403637169.038319111,27.1089
1403637169.088319063,26.4954
1403637169.138319016,25.5618
1403637169.188318968,23.6827
1403637169.23831892,24.9233
1403637169.288319111,27.062
1403637169.338319063,26.8109
1403637169.388319016,27.0607
1403637169.438318968,27.4787
1403637169.48831892,26.1491
1403637169.538319111,28.6928
1403637169.588319063,26.615
1403637169.638319016,28.5765
1403637169.688318968,28.385
1403637169.73831892,23.5392
1403637169.788319111,26.9356
1403637169.838319063,25.3121
1403637169.888319016,26.3963
1403637169.938318968,28.2589
1403637169.98831892,25.7802
1403637170.038319111,24.8191
1403637170.088319063,21.2081
1403637170.138319016,24.5281
1403637170.188318968,21.2537
1403637170.23831892,23.7343
1403637170.288319111,22.5635
1403637170.338319063,23.7012
1403637170.388319016,22.3866
1403637170.438318968,22.0221
1403637170.48831892,23.8296
1403637170.538319111,23.9041
1403637170.588319063,21.6673
1403637170.638319016,21.7363
1403637170.688318968,21.6139
1403637170.73831892,24.3002
1403637170.788319111,20.0459
1403637170.838319063,22.3868
1403637170.888319016,23.0579
1403637170.938318968,24.8055
1403637170.98831892,22.361
1403637171.038319111,22.5462
1403637171.088319063,25.5255
1403637171.138319016,23.4953
1403637171.188318968,25.4549
1403637171.23831892,23.9697
1403637171.288319111,24.0783
1403637171.338319063,24.2539
1403637171.388319016,24.3983
1403637171.438318968,27.4363
1403637171.48831892,25.0542
1403637171.538319111,26.868
1403637171.588319063,25.4417
1403637171.638319016,24.7437
1403637171.688318968,27.7776
1403637171.73831892,27.5478
1403637171.788319111,26.1529
1403637171.838319063,24.5094
1403637171.888319016,23.4707
1403637171.938318968,27.3938
1403637171.98831892,24.5635
1403637172.038319111,26.316
1403637172.088319063,24.4328
1403637172.138319016,26.7992
1403637172.188318968,26.6036
1403637172.23831892,25.8733
1403637172.288319111,27.5644
1403637172.338319063,24.5817
1403637172.388319016,23.5812
1403637172.438318968,23.0094
1403637172.48831892,24.9191
1403637172.538319111,22.7266
1403637172.588319063,22.9113
1403637172.638319016,23.1727
1403637172.688318968,21.5049
1403637172.73831892,24.0502
1403637172.788319111,25.3612
1403637172.838319063,26.1488
1403637172.888319016,23.7425
1403637172.938318968,23.9375
1403637172.98831892,24.1321
1403637173.038319111,24.2972
1403637173.088319063,24.5122
1403637173.138319016,23.4103
1403637173.188318968,23.4943
1403637173.23831892,24.1278
1403637173.288319111,21.32
1403637173.338319063,21.0465
1403637173.388319016,22.4301
1403637173.438318968,23.5992
1403637173.48831892,23.7429
1403637173.538319111,23.8349
1403637173.588319063,23.9775
1403637173.638319016,21.1841
1403637173.688318968,21.8089
1403637173.73831892,22.4632
1403637173.788319111,25.6942
1403637173.838319063,21.8246
1403637173.888319016,21.9493
1403637173.938318968,21.795
1403637173.98831892,24.5729
1403637174.038319111,23.5748
1403637174.088319063,24.9312
1403637174.138319016,22.5587
1403637174.188318968,22.9036
1403637174.23831892,23.9891
1403637174.288319111,22.5115
1403637174.338319063,25.2597
1403637174.388319016,23.8408
1403637174.438318968,26.165
1403637174.48831892,25.8607
1403637174.538319111,23.7768
1403637174.588319063,23.0591
1403637174.638319016,23.3514
1403637174.688318968,26.8609
1403637174.73831892,24.1097
1403637174.788319111,24.8698
1403637174.838319063,25.8178
1403637174.888319016,26.9443
1403637174.938318968,28.1184
1403637174.98831892,24.0688
1403637175.038319111,26.4947
1403637175.088319063,24.3323
1403637175.138319016,26.6237
1403637175.188318968,27.175
1403637175.23831892,26.65
1403637175.288319111,27.4765
1403637175.338319063,24.0414
1403637175.388319016,26.632
1403637175.438318968,24.3924
1403637175.48831892,26.8271
1403637175.538319111,26.6719
1403637175.588319063,26.5005
1403637175.638319016,27.2555
1403637175.688318968,25.2451
1403637175.73831892,25.4759
1403637175.788319111,26.3386
1403637175.838319063,27.6192
1403637175.888319016,26.9155
1403637175.938318968,27.6922
1403637175.98831892,26.4838
1403637176.038319111,24.3809
1403637176.088319063,26.4647
1403637176.138319016,24.6399
1403637176.188318968,24.9511
1403637176.23831892,26.2463
1403637176.288319111,26.6958
1403637176.338319063,26.9061
1403637176.388319016,24.6408
1403637176.438318968,25.7319
1403637176.48831892,26.4537
1403637176.538319111,25.3753
1403637176.588319063,27.1594
1403637176.638319016,23.1771
1403637176.688318968,26.142
1403637176.73831892,24.5655
1403637176.788319111,23.8608
1403637176.838319063,26.3715
1403637176.888319016,26.3629
1403637176.938318968,26.0147
1403637176.98831892,24.5569
1403637177.038319111,26.1926
1403637177.088319063,24.6576
1403637177.138319016,25.6185
1403637177.188318968,24.6868
1403637177.23831892,27.1943
1403637177.288319111,24.4691
1403637177.338319063,23.2669
1403637177.388319016,25.3337
1403637177.438318968,27.4825
1403637177.48831892,25.7707
1403637177.538319111,24.2874
1403637177.588319063,26.064
1403637177.638319016,26.724
1403637177.688318968,24.3369
1403637177.73831892,24.1683
1403637177.788319111,24.0159
1403637177.838319063,24.3765
1403637177.888319016,26.9923
1403637177.938318968,24.9742
1403637177.98831892,23.4308
1403637178.038319111,23.8554
1403637178.088319063,24.1624
1403637178.138319016,23.3395
1403637178.188318968,22.3326
1403637178.23831892,23.4849
1403637178.288319111,22.8654
1403637178.338319063,25.684
1403637178.388319016,23.868
1403637178.438318968,23.1184
1403637178.48831892,21.9317
1403637178.538319111,24.3415
1403637178.588319063,23.2546
1403637178.638319016,22.9634
1403637178.688318968,22.9024
1403637178.73831892,23.3696
1403637178.788319111,26.4957
1403637178.838319063,24.519
1403637178.888319016,23.1516
1403637178.938318968,25.4728
1403637178.98831892,23.8485
1403637179.038319111,24.3761
1403637179.088319063,24.5986
1403637179.138319016,23.3431
1403637179.188318968,22.449
1403637179.23831892,23.7624
1403637179.288319111,24.5676
1403637179.338319063,25.2977
1403637179.388319016,19.4259
1403637179.438318968,24.4151
1403637179.48831892,25.906
1403637179.538319111,25.6684
1403637179.588319063,22.3614
1403637179.638319016,23.5643
1403637179.688318968,24.6542
1403637179.73831892,23.2681
1403637179.788319111,24.1714
1403637179.838319063,25.4756
1403637179.888319016,23.8631
1403637179.938318968,23.9763
1403637179.98831892,24.1854
1403637180.038319111,22.3401
1403637180.088319063,22.0894
1403637180.138319016,24.6755
1403637180.188318968,21.8201
1403637180.23831892,25.2215
1403637180.288319111,25.3097
1403637180.338319063,25.9528
1403637180.388319016,25.1421
1403637180.438318968,24.9643
1403637180.48831892,22.8221
1403637180.538319111,27.047
1403637180.588319063,23.3605
1403637180.638319016,25.2238
1403637180.688318968,25.1519
1403637180.73831892,22.6315
1403637180.788319111,22.8422
1403637180.838319063,22.7832
1403637180.888319016,25.0104
1403637180.938318968,22.8237
1403637180.98831892,25.3537
1403637181.038319111,25.574
1403637181.088319063,22.8415
1403637181.138319016,25.598
1403637181.188318968,22.9225
1403637181.23831892,23.1492
1403637181.288319111,20.7127
1403637181.338319063,22.7986
1403637181.388319016,23.7084
1403637181.438318968,25.5472
1403637181.48831892,24.6319
1403637181.538319111,26.1125
1403637181.588319063,26.7311
1403637181.638319016,27.0656
1403637181.688318968,25.6266
1403637181.73831892,26.9074
1403637181.788319111,25.9464
1403637181.838319063,25.7752
1403637181.888319016,25.1741
1403637181.938318968,21.8845
1403637181.98831892,24.7967
1403637182.038319111,25.2397
1403637182.088319063,24.1724
1403637182.138319016,24.0271
1403637182.188318968,23.9689
1403637182.23831892,22.7995
1403637182.288319111,25.759
1403637182.338319063,26.691
1403637182.388319016,24.3104
1403637182.438318968,23.4375
1403637182.48831892,25.7166
1403637182.538319111,27.2518
1403637182.588319063,25.9293
1403637182.638319016,24.9851
1403637182.688318968,25.9653
1403637182.73831892,22.3208
1403637182.788319111,25.2381
1403637182.838319063,27.2375
1403637182.888319016,25.3169
1403637182.938318968,22.4849
1403637182.98831892,25.9485
1403637183.038319111,24.5005
1403637183.088319063,24.2834
1403637183.138319016,26.0551
1403637183.188318968,25.2487
1403637183.23831892,24.7983
1403637183.288319111,24.7294
1403637183.338319063,27.0823
1403637183.388319016,25.7691
1403637183.438318968,21.1796
1403637183.48831892,25.6734
1403637183.538319111,26.4123
1403637183.588319063,23.6845
1403637183.638319016,24.7815
1403637183.688318968,25.3492
1403637183.73831892,24.216
1403637183.788319111,26.2617
1403637183.838319063,24.3395
1403637183.888319016,24.9553
1403637183.938318968,27.2043
1403637183.98831892,26.6898
1403637184.038319111,23.5512
1403637184.088319063,27.0672
1403637184.138319016,25.4099
1403637184.188318968,26.5292
1403637184.23831892,23.5581
1403637184.288319111,27.3065
1403637184.338319063,25.6321
1403637184.388319016,24.0636
1403637184.438318968,23.8625
1403637184.48831892,27.5096
1403637184.538319111,26.2475
1403637184.588319063,26.9372
1403637184.638319016,27.8791
1403637184.688318968,26.4138
1403637184.73831892,25.3795
1403637184.788319111,27.6766
1403637184.838319063,29.0245
1403637184.888319016,27.2431
1403637184.938318968,27.4345
1403637184.98831892,25.935
1403637185.038319111,27.6998
1403637185.088319063,24.5464
1403637185.138319016,25.5112
1403637185.188318968,25.6466
1403637185.23831892,27.4486
1403637185.288319111,27.6382
1403637185.338319063,27.7693
1403637185.388319016,27.6237
1403637185.438318968,24.1521
1403637185.48831892,27.6861
1403637185.538319111,23.1703
1403637185.588319063,27.3966
1403637185.638319016,25.8643
1403637185.688318968,26.0901
1403637185.73831892,25.8477
1403637185.788319111,26.3664
1403637185.838319063,28.4624
1403637185.888319016,24.1117
1403637185.938318968,27.5271
1403637185.98831892,25.0287
1403637186.038319111,25.9819
1403637186.088319063,28.6637
1403637186.138319016,27.6389
1403637186.188318968,28.7327
1403637186.23831892,30.1858
1403637186.288319111,26.602
1403637186.338319063,28.7189
1403637186.388319016,27.1801
1403637186.438318968,25.5142
1403637186.48831892,27.3873
1403637186.538319111,25.5226
1403637186.588319063,28.1655
1403637186.638319016,27.1267
1403637186.688318968,26.7451
1403637186.73831892,25.9884
1403637186.788319111,27.8919
1403637186.838319063,29.1307
1403637186.888319016,27.9713
1403637186.938318968,26.3268
1403637186.98831892,27.82
1403637187.038319111,26.2288
1403637187.088319063,27.1414
1403637187.138319016,25.9386
1403637187.188318968,27.6869
1403637187.23831892,25.5808
1403637187.288319111,27.9883
1403637187.338319063,24.3339
1403637187.388319016,27.4852
1403637187.438318968,28.3657
1403637187.48831892,26.9325
1403637187.538319111,27.8608
1403637187.588319063,28.5373
1403637187.638319016,25.5454
1403637187.688318968,27.2955
1403637187.73831892,26.249
1403637187.788319111,25.8338
1403637187.838319063,27.1942
1403637187.888319016,26.8173
1403637187.938318968,26.895
1403637187.98831892,23.3589
1403637188.038319111,23.5993
1403637188.088319063,27.3068
1403637188.138319016,24.0224
1403637188.188318968,23.8907
1403637188.23831892,26.4892
1403637188.288319111,24.7866
1403637188.338319063,24.1948
1403637188.388319016,25.7825
1403637188.438318968,24.5762
1403637188.48831892,24.7836
1403637188.538319111,25.4538
1403637188.588319063,26.4638
1403637188.638319016,23.7229
1403637188.688318968,26.9272
1403637188.73831892,23.4121
1403637188.788319111,23.9466
1403637188.838319063,26.4743
1403637188.888319016,22.3288
1403637188.938318968,23.2739
1403637188.98831892,25.992
1403637189.038319111,23.7808
1403637189.088319063,24.144
1403637189.138319016,25.754
1403637189.188318968,26.6348
1403637189.23831892,26.8804
1403637189.288319111,26.4768
1403637189.338319063,27.7719
1403637189.388319016,26.4067
1403637189.438318968,25.0632
1403637189.48831892,24.9898
1403637189.538319111,22.61
1403637189.588319063,25.9999
1403637189.638319016,26.215
1403637189.688318968,26.3983
1403637189.73831892,25.2296
1403637189.788319111,27.2224
1403637189.838319063,24.6898
1403637189.888319016,24.6792
1403637189.938318968,26.9204
1403637189.98831892,25.9667
1403637190.038319111,23.301
1403637190.088319063,27.1368
1403637190.138319016,27.0569
1403637190.188318968,28.8322
1403637190.23831892,24.8694
1403637190.288319111,23.9916
1403637190.338319063,27.3845
1403637190.388319016,23.7105
1403637190.438318968,23.833
1403637190.48831892,25.6165
1403637190.538319111,24.0773
1403637190.588319063,22.5583
1403637190.638319016,24.2216
1403637190.688318968,25.2147
1403637190.73831892,25.4658
1403637190.788319111,26.4631
1403637190.838319063,23.4078
1403637190.888319016,23.2411
1403637190.938318968,25.5849
1403637190.98831892,26.8435
1403637191.038319111,25.8991
1403637191.088319063,24.2714
1403637191.138319016,24.3107
1403637191.188318968,25.4387
1403637191.23831892,26.782
1403637191.288319111,24.74
1403637191.338319063,23.7689
1403637191.388319016,25.1524
1403637191.438318968,26.1496
1403637191.48831892,24.2149
1403637191.538319111,23.6602
1403637191.588319063,20.9287
1403637191.638319016,22.1289
1403637191.688318968,22.9531
1403637191.73831892,22.8395
1403637191.788319111,20.7114
1403637191.838319063,24.829
1403637191.888319016,24.779
1403637191.938318968,22.7937
1403637191.98831892,20.9036
1403637192.038319111,23.2675
1403637192.088319063,23.3809
1403637192.138319016,24.8436
1403637192.188318968,23.8198
1403637192.23831892,24.3706
1403637192.288319111,23.1992
1403637192.338319063,25.5937
1403637192.388319016,25.4082
1403637192.438318968,25.278
1403637192.48831892,24.2937
1403637192.538319111,25.4283
1403637192.588319063,23.9999
1403637192.638319016,25.5343
1403637192.688318968,24.2455
1403637192.73831892,24.3543
1403637192.788319111,23.3713
1403637192.838319063,24.0714
1403637192.888319016,23.9868
1403637192.938318968,23.5931
1403637192.98831892,26.3577
1403637193.038319111,24.2283
1403637193.088319063,25.6765
1403637193.138319016,24.4637
1403637193.188318968,23.709
1403637193.23831892,26.7869
1403637193.288319111,24.3378
1403637193.338319063,25.6706
1403637193.388319016,23.5305
1403637193.438318968,25.8708
1403637193.48831892,24.1502
1403637193.538319111,22.7143
1403637193.588319063,24.8226
1403637193.638319016,23.6948
1403637193.688318968,26.4277
1403637193.73831892,24.8339
1403637193.788319111,22.9125
1403637193.838319063,25.3333
1403637193.888319016,23.1281
1403637193.938318968,23.4435
1403637193.98831892,25.5981
1403637194.038319111,24.8012
1403637194.088319063,22.5526
1403637194.138319016,22.5322
1403637194.188318968,24.8665
1403637194.23831892,24.477
1403637194.288319111,25.4057
1403637194.338319063,23.3743
1403637194.388319016,25.1179
1403637194.438318968,24.8054
1403637194.48831892,22.151
1403637194.538319111,22.6276
1403637194.588319063,24.5638
1403637194.638319016,24.9213
1403637194.688318968,25.0506
1403637194.73831892,25.9884
1403637194.788319111,25.801
1403637194.838319063,23.6065
1403637194.888319016,22.9114
1403637194.938318968,25.0356
1403637194.98831892,23.0976
1403637195.038319111,25.0049
1403637195.088319063,23.7143
1403637195.138319016,24.9876
1403637195.188318968,24.8714
1403637195.23831892,24.0372
1403637195.288319111,25.1499
1403637195.338319063,24.7634
1403637195.388319016,22.2714
1403637195.438318968,25.3443
1403637195.48831892,20.8754
1403637195.538319111,23.1123
1403637195.588319063,25.7111
1403637195.638319016,24.6656
1403637195.688318968,23.3213
1403637195.73831892,25.7362
1403637195.788319111,24.4869
1403637195.838319063,24.6842
1403637195.888319016,22.2898
1403637195.938318968,25.1859
1403637195.98831892,21.7774
1403637196.038319111,23.9285
1403637196.088319063,24.3051
1403637196.138319016,22.357
1403637196.188318968,23.3523
1403637196.23831892,22.2098
1403637196.288319111,22.1212
1403637196.338319063,22.0614
1403637196.388319016,21.2572
1403637196.438318968,20.3957
1403637196.48831892,24.2683
1403637196.538319111,22.2367
1403637196.588319063,22.5732
1403637196.638319016,21.4245
1403637196.688318968,21.5592
1403637196.73831892,21.5123
1403637196.788319111,24.0432
1403637196.838319063,19.3358
1403637196.888319016,23.4678
1403637196.938318968,23.2612
1403637196.98831892,25.1487
1403637197.038319111,22.6779
1403637197.088319063,24.6107
1403637197.138319016,23.7453
1403637197.188318968,21.7996
1403637197.23831892,24.8147
1403637197.288319111,25.6371
1403637197.338319063,23.4386
1403637197.388319016,24.6781
1403637197.438318968,23.384
1403637197.48831892,23.9418
1403637197.538319111,23.0176
1403637197.588319063,25.7514
1403637197.638319016,25.6198
1403637197.688318968,25.5087
1403637197.73831892,24.9295
1403637197.788319111,26.9083
1403637197.838319063,25.4315
1403637197.888319016,23.8236
1403637197.938318968,24.9329
1403637197.98831892,23.0108
1403637198.038319111,25.8789
1403637198.088319063,24.0505
1403637198.138319016,24.0138
1403637198.188318968,26.4845
1403637198.23831892,24.5549
1403637198.288319111,25.3945
1403637198.338319063,23.4189
1403637198.388319016,25.7806
1403637198.438318968,21.4782
1403637198.48831892,22.9189
1403637198.538319111,23.58
1403637198.588319063,24.2539
1403637198.638319016,24.1531
1403637198.688318968,23.8548
1403637198.73831892,22.1654
1403637198.788319111,23.2416
1403637198.838319063,22.5472
1403637198.888319016,24.8411
1403637198.938318968,21.9958
1403637198.98831892,23.8557
1403637199.038319111,23.9791
1403637199.088319063,21.2994
1403637199.138319016,22.7416
1403637199.188318968,25.0615
1403637199.23831892,25.4756
1403637199.288319111,22.5152
1403637199.338319063,23.1982
1403637199.388319016,25.474
1403637199.438318968,22.1551
1403637199.48831892,24.9716
1403637199.538319111,22.2041
1403637199.588319063,21.5833
1403637199.638319016,25.0834
1403637199.688318968,23.3603
1403637199.73831892,24.6826
1403637199.788319111,22.6218
1403637199.838319063,23.2152
1403637199.888319016,23.7572
1403637199.938318968,22.6681
1403637199.98831892,24.8071
1403637200.038319111,22.0683
1403637200.088319063,23.3693
1403637200.138319016,22.9802
1403637200.188318968,23.3994
1403637200.23831892,21.4243
1403637200.288319111,20.1242
1403637200.338319063,22.08
1403637200.388319016,20.7833
1403637200.438318968,21.304
1403637200.48831892,24.4101
1403637200.538319111,21.9372
1403637200.588319063,24.5943
1403637200.638319016,23.3423
1403637200.688318968,22.9633
1403637200.73831892,24.1757
1403637200.788319111,25.2852
1403637200.838319063,22.3115
1403637200.888319016,24.9669
1403637200.938318968,26.6604
1403637200.98831892,23.8768
1403637201.038319111,23.8813
1403637201.088319063,26.9159
1403637201.138319016,23.2977
1403637201.188318968,24.165
1403637201.23831892,23.7768
1403637201.288319111,25.772
1403637201.338319063,26.9951
1403637201.388319016,24.2728
1403637201.438318968,25.5472
1403637201.48831892,23.0639
1403637201.538319111,26.7695
1403637201.588319063,26.9886
1403637201.638319016,22.9978
1403637201.688318968,23.2968
1403637201.73831892,24.1653
1403637201.788319111,23.8516
1403637201.838319063,24.5366
1403637201.888319016,25.0687
1403637201.938318968,25.0436
1403637201.98831892,26.1537
1403637202.038319111,25.5361
1403637202.088319063,25.2931
1403637202.138319016,25.2002
1403637202.188318968,27.2751
1403637202.23831892,24.4729
1403637202.288319111,24.6742
1403637202.338319063,25.534
1403637202.388319016,24.2796
1403637202.438318968,25.2802
1403637202.48831892,24.9619
1403637202.538319111,28.3044
1403637202.588319063,26.6028
1403637202.638319016,25.7251
1403637202.688318968,27.3097
1403637202.73831892,26.7063
1403637202.788319111,25.8321
1403637202.838319063,26.6358
1403637202.888319016,25.0352
1403637202.938318968,27.7174
1403637202.98831892,25.2629
1403637203.038319111,26.7673
1403637203.088319063,26.0412
1403637203.138319016,25.9326
1403637203.188318968,28.1819
1403637203.23831892,26.8042
1403637203.288319111,25.7777
1403637203.338319063,28.8037
1403637203.388319016,28.2749
1403637203.438318968,26.3377
1403637203.48831892,26.5935
1403637203.538319111,26.5404
1403637203.588319063,28.8219
1403637203.638319016,27.1154
1403637203.688318968,27.2358
1403637203.73831892,28.0198
1403637203.788319111,29.1364
1403637203.838319063,28.5068
1403637203.888319016,28.3996
1403637203.938318968,29.0222
1403637203.98831892,27.3555
1403637204.038319111,26.3853
1403637204.088319063,25.9039
1403637204.138319016,26.3664
1403637204.188318968,26.9114
1403637204.23831892,27.796
1403637204.288319111,27.3477
1403637204.338319063,28.0648
1403637204.388319016,25.9941
1403637204.438318968,26.1048
1403637204.48831892,29.0813
1403637204.538319111,26.3779
1403637204.588319063,26.7834
1403637204.638319016,26.5428
1403637204.688318968,26.6771
1403637204.73831892,27.3939
1403637204.788319111,29.385
1403637204.838319063,26.285
1403637204.888319016,27.5191
1403637204.938318968,27.0206
1403637204.98831892,26.8779
1403637205.038319111,29.7684
1403637205.088319063,29.5027
1403637205.138319016,26.2489
1403637205.188318968,29.2904
1403637205.23831892,27.3556
1403637205.288319111,27.0415
1403637205.338319063,27.2602
1403637205.388319016,29.1224
1403637205.438318968,29.8482
1403637205.48831892,26.184
1403637205.538319111,26.851
1403637205.588319063,28.9936
1403637205.638319016,25.5989
1403637205.688318968,28.3283
1403637205.73831892,29.6067
1403637205.788319111,28.4734
1403637205.838319063,27.4601
1403637205.888319016,27.0897
1403637205.938318968,28.8992
1403637205.98831892,27.0731
1403637206.038319111,28.7486
1403637206.088319063,29.4209
1403637206.138319016,29.6493
1403637206.188318968,28.956
1403637206.23831892,27.8905
1403637206.288319111,28.7908
1403637206.338319063,30.295
1403637206.388319016,28.7228
1403637206.438318968,29.4796
1403637206.48831892,30.0945
1403637206.538319111,28.938
1403637206.588319063,29.4199
1403637206.638319016,29.5992
1403637206.688318968,27.7012
1403637206.73831892,29.2533
1403637206.788319111,27.0953
1403637206.838319063,29.2538
1403637206.888319016,27.0886
1403637206.938318968,28.5165
1403637206.98831892,28.1642
1403637207.038319111,27.4944
1403637207.088319063,28.2292
1403637207.138319016,25.1273
1403637207.188318968,25.785
1403637207.23831892,28.7696
1403637207.288319111,26.9214
1403637207.338319063,29.8528
1403637207.388319016,29.6387
1403637207.438318968,28.3398
1403637207.48831892,26.7114
1403637207.538319111,27.4548
1403637207.588319063,28.4992
1403637207.638319016,26.0036
1403637207.688318968,26.0305
1403637207.73831892,28.5518
1403637207.788319111,26.5972
1403637207.838319063,29.3936
1403637207.888319016,28.5092
1403637207.938318968,27.1011
1403637207.98831892,26.8571
1403637208.038319111,28.1991
1403637208.088319063,28.8954
1403637208.138319016,27.3073
1403637208.188318968,30.1073
1403637208.23831892,29.2256
1403637208.288319111,26.4154
1403637208.338319063,28.6276
1403637208.388319016,27.006
1403637208.438318968,28.9501
1403637208.48831892,27.4672
1403637208.538319111,28.6781
1403637208.588319063,27.5113
1403637208.638319016,27.5456
1403637208.688318968,29.4196
1403637208.73831892,26.2175
1403637208.788319111,27.429
1403637208.838319063,26.1414
1403637208.888319016,29.8382
1403637208.938318968,27.4663
1403637208.98831892,28.6856
1403637209.038319111,28.6502
1403637209.088319063,30.0325
1403637209.138319016,26.5155
1403637209.188318968,28.8261
1403637209.23831892,27.0739
1403637209.288319111,26.7809
1403637209.338319063,28.5539
1403637209.388319016,26.0017
1403637209.438318968,29.1621
1403637209.48831892,29.1642
1403637209.538319111,27.3976
1403637209.588319063,28.2047
1403637209.638319016,26.5525
1403637209.688318968,28.1869
1403637209.73831892,25.589
1403637209.788319111,25.0244
1403637209.838319063,25.2277
1403637209.888319016,28.4485
1403637209.938318968,27.1176
1403637209.98831892,27.408
1403637210.038319111,26.0287
1403637210.088319063,27.4006
1403637210.138319016,27.4321
1403637210.188318968,24.3829
1403637210.23831892,27.0197
1403637210.288319111,26.7135
1403637210.338319063,24.5938
1403637210.388319016,27.4233
1403637210.438318968,25.0712
1403637210.48831892,25.9037
1403637210.538319111,24.1115
1403637210.588319063,28.4907
1403637210.638319016,24.9208
1403637210.688318968,23.7459
1403637210.73831892,26.7158
1403637210.788319111,24.8729
1403637210.838319063,25.1763
1403637210.888319016,25.519
1403637210.938318968,26.1491
1403637210.98831892,25.4802
1403637211.038319111,23.3562
1403637211.088319063,24.7696
1403637211.138319016,23.9099
1403637211.188318968,24.5489
1403637211.23831892,23.2518
1403637211.288319111,25.2841
1403637211.338319063,24.7383
1403637211.388319016,26.2793
1403637211.438318968,24.7836
1403637211.48831892,25.297
1403637211.538319111,23.4733
1403637211.588319063,25.0793
1403637211.638319016,24.4892
1403637211.688318968,23.6207
1403637211.73831892,24.3949
1403637211.788319111,22.7978
1403637211.838319063,22.6648
1403637211.888319016,23.2676
1403637211.938318968,24.8588
1403637211.98831892,24.0613
1403637212.038319111,21.4218
1403637212.088319063,22.2296
1403637212.138319016,21.9596
1403637212.188318968,19.8826
1403637212.23831892,25.2043
1403637212.288319111,21.2859
1403637212.338319063,24.5581
1403637212.388319016,22.7417
1403637212.438318968,21.4673
1403637212.48831892,20.4935
1403637212.538319111,24.1458
1403637212.588319063,24.3956
1403637212.638319016,22.6339
1403637212.688318968,20.7033
1403637212.73831892,21.422
1403637212.788319111,21.7639
1403637212.838319063,21.2925
1403637212.888319016,24.2122
1403637212.938318968,21.1244
1403637212.98831892,23.099
1403637213.038319111,21.0429
1403637213.088319063,21.2816
1403637213.138319016,21.7875
1403637213.188318968,25.3689
1403637213.23831892,25.0771
1403637213.288319111,23.3514
1403637213.338319063,21.3611
1403637213.388319016,21.5488
1403637213.438318968,21.3356
1403637213.48831892,22.2478
1403637213.538319111,21.9532
1403637213.588319063,22.7494
1403637213.638319016,21.6781
1403637213.688318968,21.1921
1403637213.73831892,23.8355
1403637213.788319111,23.3856
1403637213.838319063,23.6578
1403637213.888319016,23.5077
1403637213.938318968,24.7719
1403637213.98831892,21.5742
1403637214.038319111,20.6622
1403637214.088319063,21.2933
1403637214.138319016,20.7346
1403637214.188318968,22.6154
1403637214.23831892,22.5226
1403637214.288319111,22.426
1403637214.338319063,21.9927
1403637214.388319016,22.0684
1403637214.438318968,24.5993
1403637214.48831892,21.0213
1403637214.538319111,21.7623
1403637214.588319063,25.3283
1403637214.638319016,21.9787
1403637214.688318968,24.2977
1403637214.73831892,23.6395
1403637214.788319111,22.1964
1403637214.838319063,23.7894
1403637214.888319016,24.5074
1403637214.938318968,23.8786
1403637214.98831892,22.3226
1403637215.038319111,22.6954
1403637215.088319063,23.2037
1403637215.138319016,22.3768
1403637215.188318968,26.0811
1403637215.23831892,23.4206
1403637215.288319111,24.3269
1403637215.338319063,22.5568
1403637215.388319016,24.9257
1403637215.438318968,21.6895
1403637215.48831892,22.8243
1403637215.538319111,24.6793
1403637215.588319063,24.1292
1403637215.638319016,23.9358
1403637215.688318968,23.8211
1403637215.73831892,25.2537
1403637215.788319111,25.344
1403637215.838319063,23.9992
1403637215.888319016,22.0889
1403637215.938318968,22.1064
1403637215.98831892,25.9305
1403637216.038319111,26.0105
1403637216.088319063,24.7604
1403637216.138319016,25.47
1403637216.188318968,25.9431
1403637216.23831892,25.1374
1403637216.288319111,25.2282
1403637216.338319063,25.4464
1403637216.388319016,25.3449
1403637216.438318968,26.4992
1403637216.48831892,23.4773
1403637216.538319111,24.8368
1403637216.588319063,26.1499
1403637216.638319016,24.1342
1403637216.688318968,23.6596
1403637216.73831892,25.2264
1403637216.788319111,26.3005
1403637216.838319063,23.1363
1403637216.888319016,24.0071
1403637216.938318968,23.9768
1403637216.98831892,26.5585
1403637217.038319111,26.1491
1403637217.088319063,23.2507
1403637217.138319016,23.9323
1403637217.188318968,23.3067
1403637217.23831892,25.6089
1403637217.288319111,23.4744
1403637217.338319063,22.9351
1403637217.388319016,25.1496
1403637217.438318968,27.2035
1403637217.48831892,25.0585
1403637217.538319111,25.0913
1403637217.588319063,25.8523
1403637217.638319016,24.243
1403637217.688318968,24.8865
1403637217.73831892,25.8411
1403637217.788319111,25.193
1403637217.838319063,26.9647
1403637217.888319016,23.4536
1403637217.938318968,27.194
1403637217.98831892,23.5213
1403637218.038319111,25.1233
1403637218.088319063,26.6499
1403637218.138319016,27.0855
1403637218.188318968,23.4408
1403637218.23831892,25.9268
1403637218.288319111,25.6954
1403637218.338319063,24.7689
1403637218.388319016,25.5247
1403637218.438318968,26.4104
1403637218.48831892,23.8797
1403637218.538319111,22.0934
1403637218.588319063,25.1028
1403637218.638319016,24.3948
1403637218.688318968,26.2013
1403637218.73831892,24.9487
1403637218.788319111,23.2466
1403637218.838319063,25.5722
1403637218.888319016,25.0944
1403637218.938318968,24.5642
1403637218.98831892,24.3856
1403637219.038319111,24.4762
1403637219.088319063,25.3989
1403637219.138319016,25.678
1403637219.188318968,24.9075
1403637219.23831892,26.1682
1403637219.288319111,24.6268
1403637219.338319063,23.4888
1403637219.388319016,25.1561
1403637219.438318968,25.1779
1403637219.48831892,25.7343
1403637219.538319111,25.0723
1403637219.588319063,23.2029
1403637219.638319016,26.0934
1403637219.688318968,25.4816
1403637219.73831892,24.4472
1403637219.788319111,26.027
1403637219.838319063,27.6299
1403637219.888319016,23.7864
1403637219.938318968,26.5289
1403637219.98831892,25.2296
1403637220.038319111,25.7219
1403637220.088319063,26.9644
1403637220.138319016,24.8459
1403637220.188318968,27.5556
1403637220.23831892,27.73
1403637220.288319111,28.0225
1403637220.338319063,25.7051
1403637220.388319016,27.4948
1403637220.438318968,25.0478
1403637220.48831892,26.9002
1403637220.538319111,27.3657
1403637220.588319063,28.0423
1403637220.638319016,28.598
1403637220.688318968,25.9425
1403637220.73831892,26.3758
1403637220.788319111,25.3868
1403637220.838319063,24.2966
1403637220.888319016,26.7835
1403637220.938318968,24.0802
1403637220.98831892,24.3756
1403637221.038319111,23.2296
1403637221.088319063,24.2062
1403637221.138319016,24.0843
1403637221.188318968,26.2626
1403637221.23831892,23.1367
1403637221.288319111,26.308
1403637221.338319063,25.5439
1403637221.388319016,24.1635
1403637221.438318968,25.9419
1403637221.48831892,23.9001
1403637221.538319111,25.4798
1403637221.588319063,26.2342
1403637221.638319016,22.9546
1403637221.688318968,25.4503
1403637221.73831892,22.5401
1403637221.788319111,25.6649
1403637221.838319063,22.1448
1403637221.888319016,25.3736
1403637221.938318968,21.4604
1403637221.98831892,21.0155
1403637222.038319111,22.1017
1403637222.088319063,21.3185
1403637222.138319016,23.1212
1403637222.188318968,25.1207
1403637222.23831892,23.6582
1403637222.288319111,25.5448
1403637222.338319063,25.6679
1403637222.388319016,25.8736
1403637222.438318968,26.0509
1403637222.48831892,23.9365
1403637222.538319111,23.4164
1403637222.588319063,23.1237
1403637222.638319016,26.5487
1403637222.688318968,22.5732
1403637222.73831892,26.6428
1403637222.788319111,22.9714
1403637222.838319063,26.4342
1403637222.888319016,23.9853
1403637222.938318968,22.6729
1403637222.98831892,24.5764
1403637223.038319111,24.544
1403637223.088319063,25.6293
1403637223.138319016,23.3156
1403637223.188318968,26.3911
1403637223.23831892,22.4497
1403637223.288319111,23.8857
1403637223.338319063,25.5027
1403637223.388319016,25.4796
1403637223.438318968,24.4676
1403637223.48831892,27.3278
1403637223.538319111,26.8159
1403637223.588319063,24.3794
1403637223.638319016,24.344
1403637223.688318968,23.4268
1403637223.73831892,24.0049
1403637223.788319111,26.8886
1403637223.838319063,24.7572
1403637223.888319016,25.8611
1403637223.938318968,26.1081
1403637223.98831892,24.8134
1403637224.038319111,24.9074
1403637224.088319063,25.5786
1403637224.138319016,23.9314
1403637224.188318968,21.1792
1403637224.23831892,26.0569
1403637224.288319111,25.6069
1403637224.338319063,25.5119
1403637224.388319016,24.1316
1403637224.438318968,24.9332
1403637224.48831892,24.3877
1403637224.538319111,25.6473
1403637224.588319063,28.4113
1403637224.638319016,24.7454
1403637224.688318968,24.5379
1403637224.73831892,24.719
1403637224.788319111,27.4743
1403637224.838319063,27.2828
1403637224.888319016,27.3703
1403637224.938318968,23.904
1403637224.98831892,26.6946
1403637225.038319111,24.5555
1403637225.088319063,24.4887
1403637225.138319016,23.8295
1403637225.188318968,28.0562
1403637225.23831892,24.7074
1403637225.288319111,25.1226
1403637225.338319063,24.7577
1403637225.388319016,24.8935
1403637225.438318968,25.0715
1403637225.48831892,29.3051
1403637225.538319111,24.6403
1403637225.588319063,27.7366
1403637225.638319016,24.9431
1403637225.688318968,24.5814
1403637225.73831892,27.1408
1403637225.788319111,24.6329
1403637225.838319063,26.7723
1403637225.888319016,24.3684
1403637225.938318968,24.4671
1403637225.98831892,24.7863
1403637226.038319111,25.1446
1403637226.088319063,27.5993
1403637226.138319016,25.1842
1403637226.188318968,27.1601
1403637226.23831892,24.8845
1403637226.288319111,27.1105
1403637226.338319063,28.0021
1403637226.388319016,24.7454
1403637226.438318968,24.2557
1403637226.48831892,26.1829
1403637226.538319111,27.5789
1403637226.588319063,23.4282
1403637226.638319016,23.9153
1403637226.688318968,26.7199
1403637226.73831892,27.0208
1403637226.788319111,24.3591
1403637226.838319063,27.0532
1403637226.888319016,25.1256
1403637226.938318968,24.9478
1403637226.98831892,27.3362
1403637227.038319111,23.7878
1403637227.088319063,27.7768
1403637227.138319016,27.0978
1403637227.188318968,25.7777
1403637227.23831892,25.0134
1403637227.288319111,28.59
1403637227.338319063,25.0194
1403637227.388319016,24.8517
1403637227.438318968,29.0882
1403637227.48831892,25.3175
1403637227.538319111,28.0591
1403637227.588319063,27.458
1403637227.638319016,26.9191
1403637227.688318968,27.6664
1403637227.73831892,25.1653
1403637227.788319111,23.9183
1403637227.838319063,27.6704
1403637227.888319016,24.5492
1403637227.938318968,27.1866
1403637227.98831892,27.4015
1403637228.038319111,27.5609
1403637228.088319063,27.1724
1403637228.138319016,25.1234
1403637228.188318968,28.1189
1403637228.23831892,24.3266
1403637228.288319111,25.4366
1403637228.338319063,27.7114
1403637228.388319016,25.0638
1403637228.438318968,25.4485
1403637228.48831892,25.5371
1403637228.538319111,25.4661
1403637228.588319063,24.7024
1403637228.638319016,26.4858
1403637228.688318968,28.3356
1403637228.73831892,24.7866
1403637228.788319111,25.8246
1403637228.838319063,26.7037
1403637228.888319016,28.7592
1403637228.938318968,25.4493
1403637228.98831892,27.6769
1403637229.038319111,24.931
1403637229.088319063,28.0312
1403637229.138319016,25.3228
1403637229.188318968,27.9094
1403637229.23831892,25.158
1403637229.288319111,25.0629
1403637229.338319063,28.0103
1403637229.388319016,27.1593
1403637229.438318968,27.6467
1403637229.48831892,27.5259
1403637229.538319111,24.7823
1403637229.588319063,26.5758
1403637229.638319016,24.4203
1403637229.688318968,24.2937
1403637229.73831892,26.8135
1403637229.788319111,27.8712
1403637229.838319063,28.7308
1403637229.888319016,27.188
1403637229.938318968,26.5226
1403637229.98831892,24.8144
1403637230.038319111,24.3893
1403637230.088319063,24.1977
1403637230.138319016,22.8939
1403637230.188318968,25.2574
1403637230.23831892,25.2735
1403637230.288319111,25.1938
1403637230.338319063,25.8882
1403637230.388319016,22.8752
1403637230.438318968,23.6284
1403637230.48831892,23.8853
1403637230.538319111,24.6974
1403637230.588319063,24.4229
1403637230.638319016,24.0128
1403637230.688318968,26.4647
1403637230.73831892,23.8653
1403637230.788319111,24.3849
1403637230.838319063,23.4413
1403637230.888319016,26.5113
1403637230.938318968,25.058
1403637230.98831892,24.2287
1403637231.038319111,24.5645
1403637231.088319063,27.0532
1403637231.138319016,27.4018
1403637231.188318968,25.4475
1403637231.23831892,23.7923
1403637231.288319111,23.8415
1403637231.338319063,26.4975
1403637231.388319016,26.2018
1403637231.438318968,23.9603
1403637231.48831892,25.2545
1403637231.538319111,24.448
1403637231.588319063,24.3381
1403637231.638319016,25.5702
1403637231.688318968,26.1121
1403637231.73831892,26.8888
1403637231.788319111,28.3101
1403637231.838319063,27.5274
1403637231.888319016,26.6202
1403637231.938318968,28.7474
1403637231.98831892,29.863
1403637232.038319111,27.6982
1403637232.088319063,27.171
1403637232.138319016,27.941
1403637232.188318968,27.0457
1403637232.23831892,27.0145
1403637232.288319111,27.2209
1403637232.338319063,25.9963
1403637232.388319016,27.1595
1403637232.438318968,28.7777
1403637232.48831892,28.9428
1403637232.538319111,29.5036
1403637232.588319063,27.7787
1403637232.638319016,26.3688
1403637232.688318968,28.1329
1403637232.73831892,26.8188
1403637232.788319111,29.0974
1403637232.838319063,28.2491
1403637232.888319016,28.6912
1403637232.938318968,28.0412
1403637232.98831892,26.3181
1403637233.038319111,28.4138
1403637233.088319063,25.7473
1403637233.138319016,25.9315
1403637233.188318968,24.9277
1403637233.23831892,24.8589
1403637233.288319111,26.1771
1403637233.338319063,25.008
1403637233.388319016,26.7738
1403637233.438318968,28.4271
1403637233.48831892,25.1281
1403637233.538319111,27.5916
1403637233.588319063,25.6908
1403637233.638319016,27.4476
1403637233.688318968,27.1234
1403637233.73831892,25.6587
1403637233.788319111,28.3303
1403637233.838319063,24.9949
1403637233.888319016,26.6873
1403637233.938318968,30.3943
1403637233.98831892,26.9668
1403637234.038319111,25.8892
1403637234.088319063,25.1777
1403637234.138319016,26.7711
1403637234.188318968,27.9947
1403637234.23831892,29.813
1403637234.288319111,27.1315
1403637234.338319063,27.7869
1403637234.388319016,28.0679
1403637234.438318968,26.6175
1403637234.48831892,21.8801
1403637234.538319111,26.2235
1403637234.588319063,27.5031
1403637234.638319016,26.2301
1403637234.688318968,27.3797
1403637234.73831892,26.7722
1403637234.788319111,24.6874
1403637234.838319063,23.778
1403637234.888319016,26.1244
1403637234.938318968,28.3926
1403637234.98831892,25.3753
1403637235.038319111,27.1185
1403637235.088319063,26.3052
1403637235.138319016,28.6991
1403637235.188318968,23.3932
1403637235.23831892,28.3155
1403637235.288319111,27.8708
1403637235.338319063,26.3928
1403637235.388319016,26.7302
1403637235.438318968,27.9912
1403637235.48831892,26.3595
1403637235.538319111,26.7624
1403637235.588319063,27.2767
1403637235.638319016,27.5691
1403637235.688318968,27.659
1403637235.73831892,24.0475
1403637235.788319111,27.9135
1403637235.838319063,26.7738
1403637235.888319016,23.4062
1403637235.938318968,24.5411
1403637235.98831892,26.9173
1403637236.038319111,24.0997
1403637236.088319063,25.6409
1403637236.138319016,26.4163
1403637236.188318968,27.5273
1403637236.23831892,25.8131
1403637236.288319111,24.6177
1403637236.338319063,25.4855
1403637236.388319016,25.2165
1403637236.438318968,23.5061
1403637236.48831892,25.2478
1403637236.538319111,24.2285
1403637236.588319063,26.7901
1403637236.638319016,21.8927
1403637236.688318968,24.0268
1403637236.73831892,25.8415
1403637236.788319111,24.4208
1403637236.838319063,22.3877
1403637236.888319016,25.0452
1403637236.938318968,22.3615
1403637236.98831892,25.9205
1403637237.038319111,22.9005
1403637237.088319063,23.6022
1403637237.138319016,23.6954
1403637237.188318968,23.7675
1403637237.23831892,23.0026
1403637237.288319111,25.9157
1403637237.338319063,23.7292
1403637237.388319016,25.9753
1403637237.438318968,22.948
1403637237.48831892,26.4818
1403637237.538319111,27.032
1403637237.588319063,23.4033
1403637237.638319016,26.5868
1403637237.688318968,23.3953
1403637237.73831892,23.2679
1403637237.788319111,23.8683
1403637237.838319063,24.8118
1403637237.888319016,23.0899
1403637237.938318968,23.6739
1403637237.98831892,22.8956
1403637238.038319111,26.7207
1403637238.088319063,24.7733
1403637238.138319016,25.7744
1403637238.188318968,25.2786
1403637238.23831892,26.2518
1403637238.288319111,23.2555
1403637238.338319063,23.1398
1403637238.388319016,23.5816
1403637238.438318968,24.3432
1403637238.48831892,23.6706
1403637238.538319111,24.0756
1403637238.588319063,25.5853
1403637238.638319016,24.1961
1403637238.688318968,26.4951
1403637238.73831892,25.5089
1403637238.788319111,25.0302
1403637238.838319063,24.9566
1403637238.888319016,27.2357
1403637238.938318968,26.0513
1403637238.98831892,26.6611
1403637239.038319111,25.3347
1403637239.088319063,25.9665
1403637239.138319016,26.8262
1403637239.188318968,29.519
1403637239.23831892,26.1751
1403637239.288319111,27.2584
1403637239.338319063,28.5482
1403637239.388319016,26.1178
1403637239.438318968,26.5381
1403637239.48831892,28.7848
1403637239.538319111,28.3098
1403637239.588319063,29.028
1403637239.638319016,28.1248
1403637239.688318968,27.2338
1403637239.73831892,27.0924
1403637239.788319111,29.2907
1403637239.838319063,27.4571
1403637239.888319016,26.4059
1403637239.938318968,26.9197
1403637239.98831892,27.0508
1403637240.038319111,25.7841
1403637240.088319063,27.5314
1403637240.138319016,25.5511
1403637240.188318968,26.2345
1403637240.23831892,25.5049
1403637240.288319111,25.8215
1403637240.338319063,25.2159
1403637240.388319016,26.8302
1403637240.438318968,25.7574
1403637240.48831892,26.0479
1403637240.538319111,25.4862
1403637240.588319063,27.1944
1403637240.638319016,25.8643
1403637240.688318968,26.38
1403637240.73831892,25.7283
1403637240.788319111,25.8593
1403637240.838319063,26.072
1403637240.888319016,26.5349
1403637240.938318968,26.0409
1403637240.98831892,27.5653
1403637241.038319111,26.3204
1403637241.088319063,27.5713
1403637241.138319016,24.0144
1403637241.188318968,24.6012
1403637241.23831892,27.0065
1403637241.288319111,25.89
1403637241.338319063,24.5789
1403637241.388319016,22.6735
1403637241.438318968,24.7314
1403637241.48831892,26.1155
1403637241.538319111,26.4173
1403637241.588319063,25.3302
1403637241.638319016,26.2559
1403637241.688318968,24.7421
1403637241.73831892,25.3656
1403637241.788319111,24.9041
1403637241.838319063,24.1828
1403637241.888319016,23.735
1403637241.938318968,24.7526
1403637241.98831892,24.154
1403637242.038319111,24.7869
1403637242.088319063,23.8729
1403637242.138319016,23.7157
1403637242.188318968,27.5966
1403637242.23831892,25.5002
1403637242.288319111,24.6266
1403637242.338319063,23.7866
1403637242.388319016,26.3469
1403637242.438318968,21.1353
1403637242.48831892,26.487
1403637242.538319111,25.7305
1403637242.588319063,24.5302
1403637242.638319016,25.1326
1403637242.688318968,22.7693
1403637242.73831892,23.3271
1403637242.788319111,25.9263
1403637242.838319063,22.8522
1403637242.888319016,23.1808
1403637242.938318968,26.1216
1403637242.98831892,21.7861
1403637243.038319111,25.7474
1403637243.088319063,23.2789
1403637243.138319016,24.9614
1403637243.188318968,26.1693
1403637243.23831892,25.5576
1403637243.288319111,24.0484
1403637243.338319063,25.3499
1403637243.388319016,23.1824
1403637243.438318968,23.453
1403637243.48831892,23.5648
1403637243.538319111,27.1067
1403637243.588319063,24.5268
1403637243.638319016,23.3069
1403637243.688318968,22.9073
1403637243.73831892,22.7596
1403637243.788319111,22.9227
1403637243.838319063,22.8402
1403637243.888319016,24.5799
1403637243.938318968,26.5364
1403637243.98831892,25.0743
1403637244.038319111,26.3417
1403637244.088319063,25.7728
1403637244.138319016,24.5483
1403637244.188318968,22.8337
1403637244.23831892,24.1571
1403637244.288319111,24.5736
1403637244.338319063,24.162
1403637244.388319016,26.305
1403637244.438318968,27.8408
1403637244.48831892,27.3702
1403637244.538319111,24.6351
1403637244.588319063,26.9449
1403637244.638319016,27.1617
1403637244.688318968,25.5753
1403637244.73831892,26.832
1403637244.788319111,26.667
1403637244.838319063,24.759
1403637244.888319016,27.8566
1403637244.938318968,28.0839
1403637244.98831892,25.2165
1403637245.038319111,28.1899
1403637245.088319063,25.3936
1403637245.138319016,25.0974
1403637245.188318968,27.8104
1403637245.23831892,26.806
1403637245.288319111,25.708
1403637245.338319063,27.2027
1403637245.388319016,25.7403
1403637245.438318968,28.2208
1403637245.48831892,28.7615
1403637245.538319111,28.3041
1403637245.588319063,27.5691
1403637245.638319016,24.947
1403637245.688318968,25.0442
1403637245.73831892,27.2034
1403637245.788319111,27.2445
1403637245.838319063,23.6508
1403637245.888319016,25.7657
1403637245.938318968,26.197
1403637245.98831892,26.4526
1403637246.038319111,23.0765
1403637246.088319063,23.3145
1403637246.138319016,25.5504
1403637246.188318968,25.589
1403637246.23831892,25.5008
1403637246.288319111,25.1567
1403637246.338319063,23.2152
1403637246.388319016,23.6157
1403637246.438318968,23.9256
1403637246.48831892,23.7107
1403637246.538319111,19.8525
1403637246.588319063,24.1981
1403637246.638319016,24.1004
1403637246.688318968,22.1002
1403637246.73831892,24.6281
1403637246.788319111,21.2378
1403637246.838319063,24.061
1403637246.888319016,23.267
1403637246.938318968,22.2852
1403637246.98831892,24.0424
1403637247.038319111,25.2566
1403637247.088319063,24.7358
1403637247.138319016,24.3691
1403637247.188318968,24.4795
1403637247.23831892,27.4676
1403637247.288319111,27.7196
1403637247.338319063,26.492
1403637247.388319016,27.1849
1403637247.438318968,26.4017
1403637247.48831892,24.8533
1403637247.538319111,24.4141
1403637247.588319063,24.9618
1403637247.638319016,24.3089
1403637247.688318968,27.075
1403637247.73831892,24.7226
1403637247.788319111,23.7723
1403637247.838319063,26.0318
1403637247.888319016,25.3715
1403637247.938318968,21.5845
1403637247.98831892,26.2061
1403637248.038319111,24.7351
1403637248.088319063,24.6147
1403637248.138319016,25.7901
1403637248.188318968,24.7029
1403637248.23831892,24.9373
1403637248.288319111,23.9722
1403637248.338319063,24.8886
1403637248.388319016,26.5126
1403637248.438318968,25.7015
1403637248.48831892,25.4765
1403637248.538319111,25.7807
1403637248.588319063,28.7272
1403637248.638319016,28.9232
1403637248.688318968,28.1977
1403637248.73831892,25.9189
1403637248.788319111,25.4987
1403637248.838319063,26.2243
1403637248.888319016,28.2956
1403637248.938318968,28.3039
1403637248.98831892,26.0632
1403637249.038319111,25.7306
1403637249.088319063,28.1678
1403637249.138319016,29.0799
1403637249.188318968,26.5661
1403637249.23831892,26.8656
1403637249.288319111,27.2368
1403637249.338319063,25.5757
1403637249.388319016,25.7936
1403637249.438318968,28.2499
1403637249.48831892,28.7173
1403637249.538319111,25.7091
1403637249.588319063,29.0359
1403637249.638319016,27.0774
1403637249.688318968,27.2925
1403637249.73831892,25.2427
1403637249.788319111,26.9866
1403637249.838319063,27.208
1403637249.888319016,27.6446
1403637249.938318968,26.2136
1403637249.98831892,26.6848
1403637250.038319111,27.0475
1403637250.088319063,25.7018
1403637250.138319016,26.0538
1403637250.188318968,27.7837
1403637250.23831892,29.3399
1403637250.288319111,25.7337
1403637250.338319063,28.8644
1403637250.388319016,26.2991
1403637250.438318968,25.6611
1403637250.48831892,28.3601
1403637250.538319111,26.7057
1403637250.588319063,27.4137
1403637250.638319016,24.4252
1403637250.688318968,26.4452
1403637250.73831892,25.9797
1403637250.788319111,25.5857
1403637250.838319063,25.9669
1403637250.888319016,24.6461
1403637250.938318968,25.9305
1403637250.98831892,28.7187
1403637251.038319111,29.1208
1403637251.088319063,25.616
1403637251.138319016,25.9476
1403637251.188318968,27.407
1403637251.23831892,29.4347
1403637251.288319111,26.8949
1403637251.338319063,27.9885
1403637251.388319016,24.5347
1403637251.438318968,25.3702
1403637251.48831892,25.3541
1403637251.538319111,26.1469
1403637251.588319063,25.9815
1403637251.638319016,29.1321
1403637251.688318968,26.3816
1403637251.73831892,24.9756
1403637251.788319111,28.1288
1403637251.838319063,26.7361
1403637251.888319016,24.7823
1403637251.938318968,27.2634
1403637251.98831892,24.868
1403637252.038319111,23.979
1403637252.088319063,25.254
1403637252.138319016,27.9047
1403637252.188318968,27.3612
1403637252.23831892,27.3373
1403637252.288319111,24.7074
1403637252.338319063,27.2253
1403637252.388319016,26.2167
1403637252.438318968,24.2864
1403637252.48831892,25.5597
1403637252.538319111,25.3742
1403637252.588319063,27.7043
1403637252.638319016,28.1495
1403637252.688318968,27.2927
1403637252.73831892,26.0667
1403637252.788319111,25.1437
1403637252.838319063,25.6418
1403637252.888319016,25.8322
1403637252.938318968,28.5371
1403637252.98831892,27.061
1403637253.038319111,23.7111
1403637253.088319063,28.2387
1403637253.138319016,25.9453
1403637253.188318968,26.652
1403637253.23831892,27.207
1403637253.288319111,28.6513
1403637253.338319063,27.1359
1403637253.388319016,28.5728
1403637253.438318968,27.6429
1403637253.48831892,29.1038
1403637253.538319111,25.3909
1403637253.588319063,28.026
1403637253.638319016,26.6521
1403637253.688318968,29.5245
1403637253.73831892,29.5395
1403637253.788319111,28.913
1403637253.838319063,30.0001
1403637253.888319016,28.2555
1403637253.938318968,29.6857
1403637253.98831892,27.6636
1403637254.038319111,31.2433
1403637254.088319063,30.4887
1403637254.138319016,26.7659
1403637254.188318968,27.7845
1403637254.23831892,27.3472
1403637254.288319111,27.3602
1403637254.338319063,28.6389
1403637254.388319016,27.447
1403637254.438318968,25.9752
1403637254.48831892,28.5968
1403637254.538319111,26.6368
1403637254.588319063,26.446
1403637254.638319016,28.9599
1403637254.688318968,27.3467
1403637254.73831892,29.1864
1403637254.788319111,27.4761
1403637254.838319063,28.1408
1403637254.888319016,29.9094
1403637254.938318968,26.1614
1403637254.98831892,26.5349
1403637255.038319111,27.5255
1403637255.088319063,27.317
1403637255.138319016,26.8203
1403637255.188318968,28.6171
1403637255.23831892,26.1039
1403637255.288319111,25.841
1403637255.338319063,26.1587
1403637255.388319016,28.0504
1403637255.438318968,26.2272
1403637255.48831892,27.4792
1403637255.538319111,28.8776
1403637255.588319063,27.0739
1403637255.638319016,29.2857
1403637255.688318968,27.8338
1403637255.73831892,25.5507
1403637255.788319111,27.926
1403637255.838319063,25.9858
1403637255.888319016,27.9803
1403637255.938318968,26.5843
1403637255.98831892,25.8752
1403637256.038319111,27.1463
1403637256.088319063,28.7168
1403637256.138319016,26.9381
1403637256.188318968,25.2699
1403637256.23831892,25.37
1403637256.288319111,25.3295
1403637256.338319063,25.2806
1403637256.388319016,26.5357
1403637256.438318968,24.9881
1403637256.48831892,24.8883
1403637256.538319111,25.4274
1403637256.588319063,25.2755
1403637256.638319016,25.4579
1403637256.688318968,24.7773
1403637256.73831892,27.0254
1403637256.788319111,27.5539
1403637256.838319063,24.758
1403637256.888319016,26.8604
1403637256.938318968,26.5262
1403637256.98831892,23.7294
1403637257.038319111,24.1655
1403637257.088319063,25.3207
1403637257.138319016,23.2397
1403637257.188318968,22.8125
1403637257.23831892,22.1667
1403637257.288319111,24.6207
1403637257.338319063,22.8151
1403637257.388319016,24.4853
1403637257.438318968,23.2281
1403637257.48831892,24.7422
1403637257.538319111,24.4122
1403637257.588319063,23.6511
1403637257.638319016,23.3885
1403637257.688318968,24.6895
1403637257.73831892,22.9495
1403637257.788319111,22.1462
1403637257.838319063,20.7357
1403637257.888319016,25.6423
1403637257.938318968,25.2968
1403637257.98831892,22.2694
1403637258.038319111,24.1934
1403637258.088319063,21.837
1403637258.138319016,24.8802
1403637258.188318968,23.1605
1403637258.23831892,21.9773
1403637258.288319111,24.2924
1403637258.338319063,23.297
1403637258.388319016,22.4619
1403637258.438318968,24.275
1403637258.48831892,23.6441
1403637258.538319111,22.0593
1403637258.588319063,21.8077
1403637258.638319016,24.0402
1403637258.688318968,24.3306
1403637258.73831892,22.0699
1403637258.788319111,25.381
1403637258.838319063,21.7358
1403637258.888319016,24.1039
1403637258.938318968,22.0874
1403637258.98831892,22.8939
1403637259.038319111,21.7246
1403637259.088319063,22.4356
1403637259.138319016,21.4629
1403637259.188318968,22.5545
1403637259.23831892,20.3145
1403637259.288319111,23.2391
1403637259.338319063,22.1669
1403637259.388319016,23.5915
1403637259.438318968,21.4846
1403637259.48831892,24.4246
1403637259.538319111,20.9797
1403637259.588319063,20.9661
1403637259.638319016,21.2325
1403637259.688318968,21.2028
1403637259.73831892,19.9819
1403637259.788319111,23.1821
1403637259.838319063,20.6924
1403637259.888319016,22.5438
1403637259.938318968,22.7394
1403637259.98831892,22.9591
1403637260.038319111,20.3703
1403637260.088319063,23.1617
1403637260.138319016,22.8399
1403637260.188318968,20.8797
1403637260.23831892,19.8211
1403637260.288319111,19.9852
1403637260.338319063,20.0452
1403637260.388319016,22.6415
1403637260.438318968,19.6784
1403637260.48831892,19.3874
1403637260.538319111,20.5251
1403637260.588319063,18.383
1403637260.638319016,18.9811
1403637260.688318968,20.0117
1403637260.73831892,17.6164
1403637260.788319111,18.2047
1403637260.838319063,17.1848
1403637260.888319016,17.1285
1403637260.938318968,18.4639
1403637260.98831892,17.1933
1403637261.038319111,18.2561
1403637261.088319063,19.9446
1403637261.138319016,17.0415
1403637261.188318968,15.4802
1403637261.23831892,16.8136
1403637261.288319111,17.1226
1403637261.338319063,18.8001
1403637261.388319016,15.209
1403637261.438318968,18.7999
1403637261.48831892,14.466
1403637261.538319111,14.8077
1403637261.588319063,16.2798
1403637261.638319016,11.0532
1403637261.688318968,17.0264
1403637261.73831892,13.2055
1403637261.788319111,18.7595
1403637261.838319063,15.0731
1403637261.888319016,14.7584
1403637261.938318968,15.1057
1403637261.98831892,16.8659
1403637262.038319111,14.4497
1403637262.088319063,14.103
1403637262.138319016,18.5237
1403637262.188318968,14.1689
1403637262.23831892,13.7807
1403637262.288319111,16.1764
1403637262.338319063,14.543
1403637262.388319016,15.1337
1403637262.438318968,15.3019
1403637262.48831892,13.845
1403637262.538319111,14.601
1403637262.588319063,17.8251
1403637262.638319016,15.6141
1403637262.688318968,15.0865
1403637262.73831892,16.6118
1403637262.788319111,15.7787
1403637262.838319063,15.185
1403637262.888319016,15.2627
1403637262.938318968,14.8256
1403637262.98831892,14.1997
1403637263.038319111,16.5007
1403637263.088319063,15.4245
1403637263.138319016,15.2338
1403637263.188318968,16.5249
1403637263.23831892,15.0054
1403637263.288319111,17.5031
1403637263.338319063,14.313
1403637263.388319016,16.6619
1403637263.438318968,17.7301
1403637263.48831892,14.6953
1403637263.538319111,13.5194
1403637263.588319063,15.4405
1403637263.638319016,17.3039
1403637263.688318968,18.418
1403637263.73831892,15.2271
1403637263.788319111,15.2672
1403637263.838319063,14.6449
1403637263.888319016,17.0365
1403637263.938318968,14.3108
1403637263.98831892,14.614
1403637264.038319111,14.5036
1403637264.088319063,13.4922
1403637264.138319016,14.5403
1403637264.188318968,14.4787
1403637264.23831892,17.5096
1403637264.288319111,13.9634
1403637264.338319063,13.1877
1403637264.388319016,16.4453
1403637264.438318968,13.6027
1403637264.48831892,14.6886
1403637264.538319111,16.9891
1403637264.588319063,14.3099
1403637264.638319016,13.4084
1403637264.688318968,15.846
1403637264.73831892,16.425
1403637264.788319111,16.4243
1403637264.838319063,14.7854
1403637264.888319016,14.9218
1403637264.938318968,17.9789
1403637264.98831892,17.2218
1403637265.038319111,15.9512
1403637265.088319063,14.9813
1403637265.138319016,14.9108
1403637265.188318968,14.9807
1403637265.23831892,16.6576
1403637265.288319111,14.8659
1403637265.338319063,17.4705
1403637265.388319016,14.5637
1403637265.438318968,14.5269
1403637265.48831892,13.6483
