1403636579.813555479,0
1403636580.413555384,0
1403636581.013555527,16.8568
1403636581.613555431,18.8588
1403636582.213555574,20.3506
1403636582.813555479,24.7412
1403636583.413555384,28.3621
1403636584.013555527,30.1687
1403636584.613555431,33.8554
1403636585.213555574,42.3132
1403636585.813555479,43.6462
1403636586.413555384,44.5607
1403636587.013555527,47.4478
1403636587.613555431,53.9621
1403636588.213555574,56.6172
1403636588.813555479,61.3837
1403636589.413555384,61.741
1403636590.013555527,65.1725
1403636590.613555431,70.9401
1403636591.213555574,71.9686
1403636591.813555479,76.8021
1403636592.413555384,80.3689
1403636593.013555527,88.3421
1403636593.613555431,73.9746
1403636594.213555574,87.0633
1403636594.813555479,85.2925
1403636595.413555384,84.3129
1403636596.013555527,85.8846
1403636596.613555431,85.6118
1403636597.213555574,90.9192
1403636597.813555479,91.8779
1403636598.413555384,91.2632
1403636599.013555527,91.3193
1403636599.613555431,83.9058
1403636600.213555574,80.2881
1403636600.813555479,76.5771
1403636601.413555384,76.4995
1403636602.013555527,76.52
1403636602.613555431,74.9402
1403636603.213555574,74.4355
1403636603.813555479,75.2791
1403636604.413555384,116.392
1403636605.013555527,75.9437
1403636605.613555431,76.088
1403636606.213555574,84.9673
1403636606.813555479,80.9654
1403636607.413555384,85.498
1403636608.013555527,89.4353
1403636608.613555431,127.439
1403636609.213555574,95.7897
1403636609.813555479,100.001
1403636610.413555384,99.1073
1403636611.013555527,103.369
1403636611.613555431,104.918
1403636612.213555574,111.447
1403636612.813555479,111.382
1403636613.413555384,172.87
1403636614.013555527,111.466
1403636614.613555431,113.499
1403636615.213555574,126.445
1403636615.813555479,137.84
1403636616.413555384,153.162
1403636617.013555527,114.351
1403636617.613555431,113.515
1403636618.213555574,114.706
1403636618.813555479,113.163
1403636619.413555384,117.509
1403636620.013555527,117.653
1403636620.613555431,118.07
1403636621.213555574,116.423
1403636621.813555479,117.587
1403636622.413555384,116.583
1403636623.013555527,142.1
1403636623.613555431,129.07
1403636624.213555574,118.999
1403636624.813555479,115.592
1403636625.413555384,126.058
1403636626.013555527,132.532
1403636626.613555431,136.283
1403636627.213555574,133.227
1403636627.813555479,138.598
1403636628.413555384,140.022
1403636629.013555527,146.067
1403636629.613555431,136.015
1403636630.213555574,127.318
1403636630.813555479,127.108
1403636631.413555384,137.126
1403636632.013555527,139.1
1403636632.613555431,141.807
1403636633.213555574,149.754
1403636633.813555479,146.791
1403636634.413555384,148.405
1403636635.013555527,148.466
1403636635.613555431,147.802
1403636636.213555574,146.835
1403636636.813555479,147.177
1403636637.413555384,155.236
1403636638.013555527,150.778
1403636638.613555431,156.481
1403636639.213555574,156.877
1403636639.813555479,158.605
1403636640.413555384,158.621
1403636641.013555527,166.033
1403636641.613555431,170.156
1403636642.213555574,164.235
1403636642.813555479,166.694
1403636643.413555384,169.884
1403636644.013555527,166.521
1403636644.613555431,169.36
1403636645.213555574,171.943
1403636645.813555479,179.035
1403636646.413555384,175.1
1403636647.013555527,176.615
1403636647.613555431,174.438
1403636648.213555574,172.136
1403636648.813555479,170.079
1403636649.413555384,171.081
1403636650.013555527,178.197
1403636650.613555431,169.255
1403636651.213555574,171.439
1403636651.813555479,173.485
1403636652.413555384,166.952
1403636653.013555527,161.3
1403636653.613555431,165.757
1403636654.213555574,171.423
1403636654.813555479,162.595
1403636655.413555384,164.596
1403636656.013555527,161.423
1403636656.613555431,159.281
1403636657.213555574,158.04
1403636657.813555479,155.979
1403636658.413555384,161.429
1403636659.013555527,152.7
1403636659.613555431,145.04
1403636660.213555574,141.391
1403636660.813555479,136.116
1403636661.413555384,133.841
1403636662.013555527,137.072
1403636662.613555431,137.633
1403636663.213555574,136.367
1403636663.813555479,133.753
1403636664.413555384,138.137
1403636665.013555527,137.398
1403636665.613555431,140.855
1403636666.213555574,141.228
1403636666.813555479,141.088
1403636667.413555384,136.915
1403636668.013555527,138.757
1403636668.613555431,137.525
1403636669.213555574,134.347
1403636669.813555479,131.767
1403636670.413555384,135.223
1403636671.013555527,142.374
1403636671.613555431,141.615
1403636672.213555574,145.309
1403636672.813555479,144.19
1403636673.413555384,147.168
1403636674.013555527,151.768
1403636674.613555431,156.842
1403636675.213555574,161.408
1403636675.813555479,163.791
1403636676.413555384,162.447
1403636677.013555527,168.317
1403636677.613555431,170.132
1403636678.213555574,171.369
1403636678.813555479,172.716
1403636679.413555384,170.035
1403636680.013555527,175.415
1403636680.613555431,176.237
1403636681.213555574,176.801
1403636681.813555479,179.16
1403636682.413555384,178.229
1403636683.013555527,181.291
1403636683.613555431,185.653
1403636684.213555574,187.274
1403636684.813555479,189.298
1403636685.413555384,191.737
1403636686.013555527,191.81
1403636686.613555431,188.995
1403636687.213555574,190.233
1403636687.813555479,188.368
1403636688.413555384,188.761
1403636689.013555527,182.094
1403636689.613555431,181.98
1403636690.213555574,170.648
1403636690.813555479,163.616
1403636691.413555384,162.861
1403636692.013555527,158.837
1403636692.613555431,165.411
1403636693.213555574,160.248
1403636693.813555479,162.781
1403636694.413555384,162.636
1403636695.013555527,162.633
1403636695.613555431,163.068
1403636696.213555574,167.042
1403636696.813555479,170.596
1403636697.413555384,169.91
1403636698.013555527,171.905
1403636698.613555431,179.421
1403636699.213555574,182.88
1403636699.813555479,186.119
1403636700.413555384,189.343
1403636701.013555527,207.476
1403636701.613555431,206.505
1403636702.213555574,208.148
1403636702.813555479,205.639
1403636703.413555384,210.694
1403636704.013555527,210.92
1403636704.613555431,214.512
1403636705.213555574,215.438
1403636705.813555479,221.353
1403636706.413555384,225.962
1403636707.013555527,227.803
1403636707.613555431,223.041
1403636708.213555574,227.942
1403636708.813555479,227.48
1403636709.413555384,228.298
1403636710.013555527,236.891
1403636710.613555431,243.462
1403636711.213555574,237.77
1403636711.813555479,241.407
1403636712.413555384,244.541
1403636713.013555527,242.122
1403636713.613555431,238.904
1403636714.213555574,240.053
1403636714.813555479,222.392
1403636715.413555384,221.561
1403636716.013555527,231.879
1403636716.613555431,229.54
1403636717.213555574,232.191
1403636717.813555479,230.531
1403636718.413555384,230.177
1403636719.063555479,236.56
1403636719.663555384,235.639
1403636720.263555527,235.494
1403636720.863555431,233.286
1403636721.463555574,238.976
1403636722.063555479,240.428
1403636722.663555384,251.218
1403636723.263555527,257.648
1403636723.863555431,251.328
1403636724.463555574,250.728
1403636725.063555479,255.206
1403636725.663555384,256.012
1403636726.263555527,249.912
1403636726.863555431,250.903
1403636727.463555574,256.783
1403636728.113555431,259.43
1403636728.713555574,259.651
1403636729.313555479,265.178
1403636729.913555384,262.59
1403636730.513555527,265.875
1403636731.113555431,267.105
1403636731.713555574,272.971
1403636732.313555479,277.417
1403636732.913555384,276.226
1403636733.513555527,276.024
1403636734.113555431,288.162
1403636734.713555574,287.431
1403636735.313555479,292.509
1403636735.913555384,294.414
1403636736.513555527,291.02
1403636737.113555431,292.786
1403636737.713555574,286.04
1403636738.313555479,288.084
1403636738.913555384,285.16
1403636739.513555527,277.335
1403636740.113555431,277.934
1403636740.713555574,276.073
1403636741.313555479,279.409
1403636741.913555384,269.832
1403636742.513555527,271.597
1403636743.113555431,272.071
1403636743.713555574,270.292
1403636744.313555479,269.641
1403636744.913555384,265.516
1403636745.513555527,262.376
1403636746.113555431,258.413
1403636746.713555574,263.715
1403636747.313555479,259.15
1403636747.913555384,259.983
1403636748.513555527,260.326
1403636749.113555431,265.212
1403636749.713555574,266.282
1403636750.313555479,265.953
1403636750.913555384,267.166
1403636751.513555527,277.537
1403636752.113555431,279.461
1403636752.713555574,283.739
1403636753.313555479,281.555
1403636753.913555384,271.899
1403636754.513555527,274.035
1403636755.113555431,268.408
1403636755.713555574,260.447
1403636756.313555479,261.63
1403636756.913555384,259.061
1403636757.513555527,267.821
1403636758.113555431,262.029
1403636758.713555574,257.476
1403636759.313555479,249.992
1403636759.913555384,252.232
1403636760.513555527,251.371
1403636761.113555431,248.59
1403636761.713555574,244.056
1403636762.313555479,237.43
1403636762.913555384,235.451
1403636763.513555527,229.048
