1403636858.651666403,1.061
1403636858.701666594,1.182
1403636858.751666546,1.149
1403636858.801666498,1.186
1403636858.851666451,1.139
1403636858.901666403,1.129
1403636858.951666594,1.109
1403636859.001666546,1.146
1403636859.051666498,1.155
1403636859.101666451,1.117
1403636859.151666403,1.112
1403636859.201666594,1.097
1403636859.251666546,1.153
1403636859.301666498,1.139
1403636859.351666451,1.105
1403636859.401666403,1.148
1403636859.451666594,1.145
1403636859.501666546,1.124
1403636859.551666498,1.204
1403636859.601666451,1.137
1403636859.651666403,1.138
1403636859.701666594,1.104
1403636859.751666546,1.392
1403636859.801666498,1.04
1403636859.851666451,1.04
1403636859.901666403,1.153
1403636859.951666594,1.28
1403636860.001666546,1.136
1403636860.051666498,1.136
1403636860.101666451,1.076
1403636860.151666403,1.14
1403636860.201666594,1.698
1403636860.251666546,1.171
1403636860.301666498,1.204
1403636860.351666451,1.089
1403636860.401666403,1.119
1403636860.451666594,1.058
1403636860.501666546,1.122
1403636860.551666498,1.103
1403636860.601666451,1.171
1403636860.651666403,1.121
1403636860.701666594,1.178
1403636860.751666546,1.366
1403636860.801666498,1.102
1403636860.851666451,1.154
1403636860.901666403,1.075
1403636860.951666594,1.194
1403636861.001666546,1.117
1403636861.051666498,1.122
1403636861.101666451,1.151
1403636861.151666403,1.318
1403636861.201666594,1.084
1403636861.251666546,1.035
1403636861.301666498,1.132
1403636861.351666451,1.235
1403636861.401666403,1.191
1403636861.451666594,1.093
1403636861.501666546,1.072
1403636861.551666498,1.285
1403636861.601666451,1.122
1403636861.651666403,1.17
1403636861.701666594,1.108
1403636861.751666546,1.148
1403636861.801666498,1.595
1403636861.851666451,1.11
1403636861.901666403,1.109
1403636861.951666594,1.288
1403636862.001666546,1.131
1403636862.051666498,1.129
1403636862.101666451,1.118
1403636862.151666403,1.318
1403636862.201666594,1.158
1403636862.251666546,1.137
1403636862.301666498,1.14
1403636862.351666451,1.069
1403636862.401666403,1.096
1403636862.451666594,1.133
1403636862.501666546,1.201
1403636862.551666498,1.12
1403636862.601666451,1.199
1403636862.651666403,1.172
1403636862.701666594,1.131
1403636862.751666546,1.228
1403636862.801666498,1.225
1403636862.851666451,1.078
1403636862.901666403,1.147
1403636862.951666594,1.231
1403636863.001666546,1.148
1403636863.051666498,1.128
1403636863.101666451,1.129
1403636863.151666403,1.597
1403636863.201666594,1.136
1403636863.251666546,1.161
1403636863.301666498,1.082
1403636863.351666451,1.957
1403636863.401666403,1.748
1403636863.451666594,1.102
1403636863.501666546,1.064
1403636863.551666498,1.167
1403636863.601666451,1.256
1403636863.651666403,1.116
1403636863.701666594,1.062
1403636863.751666546,1.196
1403636863.801666498,1.047
1403636863.851666451,1.091
1403636863.901666403,1.105
1403636863.951666594,1.368
1403636864.001666546,1.335
1403636864.051666498,1.151
1403636864.101666451,1.143
1403636864.151666403,1.216
1403636864.201666594,1.303
1403636864.251666546,1.128
1403636864.301666498,1.204
1403636864.351666451,1.237
1403636864.401666403,1.181
1403636864.451666594,1.17
1403636864.501666546,1.195
1403636864.551666498,1.24
1403636864.601666451,1.257
1403636864.651666403,1.189
1403636864.701666594,1.118
1403636864.751666546,1.179
1403636864.801666498,1.151
1403636864.851666451,1.188
1403636864.901666403,1.13
1403636864.951666594,1.258
1403636865.001666546,1.574
1403636865.051666498,1.175
1403636865.101666451,1.077
1403636865.151666403,1.138
1403636865.201666594,1.17
1403636865.251666546,1.131
1403636865.301666498,1.003
1403636865.351666451,1.375
1403636865.401666403,1.139
1403636865.451666594,1.162
1403636865.501666546,1.226
1403636865.551666498,1.222
1403636865.601666451,1.23
1403636865.651666403,1.089
1403636865.701666594,1.187
1403636865.751666546,1.222
1403636865.801666498,1.254
1403636865.851666451,1.087
1403636865.901666403,1.168
1403636865.951666594,1.153
1403636866.001666546,1.259
1403636866.051666498,1.137
1403636866.101666451,1.134
1403636866.151666403,1.154
1403636866.201666594,1.267
1403636866.251666546,1.193
1403636866.301666498,1.135
1403636866.351666451,1.165
1403636866.401666403,1.219
1403636866.451666594,1.011
1403636866.501666546,1.271
1403636866.551666498,1.214
1403636866.601666451,2.346
1403636866.651666403,1.103
1403636866.701666594,1.138
1403636866.751666546,1.166
1403636866.801666498,1.244
1403636866.851666451,1.181
1403636866.901666403,1.072
1403636866.951666594,1.206
1403636867.001666546,1.214
1403636867.051666498,1.024
1403636867.101666451,1.024
1403636867.151666403,1.206
1403636867.201666594,1.298
1403636867.251666546,1.18
1403636867.301666498,1.136
1403636867.351666451,1.507
1403636867.401666403,1.597
1403636867.451666594,1.24
1403636867.501666546,1.188
1403636867.551666498,1.156
1403636867.601666451,1.272
1403636867.651666403,1.176
1403636867.701666594,1.045
1403636867.751666546,1.197
1403636867.801666498,1.079
1403636867.851666451,0.981
1403636867.901666403,1.124
1403636867.951666594,1.275
1403636868.001666546,0.999
1403636868.051666498,1.158
1403636868.101666451,1.139
1403636868.151666403,1.106
1403636868.201666594,1.86
1403636868.251666546,1.091
1403636868.301666498,1.338
1403636868.351666451,1.161
1403636868.401666403,1.196
1403636868.451666594,1.041
1403636868.501666546,1.072
1403636868.551666498,1.157
1403636868.601666451,1.16
1403636868.651666403,1.114
1403636868.701666594,1.185
1403636868.751666546,1.188
1403636868.801666498,1.106
1403636868.851666451,1.115
1403636868.901666403,1.18
1403636868.951666594,1.124
1403636869.001666546,1.088
1403636869.051666498,1.054
1403636869.101666451,1.389
1403636869.151666403,1.116
1403636869.201666594,1.125
1403636869.251666546,1.098
1403636869.301666498,1.136
1403636869.351666451,1.14
1403636869.401666403,1.106
1403636869.451666594,1.124
1403636869.501666546,1.103
1403636869.551666498,1.102
1403636869.601666451,1.066
1403636869.651666403,1.169
1403636869.701666594,1.091
1403636869.751666546,1.149
1403636869.801666498,1.733
1403636869.851666451,1.011
1403636869.901666403,1.093
1403636869.951666594,1.158
1403636870.001666546,1.118
1403636870.051666498,1.152
1403636870.101666451,1.193
1403636870.151666403,1.08
1403636870.201666594,1.081
1403636870.251666546,1.122
1403636870.301666498,1.127
1403636870.351666451,1.218
1403636870.401666403,1.172
1403636870.451666594,1.267
1403636870.501666546,1.282
1403636870.551666498,1.184
1403636870.601666451,1.081
1403636870.651666403,1.098
1403636870.701666594,1.198
1403636870.751666546,1.106
1403636870.801666498,1.172
1403636870.851666451,1.168
1403636870.901666403,1.081
1403636870.951666594,1.099
1403636871.001666546,1.149
1403636871.051666498,1.114
1403636871.101666451,1.439
1403636871.151666403,1.197
1403636871.201666594,1.235
1403636871.251666546,1.037
1403636871.301666498,1.131
1403636871.351666451,1.187
1403636871.401666403,1.507
1403636871.451666594,1.074
1403636871.501666546,1.251
1403636871.551666498,1.253
1403636871.601666451,1.101
1403636871.651666403,1.241
1403636871.701666594,1.061
1403636871.751666546,1.113
1403636871.801666498,1.131
1403636871.851666451,1.167
1403636871.901666403,1.214
1403636871.951666594,1.101
1403636872.001666546,0.926
1403636872.051666498,1.142
1403636872.101666451,1.21
1403636872.151666403,1.213
1403636872.201666594,1.087
1403636872.251666546,1.178
1403636872.301666498,1.174
1403636872.351666451,1.011
1403636872.401666403,1.163
1403636872.451666594,1.221
1403636872.501666546,1.169
1403636872.551666498,1.29
1403636872.601666451,1.223
1403636872.651666403,1.112
1403636872.701666594,1.307
1403636872.751666546,1.2
1403636872.801666498,1.169
1403636872.851666451,1.18
1403636872.901666403,1.197
1403636872.951666594,1.201
1403636873.001666546,2.072
1403636873.051666498,1.144
1403636873.101666451,1.139
1403636873.151666403,1.156
1403636873.201666594,1.129
1403636873.251666546,1.358
1403636873.301666498,1.159
1403636873.351666451,1.129
1403636873.401666403,1.134
1403636873.451666594,1.13
1403636873.501666546,1.214
1403636873.551666498,1.193
1403636873.601666451,1.139
1403636873.651666403,1.197
1403636873.701666594,1.155
1403636873.751666546,1.228
1403636873.801666498,1.09
1403636873.851666451,1.121
1403636873.901666403,1.245
1403636873.951666594,1.235
1403636874.001666546,1.198
1403636874.051666498,1.174
1403636874.101666451,1.203
1403636874.151666403,1.194
1403636874.201666594,1.124
1403636874.251666546,1.13
1403636874.301666498,1.433
1403636874.351666451,1.309
1403636874.401666403,1.076
1403636874.451666594,1.083
1403636874.501666546,1.151
1403636874.551666498,1.099
1403636874.601666451,1.468
1403636874.651666403,1.135
1403636874.701666594,1.044
1403636874.751666546,1.399
1403636874.801666498,1.182
1403636874.851666451,1.098
1403636874.901666403,1.337
1403636874.951666594,1.123
1403636875.001666546,1.116
1403636875.051666498,1.188
1403636875.101666451,1.552
1403636875.151666403,1.173
1403636875.201666594,1.163
1403636875.251666546,1.114
1403636875.301666498,1.125
1403636875.351666451,1.245
1403636875.401666403,1.224
1403636875.451666594,1.217
1403636875.501666546,1.217
1403636875.551666498,1.144
1403636875.601666451,1.125
1403636875.651666403,1.188
1403636875.701666594,1.277
1403636875.751666546,1.285
1403636875.801666498,1.106
1403636875.851666451,1.12
1403636875.901666403,1.2
1403636875.951666594,1.146
1403636876.001666546,1.027
1403636876.051666498,1.19
1403636876.101666451,1.147
1403636876.151666403,1.272
1403636876.201666594,1.72
1403636876.251666546,1.138
1403636876.301666498,1.291
1403636876.351666451,1.114
1403636876.401666403,1.114
1403636876.451666594,1.139
1403636876.501666546,1.282
1403636876.551666498,1.223
1403636876.601666451,1.157
1403636876.651666403,1.01
1403636876.701666594,1.287
1403636876.751666546,1.249
1403636876.801666498,1.148
1403636876.851666451,1.069
1403636876.901666403,1.171
1403636876.951666594,1.345
1403636877.001666546,1.282
1403636877.051666498,1.138
1403636877.101666451,1.199
1403636877.151666403,1.245
1403636877.201666594,1.178
1403636877.251666546,1.071
1403636877.301666498,1.174
1403636877.351666451,1.133
1403636877.401666403,1.116
1403636877.451666594,1.099
1403636877.501666546,1.282
1403636877.551666498,1.114
1403636877.601666451,1.151
1403636877.651666403,1.031
1403636877.701666594,1.092
1403636877.751666546,1.178
1403636877.801666498,1.572
1403636877.851666451,1.138
1403636877.901666403,1.211
1403636877.951666594,1.128
1403636878.001666546,1.177
1403636878.051666498,1.161
1403636878.101666451,1.208
1403636878.151666403,1.109
1403636878.201666594,1.168
1403636878.251666546,1.14
1403636878.301666498,1.129
1403636878.351666451,1.141
1403636878.401666403,1.144
1403636878.451666594,1.13
1403636878.501666546,1.233
1403636878.551666498,1.115
1403636878.601666451,1.123
1403636878.651666403,1.203
1403636878.701666594,1.227
1403636878.751666546,1.116
1403636878.801666498,1.123
1403636878.851666451,1.243
1403636878.901666403,1.234
1403636878.951666594,1.466
1403636879.001666546,1.132
1403636879.051666498,1.211
1403636879.101666451,1.187
1403636879.151666403,1.114
1403636879.201666594,1.144
1403636879.251666546,1.27
1403636879.301666498,1.142
1403636879.351666451,1.102
1403636879.401666403,2.236
1403636879.451666594,1.132
1403636879.501666546,1.138
1403636879.551666498,1.097
1403636879.601666451,1.132
1403636879.651666403,1.171
1403636879.701666594,1.098
1403636879.751666546,1.151
1403636879.801666498,1.053
1403636879.851666451,1.138
1403636879.901666403,1.236
1403636879.951666594,1.476
1403636880.001666546,1.103
1403636880.051666498,1.134
1403636880.101666451,1.157
1403636880.151666403,1.12
1403636880.201666594,1.102
1403636880.251666546,1.147
1403636880.301666498,1.231
1403636880.351666451,1.454
1403636880.401666403,1.078
1403636880.451666594,1.161
1403636880.501666546,1.194
1403636880.551666498,1.159
1403636880.601666451,1.172
1403636880.651666403,1.165
1403636880.701666594,1.041
1403636880.751666546,0.969
1403636880.801666498,1.17
1403636880.851666451,1.103
1403636880.901666403,1.186
1403636880.951666594,1.106
1403636881.001666546,1.659
1403636881.051666498,1.087
1403636881.101666451,1.081
1403636881.151666403,1.073
1403636881.201666594,1.123
1403636881.251666546,1.152
1403636881.301666498,1.255
1403636881.351666451,1.216
1403636881.401666403,1.128
1403636881.451666594,1.26
1403636881.501666546,1.217
1403636881.551666498,1.23
1403636881.601666451,1.121
1403636881.651666403,1.226
1403636881.701666594,1.215
1403636881.751666546,0.989
1403636881.801666498,1.154
1403636881.851666451,1.103
1403636881.901666403,1.179
1403636881.951666594,1.25
1403636882.001666546,0.971
1403636882.051666498,1.158
1403636882.101666451,1.194
1403636882.151666403,1.128
1403636882.201666594,1.1
1403636882.251666546,1.111
1403636882.301666498,1.232
1403636882.351666451,1.117
1403636882.401666403,1.113
1403636882.451666594,1.106
1403636882.501666546,0.973
1403636882.551666498,1.251
1403636882.601666451,1.689
1403636882.651666403,1.147
1403636882.701666594,1.222
1403636882.751666546,1.136
1403636882.801666498,1.055
1403636882.851666451,1.092
1403636882.901666403,1.227
1403636882.951666594,1.125
1403636883.001666546,1.117
1403636883.051666498,1.188
1403636883.101666451,1.205
1403636883.151666403,1.09
1403636883.201666594,1.192
1403636883.251666546,1.106
1403636883.301666498,1.171
1403636883.351666451,1.148
1403636883.401666403,1.085
1403636883.451666594,1.118
1403636883.501666546,1.348
1403636883.551666498,0.995
1403636883.601666451,1.089
1403636883.651666403,1.146
1403636883.701666594,1.156
1403636883.751666546,1.286
1403636883.801666498,1.16
1403636883.851666451,1.121
1403636883.901666403,1.137
1403636883.951666594,1.15
1403636884.001666546,1.139
1403636884.051666498,1.046
1403636884.101666451,1.405
1403636884.151666403,1.316
1403636884.201666594,1.464
1403636884.251666546,1.151
1403636884.301666498,1.206
1403636884.351666451,1.266
1403636884.401666403,1.197
1403636884.451666594,1.12
1403636884.501666546,1.189
1403636884.551666498,1.13
1403636884.601666451,1.128
1403636884.651666403,1.181
1403636884.701666594,1.257
1403636884.751666546,1.098
1403636884.801666498,1.11
1403636884.851666451,1.146
1403636884.901666403,1.27
1403636884.951666594,1.227
1403636885.001666546,1.12
1403636885.051666498,1.157
1403636885.101666451,1.153
1403636885.151666403,1.303
1403636885.201666594,1.125
1403636885.251666546,1.132
1403636885.301666498,1.119
1403636885.351666451,1.169
1403636885.401666403,1.129
1403636885.451666594,1.098
1403636885.501666546,1.217
1403636885.551666498,1.286
1403636885.601666451,1.077
1403636885.651666403,1.109
1403636885.701666594,1.221
1403636885.751666546,1.196
1403636885.801666498,2.084
1403636885.851666451,1.182
1403636885.901666403,1.138
1403636885.951666594,1.007
1403636886.001666546,1.099
1403636886.051666498,1.034
1403636886.101666451,1.168
1403636886.151666403,1.222
1403636886.201666594,1.158
1403636886.251666546,1.115
1403636886.301666498,1.443
1403636886.351666451,1.098
1403636886.401666403,1.122
1403636886.451666594,1.175
1403636886.501666546,1.245
1403636886.551666498,1.216
1403636886.601666451,1.14
1403636886.651666403,1.014
1403636886.701666594,1.173
1403636886.751666546,1.173
1403636886.801666498,1.077
1403636886.851666451,1.147
1403636886.901666403,1.277
1403636886.951666594,1.249
1403636887.001666546,1.052
1403636887.051666498,1.115
1403636887.101666451,1.218
1403636887.151666403,1.069
1403636887.201666594,1.082
1403636887.251666546,1.119
1403636887.301666498,1.104
1403636887.351666451,1.295
1403636887.401666403,1.569
1403636887.451666594,0.994
1403636887.501666546,1.138
1403636887.551666498,1.358
1403636887.601666451,1.097
1403636887.651666403,1.149
1403636887.701666594,1.242
1403636887.751666546,1.361
1403636887.801666498,1.147
1403636887.851666451,1.108
1403636887.901666403,1.682
1403636887.951666594,1.13
1403636888.001666546,1.106
1403636888.051666498,0.989
1403636888.101666451,1.159
1403636888.151666403,1.12
1403636888.201666594,1.099
1403636888.251666546,1.098
1403636888.301666498,0.976
1403636888.351666451,1.129
1403636888.401666403,1.109
1403636888.451666594,1.147
1403636888.501666546,1.12
1403636888.551666498,1.152
1403636888.601666451,1.116
1403636888.651666403,1.177
1403636888.701666594,1.357
1403636888.751666546,1.277
1403636888.801666498,1.105
1403636888.851666451,1.224
1403636888.901666403,1.47
1403636888.951666594,1.04
1403636889.001666546,1.584
1403636889.051666498,1.16
1403636889.101666451,1.07
1403636889.151666403,1.075
1403636889.201666594,1.134
1403636889.251666546,1.154
1403636889.301666498,1.292
1403636889.351666451,1.289
1403636889.401666403,1.109
1403636889.451666594,1.146
1403636889.501666546,1.123
1403636889.551666498,1.126
1403636889.601666451,1.148
1403636889.651666403,1.074
1403636889.701666594,1.352
1403636889.751666546,1.291
1403636889.801666498,1.125
1403636889.851666451,1.095
1403636889.901666403,1.382
1403636889.951666594,1.149
1403636890.001666546,1.146
1403636890.051666498,1.125
1403636890.101666451,1.207
1403636890.151666403,1.24
1403636890.201666594,1.123
1403636890.251666546,1.142
1403636890.301666498,1.328
1403636890.351666451,1.286
1403636890.401666403,1.116
1403636890.451666594,1.081
1403636890.501666546,1.209
1403636890.551666498,1.084
1403636890.601666451,1.48
1403636890.651666403,1.143
1403636890.701666594,1.135
1403636890.751666546,1.144
1403636890.801666498,1.178
1403636890.851666451,1.022
1403636890.901666403,1.18
1403636890.951666594,1.161
1403636891.001666546,1.126
1403636891.051666498,1.18
1403636891.101666451,1.282
1403636891.151666403,1.263
1403636891.201666594,0.999
1403636891.251666546,1.14
1403636891.301666498,1.217
1403636891.351666451,1.157
1403636891.401666403,1.104
1403636891.451666594,1.17
1403636891.501666546,1.231
1403636891.551666498,1.232
1403636891.601666451,1.129
1403636891.651666403,1.189
1403636891.701666594,1.164
1403636891.751666546,1.153
1403636891.801666498,1.175
1403636891.851666451,1.144
1403636891.901666403,1.288
1403636891.951666594,1.133
1403636892.001666546,1.164
1403636892.051666498,1.116
1403636892.101666451,1.227
1403636892.151666403,1.217
1403636892.201666594,1.79
1403636892.251666546,1.083
1403636892.301666498,1.224
1403636892.351666451,1.142
1403636892.401666403,1.113
1403636892.451666594,1.144
1403636892.501666546,1.094
1403636892.551666498,1.265
1403636892.601666451,1.122
1403636892.651666403,1.015
1403636892.701666594,1.225
1403636892.751666546,1.101
1403636892.801666498,1.194
1403636892.851666451,1.19
1403636892.901666403,1.463
1403636892.951666594,1.118
1403636893.001666546,1.098
1403636893.051666498,1.118
1403636893.101666451,1.304
1403636893.151666403,1.118
1403636893.201666594,1.122
1403636893.251666546,1.02
1403636893.301666498,1.205
1403636893.351666451,1.129
1403636893.401666403,1.094
1403636893.451666594,1.091
1403636893.501666546,1.563
1403636893.551666498,1.244
1403636893.601666451,1.091
1403636893.651666403,1.151
1403636893.701666594,1.197
1403636893.751666546,1.13
1403636893.801666498,1.588
1403636893.851666451,1.156
1403636893.901666403,1.167
1403636893.951666594,1.113
1403636894.001666546,1.08
1403636894.051666498,1.243
1403636894.101666451,1.189
1403636894.151666403,1.105
1403636894.201666594,1.158
1403636894.251666546,1.161
1403636894.301666498,1.207
1403636894.351666451,1.144
1403636894.401666403,1.12
1403636894.451666594,1.145
1403636894.501666546,1.278
1403636894.551666498,1.162
1403636894.601666451,1.106
1403636894.651666403,1.191
1403636894.701666594,1.214
1403636894.751666546,1.127
1403636894.801666498,1.117
1403636894.851666451,1.126
1403636894.901666403,1.185
1403636894.951666594,1.499
1403636895.001666546,1.174
1403636895.051666498,1.156
1403636895.101666451,1.141
1403636895.151666403,1.133
1403636895.201666594,1.176
1403636895.251666546,1.08
1403636895.301666498,1.16
1403636895.351666451,1.125
1403636895.401666403,1.621
1403636895.451666594,1.178
1403636895.501666546,1.1
1403636895.551666498,1.092
1403636895.601666451,1.087
1403636895.651666403,1.111
1403636895.701666594,1.143
1403636895.751666546,1.472
1403636895.801666498,1.158
1403636895.851666451,1.07
1403636895.901666403,1.289
1403636895.951666594,1.342
1403636896.001666546,1.144
1403636896.051666498,1.124
1403636896.101666451,1.072
1403636896.151666403,1.041
1403636896.201666594,1.007
1403636896.251666546,1.142
1403636896.301666498,1.131
1403636896.351666451,1.196
1403636896.401666403,1.113
1403636896.451666594,1.148
1403636896.501666546,1.282
1403636896.551666498,1.269
1403636896.601666451,1.17
1403636896.651666403,1.14
1403636896.701666594,1.254
1403636896.751666546,1.219
1403636896.801666498,1.007
1403636896.851666451,1.155
1403636896.901666403,1.277
1403636896.951666594,1.15
1403636897.001666546,1.505
1403636897.051666498,1.134
1403636897.101666451,1.147
1403636897.151666403,1.081
1403636897.201666594,1.154
1403636897.251666546,1.138
1403636897.301666498,1.4
1403636897.351666451,1.138
1403636897.401666403,1.153
1403636897.451666594,1.083
1403636897.501666546,1.261
1403636897.551666498,1.102
1403636897.601666451,1.179
1403636897.651666403,1.118
1403636897.701666594,1.164
1403636897.751666546,1.363
1403636897.801666498,1.118
1403636897.851666451,1.108
1403636897.901666403,1.213
1403636897.951666594,1.062
1403636898.001666546,1.172
1403636898.051666498,1.156
1403636898.101666451,1.148
1403636898.151666403,1.286
1403636898.201666594,1.159
1403636898.251666546,1.069
1403636898.301666498,1.277
1403636898.351666451,1.441
1403636898.401666403,1.095
1403636898.451666594,1.1
1403636898.501666546,1.287
1403636898.551666498,1.119
1403636898.601666451,2.327
1403636898.651666403,1.202
1403636898.701666594,1.341
1403636898.751666546,1.166
1403636898.801666498,1.117
1403636898.851666451,1.132
1403636898.901666403,1.183
1403636898.951666594,1.083
1403636899.001666546,1.121
1403636899.051666498,1.078
1403636899.101666451,1.158
1403636899.151666403,1.173
1403636899.201666594,1.184
1403636899.251666546,1.126
1403636899.301666498,1.089
1403636899.351666451,1.063
1403636899.401666403,1.028
1403636899.451666594,1.13
1403636899.501666546,1.224
1403636899.551666498,1.549
1403636899.601666451,1.158
1403636899.651666403,1.112
1403636899.701666594,1.37
1403636899.751666546,1.199
1403636899.801666498,1.16
1403636899.851666451,2.219
1403636899.901666403,1.196
1403636899.951666594,1.256
1403636900.001666546,1.121
1403636900.051666498,1.11
1403636900.101666451,1.203
1403636900.151666403,1.153
1403636900.201666594,1.493
1403636900.251666546,0.99
1403636900.301666498,1.159
1403636900.351666451,1.052
1403636900.401666403,1.108
1403636900.451666594,1.137
1403636900.501666546,1.229
1403636900.551666498,1.33
1403636900.601666451,1.104
1403636900.651666403,1.151
1403636900.701666594,1.171
1403636900.751666546,1.124
1403636900.801666498,1.148
1403636900.851666451,1.154
1403636900.901666403,1.393
1403636900.951666594,1.189
1403636901.001666546,1.188
1403636901.051666498,1.136
1403636901.101666451,1.148
1403636901.151666403,1.272
1403636901.201666594,1.119
1403636901.251666546,1.13
1403636901.301666498,1.266
1403636901.351666451,1.281
1403636901.401666403,1.2
1403636901.451666594,1.129
1403636901.501666546,1.186
1403636901.551666498,1.26
1403636901.601666451,1.125
1403636901.651666403,1.186
1403636901.701666594,1.171
1403636901.751666546,1.206
1403636901.801666498,1.692
1403636901.851666451,1.075
1403636901.901666403,1.197
1403636901.951666594,1.293
1403636902.001666546,1.111
1403636902.051666498,1.078
1403636902.101666451,1.339
1403636902.151666403,1.114
1403636902.201666594,1.084
1403636902.251666546,1.268
1403636902.301666498,1.412
1403636902.351666451,1.281
1403636902.401666403,0.958
1403636902.451666594,1.053
1403636902.501666546,1.12
1403636902.551666498,1.202
1403636902.601666451,1.113
1403636902.651666403,1.125
1403636902.701666594,1.174
1403636902.751666546,1.077
1403636902.801666498,1.107
1403636902.851666451,1.118
1403636902.901666403,1.208
1403636902.951666594,1.453
1403636903.001666546,1.121
1403636903.051666498,1.14
1403636903.101666451,1.226
1403636903.151666403,1.064
1403636903.201666594,1.045
1403636903.251666546,1.13
1403636903.301666498,1.4
1403636903.351666451,1.26
1403636903.401666403,1.628
1403636903.451666594,1.149
1403636903.501666546,1.135
1403636903.551666498,1.237
1403636903.601666451,1.131
1403636903.651666403,1.169
1403636903.701666594,1.216
1403636903.751666546,1.2
1403636903.801666498,1.072
1403636903.851666451,1.111
1403636903.901666403,1.166
1403636903.951666594,1.262
1403636904.001666546,1.365
1403636904.051666498,1.155
1403636904.101666451,1.146
1403636904.151666403,1.204
1403636904.201666594,1.301
1403636904.251666546,1.095
1403636904.301666498,1.238
1403636904.351666451,1.219
1403636904.401666403,1.198
1403636904.451666594,2.214
1403636904.501666546,1.224
1403636904.551666498,1.461
1403636904.601666451,1.313
1403636904.651666403,1.147
1403636904.701666594,1.214
1403636904.751666546,1.341
1403636904.801666498,1.402
1403636904.851666451,1.082
1403636904.901666403,1.119
1403636904.951666594,1.344
1403636905.001666546,2.552
1403636905.051666498,1.099
1403636905.101666451,1.255
1403636905.151666403,1.327
1403636905.201666594,1.386
1403636905.251666546,1.15
1403636905.301666498,1.271
1403636905.351666451,1.262
1403636905.401666403,1.434
1403636905.451666594,1.179
1403636905.501666546,1.261
1403636905.551666498,1.216
1403636905.601666451,1.357
1403636905.651666403,1.089
1403636905.701666594,1.154
1403636905.751666546,1.218
1403636905.801666498,1.35
1403636905.851666451,1.042
1403636905.901666403,1.007
1403636905.951666594,1.216
1403636906.001666546,1.245
1403636906.051666498,1.188
1403636906.101666451,1.243
1403636906.151666403,1.415
1403636906.201666594,1.534
1403636906.251666546,0.995
1403636906.301666498,1.095
1403636906.351666451,1.279
1403636906.401666403,1.279
1403636906.451666594,1.134
1403636906.501666546,1.272
1403636906.551666498,1.435
1403636906.601666451,2.115
1403636906.651666403,1.122
1403636906.701666594,1.284
1403636906.751666546,1.48
1403636906.801666498,1.384
1403636906.851666451,1.089
1403636906.901666403,1.162
1403636906.951666594,1.061
1403636907.001666546,1.095
1403636907.051666498,1.138
1403636907.101666451,1.249
1403636907.151666403,1.4
1403636907.201666594,1.897
1403636907.251666546,1.951
1403636907.301666498,1.186
1403636907.351666451,1.217
1403636907.401666403,1.48
1403636907.451666594,1.132
1403636907.501666546,1.104
1403636907.551666498,1.319
1403636907.601666451,1.374
1403636907.651666403,1.129
1403636907.701666594,1.357
1403636907.751666546,1.177
1403636907.801666498,1.305
1403636907.851666451,1.187
1403636907.901666403,1.146
1403636907.951666594,1.447
1403636908.001666546,1.107
1403636908.051666498,1.162
1403636908.101666451,1.128
1403636908.151666403,1.235
1403636908.201666594,1.979
1403636908.251666546,1.096
1403636908.301666498,1.193
1403636908.351666451,1.449
1403636908.401666403,1.076
1403636908.451666594,1.108
1403636908.501666546,1.182
1403636908.551666498,1.301
1403636908.601666451,1.446
1403636908.651666403,1.058
1403636908.701666594,1.31
1403636908.751666546,1.176
1403636908.801666498,1.25
1403636908.851666451,1.113
1403636908.901666403,1.09
1403636908.951666594,1.602
1403636909.001666546,1.251
1403636909.051666498,1.132
1403636909.101666451,1.219
1403636909.151666403,1.179
1403636909.201666594,1.43
1403636909.251666546,1.077
1403636909.301666498,1.172
1403636909.351666451,1.351
1403636909.401666403,1.276
1403636909.451666594,1.068
1403636909.501666546,1.047
1403636909.551666498,1.155
1403636909.601666451,1.256
1403636909.651666403,1.147
1403636909.701666594,1.221
1403636909.751666546,1.26
1403636909.801666498,1.57
1403636909.851666451,1.119
1403636909.901666403,1.237
1403636909.951666594,1.243
1403636910.001666546,1.49
1403636910.051666498,1.09
1403636910.101666451,1.296
1403636910.151666403,1.18
1403636910.201666594,1.396
1403636910.251666546,1.102
1403636910.301666498,1.247
1403636910.351666451,1.262
1403636910.401666403,1.141
1403636910.451666594,1.147
1403636910.501666546,1.169
1403636910.551666498,1.268
1403636910.601666451,1.099
1403636910.651666403,1.105
1403636910.701666594,1.276
1403636910.751666546,1.255
1403636910.801666498,1.166
1403636910.851666451,1.418
1403636910.901666403,1.147
1403636910.951666594,1.427
1403636911.001666546,1.356
1403636911.051666498,1.2
1403636911.101666451,1.195
1403636911.151666403,0.946
1403636911.201666594,1.144
1403636911.251666546,1.171
1403636911.301666498,1.23
1403636911.351666451,1.588
1403636911.401666403,2.205
1403636911.451666594,1.15
1403636911.501666546,1.222
1403636911.551666498,1.397
1403636911.601666451,1.46
1403636911.651666403,1.09
1403636911.701666594,1.213
1403636911.751666546,1.185
1403636911.801666498,1.531
1403636911.851666451,1.204
1403636911.901666403,1.272
1403636911.951666594,1.262
1403636912.001666546,1.302
1403636912.051666498,1.167
1403636912.101666451,1.289
1403636912.151666403,1.729
1403636912.201666594,1.447
1403636912.251666546,1.139
1403636912.301666498,1.502
1403636912.351666451,1.462
1403636912.401666403,1.203
1403636912.451666594,1.14
1403636912.501666546,1.154
1403636912.551666498,1.205
1403636912.601666451,1.256
1403636912.651666403,1.122
1403636912.701666594,1.153
1403636912.751666546,1.319
1403636912.801666498,1.255
1403636912.851666451,1.138
1403636912.901666403,1.365
1403636912.951666594,1.514
1403636913.001666546,1.908
1403636913.051666498,1.086
1403636913.101666451,1.139
1403636913.151666403,1.101
1403636913.201666594,1.231
1403636913.251666546,1.344
1403636913.301666498,1.074
1403636913.351666451,1.44
1403636913.401666403,1.469
1403636913.451666594,1.175
1403636913.501666546,1.199
1403636913.551666498,1.157
1403636913.601666451,1.343
1403636913.651666403,1.17
1403636913.701666594,1.122
1403636913.751666546,1.403
1403636913.801666498,1.216
1403636913.851666451,1.016
1403636913.901666403,1.161
1403636913.951666594,1.339
1403636914.001666546,1.248
1403636914.051666498,1.106
1403636914.101666451,1.251
1403636914.151666403,1.231
1403636914.201666594,1.524
1403636914.251666546,1.048
1403636914.301666498,1.103
1403636914.351666451,1.305
1403636914.401666403,1.273
1403636914.451666594,1.113
1403636914.501666546,1.168
1403636914.551666498,1.588
1403636914.601666451,2.205
1403636914.651666403,1.101
1403636914.701666594,1.036
1403636914.751666546,1.354
1403636914.801666498,1.717
1403636914.851666451,1.129
1403636914.901666403,1.213
1403636914.951666594,1.38
1403636915.001666546,1.235
1403636915.051666498,1.155
1403636915.101666451,1.162
1403636915.151666403,1.52
1403636915.201666594,1.292
1403636915.251666546,1.179
1403636915.301666498,1.187
1403636915.351666451,1.078
1403636915.401666403,1.795
1403636915.451666594,1.12
1403636915.501666546,1.183
1403636915.551666498,1.692
1403636915.601666451,1.465
1403636915.651666403,1.159
1403636915.701666594,1.175
1403636915.751666546,1.49
1403636915.801666498,1.432
1403636915.851666451,1.257
1403636915.901666403,1.155
1403636915.951666594,1.564
1403636916.001666546,1.276
1403636916.051666498,1.114
1403636916.101666451,1.115
1403636916.151666403,1.415
1403636916.201666594,2.121
1403636916.251666546,1.097
1403636916.301666498,1.188
1403636916.351666451,1.427
1403636916.401666403,1.232
1403636916.451666594,1.12
1403636916.501666546,1.155
1403636916.551666498,1.516
1403636916.601666451,1.263
1403636916.651666403,1.169
1403636916.701666594,1.279
1403636916.751666546,1.254
1403636916.801666498,1.468
1403636916.851666451,1.168
1403636916.901666403,1.253
1403636916.951666594,1.434
1403636917.001666546,1.345
1403636917.051666498,1.166
1403636917.101666451,1.059
1403636917.151666403,1.565
1403636917.201666594,1.525
1403636917.251666546,1.134
1403636917.301666498,1.206
1403636917.351666451,1.316
1403636917.401666403,1.298
1403636917.451666594,1.184
1403636917.501666546,1.169
1403636917.551666498,1.525
1403636917.601666451,1.496
1403636917.651666403,1.113
1403636917.701666594,1.213
1403636917.751666546,1.21
1403636917.801666498,2.706
1403636917.851666451,1.193
1403636917.901666403,1.261
1403636917.951666594,1.565
1403636918.001666546,1.418
1403636918.051666498,1.119
1403636918.101666451,1.159
1403636918.151666403,1.279
1403636918.201666594,1.114
1403636918.251666546,1.057
1403636918.301666498,1.198
1403636918.351666451,1.4
1403636918.401666403,1.528
1403636918.451666594,1.105
1403636918.501666546,1.212
1403636918.551666498,1.11
1403636918.601666451,1.215
1403636918.651666403,1.134
1403636918.701666594,1.1
1403636918.751666546,1.389
1403636918.801666498,1.646
1403636918.851666451,1.105
1403636918.901666403,1.152
1403636918.951666594,1.383
1403636919.001666546,1.389
1403636919.051666498,1.379
1403636919.101666451,1.185
1403636919.151666403,1.425
1403636919.201666594,1.458
1403636919.251666546,1.181
1403636919.301666498,1.238
1403636919.351666451,1.351
1403636919.401666403,1.697
1403636919.451666594,1.157
1403636919.501666546,1.142
1403636919.551666498,1.35
1403636919.601666451,1.236
1403636919.651666403,1.216
1403636919.701666594,1.208
1403636919.751666546,1.897
1403636919.801666498,1.429
1403636919.851666451,1.26
1403636919.901666403,1.058
1403636919.951666594,1.178
1403636920.001666546,1.175
1403636920.051666498,1.11
1403636920.101666451,1.103
1403636920.151666403,1.522
1403636920.201666594,1.266
1403636920.251666546,1.401
1403636920.301666498,1.095
1403636920.351666451,1.563
1403636920.401666403,1.005
1403636920.451666594,1.28
1403636920.501666546,1.193
1403636920.551666498,1.444
1403636920.601666451,1.234
1403636920.651666403,1.137
1403636920.701666594,1.256
1403636920.751666546,1.901
1403636920.801666498,1.316
1403636920.851666451,1.415
1403636920.901666403,1.355
1403636920.951666594,1.338
1403636921.001666546,1.66
1403636921.051666498,1.161
1403636921.101666451,1.183
1403636921.151666403,1.442
1403636921.201666594,1.384
1403636921.251666546,1.229
1403636921.301666498,1.153
1403636921.351666451,1.219
1403636921.401666403,1.293
1403636921.451666594,1.316
1403636921.501666546,1.222
1403636921.551666498,1.483
1403636921.601666451,1.349
1403636921.651666403,1.132
1403636921.701666594,1.215
1403636921.751666546,1.448
1403636921.801666498,1.103
1403636921.851666451,1.194
1403636921.901666403,1.255
1403636921.951666594,1.179
1403636922.001666546,1.164
1403636922.051666498,1.2
1403636922.101666451,1.125
1403636922.151666403,1.251
1403636922.201666594,1.456
1403636922.251666546,1.129
1403636922.301666498,1.138
1403636922.351666451,1.37
1403636922.401666403,0.922
1403636922.451666594,1.144
1403636922.501666546,1.137
1403636922.551666498,1.314
1403636922.601666451,1.616
1403636922.651666403,1.09
1403636922.701666594,1.208
1403636922.751666546,1.229
1403636922.801666498,1.194
1403636922.851666451,1.234
1403636922.901666403,1.159
1403636922.951666594,1.428
1403636923.001666546,1.324
1403636923.051666498,1.085
1403636923.101666451,1.239
1403636923.151666403,1.318
1403636923.201666594,1.118
1403636923.251666546,1.375
1403636923.301666498,1.264
1403636923.351666451,1.323
1403636923.401666403,1.182
1403636923.451666594,1.169
1403636923.501666546,1.222
1403636923.551666498,1.248
1403636923.601666451,1.222
1403636923.651666403,1.227
1403636923.701666594,1.145
1403636923.751666546,1.19
1403636923.801666498,1.221
1403636923.851666451,1.14
1403636923.901666403,1.147
1403636923.951666594,1.239
1403636924.001666546,1.369
1403636924.051666498,1.537
1403636924.101666451,1.572
1403636924.151666403,1.315
1403636924.201666594,1.991
1403636924.251666546,1.08
1403636924.301666498,1.079
1403636924.351666451,1.137
1403636924.401666403,1.205
1403636924.451666594,1.107
1403636924.501666546,1.395
1403636924.551666498,1.329
1403636924.601666451,1.185
1403636924.651666403,1.313
1403636924.701666594,1.197
1403636924.751666546,1.272
1403636924.801666498,1.26
1403636924.851666451,1.072
1403636924.901666403,1.164
1403636924.951666594,1.166
1403636925.001666546,1.188
1403636925.051666498,1.17
1403636925.101666451,1.064
1403636925.151666403,1.136
1403636925.201666594,1.154
1403636925.251666546,1.152
1403636925.301666498,1.177
1403636925.351666451,1.222
1403636925.401666403,1.226
1403636925.451666594,1.159
1403636925.501666546,1.162
1403636925.551666498,1.221
1403636925.601666451,1.538
1403636925.651666403,1.612
1403636925.701666594,1.873
1403636925.751666546,1.362
1403636925.801666498,1.802
1403636925.851666451,1.07
1403636925.901666403,1.2
1403636925.951666594,1.375
1403636926.001666546,1.277
1403636926.051666498,1.368
1403636926.101666451,1.162
1403636926.151666403,1.128
1403636926.201666594,1.25
1403636926.251666546,1.272
1403636926.301666498,1.719
1403636926.351666451,1.303
1403636926.401666403,1.37
1403636926.451666594,1.052
1403636926.501666546,1.147
1403636926.551666498,1.086
1403636926.601666451,1.448
1403636926.651666403,1.509
1403636926.701666594,1.533
1403636926.751666546,1.055
1403636926.801666498,1.072
1403636926.851666451,1.151
1403636926.901666403,1.068
1403636926.951666594,1.419
1403636927.001666546,1.246
1403636927.051666498,1.038
1403636927.101666451,1.228
1403636927.151666403,1.284
1403636927.201666594,1.376
1403636927.251666546,1.277
1403636927.301666498,1.116
1403636927.351666451,1.411
1403636927.401666403,1.982
1403636927.451666594,1.1
1403636927.501666546,1.179
1403636927.551666498,1.166
1403636927.601666451,1.295
1403636927.651666403,1.336
1403636927.701666594,1.169
1403636927.751666546,1.301
1403636927.801666498,1.172
1403636927.851666451,1.147
1403636927.901666403,1.18
1403636927.951666594,1.205
1403636928.001666546,1.206
1403636928.051666498,1.133
1403636928.101666451,1.121
1403636928.151666403,1.273
1403636928.201666594,1.173
1403636928.251666546,1.165
1403636928.301666498,1.127
1403636928.351666451,1.208
1403636928.401666403,1.203
1403636928.451666594,1.646
1403636928.501666546,1.232
1403636928.551666498,1.433
1403636928.601666451,1.143
1403636928.651666403,1.098
1403636928.701666594,1.094
1403636928.751666546,1.157
1403636928.801666498,1.419
1403636928.851666451,1.228
1403636928.901666403,1.151
1403636928.951666594,1.503
1403636929.001666546,1.626
1403636929.051666498,1.089
1403636929.101666451,1.032
1403636929.151666403,1.448
1403636929.201666594,1.43
1403636929.251666546,1.419
1403636929.301666498,1.476
1403636929.351666451,1.148
1403636929.401666403,1.203
1403636929.451666594,1.144
1403636929.501666546,1.137
1403636929.551666498,1.262
1403636929.601666451,1.229
1403636929.651666403,1.583
1403636929.701666594,1.248
1403636929.751666546,1.66
1403636929.801666498,1.145
1403636929.851666451,1.107
1403636929.901666403,1.198
1403636929.951666594,1.303
1403636930.001666546,1.58
1403636930.051666498,1.152
1403636930.101666451,1.186
1403636930.151666403,1.369
1403636930.201666594,1.395
1403636930.251666546,1.405
1403636930.301666498,1.19
1403636930.351666451,1.545
1403636930.401666403,1.085
1403636930.451666594,1.164
1403636930.501666546,1.094
1403636930.551666498,1.223
1403636930.601666451,2.324
1403636930.651666403,1.38
1403636930.701666594,1.287
1403636930.751666546,1.321
1403636930.801666498,1.227
1403636930.851666451,1.259
1403636930.901666403,1.137
1403636930.951666594,1.275
1403636931.001666546,1.253
1403636931.051666498,1.149
1403636931.101666451,1.123
1403636931.151666403,1.207
1403636931.201666594,1.39
1403636931.251666546,1.317
1403636931.301666498,1.136
1403636931.351666451,1.321
1403636931.401666403,1.316
1403636931.451666594,1.499
1403636931.501666546,1.207
1403636931.551666498,1.286
1403636931.601666451,1.146
1403636931.651666403,1.223
1403636931.701666594,1.204
1403636931.751666546,1.517
1403636931.801666498,1.404
1403636931.851666451,1.183
1403636931.901666403,1.184
1403636931.951666594,1.147
1403636932.001666546,1.181
1403636932.051666498,1.128
1403636932.101666451,1.209
1403636932.151666403,1.712
1403636932.201666594,1.609
1403636932.251666546,1.315
1403636932.301666498,1.046
1403636932.351666451,1.338
1403636932.401666403,1.3
1403636932.451666594,1.242
1403636932.501666546,1.081
1403636932.551666498,1.529
1403636932.601666451,1.127
1403636932.651666403,1.157
1403636932.701666594,1.164
1403636932.751666546,1.332
1403636932.801666498,1.165
1403636932.851666451,1.108
1403636932.901666403,1.19
1403636932.951666594,1.433
1403636933.001666546,1.339
1403636933.051666498,1.121
1403636933.101666451,1.22
1403636933.151666403,1.262
1403636933.201666594,1.199
1403636933.251666546,1.214
1403636933.301666498,1.216
1403636933.351666451,1.465
1403636933.401666403,1.523
1403636933.451666594,1.203
1403636933.501666546,1.509
1403636933.551666498,0.983
1403636933.601666451,1.289
1403636933.651666403,1.075
1403636933.701666594,1.136
1403636933.751666546,1.37
1403636933.801666498,1.836
1403636933.851666451,1.336
1403636933.901666403,1.186
1403636933.951666594,1.253
1403636934.001666546,1.509
1403636934.051666498,1.146
1403636934.101666451,1.236
1403636934.151666403,1.361
1403636934.201666594,1.379
1403636934.251666546,1.088
1403636934.301666498,1.058
1403636934.351666451,1.248
1403636934.401666403,1.254
1403636934.451666594,1.338
1403636934.501666546,1.199
1403636934.551666498,1.3
1403636934.601666451,1.216
1403636934.651666403,1.227
1403636934.701666594,1.238
1403636934.751666546,1.481
1403636934.801666498,1.358
1403636934.851666451,1.138
1403636934.901666403,1.113
1403636934.951666594,1.27
1403636935.001666546,1.203
1403636935.051666498,1.46
1403636935.101666451,1.332
1403636935.151666403,1.56
1403636935.201666594,1.328
1403636935.251666546,1.189
1403636935.301666498,1.169
1403636935.351666451,1.311
1403636935.401666403,1.793
1403636935.451666594,1.088
1403636935.501666546,1.18
1403636935.551666498,1.383
1403636935.601666451,1.399
1403636935.651666403,1.069
1403636935.701666594,1.256
1403636935.751666546,1.149
1403636935.801666498,1.16
1403636935.851666451,1.304
1403636935.901666403,1.175
1403636935.951666594,1.492
1403636936.001666546,1.076
1403636936.051666498,1.065
1403636936.101666451,1.177
1403636936.151666403,1.335
1403636936.201666594,1.235
1403636936.251666546,1.186
1403636936.301666498,1.118
1403636936.351666451,1.599
1403636936.401666403,1.181
1403636936.451666594,1.281
1403636936.501666546,1.402
1403636936.551666498,1.207
1403636936.601666451,1.475
1403636936.651666403,1.253
1403636936.701666594,1.132
1403636936.751666546,1.322
1403636936.801666498,1.394
1403636936.851666451,1.103
1403636936.901666403,1.198
1403636936.951666594,1.467
1403636937.001666546,2.42
1403636937.051666498,1.274
1403636937.101666451,1.254
1403636937.151666403,1.372
1403636937.201666594,1.76
1403636937.251666546,1.091
1403636937.301666498,1.223
1403636937.351666451,1.236
1403636937.401666403,1.092
1403636937.451666594,1.175
1403636937.501666546,1.199
1403636937.551666498,1.356
1403636937.601666451,1.108
1403636937.651666403,1.224
1403636937.701666594,1.332
1403636937.751666546,1.282
1403636937.801666498,1.057
1403636937.851666451,1.414
1403636937.901666403,1.138
1403636937.951666594,1.485
1403636938.001666546,1.155
1403636938.051666498,1.226
1403636938.101666451,1.573
1403636938.151666403,1.208
1403636938.201666594,1.237
1403636938.251666546,1.127
1403636938.301666498,1.081
1403636938.351666451,1.642
1403636938.401666403,1.412
1403636938.451666594,1.026
1403636938.501666546,1.157
1403636938.551666498,1.574
1403636938.601666451,1.912
1403636938.651666403,1.099
1403636938.701666594,1.206
1403636938.751666546,1.428
1403636938.801666498,1.214
1403636938.851666451,1.107
1403636938.901666403,1.162
1403636938.951666594,1.405
1403636939.001666546,1.376
1403636939.051666498,1.168
1403636939.101666451,1.214
1403636939.151666403,1.534
1403636939.201666594,1.186
1403636939.251666546,1.315
1403636939.301666498,1.043
1403636939.351666451,1.289
1403636939.401666403,1.517
1403636939.451666594,1.381
1403636939.501666546,1.219
1403636939.551666498,1.398
1403636939.601666451,1.452
1403636939.651666403,1.062
1403636939.701666594,1.201
1403636939.751666546,1.5
1403636939.801666498,1.422
1403636939.851666451,1.506
1403636939.901666403,1.061
1403636939.951666594,1.74
1403636940.001666546,1.31
1403636940.051666498,1.131
1403636940.101666451,1.171
1403636940.151666403,1.534
1403636940.201666594,1.8
1403636940.251666546,1.175
1403636940.301666498,1.199
1403636940.351666451,1.535
1403636940.401666403,1.273
1403636940.451666594,1.13
1403636940.501666546,1.159
1403636940.551666498,1.273
1403636940.601666451,1.412
1403636940.651666403,1.167
1403636940.701666594,1.251
1403636940.751666546,1.491
1403636940.801666498,1.483
1403636940.851666451,1.097
1403636940.901666403,1.238
1403636940.951666594,1.491
1403636941.001666546,1.601
1403636941.051666498,1.168
1403636941.101666451,1.206
1403636941.151666403,1.324
1403636941.201666594,1.241
1403636941.251666546,1.094
1403636941.301666498,1.156
1403636941.351666451,1.234
1403636941.401666403,1.387
1403636941.451666594,1.322
1403636941.501666546,2.414
1403636941.551666498,1.233
1403636941.601666451,1.538
1403636941.651666403,1.122
1403636941.701666594,1.168
1403636941.751666546,1.317
1403636941.801666498,1.757
1403636941.851666451,1.078
1403636941.901666403,1.21
1403636941.951666594,1.135
1403636942.001666546,1.168
1403636942.051666498,0.98
1403636942.101666451,1.076
1403636942.151666403,1.392
1403636942.201666594,1.36
1403636942.251666546,1.21
1403636942.301666498,1.124
1403636942.351666451,1.233
1403636942.401666403,1.287
1403636942.451666594,1.153
1403636942.501666546,1.409
1403636942.551666498,1.279
1403636942.601666451,1.329
1403636942.651666403,0.919
1403636942.701666594,1.15
1403636942.751666546,1.307
1403636942.801666498,1.453
1403636942.851666451,1.094
1403636942.901666403,1.253
1403636942.951666594,1.273
1403636943.001666546,1.499
1403636943.051666498,1.117
1403636943.101666451,1.263
1403636943.151666403,1.322
1403636943.201666594,1.152
1403636943.251666546,1.122
1403636943.301666498,1.196
1403636943.351666451,1.139
1403636943.401666403,2.394
1403636943.451666594,1.119
1403636943.501666546,1.135
1403636943.551666498,1.157
1403636943.601666451,1.398
1403636943.651666403,1.064
1403636943.701666594,1.284
1403636943.751666546,1.401
1403636943.801666498,1.237
1403636943.851666451,1.103
1403636943.901666403,1.176
1403636943.951666594,1.302
1403636944.001666546,1.198
1403636944.051666498,1.114
1403636944.101666451,1.164
1403636944.151666403,1.201
1403636944.201666594,1.307
1403636944.251666546,1.154
1403636944.301666498,1.229
1403636944.351666451,1.358
1403636944.401666403,1.569
1403636944.451666594,1.21
1403636944.501666546,1.168
1403636944.551666498,1.427
1403636944.601666451,1.196
1403636944.651666403,1.169
1403636944.701666594,1.338
1403636944.751666546,1.083
1403636944.801666498,1.6
1403636944.851666451,1.175
1403636944.901666403,1.176
1403636944.951666594,1.422
1403636945.001666546,1.79
1403636945.051666498,1.101
1403636945.101666451,1.334
1403636945.151666403,1.154
1403636945.201666594,1.439
1403636945.251666546,1.117
1403636945.301666498,1.405
1403636945.351666451,1.263
1403636945.401666403,1.507
1403636945.451666594,1.099
1403636945.501666546,1.112
1403636945.551666498,1.211
1403636945.601666451,1.272
1403636945.651666403,1.208
1403636945.701666594,1.423
1403636945.751666546,1.424
1403636945.801666498,1.134
1403636945.851666451,1.129
1403636945.901666403,1.14
1403636945.951666594,1.22
1403636946.001666546,1.388
1403636946.051666498,1.179
1403636946.101666451,1.185
1403636946.151666403,1.457
1403636946.201666594,1.227
1403636946.251666546,1.041
1403636946.301666498,1.865
1403636946.351666451,1.381
1403636946.401666403,1.411
1403636946.451666594,1.1
1403636946.501666546,1.317
1403636946.551666498,1.177
1403636946.601666451,1.832
1403636946.651666403,1.222
1403636946.701666594,1.281
1403636946.751666546,1.493
1403636946.801666498,1.385
1403636946.851666451,1.109
1403636946.901666403,1.139
1403636946.951666594,1.375
1403636947.001666546,1.383
1403636947.051666498,1.162
1403636947.101666451,1.316
1403636947.151666403,1.378
1403636947.201666594,1.162
1403636947.251666546,1.115
1403636947.301666498,1.173
1403636947.351666451,1.19
1403636947.401666403,1.265
1403636947.451666594,1.121
1403636947.501666546,1.336
1403636947.551666498,1.206
1403636947.601666451,1.273
1403636947.651666403,1.132
1403636947.701666594,1.931
1403636947.751666546,1.182
1403636947.801666498,1.445
1403636947.851666451,1.172
1403636947.901666403,1.713
1403636947.951666594,1.413
1403636948.001666546,1.362
1403636948.051666498,1.051
1403636948.101666451,1.389
1403636948.151666403,1.479
1403636948.201666594,1.828
1403636948.251666546,1.125
1403636948.301666498,1.136
1403636948.351666451,1.236
1403636948.401666403,1.133
1403636948.451666594,1.19
1403636948.501666546,1.305
1403636948.551666498,1.438
1403636948.601666451,1.195
1403636948.651666403,1.395
1403636948.701666594,1.201
1403636948.751666546,1.208
1403636948.801666498,1.403
1403636948.851666451,1.202
1403636948.901666403,1.09
1403636948.951666594,1.176
1403636949.001666546,1.178
1403636949.051666498,1.235
1403636949.101666451,1.207
1403636949.151666403,1.301
1403636949.201666594,1.643
1403636949.251666546,1.163
1403636949.301666498,1.171
1403636949.351666451,1.322
1403636949.401666403,1.292
1403636949.451666594,1.491
1403636949.501666546,1.302
1403636949.551666498,1.23
1403636949.601666451,1.224
1403636949.651666403,1.158
1403636949.701666594,1.063
1403636949.751666546,1.511
1403636949.801666498,2.23
1403636949.851666451,1.162
1403636949.901666403,1.216
1403636949.951666594,1.758
1403636950.001666546,1.146
1403636950.051666498,1.527
1403636950.101666451,1.124
1403636950.151666403,1.347
1403636950.201666594,1.201
1403636950.251666546,1.326
1403636950.301666498,1.505
1403636950.351666451,1.244
1403636950.401666403,1.302
1403636950.451666594,1.075
1403636950.501666546,1.386
1403636950.551666498,1.813
1403636950.601666451,1.297
1403636950.651666403,1.429
1403636950.701666594,1.008
1403636950.751666546,1.319
1403636950.801666498,1.233
1403636950.851666451,1.158
1403636950.901666403,1.141
1403636950.951666594,1.433
1403636951.001666546,1.07
1403636951.051666498,1.451
1403636951.101666451,1.142
1403636951.151666403,1.305
1403636951.201666594,1.326
1403636951.251666546,1.235
1403636951.301666498,1.17
1403636951.351666451,1.15
1403636951.401666403,1.637
1403636951.451666594,1.067
1403636951.501666546,1.123
1403636951.551666498,1.284
1403636951.601666451,1.23
1403636951.651666403,1.266
1403636951.701666594,1.104
1403636951.751666546,1.33
1403636951.801666498,1.013
1403636951.851666451,1.041
1403636951.901666403,1.166
1403636951.951666594,1.32
1403636952.001666546,1.601
1403636952.051666498,1.127
1403636952.101666451,1.219
1403636952.151666403,1.312
1403636952.201666594,1.55
1403636952.251666546,1.11
1403636952.301666498,1.186
1403636952.351666451,1.487
1403636952.401666403,1.248
1403636952.451666594,1.185
1403636952.501666546,1.091
1403636952.551666498,1.288
1403636952.601666451,1.162
1403636952.651666403,1.148
1403636952.701666594,1.185
1403636952.751666546,1.451
1403636952.801666498,1.306
1403636952.851666451,1.26
1403636952.901666403,1.116
1403636952.951666594,1.685
1403636953.001666546,1.903
1403636953.051666498,1.411
1403636953.101666451,1.259
1403636953.151666403,1.317
1403636953.201666594,1.374
1403636953.251666546,1.113
1403636953.301666498,1.16
1403636953.351666451,1.446
1403636953.401666403,1.313
1403636953.451666594,1.309
1403636953.501666546,1.34
1403636953.551666498,1.262
1403636953.601666451,1.236
1403636953.651666403,1.103
1403636953.701666594,1.201
1403636953.751666546,1.437
1403636953.801666498,1.327
1403636953.851666451,1.101
1403636953.901666403,1.244
1403636953.951666594,1.48
1403636954.001666546,1.176
1403636954.051666498,1.51
1403636954.101666451,1.151
1403636954.151666403,1.397
1403636954.201666594,1.061
1403636954.251666546,1.29
1403636954.301666498,1.246
1403636954.351666451,1.317
1403636954.401666403,1.175
1403636954.451666594,1.403
1403636954.501666546,1.18
1403636954.551666498,1.343
1403636954.601666451,1.711
1403636954.651666403,1.291
1403636954.701666594,1.174
1403636954.751666546,1.362
1403636954.801666498,1.341
1403636954.851666451,1.073
1403636954.901666403,1.227
1403636954.951666594,1.405
1403636955.001666546,1.215
1403636955.051666498,1.35
1403636955.101666451,1.146
1403636955.151666403,1.536
1403636955.201666594,1.374
1403636955.251666546,1.198
1403636955.301666498,1.193
1403636955.351666451,1.461
1403636955.401666403,1.261
1403636955.451666594,1.181
1403636955.501666546,1.206
1403636955.551666498,1.869
1403636955.601666451,1.202
1403636955.651666403,1.282
1403636955.701666594,1.285
1403636955.751666546,1.428
1403636955.801666498,1.539
1403636955.851666451,1.091
1403636955.901666403,1.268
1403636955.951666594,1.219
1403636956.001666546,1.046
1403636956.051666498,1.184
1403636956.101666451,1.193
1403636956.151666403,1.434
1403636956.201666594,2.567
1403636956.251666546,1.193
1403636956.301666498,1.173
1403636956.351666451,1.48
1403636956.401666403,1.726
1403636956.451666594,1.147
1403636956.501666546,1.272
1403636956.551666498,1.236
1403636956.601666451,1.145
1403636956.651666403,1.443
1403636956.701666594,1.173
1403636956.751666546,1.122
1403636956.801666498,1.313
1403636956.851666451,1.293
1403636956.901666403,1.229
1403636956.951666594,1.312
1403636957.001666546,1.157
1403636957.051666498,1.248
1403636957.101666451,1.175
1403636957.151666403,1.298
1403636957.201666594,1.509
1403636957.251666546,1.265
1403636957.301666498,1.073
1403636957.351666451,1.045
1403636957.401666403,1.161
1403636957.451666594,1.247
1403636957.501666546,1.248
1403636957.551666498,1.474
1403636957.601666451,1.478
1403636957.651666403,1.15
1403636957.701666594,1.169
1403636957.751666546,1.353
1403636957.801666498,1.853
1403636957.851666451,1.324
1403636957.901666403,1.415
1403636957.951666594,1.259
1403636958.001666546,1.479
1403636958.051666498,1.204
1403636958.101666451,1.207
1403636958.151666403,1.458
1403636958.201666594,1.335
1403636958.251666546,1.287
1403636958.301666498,1.202
1403636958.351666451,1.137
1403636958.401666403,1.206
1403636958.451666594,1.327
1403636958.501666546,1.139
1403636958.551666498,1.533
1403636958.601666451,1.242
1403636958.651666403,1.155
1403636958.701666594,1.234
1403636958.751666546,1.549
1403636958.801666498,1.225
1403636958.851666451,1.238
1403636958.901666403,1.207
1403636958.951666594,1.684
1403636959.001666546,1.423
1403636959.051666498,1.252
1403636959.101666451,1.488
1403636959.151666403,1.214
1403636959.201666594,1.366
1403636959.251666546,1.098
1403636959.301666498,1.251
1403636959.351666451,1.166
1403636959.401666403,1.859
1403636959.451666594,1.494
1403636959.501666546,1.22
1403636959.551666498,1.048
1403636959.601666451,1.162
1403636959.651666403,1.313
1403636959.701666594,1.449
1403636959.751666546,1.105
1403636959.801666498,1.136
1403636959.851666451,1.255
1403636959.901666403,1.189
1403636959.951666594,1.291
1403636960.001666546,1.304
1403636960.051666498,1.357
1403636960.101666451,1.141
1403636960.151666403,1.156
1403636960.201666594,1.27
1403636960.251666546,1.168
1403636960.301666498,1.064
1403636960.351666451,1.322
1403636960.401666403,1.405
1403636960.451666594,1.238
1403636960.501666546,1.028
1403636960.551666498,1.205
1403636960.601666451,1.201
1403636960.651666403,1.172
1403636960.701666594,1.124
1403636960.751666546,1.192
1403636960.801666498,1.319
1403636960.851666451,1.199
1403636960.901666403,1.03
1403636960.951666594,1.208
1403636961.001666546,1.879
1403636961.051666498,1.478
1403636961.101666451,1.178
1403636961.151666403,1.514
1403636961.201666594,1.185
1403636961.251666546,1.227
1403636961.301666498,1.19
1403636961.351666451,1.379
1403636961.401666403,1.196
1403636961.451666594,1.138
1403636961.501666546,1.381
1403636961.551666498,1.564
1403636961.601666451,1.29
1403636961.651666403,1.245
1403636961.701666594,1.143
1403636961.751666546,1.304
1403636961.801666498,1.461
1403636961.851666451,1.175
1403636961.901666403,1.323
1403636961.951666594,1.165
1403636962.001666546,1.44
1403636962.051666498,1.25
1403636962.101666451,1.232
1403636962.151666403,1.227
1403636962.201666594,1.263
1403636962.251666546,1.349
1403636962.301666498,1.371
1403636962.351666451,1.431
1403636962.401666403,1.312
1403636962.451666594,1.296
1403636962.501666546,1.109
1403636962.551666498,1.756
1403636962.601666451,2.132
1403636962.651666403,1.158
1403636962.701666594,1.265
1403636962.751666546,1.133
1403636962.801666498,1.516
1403636962.851666451,1.179
1403636962.901666403,1.088
1403636962.951666594,1.205
1403636963.001666546,1.198
1403636963.051666498,1.189
1403636963.101666451,1.228
1403636963.151666403,1.422
1403636963.201666594,1.616
1403636963.251666546,1.34
1403636963.301666498,1.118
1403636963.351666451,1.241
1403636963.401666403,1.47
1403636963.451666594,1.484
1403636963.501666546,1.333
1403636963.551666498,1.205
1403636963.601666451,1.09
1403636963.651666403,1.359
1403636963.701666594,1.258
1403636963.751666546,1.29
1403636963.801666498,1.608
1403636963.851666451,1.268
1403636963.901666403,1.356
1403636963.951666594,1.533
1403636964.001666546,1.334
1403636964.051666498,1.216
1403636964.101666451,1.119
1403636964.151666403,1.576
1403636964.201666594,2.438
1403636964.251666546,1.391
1403636964.301666498,1.227
1403636964.351666451,1.044
1403636964.401666403,1.578
1403636964.451666594,1.228
1403636964.501666546,1.14
1403636964.551666498,1.436
1403636964.601666451,1.694
1403636964.651666403,1.337
1403636964.701666594,1.234
1403636964.751666546,1.18
1403636964.801666498,1.473
1403636964.851666451,1.381
1403636964.901666403,1.193
1403636964.951666594,1.377
1403636965.001666546,1.368
1403636965.051666498,1.219
1403636965.101666451,1.314
1403636965.151666403,1.003
1403636965.201666594,1.28
1403636965.251666546,1.343
1403636965.301666498,1.314
1403636965.351666451,1.364
1403636965.401666403,1.23
1403636965.451666594,1.325
1403636965.501666546,1.29
1403636965.551666498,1.358
1403636965.601666451,1.42
1403636965.651666403,1.367
1403636965.701666594,1.383
1403636965.751666546,1.045
1403636965.801666498,2.31
1403636965.851666451,1.22
1403636965.901666403,1.167
1403636965.951666594,1.501
1403636966.001666546,1.674
1403636966.051666498,1.277
1403636966.101666451,1.288
1403636966.151666403,1.188
1403636966.201666594,1.537
1403636966.251666546,1.386
1403636966.301666498,1.269
1403636966.351666451,1.51
1403636966.401666403,1.329
1403636966.451666594,1.331
1403636966.501666546,1.196
1403636966.551666498,1.408
1403636966.601666451,1.506
1403636966.651666403,1.284
1403636966.701666594,1.178
1403636966.751666546,1.621
1403636966.801666498,1.333
1403636966.851666451,1.219
1403636966.901666403,1.228
1403636966.951666594,1.497
1403636967.001666546,1.426
1403636967.051666498,1.25
1403636967.101666451,1.021
1403636967.151666403,1.275
1403636967.201666594,1.406
1403636967.251666546,1.396
1403636967.301666498,1.196
1403636967.351666451,1.234
1403636967.401666403,1.966
1403636967.451666594,1.373
1403636967.501666546,1.197
1403636967.551666498,1.509
1403636967.601666451,1.277
1403636967.651666403,1.356
1403636967.701666594,1.207
1403636967.751666546,1.401
1403636967.801666498,1.184
1403636967.851666451,1.273
1403636967.901666403,1.257
1403636967.951666594,1.581
1403636968.001666546,1.18
1403636968.051666498,1.378
1403636968.101666451,1.377
1403636968.151666403,1.165
1403636968.201666594,1.522
1403636968.251666546,1.175
1403636968.301666498,1.18
1403636968.351666451,1.427
1403636968.401666403,1.248
1403636968.451666594,1.488
1403636968.501666546,1.26
1403636968.551666498,1.456
1403636968.601666451,1.384
1403636968.651666403,1.354
1403636968.701666594,1.155
1403636968.751666546,1.146
1403636968.801666498,1.22
1403636968.851666451,1.151
1403636968.901666403,1.179
1403636968.951666594,1.185
1403636969.001666546,2.215
1403636969.051666498,1.684
1403636969.101666451,1.102
1403636969.151666403,1.51
1403636969.201666594,1.461
1403636969.251666546,1.167
1403636969.301666498,1.199
1403636969.351666451,1.498
1403636969.401666403,1.312
1403636969.451666594,1.379
1403636969.501666546,1.29
1403636969.551666498,1.267
1403636969.601666451,1.409
1403636969.651666403,1.23
1403636969.701666594,1.193
1403636969.751666546,1.359
1403636969.801666498,1.632
1403636969.851666451,1.414
1403636969.901666403,1.212
1403636969.951666594,1.332
1403636970.001666546,1.495
1403636970.051666498,1.583
1403636970.101666451,1.292
1403636970.151666403,1.333
1403636970.201666594,1.533
1403636970.251666546,1.535
1403636970.301666498,1.212
1403636970.351666451,1.234
1403636970.401666403,1.479
1403636970.451666594,1.36
1403636970.501666546,1.153
1403636970.551666498,1.602
1403636970.601666451,1.937
1403636970.651666403,1.387
1403636970.701666594,1.349
1403636970.751666546,1.809
1403636970.801666498,1.965
1403636970.851666451,1.289
1403636970.901666403,1.335
1403636970.951666594,1.202
1403636971.001666546,1.514
1403636971.051666498,1.219
1403636971.101666451,1.122
1403636971.151666403,1.392
1403636971.201666594,1.699
1403636971.251666546,1.324
1403636971.301666498,1.174
1403636971.351666451,1.22
1403636971.401666403,1.129
1403636971.451666594,1.202
1403636971.501666546,1.228
1403636971.551666498,1.431
1403636971.601666451,1.498
1403636971.651666403,1.07
1403636971.701666594,1.265
1403636971.751666546,1.194
1403636971.801666498,1.198
1403636971.851666451,1.358
1403636971.901666403,1.241
1403636971.951666594,1.444
1403636972.001666546,1.472
1403636972.051666498,1.059
1403636972.101666451,1.218
1403636972.151666403,1.232
1403636972.201666594,1.79
1403636972.251666546,1.171
1403636972.301666498,1.376
1403636972.351666451,1.202
1403636972.401666403,1.318
1403636972.451666594,1.141
1403636972.501666546,1.358
1403636972.551666498,1.466
1403636972.601666451,1.323
1403636972.651666403,1.424
1403636972.701666594,1.421
1403636972.751666546,1.144
1403636972.801666498,1.28
1403636972.851666451,1.07
1403636972.901666403,1.32
1403636972.951666594,1.04
1403636973.001666546,1.346
1403636973.051666498,1.096
1403636973.101666451,1.203
1403636973.151666403,1.436
1403636973.201666594,1.536
1403636973.251666546,1.268
1403636973.301666498,1.161
1403636973.351666451,1.318
1403636973.401666403,1.039
1403636973.451666594,1.176
1403636973.501666546,1.203
1403636973.551666498,1.152
1403636973.601666451,1.152
1403636973.651666403,1.156
1403636973.701666594,1.132
1403636973.751666546,1.289
1403636973.801666498,1.755
1403636973.851666451,1.267
1403636973.901666403,1.254
1403636973.951666594,1.372
1403636974.001666546,1.475
1403636974.051666498,1.091
1403636974.101666451,1.144
1403636974.151666403,1.298
1403636974.201666594,1.314
1403636974.251666546,1.328
1403636974.301666498,1.224
1403636974.351666451,1.164
1403636974.401666403,1.093
1403636974.451666594,1.05
1403636974.501666546,1.013
1403636974.551666498,1.199
1403636974.601666451,1.096
1403636974.651666403,1.282
1403636974.701666594,1.132
1403636974.751666546,1.486
1403636974.801666498,1.097
1403636974.851666451,1.381
1403636974.901666403,1.182
1403636974.951666594,1.302
1403636975.001666546,1.216
1403636975.051666498,1.22
1403636975.101666451,1.245
1403636975.151666403,1.209
1403636975.201666594,1.054
1403636975.251666546,1.442
1403636975.301666498,1.269
1403636975.351666451,1.361
1403636975.401666403,2.8
1403636975.451666594,1.27
1403636975.501666546,1.126
1403636975.551666498,1.203
1403636975.601666451,1.073
1403636975.651666403,1.248
1403636975.701666594,1.229
1403636975.751666546,1.474
1403636975.801666498,1.254
1403636975.851666451,1.175
1403636975.901666403,1.096
1403636975.951666594,1.096
1403636976.001666546,1.164
1403636976.051666498,1.149
1403636976.101666451,1.128
1403636976.151666403,1.637
1403636976.201666594,1.465
1403636976.251666546,1.378
1403636976.301666498,1.303
1403636976.351666451,1.497
1403636976.401666403,1.213
1403636976.451666594,1.238
1403636976.501666546,1.269
1403636976.551666498,1.093
1403636976.601666451,1.707
1403636976.651666403,1.261
1403636976.701666594,1.15
1403636976.751666546,1.191
1403636976.801666498,1.63
1403636976.851666451,1.152
1403636976.901666403,1.301
1403636976.951666594,1.173
1403636977.001666546,1.829
1403636977.051666498,1.148
1403636977.101666451,1.263
1403636977.151666403,1.38
1403636977.201666594,1.258
1403636977.251666546,1.386
1403636977.301666498,1.27
1403636977.351666451,1.298
1403636977.401666403,1.431
1403636977.451666594,1.282
1403636977.501666546,1.204
1403636977.551666498,1.134
1403636977.601666451,1.044
1403636977.651666403,1.193
1403636977.701666594,1.103
1403636977.751666546,1.668
1403636977.801666498,1.642
1403636977.851666451,1.14
1403636977.901666403,1.373
1403636977.951666594,1.445
1403636978.001666546,1.134
1403636978.051666498,1.204
1403636978.101666451,1.286
1403636978.151666403,1.296
1403636978.201666594,0.977
1403636978.251666546,1.12
1403636978.301666498,1.159
1403636978.351666451,1.341
1403636978.401666403,1.189
1403636978.451666594,1.342
1403636978.501666546,1.159
1403636978.551666498,1.166
1403636978.601666451,2.435
1403636978.651666403,1.206
1403636978.701666594,1.25
1403636978.751666546,1.428
1403636978.801666498,1.636
1403636978.851666451,1.506
1403636978.901666403,1.209
1403636978.951666594,1.449
1403636979.001666546,1.209
1403636979.051666498,1.207
1403636979.101666451,1.144
1403636979.151666403,1.535
1403636979.201666594,1.207
1403636979.251666546,1.211
1403636979.301666498,1.136
1403636979.351666451,1.358
1403636979.401666403,1.145
1403636979.451666594,1.31
1403636979.501666546,1.147
1403636979.551666498,1.421
1403636979.601666451,1.515
1403636979.651666403,1.145
1403636979.701666594,1.108
1403636979.751666546,1.577
1403636979.801666498,1.51
1403636979.851666451,1.466
1403636979.901666403,1.165
1403636979.951666594,1.556
1403636980.001666546,1.154
1403636980.051666498,1.178
1403636980.101666451,1.108
1403636980.151666403,1.862
1403636980.201666594,1.626
1403636980.251666546,1.258
1403636980.301666498,1.113
1403636980.351666451,1.388
1403636980.401666403,1.467
1403636980.451666594,1.496
1403636980.501666546,1.187
1403636980.551666498,1.215
1403636980.601666451,1.353
1403636980.651666403,1.307
1403636980.701666594,1.174
1403636980.751666546,1.66
1403636980.801666498,1.675
1403636980.851666451,1.363
1403636980.901666403,1.266
1403636980.951666594,1.411
1403636981.001666546,1.161
1403636981.051666498,1.268
1403636981.101666451,1.153
1403636981.151666403,1.561
1403636981.201666594,1.379
1403636981.251666546,1.454
1403636981.301666498,1.147
1403636981.351666451,1.129
1403636981.401666403,1.151
1403636981.451666594,1.413
1403636981.501666546,1.287
1403636981.551666498,1.639
1403636981.601666451,1.715
1403636981.651666403,1.016
1403636981.701666594,1.101
1403636981.751666546,1.232
1403636981.801666498,2.737
1403636981.851666451,1.875
1403636981.901666403,1.27
1403636981.951666594,1.745
1403636982.001666546,1.235
1403636982.051666498,1.216
1403636982.101666451,1.6
1403636982.151666403,1.494
1403636982.201666594,1.498
1403636982.251666546,1.543
1403636982.301666498,1.559
1403636982.351666451,1.094
1403636982.401666403,1.215
1403636982.451666594,1.585
1403636982.501666546,1.413
1403636982.551666498,1.248
1403636982.601666451,1.368
1403636982.651666403,1.499
1403636982.701666594,1.545
1403636982.751666546,1.175
1403636982.801666498,1.271
1403636982.851666451,1.187
1403636982.901666403,1.41
1403636982.951666594,1.282
1403636983.001666546,1.18
1403636983.051666498,1.415
1403636983.101666451,1.585
1403636983.151666403,1.359
1403636983.201666594,1.162
1403636983.251666546,1.412
1403636983.301666498,1.619
1403636983.351666451,1.316
1403636983.401666403,1.657
1403636983.451666594,1.034
1403636983.501666546,1.179
1403636983.551666498,1.559
1403636983.601666451,1.157
1403636983.651666403,1.195
1403636983.701666594,1.414
1403636983.751666546,1.139
1403636983.801666498,1.28
1403636983.851666451,1.366
1403636983.901666403,1.355
1403636983.951666594,1.218
1403636984.001666546,1.345
1403636984.051666498,1.446
1403636984.101666451,1.271
1403636984.151666403,1.679
1403636984.201666594,1.3
1403636984.251666546,1.164
1403636984.301666498,1.542
1403636984.351666451,1.757
1403636984.401666403,1.446
1403636984.451666594,1.176
1403636984.501666546,1.232
1403636984.551666498,1.466
1403636984.601666451,1.411
1403636984.651666403,1.397
1403636984.701666594,1.216
1403636984.751666546,1.526
1403636984.801666498,1.23
1403636984.851666451,1.222
1403636984.901666403,1.469
1403636984.951666594,1.345
1403636985.001666546,2.048
1403636985.051666498,1.229
1403636985.101666451,1.68
1403636985.151666403,1.409
1403636985.201666594,1.18
1403636985.251666546,1.147
1403636985.301666498,1.226
1403636985.351666451,1.362
1403636985.401666403,1.387
1403636985.451666594,1.274
1403636985.501666546,1.563
1403636985.551666498,1.182
1403636985.601666451,1.428
1403636985.651666403,1.214
1403636985.701666594,1.222
1403636985.751666546,1.484
1403636985.801666498,1.222
1403636985.851666451,1.094
1403636985.901666403,1.25
1403636985.951666594,1.231
1403636986.001666546,1.155
1403636986.051666498,1.566
1403636986.101666451,1.634
1403636986.151666403,1.102
1403636986.201666594,1.165
1403636986.251666546,1.501
1403636986.301666498,1.188
1403636986.351666451,1.411
1403636986.401666403,1.16
1403636986.451666594,1.413
1403636986.501666546,1.273
1403636986.551666498,1.524
1403636986.601666451,1.631
1403636986.651666403,1.406
1403636986.701666594,1.178
1403636986.751666546,1.594
1403636986.801666498,1.078
1403636986.851666451,1.16
1403636986.901666403,1.137
1403636986.951666594,1.16
1403636987.001666546,1.143
1403636987.051666498,1.588
1403636987.101666451,1.493
1403636987.151666403,1.534
1403636987.201666594,1.369
1403636987.251666546,1.357
1403636987.301666498,1.563
1403636987.351666451,1.721
1403636987.401666403,1.366
1403636987.451666594,1.256
1403636987.501666546,1.564
1403636987.551666498,1.478
1403636987.601666451,1.244
1403636987.651666403,1.138
1403636987.701666594,1.287
1403636987.751666546,1.385
1403636987.801666498,1.222
1403636987.851666451,1.286
1403636987.901666403,1.322
1403636987.951666594,1.169
1403636988.001666546,1.165
1403636988.051666498,1.363
1403636988.101666451,1.13
1403636988.151666403,1.113
1403636988.201666594,2.355
1403636988.251666546,1.162
1403636988.301666498,1.231
1403636988.351666451,1.148
1403636988.401666403,1.159
1403636988.451666594,1.312
1403636988.501666546,1.193
1403636988.551666498,1.363
1403636988.601666451,1.204
1403636988.651666403,1.599
1403636988.701666594,1.398
1403636988.751666546,1.497
1403636988.801666498,1.284
1403636988.851666451,1.471
1403636988.901666403,1.158
1403636988.951666594,1.242
1403636989.001666546,1.351
1403636989.051666498,1.217
1403636989.101666451,1.101
1403636989.151666403,0.959
1403636989.201666594,1.231
1403636989.251666546,1.503
1403636989.301666498,1.194
1403636989.351666451,1.244
1403636989.401666403,1.154
1403636989.451666594,1.235
1403636989.501666546,1.197
1403636989.551666498,1.458
1403636989.601666451,1.335
1403636989.651666403,1.386
1403636989.701666594,1.195
1403636989.751666546,1.271
1403636989.801666498,1.837
1403636989.851666451,1.175
1403636989.901666403,1.073
1403636989.951666594,1.409
1403636990.001666546,1.494
1403636990.051666498,1.479
1403636990.101666451,1.257
1403636990.151666403,1.225
1403636990.201666594,1.595
1403636990.251666546,1.573
1403636990.301666498,1.155
1403636990.351666451,1.432
1403636990.401666403,1.462
1403636990.451666594,1.751
1403636990.501666546,1.21
1403636990.551666498,1.19
1403636990.601666451,1.296
1403636990.651666403,1.485
1403636990.701666594,1.038
1403636990.751666546,1.176
1403636990.801666498,1.203
1403636990.851666451,1.59
1403636990.901666403,1.084
1403636990.951666594,1.275
1403636991.001666546,1.371
1403636991.051666498,1.247
1403636991.101666451,1.229
1403636991.151666403,1.435
1403636991.201666594,1.156
1403636991.251666546,1.304
1403636991.301666498,1.155
1403636991.351666451,1.198
1403636991.401666403,2.02
1403636991.451666594,1.322
1403636991.501666546,1.423
1403636991.551666498,1.212
1403636991.601666451,1.124
1403636991.651666403,1.546
1403636991.701666594,1.233
1403636991.751666546,1.412
1403636991.801666498,1.437
1403636991.851666451,1.295
1403636991.901666403,1.354
1403636991.951666594,1.162
1403636992.001666546,1.351
1403636992.051666498,1.16
1403636992.101666451,1.227
1403636992.151666403,1.271
1403636992.201666594,1.319
1403636992.251666546,1.244
1403636992.301666498,1.109
1403636992.351666451,1.197
1403636992.401666403,1.193
1403636992.451666594,1.357
1403636992.501666546,1.261
1403636992.551666498,1.286
1403636992.601666451,1.595
1403636992.651666403,1.166
1403636992.701666594,1.143
1403636992.751666546,1.384
1403636992.801666498,1.19
1403636992.851666451,1.543
1403636992.901666403,1.28
1403636992.951666594,1.346
1403636993.001666546,1.818
1403636993.051666498,1.186
1403636993.101666451,1.382
1403636993.151666403,1.046
1403636993.201666594,1.35
1403636993.251666546,1.489
1403636993.301666498,1.2
1403636993.351666451,1.107
1403636993.401666403,1.404
1403636993.451666594,1.175
1403636993.501666546,1.472
1403636993.551666498,1.317
1403636993.601666451,1.419
1403636993.651666403,1.491
1403636993.701666594,1.377
1403636993.751666546,1.184
1403636993.801666498,1.467
1403636993.851666451,1.362
1403636993.901666403,1.434
1403636993.951666594,1.329
1403636994.001666546,1.282
1403636994.051666498,1.357
1403636994.101666451,1.064
1403636994.151666403,1.228
1403636994.201666594,1.528
1403636994.251666546,1.401
1403636994.301666498,1.522
1403636994.351666451,1.353
1403636994.401666403,1.168
1403636994.451666594,1.211
1403636994.501666546,1.557
1403636994.551666498,1.172
1403636994.601666451,2.441
1403636994.651666403,1.255
1403636994.701666594,1.65
1403636994.751666546,1.109
1403636994.801666498,1.3
1403636994.851666451,1.109
1403636994.901666403,1.352
1403636994.951666594,1.712
1403636995.001666546,1.146
1403636995.051666498,1.347
1403636995.101666451,1.04
1403636995.151666403,1.137
1403636995.201666594,1.191
1403636995.251666546,1.251
1403636995.301666498,1.142
1403636995.351666451,1.338
1403636995.401666403,1.17
1403636995.451666594,1.304
1403636995.501666546,1.233
1403636995.551666498,1.759
1403636995.601666451,1.446
1403636995.651666403,1.117
1403636995.701666594,1.28
1403636995.751666546,1.274
1403636995.801666498,1.273
1403636995.851666451,1.266
1403636995.901666403,1.124
1403636995.951666594,1.416
1403636996.001666546,1.25
1403636996.051666498,1.149
1403636996.101666451,1.16
1403636996.151666403,1.218
1403636996.201666594,1.771
1403636996.251666546,1.246
1403636996.301666498,1.415
1403636996.351666451,1.41
1403636996.401666403,1.179
1403636996.451666594,1.141
1403636996.501666546,1.521
1403636996.551666498,1.337
1403636996.601666451,1.236
1403636996.651666403,1.313
1403636996.701666594,1.191
1403636996.751666546,1.358
1403636996.801666498,1.458
1403636996.851666451,1.32
1403636996.901666403,1.293
1403636996.951666594,1.228
1403636997.001666546,1.462
1403636997.051666498,1.555
1403636997.101666451,1.44
1403636997.151666403,1.537
1403636997.201666594,1.281
1403636997.251666546,1.109
1403636997.301666498,1.321
1403636997.351666451,1.494
1403636997.401666403,1.306
1403636997.451666594,1.186
1403636997.501666546,1.592
1403636997.551666498,1.465
1403636997.601666451,1.544
1403636997.651666403,1.418
1403636997.701666594,1.128
1403636997.751666546,1.215
1403636997.801666498,2.036
1403636997.851666451,1.204
1403636997.901666403,1.152
1403636997.951666594,1.161
1403636998.001666546,1.215
1403636998.051666498,1.365
1403636998.101666451,1.257
1403636998.151666403,1.579
1403636998.201666594,1.229
1403636998.251666546,1.507
1403636998.301666498,1.355
1403636998.351666451,1.24
1403636998.401666403,1.323
1403636998.451666594,1.158
1403636998.501666546,1.444
1403636998.551666498,1.278
1403636998.601666451,1.14
1403636998.651666403,1.362
1403636998.701666594,1.158
1403636998.751666546,1.381
1403636998.801666498,1.255
1403636998.851666451,1.516
1403636998.901666403,1.361
1403636998.951666594,1.209
1403636999.001666546,1.196
1403636999.051666498,1.227
1403636999.101666451,1.224
1403636999.151666403,1.37
1403636999.201666594,1.272
1403636999.251666546,1.169
1403636999.301666498,1.26
1403636999.351666451,1.226
1403636999.401666403,1.69
1403636999.451666594,1.385
1403636999.501666546,1.224
1403636999.551666498,1.199
1403636999.601666451,1.301
1403636999.651666403,1.151
1403636999.701666594,1.18
1403636999.751666546,1.187
1403636999.801666498,1.331
1403636999.851666451,1.768
1403636999.901666403,1.522
1403636999.951666594,1.467
1403637000.001666546,1.134
1403637000.051666498,1.144
1403637000.101666451,1.073
1403637000.151666403,1.287
1403637000.201666594,1.468
1403637000.251666546,1.432
1403637000.301666498,1.545
1403637000.351666451,1.324
1403637000.401666403,1.15
1403637000.451666594,1.348
1403637000.501666546,1.496
1403637000.551666498,1.223
1403637000.601666451,1.269
1403637000.651666403,1.087
1403637000.701666594,1.767
1403637000.751666546,0.983
1403637000.801666498,1.329
1403637000.851666451,1.489
1403637000.901666403,1.565
1403637000.951666594,1.132
1403637001.001666546,2.9
1403637001.051666498,1.176
1403637001.101666451,1.174
1403637001.151666403,1.166
1403637001.201666594,1.47
1403637001.251666546,1.295
1403637001.301666498,1.422
1403637001.351666451,1.198
1403637001.401666403,1.162
1403637001.451666594,1.143
1403637001.501666546,1.156
1403637001.551666498,1.463
1403637001.601666451,1.116
1403637001.651666403,1.066
1403637001.701666594,1.047
1403637001.751666546,0.913
1403637001.801666498,1.322
1403637001.851666451,1.149
1403637001.901666403,1.299
1403637001.951666594,1.159
1403637002.001666546,1.157
1403637002.051666498,0.961
1403637002.101666451,1.207
1403637002.151666403,1.281
1403637002.201666594,1.34
1403637002.251666546,1.088
1403637002.301666498,1.153
1403637002.351666451,1.631
1403637002.401666403,1.414
1403637002.451666594,1.065
1403637002.501666546,1.193
1403637002.551666498,1.342
1403637002.601666451,1.795
1403637002.651666403,1.126
1403637002.701666594,1.105
1403637002.751666546,1.387
1403637002.801666498,1.021
1403637002.851666451,1.031
1403637002.901666403,1.233
1403637002.951666594,1.391
1403637003.001666546,1.535
1403637003.051666498,1.097
1403637003.101666451,1.154
1403637003.151666403,1.154
1403637003.201666594,1.238
1403637003.251666546,1.175
1403637003.301666498,1.187
1403637003.351666451,1.232
1403637003.401666403,1.276
1403637003.451666594,1.155
1403637003.501666546,1.349
1403637003.551666498,1.475
1403637003.601666451,1.26
1403637003.651666403,1.187
1403637003.701666594,1.216
1403637003.751666546,1.207
1403637003.801666498,1.284
1403637003.851666451,1.064
1403637003.901666403,1.301
1403637003.951666594,1.212
1403637004.001666546,1.293
1403637004.051666498,1.127
1403637004.101666451,1.152
1403637004.151666403,1.357
1403637004.201666594,1.715
1403637004.251666546,1.117
1403637004.301666498,1.164
1403637004.351666451,1.231
1403637004.401666403,1.293
1403637004.451666594,1.219
1403637004.501666546,1.138
1403637004.551666498,1.245
1403637004.601666451,1.383
1403637004.651666403,1.099
1403637004.701666594,1.262
1403637004.751666546,1.228
1403637004.801666498,1.167
1403637004.851666451,1.126
1403637004.901666403,1.5
1403637004.951666594,1.283
1403637005.001666546,1.087
1403637005.051666498,1.168
1403637005.101666451,1.13
1403637005.151666403,1.2
1403637005.201666594,1.142
1403637005.251666546,1.1
1403637005.301666498,1.158
1403637005.351666451,1.233
1403637005.401666403,1.168
1403637005.451666594,1.187
1403637005.501666546,1.267
1403637005.551666498,1.137
1403637005.601666451,1.111
1403637005.651666403,1.055
1403637005.701666594,1.157
1403637005.751666546,1.207
1403637005.801666498,1.588
1403637005.851666451,1.139
1403637005.901666403,1.101
1403637005.951666594,1.111
1403637006.001666546,1.124
1403637006.051666498,1.132
1403637006.101666451,1.22
1403637006.151666403,1.302
1403637006.201666594,1.164
1403637006.251666546,1.134
1403637006.301666498,1.278
1403637006.351666451,1.293
1403637006.401666403,1.177
1403637006.451666594,1.119
1403637006.501666546,1.18
1403637006.551666498,1.313
1403637006.601666451,1.09
1403637006.651666403,1.1
1403637006.701666594,1.187
1403637006.751666546,1.377
1403637006.801666498,1.246
1403637006.851666451,1.103
1403637006.901666403,1.197
1403637006.951666594,1.187
1403637007.001666546,1.164
1403637007.051666498,1.12
1403637007.101666451,1.386
1403637007.151666403,1.244
1403637007.201666594,1.153
1403637007.251666546,1.306
1403637007.301666498,1.043
1403637007.351666451,1.129
1403637007.401666403,1.899
1403637007.451666594,1.157
1403637007.501666546,1.033
1403637007.551666498,1.367
1403637007.601666451,1.192
1403637007.651666403,1.121
1403637007.701666594,1.299
1403637007.751666546,1.055
1403637007.801666498,1.161
1403637007.851666451,1.123
1403637007.901666403,1.265
1403637007.951666594,1.147
1403637008.001666546,1.196
1403637008.051666498,1.115
1403637008.101666451,1.188
1403637008.151666403,1.174
1403637008.201666594,1.19
1403637008.251666546,1.142
1403637008.301666498,1.147
1403637008.351666451,1.153
1403637008.401666403,1.04
1403637008.451666594,1.1
1403637008.501666546,1.16
1403637008.551666498,1.558
1403637008.601666451,1.062
1403637008.651666403,1.163
1403637008.701666594,1.241
1403637008.751666546,1.305
1403637008.801666498,1.104
1403637008.851666451,1.221
1403637008.901666403,1.23
1403637008.951666594,1.323
1403637009.001666546,1.711
1403637009.051666498,0.994
1403637009.101666451,1.197
1403637009.151666403,1.333
1403637009.201666594,1.181
1403637009.251666546,1.213
1403637009.301666498,1.254
1403637009.351666451,1.218
1403637009.401666403,1.085
1403637009.451666594,1.193
1403637009.501666546,1.236
1403637009.551666498,1.164
1403637009.601666451,1.4
1403637009.651666403,1.212
1403637009.701666594,1.339
1403637009.751666546,1.55
1403637009.801666498,1.161
1403637009.851666451,1.066
1403637009.901666403,1.233
1403637009.951666594,1.262
1403637010.001666546,1.164
1403637010.051666498,1.23
1403637010.101666451,1.268
1403637010.151666403,1.124
1403637010.201666594,1.174
1403637010.251666546,1.093
1403637010.301666498,1.178
1403637010.351666451,1.246
1403637010.401666403,1.168
1403637010.451666594,1.014
1403637010.501666546,1.193
1403637010.551666498,1.183
1403637010.601666451,1.862
