1403715893.384057999,0
1403715893.534058094,0
1403715893.684057951,16.7314
1403715893.834058046,19.0555
1403715893.984057903,23.0211
1403715894.134057999,26.842
1403715894.284058094,35.2519
1403715894.434057951,48.0667
1403715894.584058046,55.2969
1403715894.734057903,61.4251
1403715894.884057999,61.6034
1403715895.034058094,82.6506
1403715895.184057951,78.3204
1403715895.334058046,82.4189
1403715895.484057903,88.8782
1403715895.634057999,90.2847
1403715895.784058094,96.5562
1403715895.934057951,93.3702
1403715896.084058046,96.0119
1403715896.234057903,104.285
1403715896.384057999,112.185
1403715896.534058094,118.725
1403715896.684057951,117.112
1403715896.834058046,116.729
1403715896.984057903,118.863
1403715897.134057999,121.658
1403715897.284058094,121.597
1403715897.434057951,120.488
1403715897.584058046,119.805
1403715897.734057903,116.513
1403715897.884057999,118.154
1403715898.034058094,116.117
1403715898.184057951,113.844
1403715898.334058046,110.297
1403715898.484057903,103.583
1403715898.634057999,104.387
1403715898.784058094,108.139
1403715898.934057951,100.593
1403715899.084058046,94.4412
1403715899.234057903,94.8312
1403715899.384057999,97.4299
1403715899.534058094,96.9874
1403715899.684057951,123.187
1403715899.834058046,96.605
1403715899.984057903,102.06
1403715900.134057999,100.41
1403715900.284058094,100.192
1403715900.434057951,102.935
1403715900.584058046,107.319
1403715900.734057903,107.176
1403715900.884057999,105.85
1403715901.034058094,106.545
1403715901.184057951,109.671
1403715901.334058046,107.586
1403715901.484057903,103.188
1403715901.634057999,67.3043
1403715901.784058094,111.052
1403715901.934057951,109.249
1403715902.084058046,105.429
1403715902.234057903,104.458
1403715902.384057999,99.9464
1403715902.534058094,100.21
1403715902.684057951,92.7339
1403715902.834058046,90.1679
1403715902.984057903,103.41
1403715903.134057999,96.779
1403715903.284058094,94.7575
1403715903.434057951,99.9756
1403715903.584058046,100.886
1403715903.734057903,98.4004
1403715903.884057999,97.9777
1403715904.034058094,104.451
1403715904.184057951,103.165
1403715904.334058046,109.493
1403715904.484057903,104.316
1403715904.634057999,100.938
1403715904.784058094,88.3996
1403715904.934057951,91.6468
1403715905.084058046,98.8923
1403715905.234057903,106.199
1403715905.384057999,107.307
1403715905.534058094,107.536
1403715905.684057951,105.569
1403715905.834058046,106.79
1403715905.984057903,105.601
1403715906.134057999,110.21
1403715906.284058094,112.36
1403715906.434057951,111.001
1403715906.584058046,112.125
1403715906.734057903,123.775
1403715906.884057999,126.683
1403715907.034058094,121.112
1403715907.184057951,118.586
1403715907.334058046,124.68
1403715907.484057903,125.755
1403715907.634057999,130.454
1403715907.784058094,131.223
1403715907.934057951,134.624
1403715908.084058046,133.335
1403715908.234057903,134.277
1403715908.384057999,134.294
1403715908.534058094,137.572
1403715908.684057951,136.723
1403715908.834058046,137.513
1403715908.984057903,136.372
1403715909.134057999,139.292
1403715909.284058094,139.45
1403715909.434057951,156.428
1403715909.584058046,148.972
1403715909.734057903,154.11
1403715909.884057999,153.6
1403715910.034058094,144.264
1403715910.184057951,152.936
1403715910.334058046,157.556
1403715910.484057903,159.748
1403715910.634057999,163.864
1403715910.784058094,167.859
1403715910.934057951,162.26
1403715911.084058046,160.364
1403715911.234057903,158.025
1403715911.384057999,141.271
1403715911.534058094,73.2284
1403715911.684057951,142.574
1403715911.834058046,145.655
1403715911.984057903,144.844
1403715912.134057999,144.332
1403715912.284058094,145.972
1403715912.434057951,149.817
1403715912.584058046,152.846
1403715912.734057903,151.507
1403715912.884057999,147.872
1403715913.034058094,147.013
1403715913.184057951,147.128
1403715913.334058046,146.856
1403715913.484057903,151.72
1403715913.634057999,154.693
1403715913.784058094,157.248
1403715913.934057951,156.998
1403715914.084058046,158.069
1403715914.234057903,158.446
1403715914.384057999,161.473
1403715914.534058094,157.043
1403715914.684057951,159.982
1403715914.834058046,163.415
1403715914.984057903,162.689
1403715915.134057999,162.4
1403715915.284058094,164.299
1403715915.434057951,167.215
1403715915.584058046,161.251
1403715915.734057903,162.8
1403715915.884057999,161.805
1403715916.034058094,159.903
1403715916.184057951,161.917
1403715916.334058046,157.485
1403715916.484057903,148.699
1403715916.634057999,140.252
1403715916.784058094,139.488
1403715916.934057951,134.668
1403715917.084058046,133.321
1403715917.234057903,128.42
1403715917.384057999,130.007
1403715917.534058094,129.593
1403715917.684057951,128.928
1403715917.834058046,130.913
1403715917.984057903,127.471
1403715918.134057999,124.782
1403715918.284058094,125.537
1403715918.434057951,126.11
1403715918.584058046,127.739
1403715918.734057903,128.101
1403715918.884057999,130.246
1403715919.034058094,131.561
1403715919.184057951,128.992
1403715919.334058046,131.64
1403715919.484057903,130.376
1403715919.634057999,130.438
1403715919.784058094,129.011
1403715919.934057951,128.423
1403715920.084058046,129.904
1403715920.234057903,125.31
1403715920.384057999,127.473
1403715920.534058094,129.112
1403715920.684057951,128.14
1403715920.834058046,126.576
1403715920.984057903,128.331
1403715921.134057999,128.39
1403715921.284058094,128.554
1403715921.434057951,128.346
1403715921.584058046,122.542
1403715921.734057903,121.208
1403715921.884057999,123.225
1403715922.034058094,120.52
1403715922.184057951,122.012
1403715922.334058046,122.031
1403715922.484057903,120.191
1403715922.634057999,120.052
1403715922.784058094,121.616
1403715922.934057951,121.229
1403715923.084058046,121.117
1403715923.234057903,121.081
1403715923.384057999,126.07
1403715923.534058094,125.002
1403715923.684057951,126.013
1403715923.834058046,123.661
1403715923.984057903,125.327
1403715924.134057999,130.532
1403715924.284058094,132.396
1403715924.434057951,133.308
1403715924.584058046,131.664
1403715924.734057903,135.28
1403715924.884057999,137.277
1403715925.034058094,141.554
1403715925.184057951,143.68
1403715925.334058046,144.876
1403715925.484057903,146.694
1403715925.634057999,146.125
1403715925.784058094,147.955
1403715925.934057951,146.661
1403715926.084058046,127.844
1403715926.234057903,122.635
1403715926.384057999,121.773
1403715926.534058094,133.178
1403715926.684057951,142.43
1403715926.834058046,145.549
1403715926.984057903,146.504
1403715927.134057999,146.4
1403715927.284058094,148.249
1403715927.434057951,148.891
1403715927.584058046,153.296
1403715927.734057903,152.79
1403715927.884057999,149.364
1403715928.034058094,149.225
1403715928.184057951,150.449
1403715928.334058046,150.877
1403715928.484057903,155.306
1403715928.634057999,157.743
1403715928.784058094,157.557
1403715928.934057951,157.548
1403715929.084058046,158.251
1403715929.234057903,159.889
1403715929.384057999,161.913
1403715929.534058094,162.87
1403715929.684057951,163.36
1403715929.834058046,165.909
1403715929.984057903,169.633
1403715930.134057999,168.03
1403715930.284058094,167.412
1403715930.434057951,167.422
1403715930.584058046,165.129
1403715930.734057903,162.282
1403715930.884057999,161.63
1403715931.034058094,161.454
1403715931.184057951,159.85
1403715931.334058046,164.797
1403715931.484057903,164.796
1403715931.634057999,164.463
1403715931.784058094,167.355
1403715931.934057951,164.143
1403715932.084058046,163.715
1403715932.234057903,163.6
1403715932.384057999,160.706
1403715932.534058094,156.856
1403715932.684057951,156.05
1403715932.834058046,154.375
1403715932.984057903,157.452
1403715933.134057999,159.792
1403715933.284058094,160.706
1403715933.434057951,165.1
1403715933.584058046,168.311
1403715933.734057903,166.73
1403715933.884057999,166.424
1403715934.034058094,162.419
1403715934.184057951,162.022
1403715934.334058046,155.504
1403715934.484057903,149.894
1403715934.634057999,154.848
1403715934.784058094,155.028
1403715934.934057951,154.588
1403715935.084058046,163.381
1403715935.234057903,169.286
1403715935.384057999,172.769
1403715935.534058094,173.479
1403715935.684057951,172.651
1403715935.834058046,172.597
1403715935.984057903,171.575
1403715936.134057999,172.072
1403715936.284058094,177.372
1403715936.434057951,176.303
1403715936.584058046,175.358
1403715936.734057903,174.266
1403715936.884057999,167.044
1403715937.034058094,175.206
1403715937.184057951,175.786
1403715937.334058046,172.033
1403715937.484057903,176.579
1403715937.634057999,175.448
1403715937.784058094,169.596
1403715937.934057951,174.157
1403715938.084058046,172.197
1403715938.234057903,169.396
1403715938.384057999,171.91
1403715938.534058094,173.315
1403715938.684057951,168.494
1403715938.834058046,169.431
1403715938.984057903,168.353
1403715939.134057999,168.679
1403715939.284058094,167.207
1403715939.434057951,170.371
1403715939.584058046,167.477
1403715939.734057903,166.015
1403715939.884057999,165.201
1403715940.034058094,168.646
1403715940.184057951,169.802
1403715940.334058046,173.567
1403715940.484057903,177.504
1403715940.634057999,175.961
1403715940.784058094,173.923
1403715940.934057951,179.856
1403715941.084058046,181.787
1403715941.234057903,175.147
1403715941.384057999,174.833
1403715941.534058094,174.403
1403715941.684057951,168.954
1403715941.834058046,172.75
1403715941.984057903,175.878
1403715942.134057999,179.866
1403715942.284058094,190.189
1403715942.434057951,198.777
1403715942.584058046,197.954
1403715942.734057903,200.095
1403715942.884057999,193.849
1403715943.034058094,200.48
1403715943.184057951,198.234
1403715943.334058046,197.714
1403715943.484057903,196.603
1403715943.634057999,191.225
1403715943.784058094,192.724
1403715943.934057951,190.195
1403715944.084058046,195.547
1403715944.234057903,197.434
1403715944.384057999,194.409
1403715944.534058094,191.73
1403715944.684057951,193.136
1403715944.834058046,197.694
1403715944.984057903,202.903
1403715945.134057999,207.485
1403715945.284058094,214.51
1403715945.434057951,202.22
1403715945.584058046,190.786
1403715945.734057903,210.313
1403715945.884057999,203.123
1403715946.034058094,204.454
1403715946.184057951,198.44
1403715946.334058046,201.511
1403715946.484057903,203.96
1403715946.634057999,199.778
1403715946.784058094,205.705
1403715946.934057951,206.292
1403715947.084058046,198.734
1403715947.234057903,193.063
1403715947.384057999,193.212
1403715947.534058094,196.033
1403715947.684057951,190.045
1403715947.834058046,198.797
1403715947.984057903,189.329
1403715948.134057999,195.591
1403715948.284058094,196.372
1403715948.434057951,189.963
1403715948.584058046,195.424
1403715948.734057903,195.787
1403715948.884057999,201.319
1403715949.034058094,199.899
1403715949.184057951,185.187
1403715949.334058046,171.436
1403715949.484057903,182.102
1403715949.634057999,181.26
1403715949.784058094,182.629
1403715949.934057951,185.409
1403715950.084058046,187.793
1403715950.234057903,191.662
1403715950.384057999,192.059
1403715950.534058094,188.228
1403715950.684057951,169.415
1403715950.834058046,166.191
1403715950.984057903,94.6449
1403715951.134057999,178.967
1403715951.284058094,178.934
1403715951.434057951,187.392
1403715951.584058046,183.696
1403715951.734057903,180.224
1403715951.884057999,183.932
1403715952.034058094,101.361
1403715952.184057951,82.4478
1403715952.334058046,77.2246
1403715952.484057903,175.917
1403715952.634057999,174.767
1403715952.784058094,168.368
1403715952.934057951,174.614
1403715953.084058046,173.504
1403715953.234057903,168.881
1403715953.384057999,169.804
1403715953.534058094,175.723
1403715953.684057951,174.122
1403715953.834058046,174.356
1403715953.984057903,183.253
1403715954.134057999,183.309
1403715954.284058094,182.107
1403715954.434057951,182.637
1403715954.584058046,177.648
1403715954.734057903,177.165
1403715954.884057999,173.063
1403715955.034058094,171.332
1403715955.184057951,171.983
1403715955.334058046,173.866
1403715955.484057903,180.068
1403715955.634057999,178.844
1403715955.784058094,176.211
1403715955.934057951,185.941
1403715956.084058046,182.714
1403715956.234057903,174.678
1403715956.384057999,170.019
1403715956.534058094,173.245
1403715956.684057951,169.625
1403715956.834058046,180.808
1403715956.984057903,184.925
1403715957.134057999,191.33
1403715957.284058094,191.497
1403715957.434057951,186.176
1403715957.584058046,174.067
1403715957.734057903,170.13
1403715957.884057999,178.048
1403715958.034058094,188.147
1403715958.184057951,189.71
1403715958.334058046,185.065
1403715958.484057903,173.029
1403715958.634057999,169.799
1403715958.784058094,177.226
1403715958.934057951,180.884
1403715959.084058046,179.983
1403715959.234057903,183.095
1403715959.384057999,174.47
1403715959.534058094,170.905
1403715959.684057951,173.269
1403715959.834058046,179.65
1403715959.984057903,185.86
1403715960.134057999,188.506
1403715960.284058094,196.257
1403715960.434057951,183.973
1403715960.584058046,177.772
1403715960.734057903,180.981
1403715960.884057999,184.133
1403715961.034058094,180.693
1403715961.184057951,183.875
1403715961.334058046,176.763
1403715961.484057903,187.019
1403715961.634057999,185.594
1403715961.784058094,186.425
1403715961.934057951,184.538
1403715962.084058046,171.896
1403715962.234057903,175.254
1403715962.384057999,167.194
1403715962.534058094,164.888
1403715962.684057951,176.551
1403715962.834058046,185.816
1403715962.984057903,195.435
1403715963.134057999,194.308
1403715963.284058094,185.503
1403715963.434057951,179.795
1403715963.584058046,180.64
1403715963.734057903,187.804
1403715963.884057999,188.353
1403715964.034058094,192.571
1403715964.184057951,186.587
1403715964.334058046,182.497
1403715964.484057903,182.995
1403715964.634057999,184.986
1403715964.784058094,184.692
1403715964.934057951,193.874
1403715965.084058046,193.292
1403715965.234057903,191.65
1403715965.384057999,194.964
1403715965.534058094,188.703
1403715965.684057951,189.31
1403715965.834058046,199.54
1403715965.984057903,201.333
1403715966.134057999,208.159
1403715966.284058094,209.341
1403715966.434057951,210.748
1403715966.584058046,208.075
1403715966.734057903,212.93
1403715966.884057999,205.009
1403715967.034058094,204.489
1403715967.184057951,206.88
1403715967.334058046,208.926
1403715967.484057903,210.693
1403715967.634057999,209.911
1403715967.784058094,202.692
1403715967.934057951,211.932
1403715968.084058046,210.727
1403715968.234057903,209.7
1403715968.384057999,209.488
1403715968.534058094,204.622
1403715968.684057951,204.198
1403715968.834058046,202.279
1403715968.984057903,212.392
1403715969.134057999,210.32
1403715969.284058094,201.446
1403715969.434057951,204.001
1403715969.584058046,200.026
1403715969.734057903,204.247
1403715969.884057999,205.916
1403715970.034058094,213.589
1403715970.184057951,212.791
1403715970.334058046,211.932
1403715970.484057903,213.849
1403715970.634057999,208.179
1403715970.784058094,209.97
1403715970.934057951,212.027
1403715971.084058046,208.013
1403715971.234057903,209.975
1403715971.384057999,208.511
1403715971.534058094,216.594
1403715971.684057951,214.855
1403715971.834058046,210.067
1403715971.984057903,210.127
1403715972.134057999,209.856
1403715972.284058094,209.825
1403715972.434057951,210.141
1403715972.584058046,207.842
1403715972.734057903,211.746
1403715972.884057999,214.062
1403715973.034058094,214.212
1403715973.184057951,220.609
1403715973.334058046,214.795
1403715973.484057903,217.598
1403715973.634057999,223.295
1403715973.784058094,218.731
1403715973.934057951,219.935
1403715974.084058046,226.753
1403715974.234057903,222.422
1403715974.384057999,221.726
1403715974.534058094,228.095
1403715974.684057951,226.064
1403715974.834058046,221.922
1403715974.984057903,230.858
1403715975.134057999,226.695
1403715975.284058094,225.384
1403715975.434057951,236.737
1403715975.584058046,232.274
1403715975.734057903,230.271
1403715975.884057999,233.27
1403715976.034058094,233.583
1403715976.184057951,231.181
1403715976.334058046,236.009
1403715976.484057903,229.836
1403715976.634057999,230.097
1403715976.784058094,229.54
1403715976.934057951,228.527
1403715977.084058046,229.977
1403715977.234057903,231.77
1403715977.384057999,234.882
1403715977.534058094,231.248
1403715977.684057951,239.933
1403715977.834058046,236.36
1403715977.984057903,237.871
1403715978.134057999,234.392
1403715978.284058094,230.723
1403715978.434057951,225.195
1403715978.584058046,243.906
1403715978.734057903,244.646
1403715978.884057999,254.04
1403715979.034058094,256.512
1403715979.184057951,238.306
1403715979.334058046,230.563
1403715979.484057903,130.33
1403715979.634057999,126.521
1403715979.784058094,227.075
1403715979.934057951,239.039
1403715980.084058046,238.681
1403715980.234057903,249.043
1403715980.384057999,246.347
1403715980.534058094,259.198
1403715980.684057951,269.944
1403715980.834058046,273.323
1403715980.984057903,272.27
1403715981.134057999,267.894
1403715981.284058094,266.023
1403715981.434057951,269.306
1403715981.584058046,259.683
1403715981.734057903,259.491
1403715981.884057999,263.941
1403715982.034058094,264.692
1403715982.184057951,267.308
1403715982.334058046,265.74
1403715982.484057903,264.38
1403715982.634057999,268.206
1403715982.784058094,256.63
1403715982.934057951,260.605
1403715983.084058046,258.716
1403715983.234057903,262.154
1403715983.384057999,262.629
1403715983.534058094,252.734
1403715983.684057951,247.477
1403715983.834058046,251.52
1403715983.984057903,234.26
1403715984.134057999,118.394
1403715984.284058094,219.22
1403715984.434057951,214.701
1403715984.584058046,125.769
1403715984.734057903,78.7234
1403715984.884057999,80.7228
1403715985.034058094,69.8337
1403715985.184057951,68.0237
1403715985.334058046,183.926
1403715985.484057903,196.769
1403715985.634057999,205.065
1403715985.784058094,211.228
1403715985.934057951,208.901
1403715986.084058046,203.903
1403715986.234057903,198.131
1403715986.384057999,209.656
1403715986.534058094,208.619
1403715986.684057951,219.85
1403715986.834058046,233.984
1403715986.984057903,234.398
1403715987.134057999,234.636
1403715987.284058094,222.119
1403715987.434057951,221.795
1403715987.584058046,221.355
1403715987.734057903,228.969
1403715987.884057999,231.461
1403715988.034058094,232.059
1403715988.184057951,225.421
1403715988.334058046,225.94
1403715988.484057903,233.124
1403715988.634057999,234.541
1403715988.784058094,237.456
1403715988.934057951,227.5
1403715989.084058046,214.835
1403715989.234057903,210.528
1403715989.384057999,198.543
1403715989.534058094,197.84
1403715989.684057951,199.382
1403715989.834058046,203.017
1403715989.984057903,205.612
1403715990.134057999,200.714
1403715990.284058094,188.139
1403715990.434057951,183.01
1403715990.584058046,86.4952
1403715990.734057903,80.9656
1403715990.884057999,76.5322
1403715991.034058094,75.0473
1403715991.184057951,68.8192
1403715991.334058046,77.5763
1403715991.484057903,68.0144
1403715991.634057999,61.6283
1403715991.784058094,56.7192
1403715991.934057951,63.9003
1403715992.084058046,56.9315
1403715992.234057903,73.3185
1403715992.384057999,62.872
1403715992.534058094,53.3263
1403715992.684057951,49.9499
1403715992.834058046,51.7903
1403715992.984057903,50.0997
1403715993.134057999,56.6485
1403715993.284058094,54.5389
1403715993.434057951,43.3576
1403715993.584058046,59.2172
1403715993.734057903,57.7456
1403715993.884057999,45.2784
