1413393212.255760431,11.0507
1413393212.305760384,11.7467
1413393212.355760574,10.2397
1413393212.405760527,10.4082
1413393212.455760479,11.3236
1413393212.505760431,10.2333
1413393212.555760384,9.92515
1413393212.605760574,8.54536
1413393212.655760527,11.1465
1413393212.705760479,10.9178
1413393212.755760431,11.4722
1413393212.805760384,9.1044
1413393212.855760574,11.0989
1413393212.905760527,10.3079
1413393212.955760479,10.4606
1413393213.005760431,10.958
1413393213.055760384,11.0222
1413393213.105760574,10.6397
1413393213.155760527,11.7768
1413393213.205760479,11.2662
1413393213.255760431,9.85404
1413393213.305760384,11.1962
1413393213.355760574,11.0703
1413393213.405760527,10.2126
1413393213.455760479,10.8735
1413393213.505760431,12.235
1413393213.555760384,9.27204
1413393213.605760574,11.6965
1413393213.655760527,11.5243
1413393213.705760479,12.0602
1413393213.755760431,13.4186
1413393213.805760384,9.78328
1413393213.855760574,11.0041
1413393213.905760527,11.4502
1413393213.955760479,9.00174
1413393214.005760431,10.5219
1413393214.055760384,8.96796
1413393214.105760574,11.9179
1413393214.155760527,11.0446
1413393214.205760479,12.0411
1413393214.255760431,8.93058
1413393214.305760384,10.8373
1413393214.355760574,11.0658
1413393214.405760527,10.0288
1413393214.455760479,12.1494
1413393214.505760431,11.606
1413393214.555760384,8.06192
1413393214.605760574,10.3964
1413393214.655760527,12.344
1413393214.705760479,10.076
1413393214.755760431,10.7218
1413393214.805760384,10.2455
1413393214.855760574,12.2403
1413393214.905760527,11.6696
1413393214.955760479,11.2454
1413393215.005760431,10.8771
1413393215.055760384,8.99063
1413393215.105760574,12.4778
1413393215.155760527,10.9692
1413393215.205760479,10.3277
1413393215.255760431,11.7833
1413393215.305760384,10.6715
1413393215.355760574,11.3996
1413393215.405760527,11.9524
1413393215.455760479,8.57606
1413393215.505760431,9.03386
1413393215.555760384,10.7259
1413393215.605760574,11.0927
1413393215.655760527,12.2213
1413393215.705760479,10.9117
1413393215.755760431,10.7649
1413393215.805760384,10.4075
1413393215.855760574,10.2592
1413393215.905760527,11.1207
1413393215.955760479,9.67066
1413393216.005760431,12.5459
1413393216.055760384,8.75842
1413393216.105760574,10.6341
1413393216.155760527,10.0421
1413393216.205760479,13.2471
1413393216.255760431,11.4068
1413393216.305760384,10.3305
1413393216.355760574,10.5257
1413393216.405760527,9.77482
1413393216.455760479,9.15791
1413393216.505760431,11.3097
1413393216.555760384,11.1382
1413393216.605760574,28.0923
1413393216.655760527,25.388
1413393216.705760479,24.9485
1413393216.755760431,26.7084
1413393216.805760384,27.7513
1413393216.855760574,25.7429
1413393216.905760527,27.791
1413393216.955760479,27.4625
1413393217.005760431,26.7569
1413393217.055760384,25.4255
1413393217.105760574,27.7635
1413393217.155760527,27.4859
1413393217.205760479,26.1467
1413393217.255760431,25.5216
1413393217.305760384,27.8955
1413393217.355760574,26.0621
1413393217.405760527,25.6154
1413393217.455760479,24.4037
1413393217.505760431,26.932
1413393217.555760384,25.8104
1413393217.605760574,23.9925
1413393217.655760527,25.3469
1413393217.705760479,25.6254
1413393217.755760431,26.0358
1413393217.805760384,23.7556
1413393217.855760574,25.4724
1413393217.905760527,24.0548
1413393217.955760479,26.8505
1413393218.005760431,23.2717
1413393218.055760384,26.1176
1413393218.105760574,24.6438
1413393218.155760527,26.7101
1413393218.205760479,23.946
1413393218.255760431,25.9624
1413393218.305760384,27.3558
1413393218.355760574,25.5347
1413393218.405760527,26.595
1413393218.455760479,26.8468
1413393218.505760431,25.5108
1413393218.555760384,24.35
1413393218.605760574,24.6695
1413393218.655760527,24.872
1413393218.705760479,24.2958
1413393218.755760431,25.4222
1413393218.805760384,26.5602
1413393218.855760574,25.2357
1413393218.905760527,24.289
1413393218.955760479,24.8537
1413393219.005760431,23.4914
1413393219.055760384,24.8462
1413393219.105760574,24.2889
1413393219.155760527,28.1651
1413393219.205760479,26.3545
1413393219.255760431,27.3267
1413393219.305760384,24.8642
1413393219.355760574,25.6199
1413393219.405760527,26.2206
1413393219.455760479,25.1677
1413393219.505760431,25.1055
1413393219.555760384,26.0095
1413393219.605760574,23.206
1413393219.655760527,25.8505
1413393219.705760479,23.2401
1413393219.755760431,27.1642
1413393219.805760384,27.0578
1413393219.855760574,25.9885
1413393219.905760527,24.7587
1413393219.955760479,28.5722
1413393220.005760431,25.2557
1413393220.055760384,25.4373
1413393220.105760574,24.8392
1413393220.155760527,25.8343
1413393220.205760479,24.9055
1413393220.255760431,27.874
1413393220.305760384,25.1525
1413393220.355760574,25.974
1413393220.405760527,23.674
1413393220.455760479,26.0336
1413393220.505760431,28.5576
1413393220.555760384,29.1048
1413393220.605760574,25.5816
1413393220.655760527,27.388
1413393220.705760479,25.6943
1413393220.755760431,28.1746
1413393220.805760384,27.1564
1413393220.855760574,26.7701
1413393220.905760527,24.5509
1413393220.955760479,28.1449
1413393221.005760431,28.4158
1413393221.055760384,26.8288
1413393221.105760574,23.4383
1413393221.155760527,26.4859
1413393221.205760479,26.1948
1413393221.255760431,26.1263
1413393221.305760384,27.0403
1413393221.355760574,28.911
1413393221.405760527,28.0968
1413393221.455760479,25.2474
1413393221.505760431,25.2351
1413393221.555760384,29.0647
1413393221.605760574,28.391
1413393221.655760527,27.5233
1413393221.705760479,27.0806
1413393221.755760431,27.9853
1413393221.805760384,27.32
1413393221.855760574,26.6953
1413393221.905760527,26.7961
1413393221.955760479,27.5621
1413393222.005760431,25.1505
1413393222.055760384,26.6169
1413393222.105760574,27.8634
1413393222.155760527,28.4559
1413393222.205760479,25.704
1413393222.255760431,29.9118
1413393222.305760384,26.5171
1413393222.355760574,28.2581
1413393222.405760527,26.5384
1413393222.455760479,28.682
1413393222.505760431,27.357
1413393222.555760384,27.9896
1413393222.605760574,27.5528
1413393222.655760527,27.5631
1413393222.705760479,26.7216
1413393222.755760431,30.3732
1413393222.805760384,28.5337
1413393222.855760574,27.9593
1413393222.905760527,27.6367
1413393222.955760479,26.3777
1413393223.005760431,28.9139
1413393223.055760384,27.4487
1413393223.105760574,27.8978
1413393223.155760527,30.8324
1413393223.205760479,25.987
1413393223.255760431,25.8691
1413393223.305760384,26.1524
1413393223.355760574,26.9403
1413393223.405760527,28.0786
1413393223.455760479,27.3919
1413393223.505760431,25.5655
1413393223.555760384,28.4363
1413393223.605760574,25.2582
1413393223.655760527,28.9956
1413393223.705760479,24.8829
1413393223.755760431,25.14
1413393223.805760384,24.8503
1413393223.855760574,27.0532
1413393223.905760527,25.9746
1413393223.955760479,27.7214
1413393224.005760431,25.3759
1413393224.055760384,25.2687
1413393224.105760574,25.2508
1413393224.155760527,28.0305
1413393224.205760479,26.8014
1413393224.255760431,27.2784
1413393224.305760384,23.0199
1413393224.355760574,25.9591
1413393224.405760527,24.0145
1413393224.455760479,24.9493
1413393224.505760431,20.7648
1413393224.555760384,22.4146
1413393224.605760574,27.1513
1413393224.655760527,26.0137
1413393224.705760479,26.924
1413393224.755760431,28.3697
1413393224.805760384,24.2627
1413393224.855760574,25.6784
1413393224.905760527,24.784
1413393224.955760479,28.4464
1413393225.005760431,27.7616
1413393225.055760384,26.5206
1413393225.105760574,27.3487
1413393225.155760527,28.9265
1413393225.205760479,26.6551
1413393225.255760431,26.0567
1413393225.305760384,24.271
1413393225.355760574,26.2957
1413393225.405760527,26.1581
1413393225.455760479,25.2573
1413393225.505760431,23.236
1413393225.555760384,25.7384
1413393225.605760574,23.621
1413393225.655760527,22.2165
1413393225.705760479,25.5337
1413393225.755760431,23.7924
1413393225.805760384,24.1459
1413393225.855760574,24.7479
1413393225.905760527,24.5548
1413393225.955760479,26.8108
1413393226.005760431,25.6643
1413393226.055760384,27.2199
1413393226.105760574,24.0274
1413393226.155760527,27.5936
1413393226.205760479,22.9729
1413393226.255760431,25.7227
1413393226.305760384,23.7185
1413393226.355760574,24.0566
1413393226.405760527,22.2044
1413393226.455760479,25.8797
1413393226.505760431,23.0595
1413393226.555760384,25.0727
1413393226.605760574,25.5121
1413393226.655760527,24.5363
1413393226.705760479,22.0638
1413393226.755760431,24.8449
1413393226.805760384,21.2498
1413393226.855760574,24.8685
1413393226.905760527,23.148
1413393226.955760479,23.7792
1413393227.005760431,22.4007
1413393227.055760384,23.4822
1413393227.105760574,25.0282
1413393227.155760527,24.9339
1413393227.205760479,23.3017
1413393227.255760431,26.5407
1413393227.305760384,23.3998
1413393227.355760574,24.3804
1413393227.405760527,23.1609
1413393227.455760479,24.6504
1413393227.505760431,23.0188
1413393227.555760384,24.1296
1413393227.605760574,22.5542
1413393227.655760527,24.8545
1413393227.705760479,23.7676
1413393227.755760431,24.8088
1413393227.805760384,24.4228
1413393227.855760574,27.6986
1413393227.905760527,23.9874
1413393227.955760479,24.9688
1413393228.005760431,26.6118
1413393228.055760384,27.8502
1413393228.105760574,24.3839
1413393228.155760527,26.8551
1413393228.205760479,25.9851
1413393228.255760431,25.449
1413393228.305760384,27.6224
1413393228.355760574,27.5741
1413393228.405760527,24.7874
1413393228.455760479,26.3843
1413393228.505760431,27.0792
1413393228.555760384,27.3659
1413393228.605760574,25.7237
1413393228.655760527,25.3813
1413393228.705760479,25.2846
1413393228.755760431,27.492
1413393228.805760384,25.0518
1413393228.855760574,25.5394
1413393228.905760527,24.3381
1413393228.955760479,24.6206
1413393229.005760431,23.6767
1413393229.055760384,25.0974
1413393229.105760574,25.432
1413393229.155760527,26.6144
1413393229.205760479,25.5798
1413393229.255760431,25.1981
1413393229.305760384,25.9993
1413393229.355760574,26.6441
1413393229.405760527,23.8683
1413393229.455760479,25.6575
1413393229.505760431,23.4864
1413393229.555760384,26.9375
1413393229.605760574,23.0115
1413393229.655760527,23.2877
1413393229.705760479,22.7832
1413393229.755760431,23.8118
1413393229.805760384,23.22
1413393229.855760574,23.6097
1413393229.905760527,23.3166
1413393229.955760479,27.1024
1413393230.005760431,23.4249
1413393230.055760384,25.4205
1413393230.105760574,23.7781
1413393230.155760527,22.7106
1413393230.205760479,24.2306
1413393230.255760431,27.0577
1413393230.305760384,24.2338
1413393230.355760574,24.2322
1413393230.405760527,23.7519
1413393230.455760479,26.5993
1413393230.505760431,23.0119
1413393230.555760384,25.8443
1413393230.605760574,23.0401
1413393230.655760527,23.398
1413393230.705760479,26.2662
1413393230.755760431,22.9257
1413393230.805760384,23.1204
1413393230.855760574,27.5148
1413393230.905760527,23.8223
1413393230.955760479,26.4705
1413393231.005760431,24.1595
1413393231.055760384,24.6288
1413393231.105760574,22.6858
1413393231.155760527,26.7754
1413393231.205760479,24.3547
1413393231.255760431,27.0183
1413393231.305760384,25.212
1413393231.355760574,25.163
1413393231.405760527,26.2409
1413393231.455760479,24.4908
1413393231.505760431,25.341
1413393231.555760384,23.4406
1413393231.605760574,25.1799
1413393231.655760527,23.8921
1413393231.705760479,23.9697
1413393231.755760431,25.1878
1413393231.805760384,24.6553
1413393231.855760574,24.2528
1413393231.905760527,24.6979
1413393231.955760479,25.5021
1413393232.005760431,26.0249
1413393232.055760384,27.8648
1413393232.105760574,24.9533
1413393232.155760527,25.6407
1413393232.205760479,23.7191
1413393232.255760431,25.5939
1413393232.305760384,24.1928
1413393232.355760574,24.5988
1413393232.405760527,24.3935
1413393232.455760479,24.486
1413393232.505760431,23.9756
1413393232.555760384,23.8601
1413393232.605760574,25.1178
1413393232.655760527,26.4594
1413393232.705760479,22.4613
1413393232.755760431,26.2591
1413393232.805760384,23.8875
1413393232.855760574,26.0974
1413393232.905760527,21.5458
1413393232.955760479,25.2341
1413393233.005760431,22.0588
1413393233.055760384,24.4934
1413393233.105760574,25.884
1413393233.155760527,24.0967
1413393233.205760479,22.2581
1413393233.255760431,24.5565
1413393233.305760384,21.9869
1413393233.355760574,24.0278
1413393233.405760527,23.5807
1413393233.455760479,25.7749
1413393233.505760431,24.8086
1413393233.555760384,25.9452
1413393233.605760574,24.4618
1413393233.655760527,27.6588
1413393233.705760479,23.929
1413393233.755760431,27.2534
1413393233.805760384,25.1336
1413393233.855760574,27.1735
1413393233.905760527,26.0059
1413393233.955760479,24.0835
1413393234.005760431,24.2489
1413393234.055760384,25.8564
1413393234.105760574,25.1172
1413393234.155760527,27.4533
1413393234.205760479,25.5405
1413393234.255760431,26.1309
1413393234.305760384,25.8297
1413393234.355760574,25.5075
1413393234.405760527,16.3813
1413393234.455760479,19.1632
1413393234.505760431,18.134
1413393234.555760384,17.0879
1413393234.605760574,16.8278
1413393234.655760527,13.544
1413393234.705760479,18.9711
1413393234.755760431,20.0698
1413393234.805760384,22.2563
1413393234.855760574,23.8528
1413393234.905760527,24.5472
1413393234.955760479,24.2732
1413393235.005760431,25.5564
1413393235.055760384,25.4462
1413393235.105760574,26.0958
1413393235.155760527,26.041
1413393235.205760479,24.6957
1413393235.255760431,26.0935
1413393235.305760384,23.3538
1413393235.355760574,27.4785
1413393235.405760527,24.4707
1413393235.455760479,25.3979
1413393235.505760431,24.7722
1413393235.555760384,27.4379
1413393235.605760574,23.2307
1413393235.655760527,25.4301
1413393235.705760479,22.5917
1413393235.755760431,26.5604
1413393235.805760384,24.2969
1413393235.855760574,24.7868
1413393235.905760527,26.2437
1413393235.955760479,26.1408
1413393236.005760431,24.9175
1413393236.055760384,26.1268
1413393236.105760574,23.9334
1413393236.155760527,24.0054
1413393236.205760479,25.9745
1413393236.255760431,26.6319
1413393236.305760384,26.0227
1413393236.355760574,24.008
1413393236.405760527,22.2143
1413393236.455760479,25.3848
1413393236.505760431,22.6178
1413393236.555760384,23.1896
1413393236.605760574,21.8647
1413393236.655760527,24.5354
1413393236.705760479,23.4935
1413393236.755760431,27.0706
1413393236.805760384,22.7555
1413393236.855760574,25.3397
1413393236.905760527,21.5905
1413393236.955760479,24.4826
1413393237.005760431,25.7025
1413393237.055760384,25.5316
1413393237.105760574,23.2796
1413393237.155760527,22.3507
1413393237.205760479,21.3162
1413393237.255760431,26.02
1413393237.305760384,22.2064
1413393237.355760574,22.2104
1413393237.405760527,22.5062
1413393237.455760479,22.9507
1413393237.505760431,21.9462
1413393237.555760384,22.0944
1413393237.605760574,21.8245
1413393237.655760527,22.5305
1413393237.705760479,23.0095
1413393237.755760431,25.5034
1413393237.805760384,22.0535
1413393237.855760574,22.9905
1413393237.905760527,24.5174
1413393237.955760479,23.3796
1413393238.005760431,22.6083
1413393238.055760384,22.9498
1413393238.105760574,22.2881
1413393238.155760527,22.2802
1413393238.205760479,21.6742
1413393238.255760431,25.8061
1413393238.305760384,22.9015
1413393238.355760574,24.8287
1413393238.405760527,23.8759
1413393238.455760479,23.6586
1413393238.505760431,24.9993
1413393238.555760384,23.2892
1413393238.605760574,22.5854
1413393238.655760527,23.9895
1413393238.705760479,22.0222
1413393238.755760431,26.1541
1413393238.805760384,22.0353
1413393238.855760574,23.8695
1413393238.905760527,24.1914
1413393238.955760479,23.8377
1413393239.005760431,20.4365
1413393239.055760384,23.9642
1413393239.105760574,25.604
1413393239.155760527,25.9624
1413393239.205760479,26.285
1413393239.255760431,24.5468
1413393239.305760384,22.7333
1413393239.355760574,23.6007
1413393239.405760527,22.5141
1413393239.455760479,22.6858
1413393239.505760431,22.5981
1413393239.555760384,23.0734
1413393239.605760574,22.7405
1413393239.655760527,23.5782
1413393239.705760479,21.7811
1413393239.755760431,22.2658
1413393239.805760384,21.5389
1413393239.855760574,22.7851
1413393239.905760527,21.9987
1413393239.955760479,23.5608
1413393240.005760431,22.1583
1413393240.055760384,22.9565
1413393240.105760574,23.9563
1413393240.155760527,25.1545
1413393240.205760479,22.5662
1413393240.255760431,25.8026
1413393240.305760384,23.1294
1413393240.355760574,23.7953
1413393240.405760527,20.9353
1413393240.455760479,24.8848
1413393240.505760431,23.2569
1413393240.555760384,22.7922
1413393240.605760574,22.4486
1413393240.655760527,24.9104
1413393240.705760479,23.3599
1413393240.755760431,22.8495
1413393240.805760384,24.5471
1413393240.855760574,23.4761
1413393240.905760527,22.6636
1413393240.955760479,23.9103
1413393241.005760431,23.9439
1413393241.055760384,23.8805
1413393241.105760574,25.4447
1413393241.155760527,23.4607
1413393241.205760479,22.5756
1413393241.255760431,24.1309
1413393241.305760384,19.2319
1413393241.355760574,23.2883
1413393241.405760527,25.1184
1413393241.455760479,23.2627
1413393241.505760431,23.3328
1413393241.555760384,23.8168
1413393241.605760574,21.765
1413393241.655760527,24.5363
1413393241.705760479,21.8776
1413393241.755760431,23.0518
1413393241.805760384,21.8081
1413393241.855760574,22.879
1413393241.905760527,21.6621
1413393241.955760479,25.4977
1413393242.005760431,24.3012
1413393242.055760384,24.9248
1413393242.105760574,22.0211
1413393242.155760527,22.8486
1413393242.205760479,21.6077
1413393242.255760431,22.3092
1413393242.305760384,22.4925
1413393242.355760574,22.3212
1413393242.405760527,20.5477
1413393242.455760479,22.7327
1413393242.505760431,21.8418
1413393242.555760384,22.3422
1413393242.605760574,21.7707
1413393242.655760527,22.2332
1413393242.705760479,22.2597
1413393242.755760431,23.1779
1413393242.805760384,21.9662
1413393242.855760574,22.4671
1413393242.905760527,20.9275
1413393242.955760479,22.153
1413393243.005760431,22.1243
1413393243.055760384,22.5553
1413393243.105760574,22.739
1413393243.155760527,22.5404
1413393243.205760479,18.5978
1413393243.255760431,21.7495
1413393243.305760384,21.2796
1413393243.355760574,21.0404
1413393243.405760527,21.4124
1413393243.455760479,22.3884
1413393243.505760431,21.54
1413393243.555760384,25.1491
1413393243.605760574,18.5088
1413393243.655760527,23.7085
1413393243.705760479,21.3624
1413393243.755760431,22.5153
1413393243.805760384,23.7471
1413393243.855760574,25.8946
1413393243.905760527,23.4365
1413393243.955760479,25.3592
1413393244.005760431,23.8625
1413393244.055760384,25.2358
1413393244.105760574,21.6613
1413393244.155760527,24.3172
1413393244.205760479,24.9173
1413393244.255760431,23.573
1413393244.305760384,22.0151
1413393244.355760574,23.6682
1413393244.405760527,22.5466
1413393244.455760479,23.2352
1413393244.505760431,21.6903
1413393244.555760384,23.7247
1413393244.605760574,18.3266
1413393244.655760527,24.9806
1413393244.705760479,24.2928
1413393244.755760431,22.7775
1413393244.805760384,22.9314
1413393244.855760574,22.958
1413393244.905760527,23.9573
1413393244.955760479,24.0745
1413393245.005760431,24.6157
1413393245.055760384,22.8547
1413393245.105760574,23.866
1413393245.155760527,24.0126
1413393245.205760479,23.9039
1413393245.255760431,26.0451
1413393245.305760384,22.67
1413393245.355760574,25.5479
1413393245.405760527,23.0177
1413393245.455760479,25.7837
1413393245.505760431,22.8126
1413393245.555760384,24.1746
1413393245.605760574,24.5281
1413393245.655760527,24.2784
1413393245.705760479,24.2739
1413393245.755760431,26.4872
1413393245.805760384,23.5285
1413393245.855760574,25.6166
1413393245.905760527,24.8358
1413393245.955760479,24.4988
1413393246.005760431,22.4823
1413393246.055760384,24.1197
1413393246.105760574,22.6165
1413393246.155760527,25.3221
1413393246.205760479,23.0221
1413393246.255760431,25.517
1413393246.305760384,24.0875
1413393246.355760574,24.5538
1413393246.405760527,25.1911
1413393246.455760479,22.4317
1413393246.505760431,25.2832
1413393246.555760384,22.7007
1413393246.605760574,23.3556
1413393246.655760527,24.0115
1413393246.705760479,20.153
1413393246.755760431,23.9961
1413393246.805760384,21.993
1413393246.855760574,23.6049
1413393246.905760527,21.2302
1413393246.955760479,22.716
1413393247.005760431,22.6727
1413393247.055760384,21.6949
1413393247.105760574,24.3868
1413393247.155760527,25.8917
1413393247.205760479,23.8667
1413393247.255760431,24.7133
1413393247.305760384,20.1699
1413393247.355760574,23.7093
1413393247.405760527,19.6409
1413393247.455760479,21.9558
1413393247.505760431,20.3808
1413393247.555760384,21.1127
1413393247.605760574,20.865
1413393247.655760527,22.0287
1413393247.705760479,19.7367
1413393247.755760431,22.0786
1413393247.805760384,19.6832
1413393247.855760574,21.863
1413393247.905760527,20.7294
1413393247.955760479,23.4399
1413393248.005760431,19.8299
1413393248.055760384,22.8718
1413393248.105760574,20.719
1413393248.155760527,23.7057
1413393248.205760479,21.9282
1413393248.255760431,23.5611
1413393248.305760384,21.1501
1413393248.355760574,23.3968
1413393248.405760527,24.2092
1413393248.455760479,22.0859
1413393248.505760431,23.1809
1413393248.555760384,22.3859
1413393248.605760574,22.9869
1413393248.655760527,24.5539
1413393248.705760479,20.4942
1413393248.755760431,24.1299
1413393248.805760384,25.8405
1413393248.855760574,26.9595
1413393248.905760527,19.3595
1413393248.955760479,25.3868
1413393249.005760431,23.4254
1413393249.055760384,24.6569
1413393249.105760574,23.6889
1413393249.155760527,25.1452
1413393249.205760479,23.5772
1413393249.255760431,23.7731
1413393249.305760384,25.017
1413393249.355760574,25.258
1413393249.405760527,22.9201
1413393249.455760479,26.3039
1413393249.505760431,24.066
1413393249.555760384,25.3083
1413393249.605760574,22.9665
1413393249.655760527,26.6764
1413393249.705760479,25.8973
1413393249.755760431,25.1072
1413393249.805760384,22.5217
1413393249.855760574,25.1981
1413393249.905760527,22.3669
1413393249.955760479,23.9449
1413393250.005760431,22.3939
1413393250.055760384,25.1999
1413393250.105760574,23.4096
1413393250.155760527,23.8801
1413393250.205760479,23.5369
1413393250.255760431,26.8543
1413393250.305760384,22.3336
1413393250.355760574,27.3773
1413393250.405760527,23.342
1413393250.455760479,24.2662
1413393250.505760431,22.5876
1413393250.555760384,23.6275
1413393250.605760574,23.083
1413393250.655760527,25.8684
1413393250.705760479,23.8758
1413393250.755760431,23.6004
1413393250.805760384,24.4006
1413393250.855760574,26.2304
1413393250.905760527,21.4792
1413393250.955760479,25.0776
1413393251.005760431,22.1779
1413393251.055760384,26.4764
1413393251.105760574,22.9874
1413393251.155760527,26.3543
1413393251.205760479,23.3323
1413393251.255760431,28.0828
1413393251.305760384,23.9499
1413393251.355760574,24.9661
1413393251.405760527,24.7584
1413393251.455760479,25.4194
1413393251.505760431,23.5909
1413393251.555760384,24.5611
1413393251.605760574,24.7242
1413393251.655760527,27.2098
1413393251.705760479,25.5575
1413393251.755760431,24.976
1413393251.805760384,21.6458
1413393251.855760574,24.6604
1413393251.905760527,22.8542
1413393251.955760479,26.7411
1413393252.005760431,21.5974
1413393252.055760384,23.2674
1413393252.105760574,22.1001
1413393252.155760527,25.2874
1413393252.205760479,27.1108
1413393252.255760431,26.1748
1413393252.305760384,24.9638
1413393252.355760574,25.5889
1413393252.405760527,26.1367
1413393252.455760479,25.0254
1413393252.505760431,23.4359
1413393252.555760384,24.2148
1413393252.605760574,22.9298
1413393252.655760527,25.1796
1413393252.705760479,21.5474
1413393252.755760431,26.8402
1413393252.805760384,23.7285
1413393252.855760574,23.9272
1413393252.905760527,24.4756
1413393252.955760479,24.4022
1413393253.005760431,23.3969
1413393253.055760384,24.1364
1413393253.105760574,25.1033
1413393253.155760527,26.0913
1413393253.205760479,25.0646
1413393253.255760431,24.826
1413393253.305760384,23.1892
1413393253.355760574,25.1557
1413393253.405760527,23.2862
1413393253.455760479,26.3944
1413393253.505760431,23.2518
1413393253.555760384,24.497
1413393253.605760574,24.187
1413393253.655760527,26.4493
1413393253.705760479,21.9747
1413393253.755760431,23.4095
1413393253.805760384,22.8114
1413393253.855760574,24.3471
1413393253.905760527,22.3978
1413393253.955760479,23.3642
1413393254.005760431,21.6659
1413393254.055760384,23.0764
1413393254.105760574,22.949
1413393254.155760527,24.2205
1413393254.205760479,20.9978
1413393254.255760431,24.5191
1413393254.305760384,22.301
1413393254.355760574,24.3736
1413393254.405760527,21.6915
1413393254.455760479,23.9412
1413393254.505760431,22.8171
1413393254.555760384,25.046
1413393254.605760574,24.4546
1413393254.655760527,25.8927
1413393254.705760479,22.406
1413393254.755760431,24.7856
1413393254.805760384,22.4669
1413393254.855760574,24.8692
1413393254.905760527,22.2367
1413393254.955760479,24.7278
1413393255.005760431,24.3168
1413393255.055760384,26.0356
1413393255.105760574,19.761
1413393255.155760527,24.9902
1413393255.205760479,21.9258
1413393255.255760431,22.3829
1413393255.305760384,23.7981
1413393255.355760574,23.5604
1413393255.405760527,22.1643
1413393255.455760479,23.7732
1413393255.505760431,22.4579
1413393255.555760384,21.8268
1413393255.605760574,21.7647
1413393255.655760527,26.2223
1413393255.705760479,24.5243
1413393255.755760431,23.0835
1413393255.805760384,22.5203
1413393255.855760574,25.9622
1413393255.905760527,22.0396
1413393255.955760479,23.2008
1413393256.005760431,21.3876
1413393256.055760384,23.1742
1413393256.105760574,20.4841
1413393256.155760527,22.9783
1413393256.205760479,24.5822
1413393256.255760431,25.6888
1413393256.305760384,24.8142
1413393256.355760574,24.7179
1413393256.405760527,22.5891
1413393256.455760479,23.6922
1413393256.505760431,23.2822
1413393256.555760384,24.8915
1413393256.605760574,24.8061
1413393256.655760527,24.4011
1413393256.705760479,21.9411
1413393256.755760431,24.9042
1413393256.805760384,23.5768
1413393256.855760574,26.5304
1413393256.905760527,21.5373
1413393256.955760479,24.9048
1413393257.005760431,21.5673
1413393257.055760384,25.2516
1413393257.105760574,20.7459
1413393257.155760527,24.9001
1413393257.205760479,23.8544
1413393257.255760431,24.0279
1413393257.305760384,20.6279
1413393257.355760574,18.9401
1413393257.405760527,21.7408
1413393257.455760479,23.0611
1413393257.505760431,21.7284
1413393257.555760384,24.1843
1413393257.605760574,21.4496
1413393257.655760527,22.9755
1413393257.705760479,21.7595
1413393257.755760431,24.4762
1413393257.805760384,21.3568
1413393257.855760574,22.3591
1413393257.905760527,22.7427
1413393257.955760479,23.2017
1413393258.005760431,21.1675
1413393258.055760384,25.209
1413393258.105760574,20.4579
1413393258.155760527,22.706
1413393258.205760479,21.8351
1413393258.255760431,24.0267
1413393258.305760384,22.6676
1413393258.355760574,23.2171
1413393258.405760527,22.8954
1413393258.455760479,22.4764
1413393258.505760431,17.6102
1413393258.555760384,24.8933
1413393258.605760574,21.3031
1413393258.655760527,22.7841
1413393258.705760479,20.3682
1413393258.755760431,23.95
1413393258.805760384,18.1912
1413393258.855760574,24.5788
1413393258.905760527,21.2128
1413393258.955760479,25.3265
1413393259.005760431,20.1377
1413393259.055760384,22.4707
1413393259.105760574,19.841
1413393259.155760527,22.3373
1413393259.205760479,20.5465
1413393259.255760431,21.87
1413393259.305760384,21.5264
1413393259.355760574,23.8764
1413393259.405760527,17.2943
1413393259.455760479,22.4822
1413393259.505760431,18.7495
1413393259.555760384,24.3096
1413393259.605760574,21.9947
1413393259.655760527,25.4785
1413393259.705760479,20.315
1413393259.755760431,23.3621
1413393259.805760384,21.9575
1413393259.855760574,21.61
1413393259.905760527,20.1419
1413393259.955760479,24.9793
1413393260.005760431,20.5544
1413393260.055760384,22.841
1413393260.105760574,20.2218
1413393260.155760527,22.6433
1413393260.205760479,17.6646
1413393260.255760431,23.603
1413393260.305760384,20.6665
1413393260.355760574,21.9594
1413393260.405760527,18.8399
1413393260.455760479,21.2932
1413393260.505760431,21.7628
1413393260.555760384,23.7718
1413393260.605760574,21.4408
1413393260.655760527,23.4424
1413393260.705760479,22.1996
1413393260.755760431,25.9302
1413393260.805760384,21.9908
1413393260.855760574,23.9237
1413393260.905760527,19.7109
1413393260.955760479,24.0804
1413393261.005760431,17.2728
1413393261.055760384,21.4824
1413393261.105760574,21.9711
1413393261.155760527,22.8157
1413393261.205760479,17.6636
1413393261.255760431,24.3469
1413393261.305760384,18.9503
1413393261.355760574,23.7402
1413393261.405760527,22.1518
1413393261.455760479,21.9145
1413393261.505760431,21.2344
1413393261.555760384,22.7424
1413393261.605760574,18.4109
1413393261.655760527,21.4395
1413393261.705760479,18.7882
1413393261.755760431,23.1815
1413393261.805760384,17.3226
1413393261.855760574,23.4917
1413393261.905760527,22.6195
1413393261.955760479,21.9206
1413393262.005760431,22.1907
1413393262.055760384,21.8499
1413393262.105760574,23.8335
1413393262.155760527,25.7007
1413393262.205760479,22.1638
1413393262.255760431,23.0265
1413393262.305760384,23.1197
1413393262.355760574,26.8019
1413393262.405760527,21.7188
1413393262.455760479,23.8991
1413393262.505760431,26.3062
1413393262.555760384,26.7101
1413393262.605760574,22.8721
1413393262.655760527,24.1858
1413393262.705760479,22.119
1413393262.755760431,24.6096
1413393262.805760384,22.6871
1413393262.855760574,25.7347
1413393262.905760527,22.3785
1413393262.955760479,26.8076
1413393263.005760431,22.7311
1413393263.055760384,24.4727
1413393263.105760574,24.4121
1413393263.155760527,24.5007
1413393263.205760479,22.0035
1413393263.255760431,24.9476
1413393263.305760384,23.7938
1413393263.355760574,23.6149
1413393263.405760527,25.0856
1413393263.455760479,25.2009
1413393263.505760431,24.4459
1413393263.555760384,27.0719
1413393263.605760574,25.7962
1413393263.655760527,24.3818
1413393263.705760479,22.4269
1413393263.755760431,26.4579
1413393263.805760384,26.1037
1413393263.855760574,26.7588
1413393263.905760527,26.3225
1413393263.955760479,24.8306
1413393264.005760431,25.0292
1413393264.055760384,24.8308
1413393264.105760574,23.5684
1413393264.155760527,25.2094
1413393264.205760479,25.7369
1413393264.255760431,27.7612
1413393264.305760384,24.2666
1413393264.355760574,27.4977
1413393264.405760527,26.6983
1413393264.455760479,26.8894
1413393264.505760431,24.9053
1413393264.555760384,27.9802
1413393264.605760574,23.9364
1413393264.655760527,25.6855
1413393264.705760479,22.1097
1413393264.755760431,28.1175
1413393264.805760384,25.2219
1413393264.855760574,28.4268
1413393264.905760527,21.459
1413393264.955760479,26.9688
1413393265.005760431,23.4805
1413393265.055760384,26.1648
1413393265.105760574,26.5381
1413393265.155760527,26.952
1413393265.205760479,24.6601
1413393265.255760431,27.1524
1413393265.305760384,20.5035
1413393265.355760574,26.0616
1413393265.405760527,24.7532
1413393265.455760479,27.4892
1413393265.505760431,22.5811
1413393265.555760384,25.8115
1413393265.605760574,22.6302
1413393265.655760527,28.7012
1413393265.705760479,27.1936
1413393265.755760431,28.8104
1413393265.805760384,22.0308
1413393265.855760574,26.9462
1413393265.905760527,22.4679
1413393265.955760479,29.414
1413393266.005760431,22.829
1413393266.055760384,26.4291
1413393266.105760574,22.2911
1413393266.155760527,25.6038
1413393266.205760479,23.0676
1413393266.255760431,27.6875
1413393266.305760384,26.779
1413393266.355760574,30.2723
1413393266.405760527,22.65
1413393266.455760479,26.0537
1413393266.505760431,20.8684
1413393266.555760384,27.0726
1413393266.605760574,24.9294
1413393266.655760527,24.3431
1413393266.705760479,22.281
1413393266.755760431,26.3646
1413393266.805760384,23.1963
1413393266.855760574,28.7371
1413393266.905760527,23.6706
1413393266.955760479,28.3697
1413393267.005760431,21.6703
1413393267.055760384,27.8003
1413393267.105760574,22.0261
1413393267.155760527,25.7389
1413393267.205760479,22.6096
1413393267.255760431,28.0196
1413393267.305760384,21.7991
1413393267.355760574,24.861
1413393267.405760527,22.6522
1413393267.455760479,29.5891
1413393267.505760431,24.0645
1413393267.555760384,28.1776
1413393267.605760574,22.5695
1413393267.655760527,28.9631
1413393267.705760479,22.5322
1413393267.755760431,26.6617
1413393267.805760384,27.1676
1413393267.855760574,25.0331
1413393267.905760527,25.3021
1413393267.955760479,27.1666
1413393268.005760431,22.7238
1413393268.055760384,29.466
1413393268.105760574,22.5011
1413393268.155760527,28.8392
1413393268.205760479,23.1423
1413393268.255760431,27.8484
1413393268.305760384,24.009
1413393268.355760574,28.4918
1413393268.405760527,23.3484
1413393268.455760479,26.4313
1413393268.505760431,23.8792
1413393268.555760384,26.6964
1413393268.605760574,25.2866
1413393268.655760527,30.173
1413393268.705760479,22.0638
1413393268.755760431,28.5044
1413393268.805760384,23.7821
1413393268.855760574,29.2316
1413393268.905760527,23.5082
1413393268.955760479,29.3947
1413393269.005760431,23.1815
1413393269.055760384,29.1436
1413393269.105760574,23.5065
1413393269.155760527,29.5209
1413393269.205760479,23.046
1413393269.255760431,29.4919
1413393269.305760384,22.8802
1413393269.355760574,26.039
1413393269.405760527,23.9786
1413393269.455760479,27.6426
1413393269.505760431,22.4776
1413393269.555760384,26.6204
1413393269.605760574,23.8897
1413393269.655760527,27.199
1413393269.705760479,23.6278
1413393269.755760431,28.0412
1413393269.805760384,23.6615
1413393269.855760574,24.1926
1413393269.905760527,22.7987
1413393269.955760479,28.9804
1413393270.005760431,21.5419
1413393270.055760384,27.2996
1413393270.105760574,25.9978
1413393270.155760527,24.95
1413393270.205760479,26.1815
1413393270.255760431,27.1426
1413393270.305760384,24.6257
1413393270.355760574,26.1277
1413393270.405760527,21.5105
1413393270.455760479,28.7076
1413393270.505760431,24.4771
1413393270.555760384,27.586
1413393270.605760574,24.6813
1413393270.655760527,27.3194
1413393270.705760479,22.44
1413393270.755760431,27.805
1413393270.805760384,26.3776
1413393270.855760574,29.8793
1413393270.905760527,27.3193
1413393270.955760479,28.7106
1413393271.005760431,22.3919
1413393271.055760384,26.5513
1413393271.105760574,27.311
1413393271.155760527,26.9562
1413393271.205760479,24.8743
1413393271.255760431,26.8566
1413393271.305760384,22.1132
1413393271.355760574,28.295
1413393271.405760527,25.787
1413393271.455760479,26.2885
1413393271.505760431,26.0485
1413393271.555760384,28.7373
1413393271.605760574,25.7367
1413393271.655760527,26.432
1413393271.705760479,24.0534
1413393271.755760431,27.5051
1413393271.805760384,20.4297
1413393271.855760574,28.9076
1413393271.905760527,24.7448
1413393271.955760479,27.9968
1413393272.005760431,21.2654
1413393272.055760384,28.093
1413393272.105760574,26.9132
1413393272.155760527,27.0715
1413393272.205760479,25.2665
1413393272.255760431,28.0449
1413393272.305760384,26.3899
1413393272.355760574,26.1514
1413393272.405760527,21.6142
1413393272.455760479,26.5648
1413393272.505760431,21.4311
1413393272.555760384,25.9054
1413393272.605760574,27.7447
1413393272.655760527,26.2505
1413393272.705760479,27.8867
1413393272.755760431,26.7396
1413393272.805760384,21.387
1413393272.855760574,28.726
1413393272.905760527,21.123
1413393272.955760479,27.4492
1413393273.005760431,27.7659
1413393273.055760384,26.708
1413393273.105760574,25.9216
1413393273.155760527,28.485
1413393273.205760479,25.4769
1413393273.255760431,26.2568
1413393273.305760384,27.0126
1413393273.355760574,28.7584
1413393273.405760527,22.0465
1413393273.455760479,27.5773
1413393273.505760431,27.3618
1413393273.555760384,24.437
1413393273.605760574,24.9321
1413393273.655760527,26.4223
1413393273.705760479,25.8977
1413393273.755760431,26.9736
1413393273.805760384,24.6184
1413393273.855760574,25.559
1413393273.905760527,27.4978
1413393273.955760479,27.4611
1413393274.005760431,23.1751
1413393274.055760384,26.2882
1413393274.105760574,25.5787
1413393274.155760527,22.519
1413393274.205760479,26.4403
1413393274.255760431,26.0555
1413393274.305760384,23.617
1413393274.355760574,24.3718
1413393274.405760527,26.6325
1413393274.455760479,26.9202
1413393274.505760431,25.576
1413393274.555760384,24.466
1413393274.605760574,23.8467
1413393274.655760527,24.3729
1413393274.705760479,24.0399
1413393274.755760431,25.901
1413393274.805760384,25.4666
1413393274.855760574,24.5026
1413393274.905760527,20.8374
1413393274.955760479,23.1651
1413393275.005760431,25.3271
1413393275.055760384,25.4561
1413393275.105760574,25.0943
1413393275.155760527,25.8731
1413393275.205760479,21.9429
1413393275.255760431,27.0395
1413393275.305760384,23.1607
1413393275.355760574,24.861
1413393275.405760527,25.4214
1413393275.455760479,23.6334
1413393275.505760431,21.1131
1413393275.555760384,27.1616
1413393275.605760574,25.9932
1413393275.655760527,26.2357
1413393275.705760479,24.455
1413393275.755760431,26.7811
1413393275.805760384,19.8264
1413393275.855760574,26.5448
1413393275.905760527,25.7837
1413393275.955760479,25.7463
1413393276.005760431,25.7786
1413393276.055760384,23.894
1413393276.105760574,20.7416
1413393276.155760527,24.7616
1413393276.205760479,24.8275
1413393276.255760431,24.2776
1413393276.305760384,25.0031
1413393276.355760574,28.0963
1413393276.405760527,23.0928
1413393276.455760479,25.5338
1413393276.505760431,26.7761
1413393276.555760384,25.4188
1413393276.605760574,25.0022
1413393276.655760527,26.0772
1413393276.705760479,24.8046
1413393276.755760431,25.4322
1413393276.805760384,25.096
1413393276.855760574,27.4175
1413393276.905760527,23.4794
1413393276.955760479,25.2344
1413393277.005760431,23.5269
1413393277.055760384,27.0136
1413393277.105760574,24.9016
1413393277.155760527,26.7086
1413393277.205760479,24.5965
1413393277.255760431,25.7642
1413393277.305760384,21.9053
1413393277.355760574,26.2641
1413393277.405760527,26.7533
1413393277.455760479,28.8385
1413393277.505760431,23.7063
1413393277.555760384,27.8304
1413393277.605760574,22.8782
1413393277.655760527,27.5533
1413393277.705760479,20.9067
1413393277.755760431,25.7679
1413393277.805760384,22.8902
1413393277.855760574,25.5665
1413393277.905760527,22.8016
1413393277.955760479,27.6714
1413393278.005760431,20.7996
1413393278.055760384,27.8297
1413393278.105760574,21.6093
1413393278.155760527,25.6237
1413393278.205760479,21.6372
1413393278.255760431,26.1631
1413393278.305760384,20.427
1413393278.355760574,26.3364
1413393278.405760527,20.631
1413393278.455760479,25.1559
1413393278.505760431,20.8408
1413393278.555760384,26.355
1413393278.605760574,21.2851
1413393278.655760527,27.5285
1413393278.705760479,21.4017
1413393278.755760431,24.9155
1413393278.805760384,20.7372
1413393278.855760574,24.6154
1413393278.905760527,20.7953
1413393278.955760479,23.9255
1413393279.005760431,20.1596
1413393279.055760384,24.9542
1413393279.105760574,21.1721
1413393279.155760527,26.2486
1413393279.205760479,20.6911
1413393279.255760431,26.2683
1413393279.305760384,20.5898
1413393279.355760574,23.6101
1413393279.405760527,20.8548
1413393279.455760479,27.2627
1413393279.505760431,22.496
1413393279.555760384,24.3759
1413393279.605760574,20.667
1413393279.655760527,27.0922
1413393279.705760479,20.7012
1413393279.755760431,26.3989
1413393279.805760384,20.4726
1413393279.855760574,24.5963
1413393279.905760527,20.2107
1413393279.955760479,27.1715
1413393280.005760431,20.8002
1413393280.055760384,25.4112
1413393280.105760574,22.2972
1413393280.155760527,24.5357
1413393280.205760479,21.9969
1413393280.255760431,26.0171
1413393280.305760384,20.7192
1413393280.355760574,24.7572
1413393280.405760527,21.3153
1413393280.455760479,26.4728
1413393280.505760431,20.593
1413393280.555760384,26.7263
1413393280.605760574,20.4795
1413393280.655760527,26.3231
1413393280.705760479,22.3675
1413393280.755760431,26.5401
1413393280.805760384,20.8263
1413393280.855760574,26.9613
1413393280.905760527,20.5485
1413393280.955760479,24.4895
1413393281.005760431,20.5193
1413393281.055760384,24.0075
1413393281.105760574,21.9304
1413393281.155760527,25.0783
1413393281.205760479,22.8822
1413393281.255760431,23.6827
1413393281.305760384,21.0124
1413393281.355760574,26.8772
1413393281.405760527,20.0359
1413393281.455760479,23.7818
1413393281.505760431,20.5624
1413393281.555760384,24.0615
1413393281.605760574,20.4566
1413393281.655760527,25.175
1413393281.705760479,21.8495
1413393281.755760431,24.1656
1413393281.805760384,21.671
1413393281.855760574,26.2168
1413393281.905760527,21.4042
1413393281.955760479,26.3959
1413393282.005760431,21.7945
1413393282.055760384,23.0098
1413393282.105760574,21.8339
1413393282.155760527,23.0726
1413393282.205760479,20.3134
1413393282.255760431,24.8681
1413393282.305760384,22.0838
1413393282.355760574,23.5804
1413393282.405760527,21.6629
1413393282.455760479,23.5195
1413393282.505760431,20.7573
1413393282.555760384,24.4389
1413393282.605760574,20.7156
1413393282.655760527,25.4144
1413393282.705760479,20.7949
1413393282.755760431,26.7002
1413393282.805760384,21.0799
1413393282.855760574,26.0184
1413393282.905760527,22.2401
1413393282.955760479,24.8672
1413393283.005760431,21.877
1413393283.055760384,25.1081
1413393283.105760574,20.6292
1413393283.155760527,25.8101
1413393283.205760479,21.7516
1413393283.255760431,25.8475
1413393283.305760384,21.9477
1413393283.355760574,23.9588
1413393283.405760527,20.8094
1413393283.455760479,26.5337
1413393283.505760431,23.2665
1413393283.555760384,27.1434
1413393283.605760574,22.5658
1413393283.655760527,25.5707
1413393283.705760479,23.7656
1413393283.755760431,24.2443
1413393283.805760384,23.3737
1413393283.855760574,25.5224
1413393283.905760527,23.3779
1413393283.955760479,24.8192
1413393284.005760431,24.0071
1413393284.055760384,26.442
1413393284.105760574,22.9582
1413393284.155760527,26.3213
1413393284.205760479,22.6304
1413393284.255760431,25.1083
1413393284.305760384,21.8309
1413393284.355760574,25.7936
1413393284.405760527,22.0254
1413393284.455760479,25.3883
1413393284.505760431,23.0838
1413393284.555760384,22.2789
1413393284.605760574,20.4837
1413393284.655760527,24.5271
1413393284.705760479,19.2598
1413393284.755760431,23.0433
1413393284.805760384,20.0458
1413393284.855760574,24.8192
1413393284.905760527,21.1736
1413393284.955760479,24.7839
1413393285.005760431,19.9715
1413393285.055760384,25.8479
1413393285.105760574,19.727
1413393285.155760527,24.2436
1413393285.205760479,18.9239
1413393285.255760431,24.5911
1413393285.305760384,18.6584
1413393285.355760574,20.5347
1413393285.405760527,19.3466
1413393285.455760479,25.9674
1413393285.505760431,20.2414
1413393285.555760384,23.0151
1413393285.605760574,18.6076
1413393285.655760527,21.936
1413393285.705760479,19.0823
1413393285.755760431,25.6922
1413393285.805760384,20.9545
1413393285.855760574,22.4768
1413393285.905760527,18.3036
1413393285.955760479,23.0821
1413393286.005760431,23.6613
1413393286.055760384,23.7173
1413393286.105760574,19.3254
1413393286.155760527,23.4212
1413393286.205760479,19.4077
1413393286.255760431,25.8964
1413393286.305760384,19.3671
1413393286.355760574,25.8293
1413393286.405760527,24.2539
1413393286.455760479,23.545
1413393286.505760431,20.216
1413393286.555760384,23.7009
1413393286.605760574,21.2289
1413393286.655760527,26.816
1413393286.705760479,27.5479
1413393286.755760431,27.8636
1413393286.805760384,20.4601
1413393286.855760574,27.8277
1413393286.905760527,22.0262
1413393286.955760479,23.7374
1413393287.005760431,21.3207
1413393287.055760384,28.5161
1413393287.105760574,20.6409
1413393287.155760527,23.9172
1413393287.205760479,20.9189
1413393287.255760431,26.7261
1413393287.305760384,20.1809
1413393287.355760574,23.6086
1413393287.405760527,19.9588
1413393287.455760479,24.5723
1413393287.505760431,18.8309
1413393287.555760384,22.8469
1413393287.605760574,20.301
1413393287.655760527,23.9883
1413393287.705760479,22.0679
1413393287.755760431,22.7499
1413393287.805760384,19.7293
1413393287.855760574,20.3573
1413393287.905760527,17.3294
1413393287.955760479,24.4255
1413393288.005760431,19.6671
1413393288.055760384,25.5398
1413393288.105760574,20.0012
1413393288.155760527,22.6956
1413393288.205760479,21.7279
1413393288.255760431,25.9277
1413393288.305760384,18.1701
1413393288.355760574,25.9135
1413393288.405760527,21.0058
1413393288.455760479,25.0447
1413393288.505760431,21.633
1413393288.555760384,25.3826
1413393288.605760574,19.3979
1413393288.655760527,23.3742
1413393288.705760479,19.7112
1413393288.755760431,23.1402
1413393288.805760384,19.9037
1413393288.855760574,25.1151
1413393288.905760527,18.3321
1413393288.955760479,23.9989
1413393289.005760431,23.5782
1413393289.055760384,23.8323
1413393289.105760574,21.7067
1413393289.155760527,24.7726
1413393289.205760479,20.2783
1413393289.255760431,22.0279
1413393289.305760384,18.6788
1413393289.355760574,19.9612
1413393289.405760527,20.1673
1413393289.455760479,23.3587
1413393289.505760431,19.4899
1413393289.555760384,25.498
1413393289.605760574,19.652
1413393289.655760527,23.7598
1413393289.705760479,19.6542
1413393289.755760431,25.9497
1413393289.805760384,21.2292
1413393289.855760574,22.3821
1413393289.905760527,19.5752
1413393289.955760479,25.0967
1413393290.005760431,20.7094
1413393290.055760384,24.8553
1413393290.105760574,19.986
1413393290.155760527,25.7263
1413393290.205760479,21.952
1413393290.255760431,25.4401
1413393290.305760384,19.9154
1413393290.355760574,24.9728
1413393290.405760527,19.9844
1413393290.455760479,25.0918
1413393290.505760431,20.088
1413393290.555760384,23.785
1413393290.605760574,19.572
1413393290.655760527,26.3501
1413393290.705760479,19.4633
1413393290.755760431,24.0006
1413393290.805760384,21.2014
1413393290.855760574,25.7918
1413393290.905760527,20.1384
1413393290.955760479,23.3577
1413393291.005760431,20.0377
1413393291.055760384,24.0724
1413393291.105760574,21.0458
1413393291.155760527,24.6722
1413393291.205760479,20.0711
1413393291.255760431,24.8109
1413393291.305760384,20.0593
1413393291.355760574,26.9468
1413393291.405760527,20.9058
1413393291.455760479,26.0081
1413393291.505760431,22.0113
1413393291.555760384,24.5003
1413393291.605760574,22.3893
1413393291.655760527,24.4295
1413393291.705760479,22.0534
1413393291.755760431,26.9771
1413393291.805760384,21
1413393291.855760574,25.407
1413393291.905760527,21.5266
1413393291.955760479,25.1745
1413393292.005760431,20.9929
1413393292.055760384,25.6258
1413393292.105760574,21.293
1413393292.155760527,26.2462
1413393292.205760479,21.6312
1413393292.255760431,27.5394
1413393292.305760384,23.2312
1413393292.355760574,27.8167
1413393292.405760527,22.0535
1413393292.455760479,27.3974
1413393292.505760431,23.0677
1413393292.555760384,29.5644
1413393292.605760574,22.9331
1413393292.655760527,27.348
1413393292.705760479,22.17
1413393292.755760431,28.0283
1413393292.805760384,21.7743
1413393292.855760574,28.9279
1413393292.905760527,24.257
1413393292.955760479,24.2229
1413393293.005760431,22.4809
1413393293.055760384,24.6353
1413393293.105760574,21.1498
1413393293.155760527,26.3383
1413393293.205760479,21.1765
1413393293.255760431,26.7377
1413393293.305760384,21.2507
1413393293.355760574,26.4659
1413393293.405760527,20.6224
1413393293.455760479,27.3408
1413393293.505760431,20.6616
1413393293.555760384,26.2412
1413393293.605760574,20.0001
1413393293.655760527,24.8027
1413393293.705760479,20.4083
1413393293.755760431,25.3804
1413393293.805760384,21.1323
1413393293.855760574,23.8507
1413393293.905760527,20.4165
1413393293.955760479,26.7554
1413393294.005760431,19.845
1413393294.055760384,26.5208
1413393294.105760574,20.028
1413393294.155760527,26.5345
1413393294.205760479,19.8274
1413393294.255760431,25.5373
1413393294.305760384,20.4638
1413393294.355760574,26.4401
1413393294.405760527,20.1308
1413393294.455760479,27.1842
1413393294.505760431,20.2349
1413393294.555760384,24.2764
1413393294.605760574,19.6036
1413393294.655760527,25.4227
1413393294.705760479,19.9375
1413393294.755760431,24.0389
1413393294.805760384,19.5128
1413393294.855760574,25.1909
1413393294.905760527,19.4426
1413393294.955760479,25.3808
1413393295.005760431,20.8334
1413393295.055760384,23.3341
1413393295.105760574,20.4774
1413393295.155760527,25.2239
1413393295.205760479,20.77
1413393295.255760431,24.6423
1413393295.305760384,20.8005
1413393295.355760574,24.5901
1413393295.405760527,19.882
1413393295.455760479,25.1914
1413393295.505760431,20.5414
1413393295.555760384,25.7451
1413393295.605760574,20.581
1413393295.655760527,26.4827
1413393295.705760479,20.4046
1413393295.755760431,25.7353
1413393295.805760384,20.0436
1413393295.855760574,24.0048
1413393295.905760527,20.4472
1413393295.955760479,27.3876
1413393296.005760431,21.6381
1413393296.055760384,25.0122
1413393296.105760574,23.4178
1413393296.155760527,26.1922
1413393296.205760479,19.2221
1413393296.255760431,25.5875
1413393296.305760384,22.4292
1413393296.355760574,23.9501
1413393296.405760527,20.483
1413393296.455760479,24.1675
1413393296.505760431,20.3485
1413393296.555760384,24.017
1413393296.605760574,21.2451
1413393296.655760527,24.012
1413393296.705760479,20.6511
1413393296.755760431,26.648
1413393296.805760384,23.6692
1413393296.855760574,23.7533
1413393296.905760527,23.6574
1413393296.955760479,24.7668
1413393297.005760431,26.4755
1413393297.055760384,24.7577
1413393297.105760574,20.851
1413393297.155760527,26.7013
1413393297.205760479,20.3638
1413393297.255760431,26.2046
1413393297.305760384,21.0451
1413393297.355760574,24.2016
1413393297.405760527,21.8336
1413393297.455760479,25.6217
1413393297.505760431,22.9461
1413393297.555760384,24.4887
1413393297.605760574,20.1785
1413393297.655760527,27.0428
1413393297.705760479,20.0454
1413393297.755760431,26.6819
1413393297.805760384,24.9623
1413393297.855760574,26.5469
1413393297.905760527,21.9199
1413393297.955760479,24.6431
1413393298.005760431,22.2674
1413393298.055760384,25.7692
1413393298.105760574,24.3839
1413393298.155760527,24.4827
1413393298.205760479,23.5686
1413393298.255760431,27.2741
1413393298.305760384,23.8005
1413393298.355760574,24.8268
1413393298.405760527,20.829
1413393298.455760479,24.6795
1413393298.505760431,23.6166
1413393298.555760384,26.7974
1413393298.605760574,20.725
1413393298.655760527,27.897
1413393298.705760479,21.393
1413393298.755760431,27.2286
1413393298.805760384,20.8614
1413393298.855760574,27.2057
1413393298.905760527,20.5996
1413393298.955760479,26.5735
1413393299.005760431,23.3495
1413393299.055760384,23.6994
1413393299.105760574,21.3162
1413393299.155760527,24.9942
1413393299.205760479,20.0323
1413393299.255760431,23.9943
1413393299.305760384,19.218
1413393299.355760574,26.56
1413393299.405760527,22.8328
1413393299.455760479,23.976
1413393299.505760431,20.4206
1413393299.555760384,24.1521
1413393299.605760574,21.7761
1413393299.655760527,24.3285
1413393299.705760479,21.5775
1413393299.755760431,26.1671
1413393299.805760384,20.2949
1413393299.855760574,26.9563
1413393299.905760527,19.7293
1413393299.955760479,24.6023
1413393300.005760431,21.9751
1413393300.055760384,26.5155
1413393300.105760574,20.4546
1413393300.155760527,24.3332
1413393300.205760479,23.093
1413393300.255760431,26.4564
1413393300.305760384,25.3798
1413393300.355760574,25.676
1413393300.405760527,25.1629
1413393300.455760479,26.4963
1413393300.505760431,23.952
1413393300.555760384,24.5497
1413393300.605760574,23.1106
1413393300.655760527,26.5712
1413393300.705760479,20.1923
1413393300.755760431,24.8539
1413393300.805760384,20.1257
1413393300.855760574,24.339
1413393300.905760527,23.3877
1413393300.955760479,27.1067
1413393301.005760431,20.9953
1413393301.055760384,24.6475
1413393301.105760574,22.9505
1413393301.155760527,23.7882
1413393301.205760479,21.647
1413393301.255760431,23.217
1413393301.305760384,23.5925
1413393301.355760574,26.0915
1413393301.405760527,22.6848
1413393301.455760479,24.2689
1413393301.505760431,21.3072
1413393301.555760384,25.5881
1413393301.605760574,19.1106
1413393301.655760527,24.6667
1413393301.705760479,19.6173
1413393301.755760431,26.4003
1413393301.805760384,24.5095
1413393301.855760574,22.6973
1413393301.905760527,21.1553
1413393301.955760479,26.4233
1413393302.005760431,24.4911
1413393302.055760384,25.9523
1413393302.105760574,24.8647
1413393302.155760527,24.496
1413393302.205760479,19.3551
1413393302.255760431,25.8421
1413393302.305760384,24.5163
1413393302.355760574,24.1119
1413393302.405760527,22.5596
1413393302.455760479,26.4576
1413393302.505760431,20.1317
1413393302.555760384,22.3124
1413393302.605760574,23.6202
1413393302.655760527,23.7974
1413393302.705760479,19.637
1413393302.755760431,24.9138
1413393302.805760384,18.4825
1413393302.855760574,23.7201
1413393302.905760527,21.0915
1413393302.955760479,25.267
1413393303.005760431,21.5978
1413393303.055760384,25.7644
1413393303.105760574,23.9086
1413393303.155760527,24.2005
1413393303.205760479,22.3044
1413393303.255760431,24.3154
1413393303.305760384,21.7168
1413393303.355760574,23.7241
1413393303.405760527,21.2943
1413393303.455760479,22.854
1413393303.505760431,21.3
1413393303.555760384,22.8498
1413393303.605760574,21.5226
1413393303.655760527,24.9572
1413393303.705760479,19.3134
1413393303.755760431,26.2268
1413393303.805760384,22.6675
1413393303.855760574,23.605
1413393303.905760527,23.9465
1413393303.955760479,25.9031
1413393304.005760431,25
1413393304.055760384,24.0033
1413393304.105760574,18.8029
1413393304.155760527,23.0923
1413393304.205760479,23.1532
1413393304.255760431,22.8709
1413393304.305760384,19.6115
1413393304.355760574,23.4975
1413393304.405760527,25.4484
1413393304.455760479,23.2461
1413393304.505760431,23.2454
1413393304.555760384,23.1803
1413393304.605760574,23.5118
1413393304.655760527,22.4507
1413393304.705760479,22.4193
1413393304.755760431,24.0468
1413393304.805760384,20.6956
1413393304.855760574,25.5828
1413393304.905760527,17.8157
1413393304.955760479,22.6866
1413393305.005760431,21.1827
1413393305.055760384,22.6618
1413393305.105760574,20.407
1413393305.155760527,23.6789
1413393305.205760479,20.1145
1413393305.255760431,22.1989
1413393305.305760384,20.1863
1413393305.355760574,24.2965
1413393305.405760527,23.1763
1413393305.455760479,23.6434
1413393305.505760431,18.5793
1413393305.555760384,21.5126
1413393305.605760574,23.427
1413393305.655760527,22.2742
1413393305.705760479,22.0615
1413393305.755760431,22.0161
1413393305.805760384,18.4835
1413393305.855760574,23.0255
1413393305.905760527,23.4806
1413393305.955760479,24.9812
1413393306.005760431,24.265
1413393306.055760384,23.1296
1413393306.105760574,22.1474
1413393306.155760527,24.3405
1413393306.205760479,23.3646
1413393306.255760431,23.2678
1413393306.305760384,21.6474
1413393306.355760574,24.4865
1413393306.405760527,22.0429
1413393306.455760479,27.446
1413393306.505760431,24.4447
1413393306.555760384,27.7005
1413393306.605760574,24.6349
1413393306.655760527,25.59
1413393306.705760479,21.5248
1413393306.755760431,26.6964
1413393306.805760384,23.2377
1413393306.855760574,25.5705
1413393306.905760527,24.7115
1413393306.955760479,27.4625
1413393307.005760431,23.5014
1413393307.055760384,28.0128
1413393307.105760574,27.6834
1413393307.155760527,28.8501
1413393307.205760479,25.6642
1413393307.255760431,28.208
1413393307.305760384,26.457
1413393307.355760574,28.7658
1413393307.405760527,25.4756
1413393307.455760479,27.0592
1413393307.505760431,23.0824
1413393307.555760384,28.8954
1413393307.605760574,25.6357
1413393307.655760527,27.5674
1413393307.705760479,24.356
1413393307.755760431,29.685
1413393307.805760384,24.5201
1413393307.855760574,29.7072
1413393307.905760527,24.5663
1413393307.955760479,27.2796
1413393308.005760431,23.5288
1413393308.055760384,27.987
1413393308.105760574,25.5102
1413393308.155760527,29.2858
1413393308.205760479,26.279
1413393308.255760431,26.3225
1413393308.305760384,23.6612
1413393308.355760574,28.5348
1413393308.405760527,23.6396
1413393308.455760479,24.8892
1413393308.505760431,25.7754
1413393308.555760384,28.3017
1413393308.605760574,23.9863
1413393308.655760527,27.6023
1413393308.705760479,25.0107
1413393308.755760431,27.3288
1413393308.805760384,23.7704
1413393308.855760574,24.473
1413393308.905760527,26.2664
1413393308.955760479,24.7756
1413393309.005760431,26.142
1413393309.055760384,27.8243
1413393309.105760574,23.8577
1413393309.155760527,26.9758
1413393309.205760479,24.7263
1413393309.255760431,27.0962
1413393309.305760384,23.9395
1413393309.355760574,27.1235
1413393309.405760527,24.0407
1413393309.455760479,24.8423
1413393309.505760431,26.612
1413393309.555760384,25.0856
1413393309.605760574,23.5211
1413393309.655760527,27.8463
1413393309.705760479,24.5134
1413393309.755760431,26.8366
1413393309.805760384,21.7122
1413393309.855760574,25.5776
1413393309.905760527,26.9983
1413393309.955760479,28.1049
1413393310.005760431,23.7438
1413393310.055760384,24.3804
1413393310.105760574,24.1596
1413393310.155760527,25.1331
1413393310.205760479,21.9712
1413393310.255760431,27.0297
1413393310.305760384,21.6093
1413393310.355760574,27.4755
1413393310.405760527,25.3466
1413393310.455760479,27.6096
1413393310.505760431,24.3776
1413393310.555760384,26.4392
1413393310.605760574,21.9345
1413393310.655760527,27.2229
1413393310.705760479,27.1725
1413393310.755760431,28.0721
1413393310.805760384,25.269
1413393310.855760574,26.9866
1413393310.905760527,23.8185
1413393310.955760479,25.838
1413393311.005760431,22.7902
1413393311.055760384,27.1607
1413393311.105760574,26.742
1413393311.155760527,26.5734
1413393311.205760479,23.3069
1413393311.255760431,25.9218
1413393311.305760384,25.7863
1413393311.355760574,24.9725
1413393311.405760527,25.3288
1413393311.455760479,24.9895
1413393311.505760431,25.5573
1413393311.555760384,26.9705
1413393311.605760574,21.6672
1413393311.655760527,23.9738
1413393311.705760479,22.9376
1413393311.755760431,25.8276
1413393311.805760384,24.6856
1413393311.855760574,26.7188
1413393311.905760527,24.8961
1413393311.955760479,24.5628
1413393312.005760431,22.6878
1413393312.055760384,25.0457
1413393312.105760574,22.2378
1413393312.155760527,23.1204
1413393312.205760479,23.5971
1413393312.255760431,25.9312
1413393312.305760384,25.1386
1413393312.355760574,26.9647
1413393312.405760527,22.758
1413393312.455760479,24.5867
1413393312.505760431,20.4115
1413393312.555760384,25.0599
1413393312.605760574,23.4621
1413393312.655760527,24.1298
1413393312.705760479,24.3361
1413393312.755760431,27.4845
1413393312.805760384,21.3107
1413393312.855760574,24.9451
1413393312.905760527,24.4368
1413393312.955760479,25.5143
1413393313.005760431,22.2213
1413393313.055760384,27.419
1413393313.105760574,20.2598
1413393313.155760527,24.6666
1413393313.205760479,20.0922
1413393313.255760431,25.0389
1413393313.305760384,21.819
1413393313.355760574,24.4682
1413393313.405760527,21.0294
1413393313.455760479,24.0372
1413393313.505760431,21.4723
1413393313.555760384,27.2016
1413393313.605760574,21.3445
1413393313.655760527,25.262
1413393313.705760479,21.5087
1413393313.755760431,25.8662
1413393313.805760384,21.5883
1413393313.855760574,25.2994
1413393313.905760527,22.754
1413393313.955760479,28.1836
1413393314.005760431,20.991
1413393314.055760384,28.6786
1413393314.105760574,21.8306
1413393314.155760527,27.6574
1413393314.205760479,21.9733
1413393314.255760431,26.9686
1413393314.305760384,23.043
1413393314.355760574,25.2705
1413393314.405760527,22.328
1413393314.455760479,26.0626
1413393314.505760431,22.502
1413393314.555760384,26.6637
1413393314.605760574,21.4242
1413393314.655760527,26.7206
1413393314.705760479,22.2096
1413393314.755760431,26.561
1413393314.805760384,20.1052
1413393314.855760574,25.3348
1413393314.905760527,19.6663
1413393314.955760479,27.0372
1413393315.005760431,19.5901
1413393315.055760384,27.1194
1413393315.105760574,20.6633
1413393315.155760527,23.9935
1413393315.205760479,20.2475
1413393315.255760431,24.5668
1413393315.305760384,21.0668
1413393315.355760574,26.531
1413393315.405760527,19.6469
1413393315.455760479,24.0481
1413393315.505760431,19.7121
1413393315.555760384,24.8414
1413393315.605760574,19.7991
1413393315.655760527,26.3439
1413393315.705760479,20.3306
1413393315.755760431,24.4838
1413393315.805760384,19.9074
1413393315.855760574,26.9203
1413393315.905760527,22.2687
1413393315.955760479,27.9869
1413393316.005760431,22.5247
1413393316.055760384,29.0912
1413393316.105760574,22.647
1413393316.155760527,26.8632
1413393316.205760479,22.2737
1413393316.255760431,26.1557
1413393316.305760384,22.4757
1413393316.355760574,29.6784
1413393316.405760527,22.6044
1413393316.455760479,28.6312
1413393316.505760431,22.9554
1413393316.555760384,27.9169
1413393316.605760574,22.6818
1413393316.655760527,27.4406
1413393316.705760479,22.3766
1413393316.755760431,27.481
1413393316.805760384,22.253
1413393316.855760574,26.5977
1413393316.905760527,22.4818
1413393316.955760479,29.1101
1413393317.005760431,22.0509
1413393317.055760384,25.6367
1413393317.105760574,21.6923
1413393317.155760527,26.2657
1413393317.205760479,21.9463
1413393317.255760431,26.1138
1413393317.305760384,21.1071
1413393317.355760574,22.4847
1413393317.405760527,20.7458
1413393317.455760479,23.8403
1413393317.505760431,21.1693
1413393317.555760384,28.392
1413393317.605760574,21.6518
1413393317.655760527,27.8131
1413393317.705760479,23.0238
1413393317.755760431,25.9189
1413393317.805760384,22.1629
1413393317.855760574,27.5689
1413393317.905760527,22.0927
1413393317.955760479,26.6787
1413393318.005760431,22.7495
1413393318.055760384,26.9519
1413393318.105760574,22.798
1413393318.155760527,27.8207
1413393318.205760479,22.4196
1413393318.255760431,28.1564
1413393318.305760384,22.2533
1413393318.355760574,26.1652
1413393318.405760527,23.7978
1413393318.455760479,25.8163
1413393318.505760431,22.942
1413393318.555760384,27.826
1413393318.605760574,23.2718
1413393318.655760527,26.9476
1413393318.705760479,23.2485
1413393318.755760431,26.5955
1413393318.805760384,23.1857
1413393318.855760574,30.0027
1413393318.905760527,24.0624
1413393318.955760479,28.4805
1413393319.005760431,23.6341
1413393319.055760384,30.4435
1413393319.105760574,23.7942
1413393319.155760527,28.1623
1413393319.205760479,21.8633
1413393319.255760431,25.177
1413393319.305760384,21.23
1413393319.355760574,26.9761
1413393319.405760527,21.1176
1413393319.455760479,22.1839
1413393319.505760431,24.465
1413393319.555760384,21.7501
1413393319.605760574,20.9048
1413393319.655760527,24.2088
1413393319.705760479,18.4414
1413393319.755760431,22.9958
1413393319.805760384,21.5244
1413393319.855760574,23.2696
1413393319.905760527,19.2525
1413393319.955760479,24.3638
1413393320.005760431,18.7742
1413393320.055760384,19.6321
1413393320.105760574,19.5411
1413393320.155760527,18.7985
1413393320.205760479,13.1271
1413393320.255760431,19.1241
1413393320.305760384,16.3205
1413393320.355760574,18.334
1413393320.405760527,14.2643
1413393320.455760479,14.8783
1413393320.505760431,12.97
1413393320.555760384,14.3267
1413393320.605760574,12.9867
1413393320.655760527,14.8106
1413393320.705760479,11.1461
1413393320.755760431,14.7808
1413393320.805760384,12.5366
1413393320.855760574,11.7157
1413393320.905760527,10.5743
1413393320.955760479,10.91
1413393321.005760431,11.0003
1413393321.055760384,12.4624
1413393321.105760574,8.94386
1413393321.155760527,12.1417
1413393321.205760479,13.4834
1413393321.255760431,15.2174
1413393321.305760384,11.5422
1413393321.355760574,11.8849
1413393321.405760527,9.49574
1413393321.455760479,14.7208
1413393321.505760431,11.939
1413393321.555760384,14.555
1413393321.605760574,10.6012
1413393321.655760527,11.6627
1413393321.705760479,10.5052
1413393321.755760431,10.9985
1413393321.805760384,11.0437
1413393321.855760574,10.6331
1413393321.905760527,9.89829
1413393321.955760479,12.6387
1413393322.005760431,9.57379
1413393322.055760384,10.6669
1413393322.105760574,10.5945
1413393322.155760527,11.2246
1413393322.205760479,12.1834
1413393322.255760431,11.6046
1413393322.305760384,11.4217
1413393322.355760574,10.974
1413393322.405760527,10.1461
1413393322.455760479,12.9863
1413393322.505760431,10.4009
1413393322.555760384,13.3026
1413393322.605760574,9.53691
1413393322.655760527,14.4894
1413393322.705760479,11.3375
1413393322.755760431,12.7919
1413393322.805760384,9.69647
1413393322.855760574,11.6659
1413393322.905760527,11.403
1413393322.955760479,10.8414
1413393323.005760431,10.2397
1413393323.055760384,14.0954
1413393323.105760574,10.0868
1413393323.155760527,15.3443
1413393323.205760479,9.35033
1413393323.255760431,11.1979
1413393323.305760384,9.92675
1413393323.355760574,12.74
1413393323.405760527,11.8129
1413393323.455760479,12.7539
1413393323.505760431,9.34033
1413393323.555760384,13.4267
1413393323.605760574,13.2802
1413393323.655760527,13.8883
1413393323.705760479,12.9368
1413393323.755760431,10.2522
1413393323.805760384,13.5341
1413393323.855760574,12.1325
1413393323.905760527,11.395
1413393323.955760479,13.594
1413393324.005760431,12.6869
1413393324.055760384,14.9947
1413393324.105760574,10.6881
1413393324.155760527,12.6619
1413393324.205760479,11.0077
1413393324.255760431,15.541
1413393324.305760384,10.7471
1413393324.355760574,10.5478
1413393324.405760527,11.1945
1413393324.455760479,12.9421
1413393324.505760431,11.3861
1413393324.555760384,12.7961
1413393324.605760574,10.0806
1413393324.655760527,12.2343
1413393324.705760479,12.4259
1413393324.755760431,15.5546
1413393324.805760384,9.31894
1413393324.855760574,11.3309
1413393324.905760527,10.5384
1413393324.955760479,10.8947
1413393325.005760431,9.57739
1413393325.055760384,12.116
1413393325.105760574,10.1195
1413393325.155760527,11.7058
1413393325.205760479,11.0733
1413393325.255760431,11.5818
1413393325.305760384,11.1396
1413393325.355760574,11.0064
1413393325.405760527,11.5673
1413393325.455760479,11.2505
1413393325.505760431,10.3608
1413393325.555760384,12.2713
1413393325.605760574,11.4344
1413393325.655760527,12.7571
1413393325.705760479,9.35755
1413393325.755760431,11.5619
1413393325.805760384,10.8943
1413393325.855760574,9.3957
1413393325.905760527,7.7664
1413393325.955760479,14.544
1413393326.005760431,11.9539
1413393326.055760384,13.2836
1413393326.105760574,10.9981
1413393326.155760527,13.3235
1413393326.205760479,10.4419
