1413393212.255760431,13.6595
1413393212.305760384,12.0387
1413393212.355760574,30.0793
1413393212.405760527,26.8616
1413393212.455760479,28.0622
1413393212.505760431,27.6242
1413393212.555760384,26.81
1413393212.605760574,26.9644
1413393212.655760527,29.2059
1413393212.705760479,27.7824
1413393212.755760431,27.3447
1413393212.805760384,27.5663
1413393212.855760574,29.395
1413393212.905760527,29.4667
1413393212.955760479,27.0243
1413393213.005760431,28.618
1413393213.055760384,28.832
1413393213.105760574,28.5797
1413393213.155760527,27.4452
1413393213.205760479,28.1426
1413393213.255760431,27.1688
1413393213.305760384,27.994
1413393213.355760574,20.9747
1413393213.405760527,28.4625
1413393213.455760479,24.3141
1413393213.505760431,25.1313
1413393213.555760384,24.5883
1413393213.605760574,26.5593
1413393213.655760527,24.8361
1413393213.705760479,23.3924
1413393213.755760431,23.5571
1413393213.805760384,27.0868
1413393213.855760574,25.1694
1413393213.905760527,26.538
1413393213.955760479,25.8925
1413393214.005760431,25.4842
1413393214.055760384,25.0864
1413393214.105760574,24.8667
1413393214.155760527,25.1274
1413393214.205760479,24.0727
1413393214.255760431,25.4328
1413393214.305760384,27.3153
1413393214.355760574,27.2911
1413393214.405760527,27.8569
1413393214.455760479,26.1847
1413393214.505760431,27.3724
1413393214.555760384,27.2191
1413393214.605760574,27.657
1413393214.655760527,25.8824
1413393214.705760479,28.7909
1413393214.755760431,27.9446
1413393214.805760384,25.1887
1413393214.855760574,24.0025
1413393214.905760527,27.2365
1413393214.955760479,26.0103
1413393215.005760431,26.0705
1413393215.055760384,26.7255
1413393215.105760574,26.5355
1413393215.155760527,27.7829
1413393215.205760479,26.2914
1413393215.255760431,28.6761
1413393215.305760384,24.9296
1413393215.355760574,28.8316
1413393215.405760527,26.8433
1413393215.455760479,25.5604
1413393215.505760431,28.8132
1413393215.555760384,26.8055
1413393215.605760574,28.0239
1413393215.655760527,28.5812
1413393215.705760479,28.4236
1413393215.755760431,26.7924
1413393215.805760384,24.4734
1413393215.855760574,25.1864
1413393215.905760527,24.7063
1413393215.955760479,27.4139
1413393216.005760431,24.6019
1413393216.055760384,24.8183
1413393216.105760574,25.8034
1413393216.155760527,24.8216
1413393216.205760479,26.1073
1413393216.255760431,25.4758
1413393216.305760384,25.888
1413393216.355760574,28.1427
1413393216.405760527,26.4806
1413393216.455760479,27.6722
1413393216.505760431,25.5401
1413393216.555760384,26.4805
1413393216.605760574,27.7308
1413393216.655760527,26.0399
1413393216.705760479,28.2994
1413393216.755760431,26.5395
1413393216.805760384,26.1092
1413393216.855760574,25.4536
1413393216.905760527,25.4538
1413393216.955760479,24.2076
1413393217.005760431,27.2818
1413393217.055760384,27.5612
1413393217.105760574,27.6097
1413393217.155760527,27.3877
1413393217.205760479,25.6809
1413393217.255760431,24.7913
1413393217.305760384,26.7789
1413393217.355760574,26.2054
1413393217.405760527,28.4371
1413393217.455760479,25.5696
1413393217.505760431,24.8401
1413393217.555760384,28.2054
1413393217.605760574,24.2101
1413393217.655760527,27.2627
1413393217.705760479,26.5723
1413393217.755760431,27.4693
1413393217.805760384,27.5321
1413393217.855760574,26.2941
1413393217.905760527,28.13
1413393217.955760479,26.7497
1413393218.005760431,26.8106
1413393218.055760384,26.8657
1413393218.105760574,26.082
1413393218.155760527,27.065
1413393218.205760479,28.5965
1413393218.255760431,26.744
1413393218.305760384,26.1587
1413393218.355760574,30.331
1413393218.405760527,28.4162
1413393218.455760479,28.6081
1413393218.505760431,27.5468
1413393218.555760384,28.2395
1413393218.605760574,27.2977
1413393218.655760527,23.7915
1413393218.705760479,27.1101
1413393218.755760431,26.6634
1413393218.805760384,25.0369
1413393218.855760574,27.385
1413393218.905760527,25.0444
1413393218.955760479,24.694
1413393219.005760431,24.3984
1413393219.055760384,24.9714
1413393219.105760574,26.7767
1413393219.155760527,27.4572
1413393219.205760479,25.6935
1413393219.255760431,28.5213
1413393219.305760384,25.947
1413393219.355760574,26.4468
1413393219.405760527,25.7445
1413393219.455760479,25.9453
1413393219.505760431,26.8139
1413393219.555760384,24.8327
1413393219.605760574,24.6212
1413393219.655760527,25.1486
1413393219.705760479,25.5847
1413393219.755760431,28.0255
1413393219.805760384,27.8338
1413393219.855760574,27.7874
1413393219.905760527,26.2339
1413393219.955760479,25.1457
1413393220.005760431,28.7214
1413393220.055760384,26.5619
1413393220.105760574,26.8121
1413393220.155760527,29.9441
1413393220.205760479,28.5379
1413393220.255760431,27.9091
1413393220.305760384,26.831
1413393220.355760574,26.9074
1413393220.405760527,26.361
1413393220.455760479,29.3466
1413393220.505760431,27.5258
1413393220.555760384,27.9446
1413393220.605760574,27.9899
1413393220.655760527,27.7759
1413393220.705760479,26.909
1413393220.755760431,29.5012
1413393220.805760384,28.4093
1413393220.855760574,27.4009
1413393220.905760527,27.5974
1413393220.955760479,28.4729
1413393221.005760431,29.227
1413393221.055760384,26.1732
1413393221.105760574,27.5057
1413393221.155760527,27.9337
1413393221.205760479,29.8596
1413393221.255760431,27.4548
1413393221.305760384,25.0962
1413393221.355760574,27.8107
1413393221.405760527,29.861
1413393221.455760479,28.4726
1413393221.505760431,29.6747
1413393221.555760384,30.3156
1413393221.605760574,27.7507
1413393221.655760527,29.6352
1413393221.705760479,27.6905
1413393221.755760431,27.3139
1413393221.805760384,26.0409
1413393221.855760574,29.7421
1413393221.905760527,28.5206
1413393221.955760479,28.4329
1413393222.005760431,30.1818
1413393222.055760384,27.5598
1413393222.105760574,28.6218
1413393222.155760527,30.6644
1413393222.205760479,28.1184
1413393222.255760431,27.9034
1413393222.305760384,27.2157
1413393222.355760574,25.6914
1413393222.405760527,29.0717
1413393222.455760479,29.1886
1413393222.505760431,29.9253
1413393222.555760384,30.1929
1413393222.605760574,29.8524
1413393222.655760527,27.655
1413393222.705760479,29.2208
1413393222.755760431,30.3689
1413393222.805760384,27.964
1413393222.855760574,30.7776
1413393222.905760527,29.004
1413393222.955760479,27.7077
1413393223.005760431,27.7795
1413393223.055760384,29.9975
1413393223.105760574,28.3967
1413393223.155760527,25.8455
1413393223.205760479,29.7056
1413393223.255760431,27.8676
1413393223.305760384,30.1597
1413393223.355760574,29.5374
1413393223.405760527,25.9888
1413393223.455760479,26.2359
1413393223.505760431,28.5296
1413393223.555760384,26.4861
1413393223.605760574,26.7675
1413393223.655760527,28.7393
1413393223.705760479,27.0268
1413393223.755760431,28.2179
1413393223.805760384,28.5248
1413393223.855760574,25.617
1413393223.905760527,25.425
1413393223.955760479,25.2194
1413393224.005760431,28.041
1413393224.055760384,26.0878
1413393224.105760574,25.1262
1413393224.155760527,24.8701
1413393224.205760479,25.1526
1413393224.255760431,26.2645
1413393224.305760384,25.3662
1413393224.355760574,23.8992
1413393224.405760527,23.7781
1413393224.455760479,27.7209
1413393224.505760431,25.8511
1413393224.555760384,26.2447
1413393224.605760574,24.4703
1413393224.655760527,25.1482
1413393224.705760479,27.4631
1413393224.755760431,25.0825
1413393224.805760384,25.9083
1413393224.855760574,25.2994
1413393224.905760527,25.3991
1413393224.955760479,26.4808
1413393225.005760431,25.4292
1413393225.055760384,26.7457
1413393225.105760574,26.7959
1413393225.155760527,26.968
1413393225.205760479,24.9347
1413393225.255760431,24.9624
1413393225.305760384,26.9069
1413393225.355760574,24.9383
1413393225.405760527,26.7767
1413393225.455760479,25.1225
1413393225.505760431,26.3842
1413393225.555760384,25.4112
1413393225.605760574,24.1567
1413393225.655760527,26.2525
1413393225.705760479,24.167
1413393225.755760431,26.1729
1413393225.805760384,23.0748
1413393225.855760574,27.336
1413393225.905760527,24.3757
1413393225.955760479,27.1573
1413393226.005760431,25.3635
1413393226.055760384,27.5618
1413393226.105760574,25.3252
1413393226.155760527,24.8039
1413393226.205760479,26.3772
1413393226.255760431,24.0743
1413393226.305760384,26.9756
1413393226.355760574,26.3545
1413393226.405760527,26.5914
1413393226.455760479,25.9156
1413393226.505760431,21.7479
1413393226.555760384,26.4015
1413393226.605760574,25.2614
1413393226.655760527,25.5605
1413393226.705760479,23.5541
1413393226.755760431,24.0248
1413393226.805760384,25.5914
1413393226.855760574,23.0285
1413393226.905760527,25.7548
1413393226.955760479,27.0722
1413393227.005760431,24.6794
1413393227.055760384,24.636
1413393227.105760574,24.7588
1413393227.155760527,24.0766
1413393227.205760479,24.6909
1413393227.255760431,26.6806
1413393227.305760384,26.7765
1413393227.355760574,22.8666
1413393227.405760527,25.35
1413393227.455760479,26.273
1413393227.505760431,27.2342
1413393227.555760384,23.3851
1413393227.605760574,25.163
1413393227.655760527,24.7651
1413393227.705760479,27.6926
1413393227.755760431,27.7018
1413393227.805760384,27.3982
1413393227.855760574,25.2457
1413393227.905760527,25.2745
1413393227.955760479,26.2383
1413393228.005760431,27.0927
1413393228.055760384,26.6183
1413393228.105760574,27.668
1413393228.155760527,25.2442
1413393228.205760479,26.0264
1413393228.255760431,27.9434
1413393228.305760384,25.8912
1413393228.355760574,25.7695
1413393228.405760527,26.4441
1413393228.455760479,27.6795
1413393228.505760431,23.4707
1413393228.555760384,27.8875
1413393228.605760574,25.5686
1413393228.655760527,23.8884
1413393228.705760479,28.4
1413393228.755760431,24.1323
1413393228.805760384,27.1719
1413393228.855760574,25.1439
1413393228.905760527,24.8843
1413393228.955760479,28.0011
1413393229.005760431,27.8861
1413393229.055760384,26.566
1413393229.105760574,25.0654
1413393229.155760527,20.8719
1413393229.205760479,24.8889
1413393229.255760431,24.4339
1413393229.305760384,25.1065
1413393229.355760574,26.3804
1413393229.405760527,26.9255
1413393229.455760479,25.3768
1413393229.505760431,26.539
1413393229.555760384,25.8342
1413393229.605760574,25.5654
1413393229.655760527,25.4833
1413393229.705760479,22.4739
1413393229.755760431,25.3913
1413393229.805760384,22.6297
1413393229.855760574,26.846
1413393229.905760527,23.1558
1413393229.955760479,26.864
1413393230.005760431,26.5319
1413393230.055760384,22.7405
1413393230.105760574,25.9434
1413393230.155760527,26.1123
1413393230.205760479,23.9135
1413393230.255760431,25.4308
1413393230.305760384,26.6878
1413393230.355760574,25.0729
1413393230.405760527,26.3839
1413393230.455760479,24.5317
1413393230.505760431,25.8903
1413393230.555760384,25.0467
1413393230.605760574,25.6218
1413393230.655760527,24.9579
1413393230.705760479,22.4072
1413393230.755760431,26.1757
1413393230.805760384,26.381
1413393230.855760574,24.8629
1413393230.905760527,27.422
1413393230.955760479,26.979
1413393231.005760431,27.98
1413393231.055760384,27.8954
1413393231.105760574,25.4438
1413393231.155760527,27.9301
1413393231.205760479,27.2804
1413393231.255760431,27.5579
1413393231.305760384,24.5724
1413393231.355760574,25.997
1413393231.405760527,24.6127
1413393231.455760479,27.1604
1413393231.505760431,25.3312
1413393231.555760384,27.9581
1413393231.605760574,27.8669
1413393231.655760527,25.8429
1413393231.705760479,27.3553
1413393231.755760431,27.0364
1413393231.805760384,27.7758
1413393231.855760574,27.6755
1413393231.905760527,27.3085
1413393231.955760479,28.1357
1413393232.005760431,27.647
1413393232.055760384,26.8696
1413393232.105760574,28.0727
1413393232.155760527,23.5418
1413393232.205760479,27.8542
1413393232.255760431,25.2437
1413393232.305760384,25.7145
1413393232.355760574,25.9467
1413393232.405760527,27.2748
1413393232.455760479,24.945
1413393232.505760431,26.5441
1413393232.555760384,27.3511
1413393232.605760574,27.1714
1413393232.655760527,26.6449
1413393232.705760479,24.44
1413393232.755760431,26.1148
1413393232.805760384,27.0265
1413393232.855760574,26.8785
1413393232.905760527,25.6983
1413393232.955760479,25.0587
1413393233.005760431,20.2757
1413393233.055760384,28.7951
1413393233.105760574,26.0591
1413393233.155760527,26.144
1413393233.205760479,24.0693
1413393233.255760431,24.2373
1413393233.305760384,24.3788
1413393233.355760574,26.996
1413393233.405760527,25.0788
1413393233.455760479,26.9787
1413393233.505760431,27.1218
1413393233.555760384,27.7404
1413393233.605760574,23.6346
1413393233.655760527,24.463
1413393233.705760479,28.1088
1413393233.755760431,26.581
1413393233.805760384,25.2953
1413393233.855760574,28.1584
1413393233.905760527,27.043
1413393233.955760479,25.6412
1413393234.005760431,26.8352
1413393234.055760384,26.697
1413393234.105760574,28.1513
1413393234.155760527,28.9493
1413393234.205760479,28.1222
1413393234.255760431,26.3976
1413393234.305760384,24.3812
1413393234.355760574,26.5347
1413393234.405760527,22.1521
1413393234.455760479,21.6903
1413393234.505760431,20.5401
1413393234.555760384,17.3096
1413393234.605760574,17.307
1413393234.655760527,19.1335
1413393234.705760479,19.1617
1413393234.755760431,20.9719
1413393234.805760384,23.7441
1413393234.855760574,26.7904
1413393234.905760527,28.6269
1413393234.955760479,26.8868
1413393235.005760431,31.206
1413393235.055760384,28.1091
1413393235.105760574,30.326
1413393235.155760527,28.6341
1413393235.205760479,27.5705
1413393235.255760431,26.3587
1413393235.305760384,27.7092
1413393235.355760574,29.3015
1413393235.405760527,26.8547
1413393235.455760479,28.7728
1413393235.505760431,28.1889
1413393235.555760384,29.8784
1413393235.605760574,25.1629
1413393235.655760527,27.6411
1413393235.705760479,28.5886
1413393235.755760431,26.9606
1413393235.805760384,27.5985
1413393235.855760574,25.4719
1413393235.905760527,26.4386
1413393235.955760479,29.0214
1413393236.005760431,28.9063
1413393236.055760384,25.0692
1413393236.105760574,25.8995
1413393236.155760527,27.535
1413393236.205760479,26.2332
1413393236.255760431,28.9747
1413393236.305760384,25.1353
1413393236.355760574,26.8363
1413393236.405760527,24.6629
1413393236.455760479,23.5877
1413393236.505760431,25.2316
1413393236.555760384,24.0396
1413393236.605760574,23.9824
1413393236.655760527,26.9733
1413393236.705760479,25.3361
1413393236.755760431,23.664
1413393236.805760384,25.682
1413393236.855760574,26.6707
1413393236.905760527,25.9107
1413393236.955760479,25.2918
1413393237.005760431,24.5023
1413393237.055760384,26.4731
1413393237.105760574,24.7319
1413393237.155760527,26.5807
1413393237.205760479,24.9801
1413393237.255760431,23.704
1413393237.305760384,24.2865
1413393237.355760574,23.4948
1413393237.405760527,23.5615
1413393237.455760479,25.1583
1413393237.505760431,25.2991
1413393237.555760384,25.8208
1413393237.605760574,24.2949
1413393237.655760527,24.8823
1413393237.705760479,26.5703
1413393237.755760431,23.9698
1413393237.805760384,23.5525
1413393237.855760574,27.2155
1413393237.905760527,25.3543
1413393237.955760479,25.0375
1413393238.005760431,24.6456
1413393238.055760384,25.3909
1413393238.105760574,25.3525
1413393238.155760527,26.2767
1413393238.205760479,27.1505
1413393238.255760431,25.7725
1413393238.305760384,25.0478
1413393238.355760574,24.5827
1413393238.405760527,24.6475
1413393238.455760479,25.7287
1413393238.505760431,25.6273
1413393238.555760384,25.624
1413393238.605760574,28.2352
1413393238.655760527,23.8557
1413393238.705760479,24.3532
1413393238.755760431,26.7838
1413393238.805760384,26.2699
1413393238.855760574,28.2953
1413393238.905760527,24.9636
1413393238.955760479,24.6723
1413393239.005760431,25.0719
1413393239.055760384,26.315
1413393239.105760574,23.6978
1413393239.155760527,27.31
1413393239.205760479,25.2374
1413393239.255760431,27.0421
1413393239.305760384,27.3257
1413393239.355760574,27.5783
1413393239.405760527,27.0968
1413393239.455760479,25.1979
1413393239.505760431,25.2821
1413393239.555760384,27.1951
1413393239.605760574,25.3005
1413393239.655760527,24.2921
1413393239.705760479,25.2714
1413393239.755760431,25.3926
1413393239.805760384,25.1093
1413393239.855760574,23.362
1413393239.905760527,25.6027
1413393239.955760479,27.4811
1413393240.005760431,27.5066
1413393240.055760384,26.3207
1413393240.105760574,23.1239
1413393240.155760527,27.1448
1413393240.205760479,27.6374
1413393240.255760431,25.0397
1413393240.305760384,27.8025
1413393240.355760574,27.0691
1413393240.405760527,27.6926
1413393240.455760479,23.1911
1413393240.505760431,25.3633
1413393240.555760384,25.4986
1413393240.605760574,26.4116
1413393240.655760527,23.3376
1413393240.705760479,25.9509
1413393240.755760431,27.0114
1413393240.805760384,24.2889
1413393240.855760574,23.8623
1413393240.905760527,24.4195
1413393240.955760479,22.8455
1413393241.005760431,25.8953
1413393241.055760384,24.143
1413393241.105760574,24.4212
1413393241.155760527,24.7794
1413393241.205760479,27.0403
1413393241.255760431,25.1101
1413393241.305760384,26.057
1413393241.355760574,24.8782
1413393241.405760527,26.9261
1413393241.455760479,25.1714
1413393241.505760431,26.4937
1413393241.555760384,22.8009
1413393241.605760574,23.6871
1413393241.655760527,25.972
1413393241.705760479,24.355
1413393241.755760431,26.0429
1413393241.805760384,26.741
1413393241.855760574,24.0275
1413393241.905760527,22.4943
1413393241.955760479,23.7999
1413393242.005760431,23.534
1413393242.055760384,26.072
1413393242.105760574,24.1979
1413393242.155760527,26.8781
1413393242.205760479,25.7946
1413393242.255760431,24.2016
1413393242.305760384,27.2041
1413393242.355760574,21.8118
1413393242.405760527,25.7678
1413393242.455760479,23.9895
1413393242.505760431,26.6201
1413393242.555760384,26.8174
1413393242.605760574,24.3003
1413393242.655760527,24.9227
1413393242.705760479,24.8733
1413393242.755760431,26.8639
1413393242.805760384,25.0527
1413393242.855760574,26.5277
1413393242.905760527,26.5209
1413393242.955760479,25.2694
1413393243.005760431,26.1979
1413393243.055760384,24.9452
1413393243.105760574,26.1949
1413393243.155760527,24.8742
1413393243.205760479,24.778
1413393243.255760431,26.0403
1413393243.305760384,24.5956
1413393243.355760574,24.5317
1413393243.405760527,23.35
1413393243.455760479,25.5309
1413393243.505760431,21.3481
1413393243.555760384,23.5929
1413393243.605760574,25.086
1413393243.655760527,26.668
1413393243.705760479,23.9903
1413393243.755760431,23.5331
1413393243.805760384,24.2451
1413393243.855760574,26.4528
1413393243.905760527,25.129
1413393243.955760479,26.0249
1413393244.005760431,24.0159
1413393244.055760384,26.2964
1413393244.105760574,23.0378
1413393244.155760527,25.7726
1413393244.205760479,26.4926
1413393244.255760431,26.0877
1413393244.305760384,26.5593
1413393244.355760574,23.8418
1413393244.405760527,25.2768
1413393244.455760479,26.1379
1413393244.505760431,25.4411
1413393244.555760384,25.0449
1413393244.605760574,26.0131
1413393244.655760527,25.8035
1413393244.705760479,24.6606
1413393244.755760431,25.2141
1413393244.805760384,24.8043
1413393244.855760574,25.3996
1413393244.905760527,24.9148
1413393244.955760479,25.9791
1413393245.005760431,25.9865
1413393245.055760384,26.9109
1413393245.105760574,27.0187
1413393245.155760527,26.369
1413393245.205760479,26.3649
1413393245.255760431,25.5858
1413393245.305760384,25.7163
1413393245.355760574,28.2591
1413393245.405760527,25.4693
1413393245.455760479,25.8882
1413393245.505760431,25.4944
1413393245.555760384,26.947
1413393245.605760574,26.077
1413393245.655760527,28.3396
1413393245.705760479,26.2964
1413393245.755760431,27.0846
1413393245.805760384,25.6268
1413393245.855760574,28.308
1413393245.905760527,25.2564
1413393245.955760479,28.5536
1413393246.005760431,25.8627
1413393246.055760384,25.4396
1413393246.105760574,24.6067
1413393246.155760527,25.2177
1413393246.205760479,24.9834
1413393246.255760431,25.5061
1413393246.305760384,24.7286
1413393246.355760574,26.4137
1413393246.405760527,25.166
1413393246.455760479,24.921
1413393246.505760431,25.5323
1413393246.555760384,25.3225
1413393246.605760574,26.7912
1413393246.655760527,26.2784
1413393246.705760479,26.8802
1413393246.755760431,26.9729
1413393246.805760384,25.3091
1413393246.855760574,25.2251
1413393246.905760527,24.2567
1413393246.955760479,27.1006
1413393247.005760431,26.7203
1413393247.055760384,26.0999
1413393247.105760574,27.5032
1413393247.155760527,25.1809
1413393247.205760479,26.2214
1413393247.255760431,22.7875
1413393247.305760384,26.2154
1413393247.355760574,19.4409
1413393247.405760527,24.5058
1413393247.455760479,24.6363
1413393247.505760431,21.4666
1413393247.555760384,22.5681
1413393247.605760574,22.7532
1413393247.655760527,24.8255
1413393247.705760479,21.0673
1413393247.755760431,22.7354
1413393247.805760384,25.313
1413393247.855760574,22.1726
1413393247.905760527,23.9102
1413393247.955760479,18.6107
1413393248.005760431,25.7243
1413393248.055760384,24.1201
1413393248.105760574,24.1658
1413393248.155760527,25.2486
1413393248.205760479,24.749
1413393248.255760431,24.3008
1413393248.305760384,23.5485
1413393248.355760574,26.1021
1413393248.405760527,24.9917
1413393248.455760479,24.8772
1413393248.505760431,25.9546
1413393248.555760384,24.6371
1413393248.605760574,25.3739
1413393248.655760527,26.5658
1413393248.705760479,26.6047
1413393248.755760431,26.8323
1413393248.805760384,26.8894
1413393248.855760574,26.3989
1413393248.905760527,25.701
1413393248.955760479,27.0872
1413393249.005760431,25.3833
1413393249.055760384,25.0702
1413393249.105760574,26.0861
1413393249.155760527,26.5235
1413393249.205760479,26.0041
1413393249.255760431,28.5524
1413393249.305760384,28.8794
1413393249.355760574,23.7534
1413393249.405760527,25.8322
1413393249.455760479,28.1809
1413393249.505760431,27.6888
1413393249.555760384,28.929
1413393249.605760574,29.3573
1413393249.655760527,25.0749
1413393249.705760479,28.3496
1413393249.755760431,28.2448
1413393249.805760384,25.2764
1413393249.855760574,28.5593
1413393249.905760527,29.047
1413393249.955760479,25.6437
1413393250.005760431,25.6549
1413393250.055760384,25.7669
1413393250.105760574,25.9613
1413393250.155760527,27.4233
1413393250.205760479,26.597
1413393250.255760431,27.4302
1413393250.305760384,27.9028
1413393250.355760574,25.6421
1413393250.405760527,24.2968
1413393250.455760479,26.0232
1413393250.505760431,26.091
1413393250.555760384,27.0468
1413393250.605760574,26.5438
1413393250.655760527,26.7937
1413393250.705760479,26.954
1413393250.755760431,24.9475
1413393250.805760384,21.628
1413393250.855760574,27.5038
1413393250.905760527,26.847
1413393250.955760479,25.6145
1413393251.005760431,23.6988
1413393251.055760384,27.6845
1413393251.105760574,25.6451
1413393251.155760527,25.9911
1413393251.205760479,26.1729
1413393251.255760431,26.549
1413393251.305760384,27.3636
1413393251.355760574,28.1533
1413393251.405760527,28.8386
1413393251.455760479,26.3462
1413393251.505760431,26.9928
1413393251.555760384,26.8252
1413393251.605760574,26.1849
1413393251.655760527,25.2664
1413393251.705760479,25.0799
1413393251.755760431,27.7362
1413393251.805760384,24.1774
1413393251.855760574,26.5718
1413393251.905760527,24.5604
1413393251.955760479,26.9413
1413393252.005760431,23.5275
1413393252.055760384,26.3157
1413393252.105760574,27.044
1413393252.155760527,26.8752
1413393252.205760479,23.501
1413393252.255760431,24.6774
1413393252.305760384,26.9019
1413393252.355760574,25.0371
1413393252.405760527,27.7917
1413393252.455760479,24.4494
1413393252.505760431,27.6112
1413393252.555760384,26.0778
1413393252.605760574,22.2755
1413393252.655760527,27.4393
1413393252.705760479,25.6789
1413393252.755760431,27.9948
1413393252.805760384,24.5481
1413393252.855760574,24.1502
1413393252.905760527,26.2681
1413393252.955760479,22.5386
1413393253.005760431,24.2317
1413393253.055760384,24.8408
1413393253.105760574,24.0777
1413393253.155760527,26.4119
1413393253.205760479,24.7336
1413393253.255760431,23.2803
1413393253.305760384,24.34
1413393253.355760574,24.1946
1413393253.405760527,24.612
1413393253.455760479,26.941
1413393253.505760431,22.844
1413393253.555760384,25.8572
1413393253.605760574,23.0739
1413393253.655760527,25.3377
1413393253.705760479,24.6133
1413393253.755760431,25.686
1413393253.805760384,22.8644
1413393253.855760574,24.627
1413393253.905760527,24.4774
1413393253.955760479,22.8183
1413393254.005760431,25.6593
1413393254.055760384,23.1974
1413393254.105760574,25.4168
1413393254.155760527,23.7991
1413393254.205760479,24.7366
1413393254.255760431,25.4575
1413393254.305760384,23.5423
1413393254.355760574,25.5131
1413393254.405760527,23.4213
1413393254.455760479,24.9357
1413393254.505760431,22.2788
1413393254.555760384,23.4916
1413393254.605760574,22.801
1413393254.655760527,24.7577
1413393254.705760479,23.886
1413393254.755760431,23.0616
1413393254.805760384,23.2504
1413393254.855760574,26.083
1413393254.905760527,19.3525
1413393254.955760479,25.1879
1413393255.005760431,23.7753
1413393255.055760384,23.0488
1413393255.105760574,24.1531
1413393255.155760527,25.1258
1413393255.205760479,25.1072
1413393255.255760431,25.0768
1413393255.305760384,22.1273
1413393255.355760574,23.1031
1413393255.405760527,25.3383
1413393255.455760479,25.3446
1413393255.505760431,24.7838
1413393255.555760384,24.7506
1413393255.605760574,24.8731
1413393255.655760527,24.0309
1413393255.705760479,25.6504
1413393255.755760431,23.1335
1413393255.805760384,23.3798
1413393255.855760574,25.533
1413393255.905760527,23.3108
1413393255.955760479,25.3715
1413393256.005760431,23.9903
1413393256.055760384,26.8248
1413393256.105760574,23.2818
1413393256.155760527,25.4571
1413393256.205760479,22.8005
1413393256.255760431,23.6691
1413393256.305760384,25.2411
1413393256.355760574,26.1372
1413393256.405760527,24.0396
1413393256.455760479,24.6188
1413393256.505760431,23.6773
1413393256.555760384,25.4133
1413393256.605760574,24.2034
1413393256.655760527,26.0441
1413393256.705760479,22.3991
1413393256.755760431,22.577
1413393256.805760384,22.8149
1413393256.855760574,23.0391
1413393256.905760527,26.2198
1413393256.955760479,22.4558
1413393257.005760431,23.4547
1413393257.055760384,26.4736
1413393257.105760574,23.7909
1413393257.155760527,23.2232
1413393257.205760479,25.7326
1413393257.255760431,24.1658
1413393257.305760384,25.7415
1413393257.355760574,25.2231
1413393257.405760527,24.2026
1413393257.455760479,23.1133
1413393257.505760431,25.0411
1413393257.555760384,26.194
1413393257.605760574,23.4122
1413393257.655760527,25.465
1413393257.705760479,24.6462
1413393257.755760431,22.8001
1413393257.805760384,22.7983
1413393257.855760574,25.1915
1413393257.905760527,23.2605
1413393257.955760479,23.744
1413393258.005760431,25.5812
1413393258.055760384,22.2112
1413393258.105760574,25.2163
1413393258.155760527,24.9499
1413393258.205760479,23.4828
1413393258.255760431,25.3605
1413393258.305760384,23.7846
1413393258.355760574,21.9244
1413393258.405760527,23.7515
1413393258.455760479,22.7284
1413393258.505760431,24.2329
1413393258.555760384,22.6528
1413393258.605760574,23.8385
1413393258.655760527,23.6157
1413393258.705760479,26.2931
1413393258.755760431,25.4824
1413393258.805760384,23.0716
1413393258.855760574,26.1104
1413393258.905760527,22.9906
1413393258.955760479,25.0783
1413393259.005760431,25.2983
1413393259.055760384,24.6716
1413393259.105760574,23.8958
1413393259.155760527,24.1493
1413393259.205760479,22.4735
1413393259.255760431,22.81
1413393259.305760384,23.5485
1413393259.355760574,24.3714
1413393259.405760527,23.7426
1413393259.455760479,25.5042
1413393259.505760431,25.6881
1413393259.555760384,26.3843
1413393259.605760574,22.9944
1413393259.655760527,23.512
1413393259.705760479,22.7275
1413393259.755760431,24.3024
1413393259.805760384,23.2781
1413393259.855760574,22.8366
1413393259.905760527,22.836
1413393259.955760479,25.4307
1413393260.005760431,22.7892
1413393260.055760384,21.6624
1413393260.105760574,23.9568
1413393260.155760527,22.3527
1413393260.205760479,26.3917
1413393260.255760431,24.1312
1413393260.305760384,23.448
1413393260.355760574,22.9272
1413393260.405760527,25.0218
1413393260.455760479,22.5677
1413393260.505760431,25.5714
1413393260.555760384,25.3161
1413393260.605760574,23.223
1413393260.655760527,25.0161
1413393260.705760479,28.3854
1413393260.755760431,24.5623
1413393260.805760384,23.5556
1413393260.855760574,24.8981
1413393260.905760527,23.3091
1413393260.955760479,24.3791
1413393261.005760431,24.937
1413393261.055760384,22.5309
1413393261.105760574,20.9856
1413393261.155760527,22.8781
1413393261.205760479,23.4842
1413393261.255760431,24.8471
1413393261.305760384,25.5072
1413393261.355760574,22.6037
1413393261.405760527,22.6539
1413393261.455760479,24.6801
1413393261.505760431,22.0299
1413393261.555760384,25.5208
1413393261.605760574,23.9385
1413393261.655760527,24.8154
1413393261.705760479,24.3317
1413393261.755760431,23.4029
1413393261.805760384,20.4708
1413393261.855760574,24.4536
1413393261.905760527,20.5976
1413393261.955760479,21.4826
1413393262.005760431,22.2073
1413393262.055760384,23.4641
1413393262.105760574,26.7555
1413393262.155760527,21.3895
1413393262.205760479,23.5664
1413393262.255760431,26.9154
1413393262.305760384,24.3897
1413393262.355760574,24.858
1413393262.405760527,23.4368
1413393262.455760479,24.8642
1413393262.505760431,26.1829
1413393262.555760384,24.9404
1413393262.605760574,23.4556
1413393262.655760527,25.7295
1413393262.705760479,23.7904
1413393262.755760431,25.5901
1413393262.805760384,26.0551
1413393262.855760574,22.0824
1413393262.905760527,25.8487
1413393262.955760479,21.3624
1413393263.005760431,22.7622
1413393263.055760384,26.6707
1413393263.105760574,25.6118
1413393263.155760527,26.2659
1413393263.205760479,26.3002
1413393263.255760431,27.1267
1413393263.305760384,23.8308
1413393263.355760574,23.3094
1413393263.405760527,25.7993
1413393263.455760479,27.0344
1413393263.505760431,23.6217
1413393263.555760384,27.6673
1413393263.605760574,27.4736
1413393263.655760527,24.873
1413393263.705760479,23.2846
1413393263.755760431,26.3029
1413393263.805760384,24.9368
1413393263.855760574,25.7817
1413393263.905760527,26.5455
1413393263.955760479,24.3772
1413393264.005760431,24.4659
1413393264.055760384,26.7597
1413393264.105760574,25.3494
1413393264.155760527,27.6631
1413393264.205760479,25.5102
1413393264.255760431,28.5061
1413393264.305760384,26.9931
1413393264.355760574,25.6422
1413393264.405760527,28.3354
1413393264.455760479,28.5411
1413393264.505760431,26.5995
1413393264.555760384,28.6515
1413393264.605760574,30.4487
1413393264.655760527,26.6438
1413393264.705760479,29.4116
1413393264.755760431,25.8414
1413393264.805760384,26.9981
1413393264.855760574,26.1511
1413393264.905760527,26.9109
1413393264.955760479,26.5462
1413393265.005760431,27.0562
1413393265.055760384,26.4879
1413393265.105760574,25.6192
1413393265.155760527,25.1479
1413393265.205760479,25.779
1413393265.255760431,26.805
1413393265.305760384,24.668
1413393265.355760574,25.811
1413393265.405760527,25.9532
1413393265.455760479,27.4442
1413393265.505760431,24.5606
1413393265.555760384,23.4825
1413393265.605760574,29.0559
1413393265.655760527,27.4327
1413393265.705760479,27.9641
1413393265.755760431,28.0087
1413393265.805760384,28.6
1413393265.855760574,26.7981
1413393265.905760527,25.0951
1413393265.955760479,26.7578
1413393266.005760431,26.1581
1413393266.055760384,27.1309
1413393266.105760574,26.495
1413393266.155760527,25.2049
1413393266.205760479,28.9004
1413393266.255760431,27.8078
1413393266.305760384,28.3435
1413393266.355760574,27.9071
1413393266.405760527,30.2597
1413393266.455760479,26.0794
1413393266.505760431,25.8349
1413393266.555760384,27.2029
1413393266.605760574,25.9374
1413393266.655760527,26.9449
1413393266.705760479,26.9335
1413393266.755760431,25.9338
1413393266.805760384,27.3767
1413393266.855760574,28.5037
1413393266.905760527,28.1208
1413393266.955760479,25.6493
1413393267.005760431,22.208
1413393267.055760384,26.2177
1413393267.105760574,28.3879
1413393267.155760527,26.3846
1413393267.205760479,28.8527
1413393267.255760431,27.5344
1413393267.305760384,27.8281
1413393267.355760574,28.6109
1413393267.405760527,25.8317
1413393267.455760479,26.7783
1413393267.505760431,28.1893
1413393267.555760384,27.4385
1413393267.605760574,28.1095
1413393267.655760527,25.9262
1413393267.705760479,25.7745
1413393267.755760431,25.669
1413393267.805760384,27.4298
1413393267.855760574,25.922
1413393267.905760527,27.0469
1413393267.955760479,27.8277
1413393268.005760431,27.9868
1413393268.055760384,29.4105
1413393268.105760574,28.9755
1413393268.155760527,28.8551
1413393268.205760479,28.4018
1413393268.255760431,28.0434
1413393268.305760384,29.043
1413393268.355760574,28.1098
1413393268.405760527,25.9951
1413393268.455760479,26.3984
1413393268.505760431,26.8123
1413393268.555760384,27.3295
1413393268.605760574,29.777
1413393268.655760527,27.0145
1413393268.705760479,29.115
1413393268.755760431,27.8314
1413393268.805760384,28.9882
1413393268.855760574,27.4171
1413393268.905760527,28.6184
1413393268.955760479,27.2343
1413393269.005760431,29.0684
1413393269.055760384,27.5522
1413393269.105760574,29.8495
1413393269.155760527,28.413
1413393269.205760479,29.4377
1413393269.255760431,26.6571
1413393269.305760384,25.7784
1413393269.355760574,27.8543
1413393269.405760527,25.6761
1413393269.455760479,25.9565
1413393269.505760431,25.1937
1413393269.555760384,27.8335
1413393269.605760574,24.6533
1413393269.655760527,27.5325
1413393269.705760479,26.7776
1413393269.755760431,25.5779
1413393269.805760384,25.226
1413393269.855760574,26.2979
1413393269.905760527,27.1933
1413393269.955760479,26.98
1413393270.005760431,27.9593
1413393270.055760384,26.2133
1413393270.105760574,26.5472
1413393270.155760527,26.8088
1413393270.205760479,28.2349
1413393270.255760431,26.1721
1413393270.305760384,27.496
1413393270.355760574,27.6142
1413393270.405760527,26.7022
1413393270.455760479,25.3666
1413393270.505760431,28.5962
1413393270.555760384,27.9587
1413393270.605760574,29.5145
1413393270.655760527,28.7017
1413393270.705760479,28.945
1413393270.755760431,26.5171
1413393270.805760384,28.6788
1413393270.855760574,28.2574
1413393270.905760527,26.4951
1413393270.955760479,27.7625
1413393271.005760431,27.7812
1413393271.055760384,27.9428
1413393271.105760574,28.9709
1413393271.155760527,27.3214
1413393271.205760479,30.0328
1413393271.255760431,27.1966
1413393271.305760384,26.3886
1413393271.355760574,29.4964
1413393271.405760527,28.6951
1413393271.455760479,27.1105
1413393271.505760431,31.0157
1413393271.555760384,27.4638
1413393271.605760574,27.7584
1413393271.655760527,26.8439
1413393271.705760479,28.3238
1413393271.755760431,29.0537
1413393271.805760384,26.5715
1413393271.855760574,28.4229
1413393271.905760527,29.1756
1413393271.955760479,29.778
1413393272.005760431,26.9588
1413393272.055760384,29.8853
1413393272.105760574,27.9129
1413393272.155760527,28.958
1413393272.205760479,26.6935
1413393272.255760431,27.8678
1413393272.305760384,26.0302
1413393272.355760574,27.011
1413393272.405760527,30.0437
1413393272.455760479,26.8567
1413393272.505760431,26.4704
1413393272.555760384,29.1686
1413393272.605760574,27.3309
1413393272.655760527,27.6306
1413393272.705760479,28.7551
1413393272.755760431,27.5832
1413393272.805760384,26.3457
1413393272.855760574,29.7197
1413393272.905760527,25.53
1413393272.955760479,26.1986
1413393273.005760431,26.0287
1413393273.055760384,26.6461
1413393273.105760574,25.406
1413393273.155760527,26.2058
1413393273.205760479,27.8294
1413393273.255760431,28.8446
1413393273.305760384,29.3385
1413393273.355760574,28.4445
1413393273.405760527,26.6341
1413393273.455760479,28.9983
1413393273.505760431,26.9388
1413393273.555760384,25.5087
1413393273.605760574,26.6102
1413393273.655760527,26.9354
1413393273.705760479,27.7493
1413393273.755760431,26.2035
1413393273.805760384,24.9996
1413393273.855760574,28.0433
1413393273.905760527,25.5625
1413393273.955760479,24.9379
1413393274.005760431,25.789
1413393274.055760384,26.0043
1413393274.105760574,29.2939
1413393274.155760527,25.5703
1413393274.205760479,28.4049
1413393274.255760431,24.524
1413393274.305760384,25.3444
1413393274.355760574,24.5383
1413393274.405760527,24.3926
1413393274.455760479,27.209
1413393274.505760431,23.5107
1413393274.555760384,27.7904
1413393274.605760574,25.3294
1413393274.655760527,24.9879
1413393274.705760479,27.0468
1413393274.755760431,23.8825
1413393274.805760384,27.6579
1413393274.855760574,26.8368
1413393274.905760527,24.607
1413393274.955760479,23.856
1413393275.005760431,23.9681
1413393275.055760384,26.0348
1413393275.105760574,27.4576
1413393275.155760527,24.6042
1413393275.205760479,27.3392
1413393275.255760431,25.0976
1413393275.305760384,25.3241
1413393275.355760574,26.9858
1413393275.405760527,27.1747
1413393275.455760479,24.8207
1413393275.505760431,27.1818
1413393275.555760384,25.184
1413393275.605760574,26.2732
1413393275.655760527,26.7118
1413393275.705760479,27.3851
1413393275.755760431,25.1046
1413393275.805760384,22.388
1413393275.855760574,25.5601
1413393275.905760527,25.4712
1413393275.955760479,24.953
1413393276.005760431,24.5414
1413393276.055760384,24.7086
1413393276.105760574,27.8515
1413393276.155760527,27.4996
1413393276.205760479,27.9267
1413393276.255760431,24.0672
1413393276.305760384,27.8164
1413393276.355760574,27.7587
1413393276.405760527,25.8731
1413393276.455760479,26.2553
1413393276.505760431,25.7376
1413393276.555760384,27.8385
1413393276.605760574,28.7819
1413393276.655760527,25.3355
1413393276.705760479,27.0987
1413393276.755760431,26.0911
1413393276.805760384,27.7642
1413393276.855760574,28.3786
1413393276.905760527,29.4575
1413393276.955760479,27.8327
1413393277.005760431,27.0205
1413393277.055760384,28.7815
1413393277.105760574,28.3559
1413393277.155760527,27.3472
1413393277.205760479,27.5886
1413393277.255760431,26.1461
1413393277.305760384,27.412
1413393277.355760574,26.9339
1413393277.405760527,25.4604
1413393277.455760479,29.0439
1413393277.505760431,27.6405
1413393277.555760384,28.8425
1413393277.605760574,27.6018
1413393277.655760527,27.4124
1413393277.705760479,26.0135
1413393277.755760431,28.7932
1413393277.805760384,26.1867
1413393277.855760574,26.79
1413393277.905760527,27.5662
1413393277.955760479,28.3327
1413393278.005760431,26.6253
1413393278.055760384,27.6784
1413393278.105760574,27.0892
1413393278.155760527,28.8864
1413393278.205760479,28.5177
1413393278.255760431,24.9233
1413393278.305760384,25.8231
1413393278.355760574,25.3624
1413393278.405760527,28.3992
1413393278.455760479,28.2562
1413393278.505760431,29.5441
1413393278.555760384,27.1119
1413393278.605760574,26.1283
1413393278.655760527,27.5852
1413393278.705760479,26.5189
1413393278.755760431,25.2166
1413393278.805760384,26.0528
1413393278.855760574,29.0172
1413393278.905760527,26.544
1413393278.955760479,21.4226
1413393279.005760431,27.9658
1413393279.055760384,27.1204
1413393279.105760574,27.0475
1413393279.155760527,27.4155
1413393279.205760479,26.1966
1413393279.255760431,28.7899
1413393279.305760384,29.0988
1413393279.355760574,26.8323
1413393279.405760527,27.9183
1413393279.455760479,29.4874
1413393279.505760431,28.4612
1413393279.555760384,28.6358
1413393279.605760574,26.7626
1413393279.655760527,25.0028
1413393279.705760479,26.2631
1413393279.755760431,28.464
1413393279.805760384,26.3905
1413393279.855760574,25.8038
1413393279.905760527,28.6483
1413393279.955760479,28.8036
1413393280.005760431,27.6015
1413393280.055760384,29.8499
1413393280.105760574,28.5419
1413393280.155760527,27.1361
1413393280.205760479,28.5942
1413393280.255760431,25.4143
1413393280.305760384,24.7429
1413393280.355760574,26.4534
1413393280.405760527,27.3927
1413393280.455760479,26.0988
1413393280.505760431,24.3208
1413393280.555760384,28.216
1413393280.605760574,27.3593
1413393280.655760527,26.7081
1413393280.705760479,26.4962
1413393280.755760431,28.529
1413393280.805760384,29.11
1413393280.855760574,26.6279
1413393280.905760527,26.1245
1413393280.955760479,26.0244
1413393281.005760431,27.4125
1413393281.055760384,27.7097
1413393281.105760574,28.4385
1413393281.155760527,26.5038
1413393281.205760479,25.3049
1413393281.255760431,26.1392
1413393281.305760384,25.6472
1413393281.355760574,26.3991
1413393281.405760527,26.7799
1413393281.455760479,24.4404
1413393281.505760431,26.3984
1413393281.555760384,28.1584
1413393281.605760574,25.3506
1413393281.655760527,25.7686
1413393281.705760479,27.1414
1413393281.755760431,25.5074
1413393281.805760384,26.6064
1413393281.855760574,25.8247
1413393281.905760527,24.0886
1413393281.955760479,25.1885
1413393282.005760431,25.7169
1413393282.055760384,26.7788
1413393282.105760574,27.5077
1413393282.155760527,26.8897
1413393282.205760479,26.7816
1413393282.255760431,26.7744
1413393282.305760384,26.0149
1413393282.355760574,26.1987
1413393282.405760527,25.2587
1413393282.455760479,25.5705
1413393282.505760431,25.2114
1413393282.555760384,28.7406
1413393282.605760574,26.2028
1413393282.655760527,25.9757
1413393282.705760479,27.1533
1413393282.755760431,27.145
1413393282.805760384,28.7674
1413393282.855760574,24.7861
1413393282.905760527,25.5478
1413393282.955760479,24.5774
1413393283.005760431,26.9608
1413393283.055760384,26.5092
1413393283.105760574,26.3439
1413393283.155760527,26.169
1413393283.205760479,24.7213
1413393283.255760431,26.4289
1413393283.305760384,26.0304
1413393283.355760574,29.0313
1413393283.405760527,27.1014
1413393283.455760479,24.8649
1413393283.505760431,28.7483
1413393283.555760384,29.6135
1413393283.605760574,26.0651
1413393283.655760527,27.3588
1413393283.705760479,28.4184
1413393283.755760431,26.4836
1413393283.805760384,29.1813
1413393283.855760574,27.4646
1413393283.905760527,27.4311
1413393283.955760479,26.1576
1413393284.005760431,26.8287
1413393284.055760384,28.3357
1413393284.105760574,27.3467
1413393284.155760527,26.7556
1413393284.205760479,26.5368
1413393284.255760431,26.2083
1413393284.305760384,24.8565
1413393284.355760574,27.8507
1413393284.405760527,21.4949
1413393284.455760479,27.3255
1413393284.505760431,21.3248
1413393284.555760384,25.5698
1413393284.605760574,24.183
1413393284.655760527,24.178
1413393284.705760479,25.6373
1413393284.755760431,25.2035
1413393284.805760384,25.494
1413393284.855760574,26.2515
1413393284.905760527,26.6877
1413393284.955760479,24.7716
1413393285.005760431,24.7529
1413393285.055760384,23.1351
1413393285.105760574,26.8241
1413393285.155760527,23.3568
1413393285.205760479,22.325
1413393285.255760431,22.7265
1413393285.305760384,22.7957
1413393285.355760574,20.4774
1413393285.405760527,25.1199
1413393285.455760479,23.8705
1413393285.505760431,22.9715
1413393285.555760384,21.5803
1413393285.605760574,22.4781
1413393285.655760527,22.7637
1413393285.705760479,22.2932
1413393285.755760431,21.9555
1413393285.805760384,24.2653
1413393285.855760574,24.4094
1413393285.905760527,24.3029
1413393285.955760479,22.6699
1413393286.005760431,21.9884
1413393286.055760384,24.3392
1413393286.105760574,23.0777
1413393286.155760527,25.7518
1413393286.205760479,24.3163
1413393286.255760431,23.3663
1413393286.305760384,23.5268
1413393286.355760574,23.247
1413393286.405760527,25.2509
1413393286.455760479,23.3402
1413393286.505760431,23.9756
1413393286.555760384,25.7244
1413393286.605760574,24.0787
1413393286.655760527,24.8155
1413393286.705760479,26.2282
1413393286.755760431,23.538
1413393286.805760384,25.5314
1413393286.855760574,26.1433
1413393286.905760527,24.7907
1413393286.955760479,27.2478
1413393287.005760431,27.2612
1413393287.055760384,26.5748
1413393287.105760574,24.4623
1413393287.155760527,24.179
1413393287.205760479,25.1538
1413393287.255760431,25.4886
1413393287.305760384,23.6447
1413393287.355760574,24.1208
1413393287.405760527,23.5009
1413393287.455760479,23.0144
1413393287.505760431,24.3101
1413393287.555760384,22.4492
1413393287.605760574,21.8697
1413393287.655760527,21.7917
1413393287.705760479,21.1633
1413393287.755760431,22.7206
1413393287.805760384,20.8869
1413393287.855760574,23.2243
1413393287.905760527,21.3709
1413393287.955760479,20.6649
1413393288.005760431,24.5597
1413393288.055760384,22.7963
1413393288.105760574,24.1904
1413393288.155760527,21.3171
1413393288.205760479,22.4414
1413393288.255760431,20.6073
1413393288.305760384,22.4776
1413393288.355760574,21.3265
1413393288.405760527,25.8044
1413393288.455760479,23.2025
1413393288.505760431,23.8005
1413393288.555760384,22.9465
1413393288.605760574,22.7815
1413393288.655760527,23.2796
1413393288.705760479,23.3959
1413393288.755760431,23.2176
1413393288.805760384,22.7806
1413393288.855760574,25.8479
1413393288.905760527,22.9689
1413393288.955760479,23.6819
1413393289.005760431,25.9119
1413393289.055760384,22.8537
1413393289.105760574,23.1501
1413393289.155760527,23.4494
1413393289.205760479,25.3886
1413393289.255760431,21.8488
1413393289.305760384,23.0324
1413393289.355760574,23.2291
1413393289.405760527,25.674
1413393289.455760479,21.8446
1413393289.505760431,25.7464
1413393289.555760384,23.0509
1413393289.605760574,23.1602
1413393289.655760527,24.661
1413393289.705760479,20.9788
1413393289.755760431,23.3208
1413393289.805760384,25.3946
1413393289.855760574,26.6241
1413393289.905760527,23.0217
1413393289.955760479,25.3498
1413393290.005760431,22.8387
1413393290.055760384,25.2476
1413393290.105760574,22.7566
1413393290.155760527,25.8374
1413393290.205760479,24.7465
1413393290.255760431,24.1674
1413393290.305760384,26.5888
1413393290.355760574,25.8839
1413393290.405760527,23.8189
1413393290.455760479,25.2809
1413393290.505760431,25.06
1413393290.555760384,23.6088
1413393290.605760574,22.7386
1413393290.655760527,26.1921
1413393290.705760479,23.7569
1413393290.755760431,25.7665
1413393290.805760384,24.2731
1413393290.855760574,25.0603
1413393290.905760527,23.7756
1413393290.955760479,25.9383
1413393291.005760431,23.6108
1413393291.055760384,23.9229
1413393291.105760574,25.6746
1413393291.155760527,23.6778
1413393291.205760479,23.9569
1413393291.255760431,25.0744
1413393291.305760384,26.5002
1413393291.355760574,25.284
1413393291.405760527,26.2399
1413393291.455760479,24.1644
1413393291.505760431,25.9591
1413393291.555760384,27.0628
1413393291.605760574,27.0785
1413393291.655760527,25.7041
1413393291.705760479,26.4017
1413393291.755760431,23.941
1413393291.805760384,26.2117
1413393291.855760574,24.2251
1413393291.905760527,24.5486
1413393291.955760479,27.2542
1413393292.005760431,24.0445
1413393292.055760384,23.5539
1413393292.105760574,26.7518
1413393292.155760527,26.1641
1413393292.205760479,26.3869
1413393292.255760431,26.8836
1413393292.305760384,25.6467
1413393292.355760574,26.9146
1413393292.405760527,28.0478
1413393292.455760479,25.3911
1413393292.505760431,27.1706
1413393292.555760384,26.1695
1413393292.605760574,25.9076
1413393292.655760527,26.2855
1413393292.705760479,25.8701
1413393292.755760431,25.8408
1413393292.805760384,24.5103
1413393292.855760574,27.9528
1413393292.905760527,27.6711
1413393292.955760479,25.6669
1413393293.005760431,25.0585
1413393293.055760384,26.4467
1413393293.105760574,25.3563
1413393293.155760527,25.8887
1413393293.205760479,24.0478
1413393293.255760431,27.148
1413393293.305760384,26.2807
1413393293.355760574,24.2297
1413393293.405760527,27.1313
1413393293.455760479,27.454
1413393293.505760431,24.3842
1413393293.555760384,25.8035
1413393293.605760574,23.9686
1413393293.655760527,26.6682
1413393293.705760479,27.2243
1413393293.755760431,25.5391
1413393293.805760384,22.756
1413393293.855760574,22.6376
1413393293.905760527,23.9435
1413393293.955760479,23.2306
1413393294.005760431,24.9953
1413393294.055760384,23.8047
1413393294.105760574,25.8914
1413393294.155760527,23.7132
1413393294.205760479,23.8182
1413393294.255760431,24.1549
1413393294.305760384,24.2245
1413393294.355760574,26.3279
1413393294.405760527,25.6515
1413393294.455760479,26.6108
1413393294.505760431,23.502
1413393294.555760384,24.4432
1413393294.605760574,25.103
1413393294.655760527,23.8591
1413393294.705760479,25.015
1413393294.755760431,21.0711
1413393294.805760384,25.2453
1413393294.855760574,24.2327
1413393294.905760527,25.5623
1413393294.955760479,23.8989
1413393295.005760431,25.3948
1413393295.055760384,27.3752
1413393295.105760574,24.0704
1413393295.155760527,24.7578
1413393295.205760479,26.0461
1413393295.255760431,24.5489
1413393295.305760384,25.2801
1413393295.355760574,25.2413
1413393295.405760527,25.1568
1413393295.455760479,22.7893
1413393295.505760431,26.5728
1413393295.555760384,26.27
1413393295.605760574,24.5889
1413393295.655760527,25.538
1413393295.705760479,24.469
1413393295.755760431,26.8385
1413393295.805760384,24.5591
1413393295.855760574,27.5938
1413393295.905760527,24.0612
1413393295.955760479,26.1127
1413393296.005760431,24.6981
1413393296.055760384,26.9594
1413393296.105760574,26.5684
1413393296.155760527,25.5521
1413393296.205760479,21.5456
1413393296.255760431,22.465
1413393296.305760384,26.4916
1413393296.355760574,24.5297
1413393296.405760527,23.5556
1413393296.455760479,25.1534
1413393296.505760431,25.5858
1413393296.555760384,26.6171
1413393296.605760574,24.3676
1413393296.655760527,25.6326
1413393296.705760479,25.4459
1413393296.755760431,26.3544
1413393296.805760384,23.9753
1413393296.855760574,23.8023
1413393296.905760527,26.1865
1413393296.955760479,24.677
1413393297.005760431,23.8239
1413393297.055760384,23.0214
1413393297.105760574,25.3695
1413393297.155760527,27.5603
1413393297.205760479,27.5197
1413393297.255760431,27.4375
1413393297.305760384,25.2802
1413393297.355760574,26.8112
1413393297.405760527,25.4135
1413393297.455760479,26.0208
1413393297.505760431,24.6362
1413393297.555760384,25.2929
1413393297.605760574,25.3706
1413393297.655760527,25.809
1413393297.705760479,25.0172
1413393297.755760431,23.87
1413393297.805760384,25.2149
1413393297.855760574,24.4328
1413393297.905760527,26.1139
1413393297.955760479,24.4153
1413393298.005760431,24.6695
1413393298.055760384,24.0383
1413393298.105760574,24.5305
1413393298.155760527,28.5635
1413393298.205760479,24.0512
1413393298.255760431,24.8789
1413393298.305760384,24.2842
1413393298.355760574,24.5691
1413393298.405760527,23.5888
1413393298.455760479,24.742
1413393298.505760431,26.8599
1413393298.555760384,24.1857
1413393298.605760574,25.4201
1413393298.655760527,26.2497
1413393298.705760479,23.8282
1413393298.755760431,24.8881
1413393298.805760384,26.7813
1413393298.855760574,25.03
1413393298.905760527,24.9123
1413393298.955760479,24.3191
1413393299.005760431,24.2472
1413393299.055760384,25.2964
1413393299.105760574,24.1941
1413393299.155760527,24.6298
1413393299.205760479,23.8772
1413393299.255760431,25.7481
1413393299.305760384,25.8194
1413393299.355760574,23.2706
1413393299.405760527,25.7013
1413393299.455760479,25.2071
1413393299.505760431,23.4803
1413393299.555760384,27.1324
1413393299.605760574,25.0055
1413393299.655760527,23.2524
1413393299.705760479,23.7824
1413393299.755760431,23.7169
1413393299.805760384,25.1117
1413393299.855760574,26.1924
1413393299.905760527,24.1069
1413393299.955760479,26.6554
1413393300.005760431,26.0262
1413393300.055760384,26.1384
1413393300.105760574,23.7007
1413393300.155760527,23.8861
1413393300.205760479,23.2957
1413393300.255760431,24.1719
1413393300.305760384,23.552
1413393300.355760574,23.4646
1413393300.405760527,26.8778
1413393300.455760479,26.7261
1413393300.505760431,27.3671
1413393300.555760384,25.0958
1413393300.605760574,24.8801
1413393300.655760527,26.3775
1413393300.705760479,25.3202
1413393300.755760431,25.9826
1413393300.805760384,26.7295
1413393300.855760574,27.061
1413393300.905760527,20.8931
1413393300.955760479,26.1284
1413393301.005760431,24.3753
1413393301.055760384,24.8757
1413393301.105760574,25.9864
1413393301.155760527,25.6422
1413393301.205760479,24.2582
1413393301.255760431,26.0235
1413393301.305760384,26.5951
1413393301.355760574,24.6531
1413393301.405760527,25.548
1413393301.455760479,25.898
1413393301.505760431,24.901
1413393301.555760384,23.6979
1413393301.605760574,23.6548
1413393301.655760527,25.7205
1413393301.705760479,24.3809
1413393301.755760431,23.3897
1413393301.805760384,25.9247
1413393301.855760574,25.814
1413393301.905760527,23.4231
1413393301.955760479,24.0257
1413393302.005760431,26.4582
1413393302.055760384,25.1586
1413393302.105760574,25.9402
1413393302.155760527,25.5077
1413393302.205760479,22.946
1413393302.255760431,25.0804
1413393302.305760384,25.679
1413393302.355760574,25.0893
1413393302.405760527,23.5945
1413393302.455760479,25.4762
1413393302.505760431,23.1401
1413393302.555760384,22.4393
1413393302.605760574,25.6463
1413393302.655760527,24.7291
1413393302.705760479,24.7736
1413393302.755760431,23.7013
1413393302.805760384,25.0228
1413393302.855760574,24.8246
1413393302.905760527,24.6393
1413393302.955760479,25.0896
1413393303.005760431,24.2205
1413393303.055760384,25.1017
1413393303.105760574,22.367
1413393303.155760527,22.0128
1413393303.205760479,25.1436
1413393303.255760431,24.6976
1413393303.305760384,23.7041
1413393303.355760574,25.672
1413393303.405760527,21.688
1413393303.455760479,24.8642
1413393303.505760431,23.7471
1413393303.555760384,23.3343
1413393303.605760574,23.536
1413393303.655760527,23.0243
1413393303.705760479,25.3681
1413393303.755760431,25.6448
1413393303.805760384,24.4097
1413393303.855760574,25.9461
1413393303.905760527,22.7961
1413393303.955760479,22.9513
1413393304.005760431,19.3601
1413393304.055760384,25.4608
1413393304.105760574,24.5352
1413393304.155760527,21.4143
1413393304.205760479,24.4881
1413393304.255760431,24.1966
1413393304.305760384,26.065
1413393304.355760574,23.9635
1413393304.405760527,25.9768
1413393304.455760479,26.6192
1413393304.505760431,23.8275
1413393304.555760384,24.8991
1413393304.605760574,23.0021
1413393304.655760527,22.464
1413393304.705760479,23.0891
1413393304.755760431,23.4726
1413393304.805760384,22.7619
1413393304.855760574,25.0262
1413393304.905760527,22.3846
1413393304.955760479,20.4365
1413393305.005760431,23.6274
1413393305.055760384,20.9121
1413393305.105760574,21.614
1413393305.155760527,21.926
1413393305.205760479,22.5314
1413393305.255760431,22.7418
1413393305.305760384,20.1585
1413393305.355760574,22.7541
1413393305.405760527,21.9563
1413393305.455760479,22.1943
1413393305.505760431,23.0258
1413393305.555760384,21.8163
1413393305.605760574,23.5647
1413393305.655760527,25.4425
1413393305.705760479,23.1792
1413393305.755760431,23.044
1413393305.805760384,24.1777
1413393305.855760574,22.5274
1413393305.905760527,19.5194
1413393305.955760479,23.8055
1413393306.005760431,21.5615
1413393306.055760384,23.8018
1413393306.105760574,23.6158
1413393306.155760527,24.7468
1413393306.205760479,24.3032
1413393306.255760431,24.1371
1413393306.305760384,26.4162
1413393306.355760574,27.8727
1413393306.405760527,25.1614
1413393306.455760479,26.5925
1413393306.505760431,27.347
1413393306.555760384,27.2592
1413393306.605760574,27.8246
1413393306.655760527,29.3586
1413393306.705760479,28.3878
1413393306.755760431,27.6114
1413393306.805760384,26.6764
1413393306.855760574,29.5091
1413393306.905760527,29.3941
1413393306.955760479,28.8056
1413393307.005760431,28.4378
1413393307.055760384,29.3776
1413393307.105760574,28.7519
1413393307.155760527,28.9408
1413393307.205760479,28.2485
1413393307.255760431,26.5386
1413393307.305760384,29.1057
1413393307.355760574,26.5536
1413393307.405760527,26.6773
1413393307.455760479,27.4024
1413393307.505760431,25.2524
1413393307.555760384,26.786
1413393307.605760574,29.0445
1413393307.655760527,27.7856
1413393307.705760479,28.2863
1413393307.755760431,25.2914
1413393307.805760384,28.2566
1413393307.855760574,28.9382
1413393307.905760527,27.7973
1413393307.955760479,25.7463
1413393308.005760431,27.8945
1413393308.055760384,27.716
1413393308.105760574,25.8397
1413393308.155760527,28.0639
1413393308.205760479,29.0276
1413393308.255760431,25.7911
1413393308.305760384,24.7398
1413393308.355760574,25.9463
1413393308.405760527,28.2374
1413393308.455760479,26.5157
1413393308.505760431,25.8313
1413393308.555760384,27.5389
1413393308.605760574,24.7718
1413393308.655760527,26.8069
1413393308.705760479,25.0723
1413393308.755760431,24.0734
1413393308.805760384,25.8436
1413393308.855760574,26.5849
1413393308.905760527,27.6085
1413393308.955760479,25.1109
1413393309.005760431,26.4217
1413393309.055760384,24.4628
1413393309.105760574,27.625
1413393309.155760527,24.0436
1413393309.205760479,27.2549
1413393309.255760431,25.0138
1413393309.305760384,24.1348
1413393309.355760574,27.338
1413393309.405760527,27.9876
1413393309.455760479,25.467
1413393309.505760431,26.7927
1413393309.555760384,25.0307
1413393309.605760574,27.0943
1413393309.655760527,24.6196
1413393309.705760479,26.3649
1413393309.755760431,27.0295
1413393309.805760384,26.3346
1413393309.855760574,25.547
1413393309.905760527,25.0548
1413393309.955760479,26.7558
1413393310.005760431,25.518
1413393310.055760384,24.8827
1413393310.105760574,25.2833
1413393310.155760527,25.5162
1413393310.205760479,27.463
1413393310.255760431,26.2619
1413393310.305760384,26.4794
1413393310.355760574,27.7713
1413393310.405760527,23.6563
1413393310.455760479,28.0034
1413393310.505760431,26.4
1413393310.555760384,25.7261
1413393310.605760574,25.6574
1413393310.655760527,25.345
1413393310.705760479,28.182
1413393310.755760431,24.4256
1413393310.805760384,27.064
1413393310.855760574,24.6713
1413393310.905760527,25.5949
1413393310.955760479,28.1225
1413393311.005760431,24.9381
1413393311.055760384,24.8021
1413393311.105760574,24.7426
1413393311.155760527,27.1971
1413393311.205760479,24.9545
1413393311.255760431,25.1956
1413393311.305760384,25.1356
1413393311.355760574,24.9857
1413393311.405760527,25.1046
1413393311.455760479,25.629
1413393311.505760431,26.9236
1413393311.555760384,24.8192
1413393311.605760574,27.1983
1413393311.655760527,24.0008
1413393311.705760479,24.1915
1413393311.755760431,25.0689
1413393311.805760384,24.6768
1413393311.855760574,25.33
1413393311.905760527,25.7738
1413393311.955760479,23.2709
1413393312.005760431,24.4055
1413393312.055760384,24.5908
1413393312.105760574,24.4251
1413393312.155760527,27.542
1413393312.205760479,25.6304
1413393312.255760431,26.4042
1413393312.305760384,24.5687
1413393312.355760574,24.4951
1413393312.405760527,24.2996
1413393312.455760479,24.6071
1413393312.505760431,26.3376
1413393312.555760384,24.5868
1413393312.605760574,26.3571
1413393312.655760527,24.8294
1413393312.705760479,27.3183
1413393312.755760431,25.1072
1413393312.805760384,26.8838
1413393312.855760574,27.4434
1413393312.905760527,27.9195
1413393312.955760479,23.432
1413393313.005760431,27.0626
1413393313.055760384,25.1408
1413393313.105760574,24.5652
1413393313.155760527,24.9998
1413393313.205760479,26.2594
1413393313.255760431,24.3197
1413393313.305760384,25.4023
1413393313.355760574,23.6832
1413393313.405760527,24.458
1413393313.455760479,24.3217
1413393313.505760431,23.7666
1413393313.555760384,25.6311
1413393313.605760574,25.7982
1413393313.655760527,26.1329
1413393313.705760479,24.2893
1413393313.755760431,27.0753
1413393313.805760384,24.845
1413393313.855760574,27.2354
1413393313.905760527,27.3689
1413393313.955760479,25.2937
1413393314.005760431,27.1105
1413393314.055760384,24.5081
1413393314.105760574,25.5291
1413393314.155760527,25.5502
1413393314.205760479,26.9745
1413393314.255760431,27.4099
1413393314.305760384,27.7973
1413393314.355760574,25.8425
1413393314.405760527,26.9243
1413393314.455760479,28.8765
1413393314.505760431,26.1416
1413393314.555760384,25.0625
1413393314.605760574,24.9888
1413393314.655760527,24.9111
1413393314.705760479,24.6122
1413393314.755760431,25.7743
1413393314.805760384,27.3427
1413393314.855760574,25.9526
1413393314.905760527,25.1863
1413393314.955760479,24.3794
1413393315.005760431,23.927
1413393315.055760384,24.0331
1413393315.105760574,24.8376
1413393315.155760527,23.1757
1413393315.205760479,27.0572
1413393315.255760431,24.4863
1413393315.305760384,24.2471
1413393315.355760574,24.2454
1413393315.405760527,23.7285
1413393315.455760479,26.6375
1413393315.505760431,24.2467
1413393315.555760384,26.2778
1413393315.605760574,24.2739
1413393315.655760527,24.5976
1413393315.705760479,23.8214
1413393315.755760431,23.7155
1413393315.805760384,24.1364
1413393315.855760574,23.1194
1413393315.905760527,25.6986
1413393315.955760479,25.3453
1413393316.005760431,27.4331
1413393316.055760384,28.2546
1413393316.105760574,27.4409
1413393316.155760527,26.9134
1413393316.205760479,26.0918
1413393316.255760431,25.9665
1413393316.305760384,28.8439
1413393316.355760574,28.3166
1413393316.405760527,26.2921
1413393316.455760479,28.2885
1413393316.505760431,28.032
1413393316.555760384,29.342
1413393316.605760574,26.8856
1413393316.655760527,26.5117
1413393316.705760479,26.2932
1413393316.755760431,26.3319
1413393316.805760384,28.5559
1413393316.855760574,27.8935
1413393316.905760527,25.975
1413393316.955760479,25.3784
1413393317.005760431,25.7622
1413393317.055760384,27.3803
1413393317.105760574,26.5808
1413393317.155760527,27.1617
1413393317.205760479,27.3335
1413393317.255760431,25.5841
1413393317.305760384,25.9847
1413393317.355760574,24.3633
1413393317.405760527,27.1525
1413393317.455760479,26.5981
1413393317.505760431,27.3186
1413393317.555760384,26.2008
1413393317.605760574,25.402
1413393317.655760527,25.1958
1413393317.705760479,25.6389
1413393317.755760431,25.9926
1413393317.805760384,26.7253
1413393317.855760574,27.221
1413393317.905760527,28.1942
1413393317.955760479,29.3086
1413393318.005760431,26.1031
1413393318.055760384,27.0863
1413393318.105760574,27.855
1413393318.155760527,26.8517
1413393318.205760479,28.8936
1413393318.255760431,26.0525
1413393318.305760384,30.4117
1413393318.355760574,27.7256
1413393318.405760527,27.7056
1413393318.455760479,26.9393
1413393318.505760431,29.8396
1413393318.555760384,26.8489
1413393318.605760574,28.9561
1413393318.655760527,29.8032
1413393318.705760479,27.0048
1413393318.755760431,27.2244
1413393318.805760384,29.8255
1413393318.855760574,27.9024
1413393318.905760527,29.9388
1413393318.955760479,26.5143
1413393319.005760431,27.9438
1413393319.055760384,27.4622
1413393319.105760574,28.722
1413393319.155760527,27.6076
1413393319.205760479,26.678
1413393319.255760431,27.4445
1413393319.305760384,26.3981
1413393319.355760574,24.0878
1413393319.405760527,20.756
1413393319.455760479,21.3425
1413393319.505760431,25.1611
1413393319.555760384,23.0582
1413393319.605760574,22.238
1413393319.655760527,19.9346
1413393319.705760479,20.7567
1413393319.755760431,24.3864
1413393319.805760384,20.9731
1413393319.855760574,20.4641
1413393319.905760527,23.0585
1413393319.955760479,22.2778
1413393320.005760431,23.006
1413393320.055760384,22.3412
1413393320.105760574,20.9461
1413393320.155760527,16.3863
1413393320.205760479,17.3642
1413393320.255760431,17.7959
1413393320.305760384,15.9529
1413393320.355760574,15.3074
1413393320.405760527,12.2715
1413393320.455760479,13.9221
1413393320.505760431,16.4547
1413393320.555760384,14.5901
1413393320.605760574,13.0171
1413393320.655760527,12.2351
1413393320.705760479,13.0109
1413393320.755760431,15.1765
1413393320.805760384,14.0207
1413393320.855760574,12.5442
1413393320.905760527,10.2176
1413393320.955760479,11.0292
1413393321.005760431,12.4914
1413393321.055760384,11.6082
1413393321.105760574,11.5265
1413393321.155760527,14.1475
1413393321.205760479,15.5645
1413393321.255760431,11.9328
1413393321.305760384,14.2265
1413393321.355760574,12.2935
1413393321.405760527,13.2024
1413393321.455760479,14.4062
1413393321.505760431,10.9917
1413393321.555760384,9.7768
1413393321.605760574,10.4094
1413393321.655760527,8.18889
1413393321.705760479,9.36513
1413393321.755760431,13.9988
1413393321.805760384,13.5191
1413393321.855760574,11.0215
1413393321.905760527,10.1213
1413393321.955760479,10.2165
1413393322.005760431,14.0031
1413393322.055760384,10.826
1413393322.105760574,12.7393
1413393322.155760527,11.3365
1413393322.205760479,10.6279
1413393322.255760431,12.8181
1413393322.305760384,11.7917
1413393322.355760574,12.9204
1413393322.405760527,11.1298
1413393322.455760479,10.1792
1413393322.505760431,11.8058
1413393322.555760384,11.7653
1413393322.605760574,10.1851
1413393322.655760527,11.1431
1413393322.705760479,10.7899
1413393322.755760431,10.8624
1413393322.805760384,9.97833
1413393322.855760574,9.64035
1413393322.905760527,10.0451
1413393322.955760479,10.0817
1413393323.005760431,10.2561
1413393323.055760384,12.2363
1413393323.105760574,9.26215
1413393323.155760527,10.3195
1413393323.205760479,12.7406
1413393323.255760431,9.05449
1413393323.305760384,9.29915
1413393323.355760574,10.5632
1413393323.405760527,13.2764
1413393323.455760479,9.61816
1413393323.505760431,11.088
1413393323.555760384,10.6394
1413393323.605760574,11.595
1413393323.655760527,9.22119
1413393323.705760479,12.9182
1413393323.755760431,12.1751
1413393323.805760384,10.6642
1413393323.855760574,11.0701
1413393323.905760527,9.28533
1413393323.955760479,10.0737
1413393324.005760431,9.48457
1413393324.055760384,9.87933
1413393324.105760574,10.008
1413393324.155760527,9.11545
1413393324.205760479,11.3687
1413393324.255760431,11.8041
1413393324.305760384,12.2155
1413393324.355760574,9.88769
1413393324.405760527,10.5337
1413393324.455760479,8.9461
1413393324.505760431,11.787
1413393324.555760384,9.56147
1413393324.605760574,11.6878
1413393324.655760527,10.607
1413393324.705760479,9.78449
1413393324.755760431,9.78679
1413393324.805760384,9.61229
1413393324.855760574,13.1844
1413393324.905760527,10.8019
1413393324.955760479,11.6691
1413393325.005760431,10.0318
1413393325.055760384,10.088
1413393325.105760574,8.48043
1413393325.155760527,9.13065
1413393325.205760479,13.3393
1413393325.255760431,9.78906
1413393325.305760384,10.5096
1413393325.355760574,12.4271
1413393325.405760527,8.95142
1413393325.455760479,10.3436
1413393325.505760431,10.0256
1413393325.555760384,12.1105
1413393325.605760574,11.7327
1413393325.655760527,12.2186
1413393325.705760479,10.7558
1413393325.755760431,11.638
1413393325.805760384,10.1726
1413393325.855760574,11.4054
1413393325.905760527,10.8827
1413393325.955760479,10.0617
1413393326.005760431,11.8389
1413393326.055760384,11.1327
1413393326.105760574,13.0123
1413393326.155760527,11.646
1413393326.205760479,10.4113
