1413394881.655760527,8.35102
1413394881.705760479,9.39248
1413394881.755760431,20.2858
1413394881.805760384,15.0761
1413394881.855760574,11.9526
1413394881.905760527,18.3666
1413394881.955760479,16.5334
1413394882.005760431,15.0157
1413394882.055760384,19.1457
1413394882.105760574,15.9746
1413394882.155760527,16.1591
1413394882.205760479,19.6934
1413394882.255760431,16.1885
1413394882.305760384,19.1219
1413394882.355760574,18.6406
1413394882.405760527,18.2171
1413394882.455760479,19.548
1413394882.505760431,17.9803
1413394882.555760384,18.2891
1413394882.605760574,19.6899
1413394882.655760527,17.7154
1413394882.705760479,19.7664
1413394882.755760431,19.803
1413394882.805760384,18.7601
1413394882.855760574,19.4487
1413394882.905760527,17.7554
1413394882.955760479,18.0345
1413394883.005760431,19.0701
1413394883.055760384,19.7872
1413394883.105760574,15.8334
1413394883.155760527,18.6066
1413394883.205760479,17.7511
1413394883.255760431,19.9506
1413394883.305760384,18.0975
1413394883.355760574,16.4215
1413394883.405760527,19.4813
1413394883.455760479,17.6318
1413394883.505760431,18.7241
1413394883.555760384,12.3857
1413394883.605760574,13.2608
1413394883.655760527,15.5593
1413394883.705760479,15.2147
1413394883.755760431,5.15817
1413394883.805760384,12.0214
1413394883.855760574,9.07428
1413394883.905760527,7.89784
1413394883.955760479,6.72638
1413394884.005760431,8.16173
1413394884.055760384,5.50294
1413394884.105760574,7.69476
1413394884.155760527,7.88316
1413394884.205760479,7.98025
1413394884.255760431,7.79577
1413394884.305760384,7.53851
1413394884.355760574,7.93778
1413394884.405760527,7.04833
1413394884.455760479,7.6559
1413394884.505760431,6.88348
1413394884.555760384,5.90421
1413394884.605760574,5.39236
1413394884.655760527,8.18747
1413394884.705760479,7.63824
1413394884.755760431,6.61266
1413394884.805760384,6.84231
1413394884.855760574,7.68599
1413394884.905760527,7.44282
1413394884.955760479,6.07503
1413394885.005760431,6.78283
1413394885.055760384,5.90283
1413394885.105760574,7.06559
1413394885.155760527,6.74922
1413394885.205760479,6.63392
1413394885.255760431,6.92412
1413394885.305760384,7.84512
1413394885.355760574,7.69681
1413394885.405760527,6.7257
1413394885.455760479,5.31733
1413394885.505760431,8.4649
1413394885.555760384,7.70295
1413394885.605760574,8.60454
1413394885.655760527,6.9882
1413394885.705760479,8.07748
1413394885.755760431,6.57788
1413394885.805760384,5.91331
1413394885.855760574,6.14353
1413394885.905760527,7.19571
1413394885.955760479,7.86641
1413394886.005760431,6.62235
1413394886.055760384,8.22615
1413394886.105760574,6.54498
1413394886.155760527,6.30748
1413394886.205760479,7.83362
1413394886.255760431,8.63292
1413394886.305760384,7.9092
1413394886.355760574,5.62015
1413394886.405760527,7.30674
1413394886.455760479,6.66731
1413394886.505760431,6.54652
1413394886.555760384,7.25277
1413394886.605760574,5.41769
1413394886.655760527,8.49025
1413394886.705760479,6.36609
1413394886.755760431,8.10598
1413394886.805760384,7.87582
1413394886.855760574,7.95507
1413394886.905760527,7.98851
1413394886.955760479,8.20832
1413394887.005760431,6.9165
1413394887.055760384,8.75935
1413394887.105760574,18.8412
1413394887.155760527,14.7266
1413394887.205760479,13.5652
1413394887.255760431,15.4206
1413394887.305760384,16.7492
1413394887.355760574,16.2635
1413394887.405760527,17.2595
1413394887.455760479,14.8819
1413394887.505760431,16.693
1413394887.555760384,14.7469
1413394887.605760574,11.9835
1413394887.655760527,15.9855
1413394887.705760479,18.4325
1413394887.755760431,17.1601
1413394887.805760384,15.3874
1413394887.855760574,16.4205
1413394887.905760527,17.7519
1413394887.955760479,15.5746
1413394888.005760431,20.1632
1413394888.055760384,20.4743
1413394888.105760574,17.8865
1413394888.155760527,18.7007
1413394888.205760479,18.776
1413394888.255760431,20.1755
1413394888.305760384,19.953
1413394888.355760574,20.3773
1413394888.405760527,21.4417
1413394888.455760479,20.2158
1413394888.505760431,20.9799
1413394888.555760384,16.4962
1413394888.605760574,17.3994
1413394888.655760527,19.6578
1413394888.705760479,21.0509
1413394888.755760431,21.5315
1413394888.805760384,19.977
1413394888.855760574,19.1794
1413394888.905760527,14.7909
1413394888.955760479,15.7782
1413394889.005760431,14.7295
1413394889.055760384,19.4526
1413394889.105760574,16.7223
1413394889.155760527,16.8508
1413394889.205760479,20.4415
1413394889.255760431,17.3998
1413394889.305760384,12.856
1413394889.355760574,17.0454
1413394889.405760527,12.2375
1413394889.455760479,15.7622
1413394889.505760431,13.6424
1413394889.555760384,16.3914
1413394889.605760574,14.6172
1413394889.655760527,17.1802
1413394889.705760479,12.9774
1413394889.755760431,17.3787
1413394889.805760384,18.6109
1413394889.855760574,18.5767
1413394889.905760527,16.098
1413394889.955760479,20.7787
1413394890.005760431,18.4563
1413394890.055760384,17.0578
1413394890.105760574,15.6405
1413394890.155760527,20.5238
1413394890.205760479,20.1246
1413394890.255760431,18.672
1413394890.305760384,15.7021
1413394890.355760574,16.0843
1413394890.405760527,14.0722
1413394890.455760479,17.6874
1413394890.505760431,14.7819
1413394890.555760384,17.1001
1413394890.605760574,17.5391
1413394890.655760527,18.4163
1413394890.705760479,14.2683
1413394890.755760431,16.6625
1413394890.805760384,16.8475
1413394890.855760574,16.4873
1413394890.905760527,13.4909
1413394890.955760479,17.4899
1413394891.005760431,17.6034
1413394891.055760384,20.1203
1413394891.105760574,16.232
1413394891.155760527,19.0111
1413394891.205760479,19.2668
1413394891.255760431,19.5412
1413394891.305760384,15.9813
1413394891.355760574,18.8721
1413394891.405760527,20.195
1413394891.455760479,21.4549
1413394891.505760431,15.5257
1413394891.555760384,15.8058
1413394891.605760574,18.8018
1413394891.655760527,18.339
1413394891.705760479,14.6613
1413394891.755760431,17.8511
1413394891.805760384,17.4128
1413394891.855760574,17.2931
1413394891.905760527,12.7411
1413394891.955760479,17.0071
1413394892.005760431,14.6998
1413394892.055760384,16.8286
1413394892.105760574,13.1367
1413394892.155760527,13.7492
1413394892.205760479,14.262
1413394892.255760431,13.7711
1413394892.305760384,10.9416
1413394892.355760574,11.1649
1413394892.405760527,15.491
1413394892.455760479,15.8946
1413394892.505760431,13.7622
1413394892.555760384,16.4362
1413394892.605760574,18.6557
1413394892.655760527,18.7922
1413394892.705760479,17.643
1413394892.755760431,19.7456
1413394892.805760384,20.054
1413394892.855760574,21.5255
1413394892.905760527,18.7486
1413394892.955760479,22.037
1413394893.005760431,23.0603
1413394893.055760384,19.8834
1413394893.105760574,18.6595
1413394893.155760527,18.7759
1413394893.205760479,23.371
1413394893.255760431,23.8557
1413394893.305760384,21.1713
1413394893.355760574,19.7885
1413394893.405760527,24.9303
1413394893.455760479,22.4592
1413394893.505760431,19.5351
1413394893.555760384,24.5548
1413394893.605760574,23.7743
1413394893.655760527,22.2905
1413394893.705760479,20.8285
1413394893.755760431,20.2838
1413394893.805760384,24.9307
1413394893.855760574,25.0687
1413394893.905760527,19.4237
1413394893.955760479,20.8086
1413394894.005760431,23.6145
1413394894.055760384,23.4909
1413394894.105760574,17.7859
1413394894.155760527,19.6506
1413394894.205760479,19.5241
1413394894.255760431,18.9069
1413394894.305760384,16.8823
1413394894.355760574,21.6622
1413394894.405760527,17.9139
1413394894.455760479,18.404
1413394894.505760431,15.2139
1413394894.555760384,16.7385
1413394894.605760574,18.3254
1413394894.655760527,15.2889
1413394894.705760479,15.3503
1413394894.755760431,17.0958
1413394894.805760384,18.7049
1413394894.855760574,21.5618
1413394894.905760527,16.8382
1413394894.955760479,21.5112
1413394895.005760431,19.1797
1413394895.055760384,19.0764
1413394895.105760574,17.8292
1413394895.155760527,20.8538
1413394895.205760479,21.0086
1413394895.255760431,23.6846
1413394895.305760384,19.5302
1413394895.355760574,21.0824
1413394895.405760527,20.7583
1413394895.455760479,23.5439
1413394895.505760431,20.2515
1413394895.555760384,23.8373
1413394895.605760574,23.9479
1413394895.655760527,25.9663
1413394895.705760479,19.9395
1413394895.755760431,22.1787
1413394895.805760384,21.0466
1413394895.855760574,22.0312
1413394895.905760527,20.5049
1413394895.955760479,22.5507
1413394896.005760431,23.594
1413394896.055760384,24.8498
1413394896.105760574,21.1943
1413394896.155760527,25.8505
1413394896.205760479,22.4189
1413394896.255760431,26.4359
1413394896.305760384,22.0512
1413394896.355760574,20.2144
1413394896.405760527,24.2688
1413394896.455760479,26.0712
1413394896.505760431,22.2083
1413394896.555760384,25.5627
1413394896.605760574,23.7692
1413394896.655760527,23.9691
1413394896.705760479,21.5255
1413394896.755760431,21.0819
1413394896.805760384,23.8422
1413394896.855760574,24.1808
1413394896.905760527,21.5824
1413394896.955760479,22.6828
1413394897.005760431,22.2984
1413394897.055760384,23.0772
1413394897.105760574,21.916
1413394897.155760527,20.2887
1413394897.205760479,23.9899
1413394897.255760431,25.5043
1413394897.305760384,22.6095
1413394897.355760574,24.5127
1413394897.405760527,23.94
1413394897.455760479,24.1144
1413394897.505760431,20.1914
1413394897.555760384,22.2713
1413394897.605760574,22.873
1413394897.655760527,24.5399
1413394897.705760479,18.8795
1413394897.755760431,19.3417
1413394897.805760384,20.9702
1413394897.855760574,20.8889
1413394897.905760527,17.6087
1413394897.955760479,19.2727
1413394898.005760431,19.686
1413394898.055760384,20.1462
1413394898.105760574,15.7154
1413394898.155760527,14.2226
1413394898.205760479,16.9746
1413394898.255760431,18.6273
1413394898.305760384,14.6303
1413394898.355760574,16.6344
1413394898.405760527,17.0629
1413394898.455760479,15.8481
1413394898.505760431,13.8014
1413394898.555760384,14.9721
1413394898.605760574,19.6174
1413394898.655760527,19.7985
1413394898.705760479,14.4358
1413394898.755760431,17.786
1413394898.805760384,18.6679
1413394898.855760574,18.2044
1413394898.905760527,14.9601
1413394898.955760479,16.4993
1413394899.005760431,16.5632
1413394899.055760384,17.4373
1413394899.105760574,14.1582
1413394899.155760527,12.5511
1413394899.205760479,20.2348
1413394899.255760431,19.4061
1413394899.305760384,14.0684
1413394899.355760574,14.7354
1413394899.405760527,18.6631
1413394899.455760479,18.8524
1413394899.505760431,16.4408
1413394899.555760384,19.5363
1413394899.605760574,21.7877
1413394899.655760527,22.0315
1413394899.705760479,20.502
1413394899.755760431,21.0096
1413394899.805760384,24.431
1413394899.855760574,26.0554
1413394899.905760527,21.6515
1413394899.955760479,21.3915
1413394900.005760431,25.7802
1413394900.055760384,24.9348
1413394900.105760574,22.4411
1413394900.155760527,20.5979
1413394900.205760479,25.9773
1413394900.255760431,24.58
1413394900.305760384,22.6413
1413394900.355760574,21.3559
1413394900.405760527,26.7475
1413394900.455760479,25.8579
1413394900.505760431,22.7251
1413394900.555760384,22.5609
1413394900.605760574,25.5589
1413394900.655760527,25.9325
1413394900.705760479,23.2195
1413394900.755760431,21.9251
1413394900.805760384,25.5896
1413394900.855760574,26.5949
1413394900.905760527,21.8316
1413394900.955760479,20.9124
1413394901.005760431,23.3112
1413394901.055760384,24.1253
1413394901.105760574,19.3247
1413394901.155760527,17.191
1413394901.205760479,20.9898
1413394901.255760431,21.8042
1413394901.305760384,21.2912
1413394901.355760574,20.4784
1413394901.405760527,22.1814
1413394901.455760479,22.7404
1413394901.505760431,19.4728
1413394901.555760384,18.0927
1413394901.605760574,20.9598
1413394901.655760527,20.1555
1413394901.705760479,18.8071
1413394901.755760431,17.998
1413394901.805760384,21.7525
1413394901.855760574,21.606
1413394901.905760527,20.2043
1413394901.955760479,21.2145
1413394902.005760431,24.4318
1413394902.055760384,22.8476
1413394902.105760574,19.3211
1413394902.155760527,19.3918
1413394902.205760479,17.8573
1413394902.255760431,16.4195
1413394902.305760384,16.6619
1413394902.355760574,12.109
1413394902.405760527,13.0611
1413394902.455760479,13.5298
1413394902.505760431,14.5602
1413394902.555760384,14.2386
1413394902.605760574,13.7608
1413394902.655760527,14.9598
1413394902.705760479,12.1787
1413394902.755760431,14.4535
1413394902.805760384,14.413
1413394902.855760574,14.2359
1413394902.905760527,13.1001
1413394902.955760479,14.0765
1413394903.055760384,14.4476
1413394903.155760527,14.2462
1413394903.255760431,12.5795
1413394903.355760574,15.8966
1413394903.455760479,10.3246
1413394903.555760384,14.8567
1413394903.605760574,13.1133
1413394903.655760527,15.7454
1413394903.705760479,15.7596
1413394903.755760431,19.7647
1413394903.805760384,15.2407
1413394903.855760574,15.8584
1413394903.905760527,16.9719
1413394903.955760479,20.437
1413394904.005760431,15.7023
1413394904.055760384,15.2111
1413394904.105760574,14.2955
1413394904.155760527,20.2027
1413394904.205760479,13.5551
1413394904.255760431,14.1453
1413394904.305760384,14.7309
1413394904.355760574,16.8492
1413394904.405760527,16.5378
1413394904.455760479,17.2779
1413394904.505760431,20.0931
1413394904.555760384,20.001
1413394904.605760574,18.5082
1413394904.655760527,17.3646
1413394904.705760479,21.9988
1413394904.755760431,19.9976
1413394904.805760384,18.7901
1413394904.855760574,18.9864
1413394904.905760527,21.2042
1413394904.955760479,22.027
1413394905.005760431,19.4339
1413394905.055760384,18.542
1413394905.105760574,23.2832
1413394905.155760527,20.9939
1413394905.205760479,20.1975
1413394905.255760431,18.4523
1413394905.305760384,21.5132
1413394905.355760574,21.752
1413394905.405760527,20.9112
1413394905.455760479,18.8297
1413394905.505760431,22.8836
1413394905.555760384,20.984
1413394905.605760574,18.7752
1413394905.655760527,18.3172
1413394905.705760479,18.4349
1413394905.755760431,24.1535
1413394905.805760384,19.792
1413394905.855760574,20.1867
1413394905.905760527,22.9239
1413394905.955760479,20.5263
1413394906.005760431,17.7301
1413394906.055760384,19.971
1413394906.105760574,22.2591
1413394906.155760527,22.1897
1413394906.205760479,18.0442
1413394906.255760431,16.9029
1413394906.305760384,19.4803
1413394906.355760574,21.0897
1413394906.405760527,19.3282
1413394906.455760479,19.8057
1413394906.505760431,24.5331
1413394906.555760384,20.5846
1413394906.605760574,20.682
1413394906.655760527,21.6438
1413394906.705760479,22.3987
1413394906.755760431,25.323
1413394906.805760384,19.2539
1413394906.855760574,17.2353
1413394906.905760527,20.913
1413394906.955760479,20.5192
1413394907.005760431,19.6203
1413394907.055760384,21.9591
1413394907.105760574,21.091
1413394907.155760527,23.2936
1413394907.205760479,20.7185
1413394907.255760431,19.1799
1413394907.305760384,21.126
1413394907.355760574,22.4378
1413394907.405760527,19.5171
1413394907.455760479,20.4366
1413394907.505760431,20.5968
1413394907.555760384,21.0152
1413394907.605760574,18.6334
1413394907.655760527,18.7562
1413394907.705760479,22.1573
1413394907.755760431,21.1802
1413394907.805760384,18.9018
1413394907.855760574,18.132
1413394907.905760527,24.174
1413394907.955760479,20.3751
1413394908.005760431,19.1794
1413394908.055760384,20.9548
1413394908.105760574,26.2214
1413394908.155760527,26.014
1413394908.205760479,20.3661
1413394908.255760431,18.3862
1413394908.305760384,22.174
1413394908.355760574,22.8086
1413394908.405760527,19.8618
1413394908.455760479,19.5015
1413394908.505760431,20.6788
1413394908.555760384,22.6379
1413394908.605760574,21.0511
1413394908.655760527,20.168
1413394908.705760479,23.6949
1413394908.755760431,23.5878
1413394908.805760384,20.0165
1413394908.855760574,16.9552
1413394908.905760527,23.0463
1413394908.955760479,23.9651
1413394909.005760431,19.9588
1413394909.055760384,19.3301
1413394909.105760574,22.4711
1413394909.155760527,23.6407
1413394909.205760479,20.4651
1413394909.255760431,20.3554
1413394909.305760384,24.9004
1413394909.355760574,24.4302
1413394909.405760527,20.3112
1413394909.455760479,19.5091
1413394909.505760431,22.9535
1413394909.555760384,25.13
1413394909.605760574,19.6988
1413394909.655760527,17.3763
1413394909.705760479,21.4135
1413394909.755760431,21.8602
1413394909.805760384,17.9886
1413394909.855760574,17.3888
1413394909.905760527,18.5629
1413394909.955760479,23.3253
1413394910.005760431,19.5855
1413394910.055760384,17.8802
1413394910.105760574,20.7111
1413394910.155760527,23.5792
1413394910.205760479,20.4847
1413394910.255760431,18.5208
1413394910.305760384,24.4591
1413394910.355760574,21.884
1413394910.405760527,20.6493
1413394910.455760479,20.7919
1413394910.505760431,26.0344
1413394910.555760384,24.6255
1413394910.605760574,20.444
1413394910.655760527,18.3489
1413394910.705760479,19.2415
1413394910.755760431,19.6422
1413394910.805760384,17.1473
1413394910.855760574,15.4961
1413394910.905760527,21.4774
1413394910.955760479,21.7217
1413394911.005760431,18.4868
1413394911.055760384,16.3552
1413394911.105760574,18.3583
1413394911.155760527,20.5179
1413394911.205760479,17.7101
1413394911.255760431,18.059
1413394911.305760384,21.7145
1413394911.355760574,22.7694
1413394911.405760527,21.6027
1413394911.455760479,20.6042
1413394911.505760431,21.4994
1413394911.555760384,23.7644
1413394911.605760574,20.5375
1413394911.655760527,21.3577
1413394911.705760479,22.4983
1413394911.755760431,22.545
1413394911.805760384,19.5398
1413394911.855760574,18.4761
1413394911.905760527,20.3952
1413394911.955760479,21.0629
1413394912.005760431,19.0875
1413394912.055760384,19.3119
1413394912.105760574,21.6129
1413394912.155760527,22.2112
1413394912.205760479,19.3902
1413394912.255760431,18.6838
1413394912.305760384,19.0938
1413394912.355760574,22.8723
1413394912.405760527,20.1636
1413394912.455760479,20.0491
1413394912.505760431,23.092
1413394912.555760384,23.5937
1413394912.605760574,20.987
1413394912.655760527,20.5515
1413394912.705760479,22.638
1413394912.755760431,24.3142
1413394912.805760384,20.9903
1413394912.855760574,20.6218
1413394912.905760527,22.3315
1413394912.955760479,23.6361
1413394913.005760431,20.5351
1413394913.055760384,19.5919
1413394913.105760574,20.0557
1413394913.155760527,22.7059
1413394913.205760479,18.6631
1413394913.255760431,18.1765
1413394913.305760384,18.8476
1413394913.355760574,23.9859
1413394913.405760527,18.136
1413394913.455760479,17.8189
1413394913.505760431,20.0397
1413394913.555760384,22.4582
1413394913.605760574,17.3559
1413394913.655760527,15.8684
1413394913.705760479,17.6934
1413394913.755760431,19.0773
1413394913.805760384,16.7956
1413394913.855760574,16.8779
1413394913.905760527,22.5001
1413394913.955760479,25.6805
1413394914.005760431,20.0187
1413394914.055760384,20.2644
1413394914.105760574,22.1488
1413394914.155760527,22.9264
1413394914.205760479,19.9803
1413394914.255760431,20.6965
1413394914.305760384,22.4168
1413394914.355760574,24.2196
1413394914.405760527,20.8409
1413394914.455760479,20.4461
1413394914.505760431,24.0586
1413394914.555760384,24.966
1413394914.605760574,20.1085
1413394914.655760527,20.8223
1413394914.705760479,21.6632
1413394914.755760431,24.0134
1413394914.805760384,21.0108
1413394914.855760574,20.7864
1413394914.905760527,22.9209
1413394914.955760479,25.5117
1413394915.005760431,20.82
1413394915.055760384,20.9695
1413394915.105760574,24.8074
1413394915.155760527,23.0608
1413394915.205760479,21.253
1413394915.255760431,21.463
1413394915.305760384,19.5527
1413394915.355760574,23.3658
1413394915.405760527,21.0114
1413394915.455760479,20.8698
1413394915.505760431,24.4862
1413394915.555760384,24.1741
1413394915.605760574,22.1296
1413394915.655760527,21.7937
1413394915.705760479,22.7382
1413394915.755760431,23.9846
1413394915.805760384,21.0603
1413394915.855760574,19.9587
1413394915.905760527,21.1554
1413394915.955760479,25.0872
1413394916.005760431,19.738
1413394916.055760384,20.0491
1413394916.105760574,20.946
1413394916.155760527,20.0807
1413394916.205760479,17.7708
1413394916.255760431,16.6648
1413394916.305760384,15.3255
1413394916.355760574,16.4609
1413394916.405760527,15.1681
1413394916.455760479,14.8808
1413394916.505760431,16.265
1413394916.555760384,17.5647
1413394916.605760574,14.2934
1413394916.655760527,12.9436
1413394916.705760479,14.6868
1413394916.755760431,14.2969
1413394916.855760574,9.92327
1413394916.955760479,9.75438
1413394917.055760384,10.8385
1413394917.155760527,11.9256
1413394917.255760431,13.0117
1413394917.355760574,10.8449
1413394917.455760479,11.0721
1413394917.555760384,12.2269
1413394917.655760527,13.1088
1413394917.755760431,12.4666
1413394917.855760574,12.8553
1413394917.955760479,13.1691
1413394918.055760384,11.9858
1413394918.155760527,11.2439
1413394918.255760431,11.4096
1413394918.355760574,10.4014
1413394918.455760479,9.50282
1413394918.555760384,11.6292
1413394918.655760527,11.8102
1413394918.755760431,10.4556
1413394918.855760574,10.9233
1413394918.955760479,11.7695
1413394919.055760384,11.9181
1413394919.155760527,13.4242
1413394919.255760431,12.7919
1413394919.355760574,9.62725
1413394919.455760479,10.2082
1413394919.555760384,10.1583
1413394919.655760527,9.36137
1413394919.755760431,10.2078
1413394919.855760574,10.4713
1413394919.955760479,10.0205
1413394920.055760384,8.04013
1413394920.155760527,11.2602
1413394920.255760431,12.0813
1413394920.355760574,11.1871
1413394920.455760479,8.78567
1413394920.555760384,14.1471
1413394920.655760527,11.7967
1413394920.755760431,11.5466
1413394920.855760574,11.7642
1413394920.955760479,14.4801
1413394921.055760384,12.5757
1413394921.155760527,13.2223
1413394921.255760431,12.6476
1413394921.355760574,11.6425
1413394921.455760479,10.5879
1413394921.555760384,11.9906
1413394921.655760527,12.9882
1413394921.755760431,12.0524
1413394921.855760574,11.3698
1413394921.955760479,10.644
1413394922.055760384,12.7403
1413394922.155760527,11.5229
1413394922.255760431,10.4223
1413394922.355760574,13.1323
1413394922.455760479,12.0754
1413394922.555760384,10.9116
1413394922.655760527,12.2009
1413394922.755760431,13.079
1413394922.855760574,13.6443
1413394922.955760479,12.6769
1413394923.055760384,13.5234
1413394923.155760527,10.9692
1413394923.255760431,9.48109
1413394923.355760574,10.8054
1413394923.455760479,11.8303
1413394923.555760384,10.8701
1413394923.655760527,12.5413
1413394923.755760431,14.0276
1413394923.855760574,14.4742
1413394923.955760479,9.9832
1413394924.055760384,11.8622
1413394924.155760527,12.0739
1413394924.255760431,11.841
1413394924.355760574,10.9003
1413394924.455760479,11.6066
1413394924.555760384,12.1719
1413394924.655760527,9.28148
1413394924.755760431,12.588
1413394924.855760574,13.3388
1413394924.905760527,12.9925
1413394924.955760479,12.051
1413394925.005760431,13.2783
1413394925.055760384,14.2582
1413394925.105760574,16.6139
1413394925.155760527,14.3806
1413394925.205760479,16.4839
1413394925.255760431,15.8879
1413394925.305760384,18.8771
1413394925.355760574,19.8604
1413394925.405760527,18.7888
1413394925.455760479,16.5078
1413394925.505760431,19.1082
1413394925.555760384,20.0858
1413394925.605760574,18.7624
1413394925.655760527,15.174
1413394925.705760479,19.7169
1413394925.755760431,19.9032
1413394925.805760384,21.6451
1413394925.855760574,17.4911
1413394925.905760527,18.4507
1413394925.955760479,18.364
1413394926.005760431,17.9703
1413394926.055760384,17.6683
1413394926.105760574,18.3156
1413394926.155760527,21.6642
1413394926.205760479,19.6245
1413394926.255760431,16.6769
1413394926.305760384,17.5778
1413394926.355760574,21.1898
1413394926.405760527,16.1743
1413394926.455760479,15.9582
1413394926.505760431,16.5386
1413394926.555760384,16.1203
1413394926.605760574,20.2294
1413394926.655760527,14.458
1413394926.705760479,15.7427
1413394926.755760431,19.7414
1413394926.805760384,16.5197
1413394926.855760574,16.4344
1413394926.905760527,19.5936
1413394926.955760479,20.3375
1413394927.005760431,20.6895
1413394927.055760384,18.106
1413394927.105760574,19.5649
1413394927.155760527,20.172
1413394927.205760479,22.3765
1413394927.255760431,17.6908
1413394927.305760384,20.6776
1413394927.355760574,20.7445
1413394927.405760527,21.7689
1413394927.455760479,18.9428
1413394927.505760431,20.3784
1413394927.555760384,23.9885
1413394927.605760574,25.6525
1413394927.655760527,19.4252
1413394927.705760479,19.6475
1413394927.755760431,20.5648
1413394927.805760384,21.4024
1413394927.855760574,17.4595
1413394927.905760527,18.2343
1413394927.955760479,21.5976
1413394928.005760431,18.5578
1413394928.055760384,15.7986
1413394928.105760574,17.2147
1413394928.155760527,18.4422
1413394928.205760479,16.5908
1413394928.255760431,14.1417
1413394928.305760384,15.412
1413394928.355760574,17.4923
1413394928.405760527,17.8717
1413394928.455760479,13.4277
1413394928.505760431,16.8096
1413394928.555760384,15.5853
1413394928.605760574,17.2906
1413394928.655760527,13.7874
1413394928.705760479,15.0625
1413394928.755760431,16.1149
1413394928.805760384,16.9486
1413394928.855760574,13.5371
1413394928.905760527,14.2291
1413394928.955760479,18.692
1413394929.005760431,17.0166
1413394929.055760384,13.7089
1413394929.105760574,16.4289
1413394929.155760527,15.9184
1413394929.205760479,16.9571
1413394929.255760431,12.3567
1413394929.305760384,13.1554
1413394929.355760574,14.9462
1413394929.405760527,15.5234
1413394929.455760479,11.2325
1413394929.505760431,12.4784
1413394929.555760384,16.0901
1413394929.605760574,15.1362
1413394929.655760527,12.9346
1413394929.705760479,14.2757
1413394929.755760431,16.9153
1413394929.805760384,16.784
1413394929.855760574,13.7215
1413394929.905760527,14.9328
1413394929.955760479,15.9455
1413394930.005760431,15.6175
1413394930.055760384,12.6213
1413394930.105760574,14.4757
1413394930.155760527,14.6874
1413394930.205760479,15.6815
1413394930.255760431,11.1154
1413394930.305760384,12.4899
1413394930.355760574,12.3621
1413394930.405760527,13.0304
1413394930.455760479,8.87556
1413394930.505760431,13.6085
1413394930.555760384,12.9033
1413394930.605760574,13.5489
1413394930.655760527,11.316
1413394930.705760479,14.6431
1413394930.755760431,15.6555
1413394930.805760384,16.3128
1413394930.855760574,13.7514
1413394930.905760527,15.5046
1413394930.955760479,16.4063
1413394931.005760431,16.3691
1413394931.055760384,11.9683
1413394931.105760574,13.0689
1413394931.155760527,14.0358
1413394931.205760479,13.5868
1413394931.255760431,11.0688
1413394931.305760384,14.1774
1413394931.355760574,13.9734
1413394931.405760527,14.5515
1413394931.455760479,9.91552
1413394931.505760431,10.2886
1413394931.555760384,12.838
1413394931.605760574,16.9237
1413394931.655760527,14.2381
1413394931.705760479,13.9167
1413394931.755760431,17.012
1413394931.805760384,17.707
1413394931.855760574,14.0541
1413394931.905760527,14.5627
1413394931.955760479,16.3783
1413394932.005760431,12.0109
1413394932.055760384,10.328
1413394932.105760574,9.78991
1413394932.155760527,12.6783
1413394932.205760479,9.6844
1413394932.255760431,10.4446
1413394932.305760384,13.9591
1413394932.355760574,12.1807
1413394932.405760527,16.8181
1413394932.455760479,15.3242
1413394932.505760431,14.0892
1413394932.555760384,19.2335
1413394932.605760574,19.3228
1413394932.655760527,19.0649
1413394932.705760479,18.8629
1413394932.755760431,21.7835
1413394932.805760384,22.2858
1413394932.855760574,20.0311
1413394932.905760527,22.1757
1413394932.955760479,21.4482
1413394933.005760431,22.201
1413394933.055760384,20.6735
1413394933.105760574,20.4662
1413394933.155760527,23.2421
1413394933.205760479,23.4137
1413394933.255760431,20.1601
1413394933.305760384,18.5991
1413394933.355760574,22.4915
1413394933.405760527,23.6466
1413394933.455760479,19.0646
1413394933.505760431,18.4493
1413394933.555760384,19.9778
1413394933.605760574,22.8033
1413394933.655760527,19.5218
1413394933.705760479,19.8607
1413394933.755760431,20.6687
1413394933.805760384,20.8922
1413394933.855760574,19.0508
1413394933.905760527,18.438
1413394933.955760479,21.3215
1413394934.005760431,20.5304
1413394934.055760384,18.9167
1413394934.105760574,17.1263
1413394934.155760527,18.9663
1413394934.205760479,22.4097
1413394934.255760431,18.9144
1413394934.305760384,17.8033
1413394934.355760574,21.1548
1413394934.405760527,19.7177
1413394934.455760479,16.9853
1413394934.505760431,17.1327
1413394934.555760384,19.8246
1413394934.605760574,16.4583
1413394934.655760527,17.2938
1413394934.705760479,15.9988
1413394934.755760431,19.4386
1413394934.805760384,14.8909
1413394934.855760574,16.9103
1413394934.905760527,16.9927
1413394934.955760479,19.271
1413394935.005760431,18.8782
1413394935.055760384,16.2887
1413394935.105760574,17.9621
1413394935.155760527,20.5997
1413394935.205760479,20.4922
1413394935.255760431,16.8312
1413394935.305760384,17.6815
1413394935.355760574,17.5007
1413394935.405760527,19.2977
1413394935.455760479,17.1962
1413394935.505760431,17.7412
1413394935.555760384,19.5582
1413394935.605760574,18.9675
1413394935.655760527,16.2332
1413394935.705760479,16.2019
1413394935.755760431,18.1833
1413394935.805760384,18.7748
1413394935.855760574,16.6096
1413394935.905760527,16.6155
1413394935.955760479,22.2695
1413394936.005760431,19.6966
1413394936.055760384,15.6763
1413394936.105760574,14.4364
1413394936.205760479,13.043
1413394936.255760431,17.4991
1413394936.305760384,12.2383
1413394936.405760527,13.4141
1413394936.505760431,14.0866
1413394936.605760574,12.5928
1413394936.705760479,12.108
1413394936.805760384,10.2233
1413394936.905760527,9.99297
1413394937.005760431,8.61918
1413394937.105760574,8.82513
1413394937.205760479,8.08737
1413394937.255760431,6.70284
1413394937.305760384,10.4515
1413394937.355760574,12.1489
1413394937.455760479,9.726
1413394937.555760384,12.046
1413394937.655760527,12.2851
1413394937.755760431,12.924
1413394937.855760574,12.236
1413394937.955760479,13.5709
1413394938.055760384,14.6848
1413394938.155760527,15.9317
1413394938.255760431,13.3233
1413394938.355760574,12.0714
1413394938.455760479,13.2181
1413394938.555760384,10.3435
1413394938.655760527,12.721
1413394938.755760431,13.3833
1413394938.855760574,11.4241
1413394938.955760479,12.8112
1413394939.055760384,15.0649
1413394939.155760527,13.6542
1413394939.255760431,12.076
1413394939.355760574,13.012
1413394939.455760479,14.9609
1413394939.555760384,14.5699
1413394939.655760527,13.3724
1413394939.755760431,16.5835
1413394939.855760574,13.8052
1413394939.955760479,14.9803
1413394940.055760384,15.3243
1413394940.155760527,12.4
1413394940.255760431,13.2439
1413394940.355760574,13.8244
1413394940.455760479,11.0637
1413394940.555760384,14.6528
1413394940.655760527,13.0692
1413394940.755760431,10.6584
1413394940.855760574,15.4013
1413394940.955760479,13.725
1413394941.005760431,15.451
1413394941.055760384,15.5673
1413394941.105760574,11.6412
1413394941.205760479,14.8756
1413394941.305760384,14.7117
1413394941.405760527,12.861
1413394941.505760431,11.1031
1413394941.605760574,12.6746
1413394941.705760479,14.7873
1413394941.755760431,15.2551
1413394941.805760384,13.5363
1413394941.855760574,15.4477
1413394941.905760527,14.8648
1413394941.955760479,18.4355
1413394942.005760431,17.2477
1413394942.055760384,17.0973
1413394942.105760574,17.4768
1413394942.155760527,17.6519
1413394942.205760479,19.4851
1413394942.255760431,15.9531
1413394942.305760384,13.9596
1413394942.355760574,15.6536
1413394942.405760527,16.0842
1413394942.455760479,16.1873
1413394942.505760431,17.3193
1413394942.555760384,19.8389
1413394942.605760574,21.9493
1413394942.655760527,18.8993
1413394942.705760479,21.1239
1413394942.755760431,20.0852
1413394942.805760384,18.5283
1413394942.855760574,20.6925
1413394942.905760527,20.0897
1413394942.955760479,22.8593
1413394943.005760431,22.3052
1413394943.055760384,20.0277
1413394943.105760574,21.6347
1413394943.155760527,22.2859
1413394943.205760479,23.462
1413394943.255760431,18.7491
1413394943.305760384,17.8989
1413394943.355760574,25.5111
1413394943.405760527,21.7617
1413394943.455760479,19.8925
1413394943.505760431,21.0698
1413394943.555760384,23.4627
1413394943.605760574,24.1375
1413394943.655760527,21.3126
1413394943.705760479,23.4356
1413394943.755760431,23.9495
1413394943.805760384,24.8669
1413394943.855760574,22.5185
1413394943.905760527,22.6942
1413394943.955760479,26.3667
1413394944.005760431,24.1503
1413394944.055760384,22.0336
1413394944.105760574,23.5185
1413394944.155760527,23.4635
1413394944.205760479,24.8741
1413394944.255760431,22.0472
1413394944.305760384,20.8291
1413394944.355760574,23.6152
1413394944.405760527,22.1021
1413394944.455760479,21.4995
1413394944.505760431,21.5979
1413394944.555760384,22.7425
1413394944.605760574,23.12
1413394944.655760527,21.309
1413394944.705760479,17.8822
1413394944.755760431,24.4406
1413394944.805760384,23.0389
1413394944.855760574,19.6341
1413394944.905760527,19.1988
1413394944.955760479,20.6245
1413394945.005760431,22.1639
1413394945.055760384,19.4
1413394945.105760574,20.4882
1413394945.155760527,21.1844
1413394945.205760479,20.0573
1413394945.255760431,19.3098
1413394945.305760384,19.9037
1413394945.355760574,23.5198
1413394945.405760527,20.6818
1413394945.455760479,19.0982
1413394945.505760431,19.1455
1413394945.555760384,21.7397
1413394945.605760574,24.0599
1413394945.655760527,20.4551
1413394945.705760479,19.6982
1413394945.755760431,23.3498
1413394945.805760384,23.5049
1413394945.855760574,20.9905
1413394945.905760527,18.6647
1413394945.955760479,22.5407
1413394946.005760431,24.0509
1413394946.055760384,16.4958
1413394946.155760527,17.1871
1413394946.205760479,16.7894
1413394946.255760431,14.5634
1413394946.355760574,13.169
1413394946.455760479,17.4232
1413394946.555760384,14.1711
1413394946.655760527,11.1874
1413394946.755760431,8.93325
1413394946.855760574,12.1392
1413394946.955760479,10.0174
1413394947.055760384,9.811
1413394947.155760527,10.3693
1413394947.255760431,11.6108
1413394947.355760574,8.5266
1413394947.455760479,11.0577
1413394947.555760384,10.2488
1413394947.655760527,13.1736
1413394947.755760431,10.3228
1413394947.855760574,14.6488
1413394947.955760479,11.2588
1413394948.055760384,13.0583
1413394948.155760527,13.4355
1413394948.255760431,12.5005
1413394948.355760574,7.947
1413394948.455760479,10.5093
1413394948.555760384,9.78175
1413394948.655760527,14.6627
1413394948.755760431,12.1306
1413394948.855760574,12.1512
1413394948.955760479,11.8722
1413394949.055760384,9.41658
1413394949.155760527,9.80289
1413394949.255760431,12.9712
1413394949.355760574,10.1053
1413394949.455760479,9.21017
1413394949.555760384,10.4575
1413394949.655760527,8.81498
1413394949.755760431,10.5238
1413394949.855760574,9.63759
1413394949.955760479,10.1303
1413394950.055760384,10.0953
1413394950.155760527,9.47792
1413394950.255760431,10.448
1413394950.355760574,11.0119
1413394950.455760479,10.6792
1413394950.555760384,10.2134
1413394950.655760527,12.3283
1413394950.755760431,12.3538
1413394950.855760574,7.61836
1413394950.955760479,7.11614
1413394951.055760384,5.52291
1413394951.155760527,5.37203
1413394951.255760431,4.80268
1413394951.355760574,6.01985
1413394951.455760479,9.457
1413394951.555760384,6.55109
1413394951.655760527,8.56185
1413394951.755760431,8.68391
1413394951.855760574,8.51481
1413394951.955760479,8.58517
1413394952.055760384,6.06027
1413394952.155760527,7.86491
1413394952.255760431,7.89019
1413394952.355760574,7.16885
1413394952.455760479,7.07833
1413394952.555760384,8.52389
1413394952.655760527,10.5451
1413394952.755760431,9.19705
1413394952.855760574,6.52558
1413394952.955760479,7.61029
1413394953.055760384,10.0588
1413394953.155760527,8.47317
1413394953.255760431,8.19304
1413394953.355760574,8.21464
1413394953.455760479,7.45508
1413394953.555760384,5.9536
1413394953.655760527,5.01956
1413394953.755760431,7.18063
1413394953.855760574,9.68242
1413394953.955760479,8.72323
1413394954.055760384,9.58622
1413394954.155760527,10.1601
1413394954.255760431,10.1637
1413394954.355760574,10.4569
1413394954.455760479,10.5619
1413394954.555760384,7.931
1413394954.655760527,9.09018
1413394954.755760431,5.7794
1413394954.855760574,9.98767
1413394954.955760479,8.4526
1413394955.055760384,11.9175
1413394955.155760527,7.19951
1413394955.255760431,10.6049
1413394955.355760574,7.64991
1413394955.455760479,13.7236
1413394955.555760384,10.3997
1413394955.655760527,10.0384
1413394955.755760431,9.36124
1413394955.855760574,10.3947
1413394955.905760527,16.041
1413394955.955760479,12.5776
1413394956.005760431,8.96608
1413394956.105760574,8.50897
1413394956.205760479,11.6844
1413394956.305760384,9.70094
1413394956.405760527,9.72058
1413394956.505760431,10.5438
1413394956.605760574,8.48108
1413394956.655760527,10.4841
1413394956.705760479,10.6618
1413394956.755760431,12.3192
1413394956.805760384,13.5701
1413394956.855760574,17.1096
1413394956.905760527,12.6341
1413394956.955760479,14.1716
1413394957.005760431,14.2038
1413394957.055760384,12.624
1413394957.105760574,14.1958
1413394957.155760527,12.7045
1413394957.205760479,10.2538
1413394957.255760431,12.7822
1413394957.305760384,16.1518
1413394957.355760574,12.6136
1413394957.405760527,11.3629
1413394957.455760479,15.475
1413394957.505760431,11.9152
1413394957.555760384,11.8946
1413394957.605760574,11.9328
1413394957.655760527,11.7053
1413394957.705760479,17.8804
1413394957.755760431,13.6913
1413394957.805760384,12.1697
1413394957.855760574,15.4101
1413394957.905760527,16.0787
1413394957.955760479,15.2873
1413394958.005760431,14.0473
1413394958.055760384,14.875
1413394958.105760574,14.947
1413394958.155760527,13.4458
1413394958.205760479,11.6095
1413394958.255760431,13.645
1413394958.305760384,12.771
1413394958.355760574,12.831
1413394958.405760527,11.8344
1413394958.455760479,14.6169
1413394958.505760431,14.8687
1413394958.555760384,15.8877
1413394958.605760574,12.2917
1413394958.655760527,17.8081
1413394958.705760479,17.6263
1413394958.755760431,16.1533
1413394958.805760384,14.2444
1413394958.855760574,16.8487
1413394958.905760527,17.3065
1413394958.955760479,15.7981
1413394959.005760431,18.4688
1413394959.055760384,20.3386
1413394959.105760574,17.7126
1413394959.155760527,18.4577
1413394959.205760479,18.8077
1413394959.255760431,18.4997
1413394959.305760384,19.5984
1413394959.355760574,20.1578
1413394959.405760527,18.4333
1413394959.455760479,19.2012
1413394959.505760431,21.2311
1413394959.555760384,23.6042
1413394959.605760574,20.7759
1413394959.655760527,24.0805
1413394959.705760479,19.8424
1413394959.755760431,21.8752
1413394959.805760384,20.2976
1413394959.855760574,22.7665
1413394959.905760527,24.2561
1413394959.955760479,24.3433
1413394960.005760431,20.1438
1413394960.055760384,20.3892
1413394960.105760574,19.3671
1413394960.155760527,20.2629
1413394960.205760479,16.9008
1413394960.255760431,18.5163
1413394960.305760384,20.7553
1413394960.355760574,19.6542
1413394960.405760527,15.982
1413394960.455760479,20.5969
1413394960.505760431,20.6278
1413394960.555760384,23.0588
1413394960.605760574,21.3915
1413394960.655760527,18.9006
1413394960.705760479,22.4566
1413394960.755760431,23.4038
1413394960.805760384,21.4425
1413394960.855760574,22.305
1413394960.905760527,23.3342
1413394960.955760479,23.6848
1413394961.005760431,19.0785
1413394961.055760384,17.2165
1413394961.105760574,17.8619
1413394961.155760527,19.6227
1413394961.205760479,17.8435
1413394961.255760431,18.272
1413394961.305760384,22.9813
1413394961.355760574,24.2651
1413394961.405760527,19.6931
1413394961.455760479,18.3126
1413394961.505760431,21.5773
1413394961.555760384,22.2354
1413394961.605760574,20.8603
1413394961.655760527,19.5562
1413394961.705760479,16.6421
1413394961.755760431,14.7408
1413394961.805760384,14.8859
1413394961.855760574,11.8936
1413394961.905760527,13.5698
1413394961.955760479,13.6711
1413394962.005760431,14.9993
1413394962.055760384,12.2535
1413394962.105760574,13.8862
1413394962.155760527,14.4548
1413394962.205760479,16.6376
1413394962.255760431,15.3758
1413394962.305760384,15.884
1413394962.355760574,15.5852
1413394962.405760527,19.2288
1413394962.455760479,16.4674
1413394962.505760431,18.4383
1413394962.555760384,13.6003
1413394962.605760574,11.9648
1413394962.655760527,13.6337
1413394962.705760479,14.1084
1413394962.755760431,17.8085
1413394962.805760384,14.2833
1413394962.855760574,17.0728
1413394962.905760527,21.9252
1413394962.955760479,18.9827
1413394963.005760431,17.3546
1413394963.055760384,19.9943
1413394963.105760574,21.5108
1413394963.155760527,19.6475
1413394963.205760479,17.375
1413394963.255760431,18.1776
1413394963.305760384,21.5672
1413394963.355760574,22.0104
1413394963.405760527,17.6736
1413394963.455760479,18.872
1413394963.505760431,22.2813
1413394963.555760384,21.8685
1413394963.605760574,20.967
1413394963.655760527,19.9436
1413394963.705760479,24.7692
1413394963.755760431,25.3719
1413394963.805760384,22.4778
1413394963.855760574,21.5586
1413394963.905760527,22.6583
1413394963.955760479,24.9627
1413394964.005760431,23.1876
1413394964.055760384,20.636
1413394964.105760574,25.7214
1413394964.155760527,25.6366
1413394964.205760479,21.7819
1413394964.255760431,20.2208
1413394964.305760384,23.5401
1413394964.355760574,26.3581
1413394964.405760527,21.3388
1413394964.455760479,21.3349
1413394964.505760431,26.1194
1413394964.555760384,26.9709
1413394964.605760574,23.0232
1413394964.655760527,23.2086
1413394964.705760479,27.0808
1413394964.755760431,26.8829
1413394964.805760384,23.0464
1413394964.855760574,21.0267
1413394964.905760527,22.9558
1413394964.955760479,23.6201
1413394965.005760431,19.5153
1413394965.055760384,20.8931
1413394965.105760574,20.8198
1413394965.155760527,24.3038
1413394965.205760479,22.3606
1413394965.255760431,20.4958
1413394965.305760384,24.54
1413394965.355760574,26.5085
1413394965.405760527,23.7547
1413394965.455760479,23.9109
1413394965.505760431,25.277
1413394965.555760384,27.4399
1413394965.605760574,22.8889
1413394965.655760527,23.5908
1413394965.705760479,20.416
1413394965.755760431,26.3842
1413394965.805760384,22.4289
1413394965.855760574,22.9815
1413394965.905760527,24.8927
1413394965.955760479,26.9573
1413394966.005760431,23.3832
1413394966.055760384,23.8427
1413394966.105760574,24.5714
1413394966.155760527,28.5796
1413394966.205760479,24.4524
1413394966.255760431,24.3561
1413394966.305760384,24.954
1413394966.355760574,25.63
1413394966.405760527,23.5617
1413394966.455760479,20.8365
1413394966.505760431,21.2583
1413394966.555760384,22.8156
1413394966.605760574,21.2029
1413394966.655760527,21.7265
1413394966.705760479,23.2549
1413394966.755760431,24.2136
1413394966.805760384,21.5865
1413394966.855760574,20.8863
1413394966.905760527,26.1787
1413394966.955760479,27.252
1413394967.005760431,22.6324
1413394967.055760384,22.5446
1413394967.105760574,19.5761
1413394967.155760527,26.1383
1413394967.205760479,21.2534
1413394967.255760431,20.6882
1413394967.305760384,20.5578
1413394967.355760574,19.6516
1413394967.405760527,21.2956
1413394967.455760479,21.1239
1413394967.505760431,18.8996
1413394967.555760384,23.9298
1413394967.605760574,21.8605
1413394967.655760527,20.5753
1413394967.705760479,19.4591
1413394967.755760431,23.5701
1413394967.805760384,19.5282
1413394967.855760574,19.0693
1413394967.905760527,18.7361
1413394967.955760479,23.1833
1413394968.005760431,19.3075
1413394968.055760384,18.5969
1413394968.105760574,19.657
1413394968.155760527,21.8681
1413394968.205760479,16.9843
1413394968.255760431,16.8355
1413394968.305760384,18.6265
1413394968.355760574,19.6555
1413394968.405760527,17.8769
1413394968.455760479,17.9167
1413394968.505760431,19.9942
1413394968.555760384,21.272
1413394968.605760574,17.3675
1413394968.655760527,17.4358
1413394968.705760479,19.0639
1413394968.755760431,20.8718
1413394968.805760384,17.4609
1413394968.855760574,17.0215
1413394968.905760527,15.4632
1413394968.955760479,20.4178
1413394969.005760431,15.7508
1413394969.055760384,14.0964
1413394969.155760527,15.991
1413394969.255760431,17.0515
1413394969.355760574,13.6144
1413394969.455760479,16.536
1413394969.555760384,16.3723
1413394969.655760527,14.6585
1413394969.755760431,12.9809
1413394969.855760574,16.8262
1413394969.955760479,15.7905
1413394970.055760384,14.629
1413394970.155760527,12.914
1413394970.255760431,14.3253
1413394970.355760574,12.0507
1413394970.455760479,10.9074
1413394970.555760384,12.4991
1413394970.655760527,13.0918
1413394970.755760431,13.3146
1413394970.855760574,12.9851
1413394970.955760479,13.3213
1413394971.055760384,15.0062
1413394971.155760527,11.3912
1413394971.255760431,14.6256
1413394971.355760574,13.7219
1413394971.455760479,13.1008
1413394971.555760384,15.8642
1413394971.655760527,14.6488
1413394971.755760431,11.3145
1413394971.855760574,13.479
1413394971.955760479,12.8989
1413394972.055760384,11.5868
1413394972.155760527,8.32295
1413394972.255760431,11.2427
1413394972.355760574,12.6204
1413394972.455760479,13.7076
1413394972.555760384,12.4926
1413394972.655760527,15.4425
1413394972.755760431,13.8672
1413394972.855760574,15.3508
1413394972.955760479,16.1054
1413394973.005760431,16.3318
1413394973.055760384,11.7655
1413394973.105760574,17.7714
1413394973.155760527,16.5495
1413394973.205760479,18.2346
1413394973.255760431,23.7448
1413394973.305760384,21.3168
1413394973.355760574,21.5661
1413394973.405760527,21.5276
1413394973.455760479,21.3396
1413394973.505760431,24.6486
1413394973.555760384,23.0089
1413394973.605760574,23.2906
1413394973.655760527,21.5938
1413394973.705760479,27.9343
1413394973.755760431,23.2853
1413394973.805760384,23.4683
1413394973.855760574,22.9881
1413394973.905760527,25.1117
1413394973.955760479,23.3179
1413394974.005760431,23.9398
1413394974.055760384,23.2393
1413394974.105760574,25.2356
1413394974.155760527,24.0399
1413394974.205760479,23.2161
1413394974.255760431,20.8036
1413394974.305760384,25.8229
1413394974.355760574,23.9308
1413394974.405760527,23.3327
1413394974.455760479,25.0707
1413394974.505760431,27.4926
1413394974.555760384,24.1544
1413394974.605760574,23.454
1413394974.655760527,21.4121
1413394974.705760479,26.2436
1413394974.755760431,24.3687
1413394974.805760384,23.9094
1413394974.855760574,22.3113
1413394974.905760527,25.9292
1413394974.955760479,23.6282
1413394975.005760431,23.3727
1413394975.055760384,20.8188
1413394975.105760574,25.5096
1413394975.155760527,22.132
1413394975.205760479,21.9478
1413394975.255760431,24.7199
1413394975.305760384,24.0251
1413394975.355760574,21.4084
1413394975.405760527,20.2197
1413394975.455760479,19.5871
1413394975.505760431,24.3933
1413394975.555760384,19.4737
1413394975.605760574,18.2858
1413394975.655760527,22.3836
1413394975.755760431,23.0599
1413394975.805760384,19.0814
1413394975.855760574,18.5816
1413394975.955760479,23.3573
1413394976.055760384,20.5359
1413394976.155760527,19.7388
1413394976.255760431,19.5037
1413394976.355760574,19.897
1413394976.455760479,20.761
1413394976.505760431,18.1481
1413394976.605760574,20.2489
1413394976.705760479,21.5061
1413394976.755760431,18.6655
1413394976.805760384,19.4775
1413394976.855760574,18.0134
1413394976.905760527,20.2007
1413394976.955760479,22.0223
1413394977.005760431,19.0795
1413394977.105760574,16.7689
1413394977.155760527,22.1323
1413394977.205760479,19.9232
1413394977.305760384,17.1837
1413394977.405760527,19.928
1413394977.505760431,19.0289
1413394977.605760574,18.7257
1413394977.705760479,15.2678
1413394977.805760384,16.2841
1413394977.905760527,17.0512
1413394978.005760431,16.5032
1413394978.105760574,19.6866
1413394978.155760527,17.6783
1413394978.205760479,18.3405
1413394978.255760431,19.5899
1413394978.305760384,16.1179
1413394978.355760574,15.5178
1413394978.405760527,19.4988
1413394978.455760479,17.9161
1413394978.505760431,17.0929
1413394978.555760384,16.7431
1413394978.605760574,21.792
1413394978.655760527,22.8352
1413394978.705760479,18.3383
1413394978.755760431,17.5397
1413394978.805760384,15.9689
1413394978.855760574,22.5012
1413394978.905760527,16.8598
1413394978.955760479,17.6325
1413394979.005760431,15.2795
1413394979.055760384,19.5317
1413394979.105760574,16.0205
1413394979.155760527,14.5556
1413394979.205760479,16.1168
1413394979.255760431,16.4954
1413394979.305760384,13.3653
1413394979.355760574,11.4949
1413394979.405760527,11.8349
1413394979.455760479,11.2295
1413394979.505760431,7.3244
1413394979.555760384,12.1995
1413394979.605760574,12.3902
1413394979.655760527,11.7407
1413394979.705760479,10.4852
1413394979.755760431,11.0501
1413394979.805760384,7.27731
1413394979.855760574,7.8525
1413394979.905760527,9.55391
1413394979.955760479,15.5637
1413394980.005760431,15.1378
1413394980.055760384,19.8254
1413394980.105760574,15.9639
1413394980.155760527,18.7479
1413394980.205760479,17.8827
1413394980.255760431,21.6897
1413394980.305760384,18.7443
1413394980.355760574,18.0626
1413394980.405760527,17.5524
1413394980.455760479,21.5703
1413394980.505760431,18.0548
1413394980.555760384,17.5461
1413394980.605760574,18.3055
1413394980.655760527,21.305
1413394980.705760479,17.9453
1413394980.755760431,17.9784
1413394980.805760384,18.6716
1413394980.855760574,22.7194
1413394980.905760527,18.0758
1413394980.955760479,17.8878
1413394981.005760431,23.1733
1413394981.055760384,22.8966
1413394981.105760574,18.8114
1413394981.155760527,19.1927
1413394981.205760479,19.8615
1413394981.255760431,22.8719
1413394981.305760384,19.9675
1413394981.355760574,19.6313
1413394981.405760527,19.0345
1413394981.455760479,23.3272
1413394981.505760431,20.267
1413394981.555760384,19.7263
1413394981.605760574,22.3343
1413394981.655760527,23.0425
1413394981.705760479,19.0592
1413394981.755760431,18.6855
1413394981.805760384,17.9185
1413394981.855760574,21.8963
1413394981.905760527,18.9832
1413394981.955760479,18.9463
1413394982.005760431,21.9597
1413394982.055760384,16.7347
1413394982.105760574,17.7511
1413394982.155760527,18.2651
1413394982.205760479,17.8366
1413394982.255760431,19.4016
1413394982.305760384,16.0344
1413394982.355760574,18.2179
1413394982.405760527,17.1459
1413394982.455760479,17.8733
1413394982.505760431,15.1825
1413394982.555760384,14.6419
1413394982.605760574,16.8972
1413394982.655760527,15.6927
1413394982.705760479,14.3191
1413394982.755760431,13.2243
1413394982.805760384,17.5722
1413394982.855760574,18.3815
1413394982.905760527,12.9315
1413394983.005760431,12.3499
1413394983.105760574,14.4367
1413394983.205760479,13.1379
1413394983.305760384,10.9197
1413394983.405760527,12.779
1413394983.505760431,10.4441
1413394983.605760574,13.2358
1413394983.705760479,11.9114
1413394983.805760384,11.2809
1413394983.905760527,13.3404
1413394984.005760431,12.5722
1413394984.105760574,13.4974
1413394984.205760479,16.0451
1413394984.305760384,12.1839
1413394984.405760527,12.1568
1413394984.505760431,16.2625
1413394984.605760574,15.1395
1413394984.705760479,13.9142
1413394984.805760384,12.8922
1413394984.905760527,12.6937
1413394985.005760431,16.447
1413394985.105760574,12.4411
1413394985.205760479,15.4362
1413394985.305760384,14.4359
1413394985.405760527,14.8195
1413394985.505760431,14.5956
1413394985.605760574,14.4217
1413394985.705760479,13.8096
1413394985.805760384,12.9244
1413394985.905760527,14.3004
1413394986.005760431,15.0048
1413394986.105760574,14.2885
1413394986.205760479,10.9132
1413394986.305760384,13.3598
1413394986.405760527,11.5521
1413394986.505760431,12.6269
1413394986.605760574,11.4541
1413394986.705760479,11.2056
1413394986.805760384,10.9877
1413394986.905760527,7.39541
1413394987.005760431,9.16878
1413394987.105760574,10.6054
1413394987.205760479,8.55399
1413394987.305760384,5.00369
1413394987.405760527,8.28784
1413394987.505760431,5.38057
1413394987.605760574,4.80747
1413394987.705760479,3.13735
1413394987.805760384,3.6045
1413394987.905760527,4.61518
1413394988.005760431,3.5498
1413394988.105760574,2.43797
1413394988.205760479,4.19182
1413394988.305760384,3.4864
1413394988.405760527,3.99856
1413394988.505760431,3.22245
1413394988.605760574,3.36046
1413394988.705760479,5.99763
1413394988.805760384,7.2823
1413394988.905760527,5.09972
1413394989.005760431,5.78052
1413394989.105760574,5.2219
1413394989.205760479,8.3847
1413394989.305760384,7.08054
1413394989.405760527,10.2527
1413394989.505760431,11.017
1413394989.605760574,11.076
1413394989.705760479,11.1579
1413394989.805760384,9.46082
1413394989.905760527,10.8711
1413394990.005760431,9.31866
1413394990.105760574,9.83766
1413394990.155760527,11.9781
1413394990.205760479,11.1794
1413394990.255760431,12.9801
1413394990.355760574,14.2317
1413394990.405760527,11.1352
1413394990.455760479,13.1139
1413394990.505760431,14.5093
1413394990.555760384,16.6516
1413394990.605760574,16.4035
1413394990.655760527,15.3838
1413394990.705760479,16.4995
1413394990.755760431,15.9586
1413394990.805760384,19.8168
1413394990.855760574,18.1383
1413394990.905760527,18.61
1413394990.955760479,14.5493
1413394991.005760431,16.8264
1413394991.055760384,20.3261
1413394991.105760574,17.7756
1413394991.155760527,15.0692
1413394991.205760479,18.7735
1413394991.255760431,18.3094
1413394991.305760384,18.9491
1413394991.355760574,15.991
1413394991.405760527,17.6926
1413394991.455760479,17.3678
1413394991.505760431,17.3081
1413394991.555760384,14.8556
1413394991.605760574,17.5959
1413394991.655760527,20.0013
1413394991.705760479,17.4394
1413394991.755760431,15.2458
1413394991.805760384,18.0262
1413394991.855760574,17.9522
1413394991.905760527,19.3925
1413394991.955760479,15.8731
1413394992.005760431,18.0219
1413394992.055760384,19.4214
1413394992.105760574,19.5287
1413394992.155760527,16.0222
1413394992.205760479,19.6624
1413394992.255760431,18.5468
1413394992.305760384,19.7553
1413394992.355760574,16.4513
1413394992.405760527,18.9166
1413394992.455760479,20.0931
1413394992.505760431,20.2856
1413394992.555760384,16.6895
1413394992.605760574,19.5965
1413394992.655760527,19.7818
1413394992.705760479,20.3103
1413394992.755760431,17.0929
1413394992.805760384,18.5566
1413394992.855760574,22.2076
1413394992.905760527,19.2409
1413394992.955760479,17.3561
1413394993.005760431,16.3642
1413394993.055760384,21.8351
1413394993.105760574,21.7148
1413394993.155760527,17.5489
1413394993.205760479,19.0574
1413394993.255760431,20.5768
1413394993.305760384,22.4518
1413394993.355760574,16.3941
1413394993.405760527,18.1403
1413394993.455760479,19.2021
1413394993.505760431,17.3966
1413394993.555760384,16.8393
1413394993.605760574,15.5266
1413394993.655760527,18.4023
1413394993.705760479,21.5992
1413394993.755760431,15.7085
1413394993.805760384,18.3749
1413394993.855760574,15.0371
1413394993.905760527,17.8704
1413394993.955760479,13.783
1413394994.005760431,16.0382
1413394994.055760384,16.8797
1413394994.105760574,16.2538
1413394994.155760527,12.5259
1413394994.205760479,14.774
1413394994.305760384,11.8534
1413394994.405760527,17.6434
1413394994.505760431,14.2787
1413394994.605760574,16.2625
1413394994.705760479,15.4633
1413394994.805760384,15.5961
1413394994.905760527,17.5615
1413394995.005760431,17.3503
1413394995.105760574,16.6708
1413394995.205760479,16.1787
1413394995.305760384,10.7365
1413394995.405760527,10.686
1413394995.505760431,11.4187
1413394995.605760574,12.3505
1413394995.705760479,6.39329
1413394995.805760384,9.20473
1413394995.905760527,10.1306
1413394996.005760431,9.16508
1413394996.105760574,18.7345
1413394996.205760479,16.4546
1413394996.305760384,15.0014
1413394996.405760527,8.39403
1413394996.505760431,5.45918
1413394996.605760574,7.77303
1413394996.705760479,7.42445
1413394996.805760384,8.08238
1413394996.905760527,8.44071
1413394997.005760431,8.70435
1413394997.105760574,9.65816
1413394997.205760479,10.4048
1413394997.305760384,8.55586
1413394997.405760527,9.88282
1413394997.505760431,8.67144
1413394997.605760574,9.71545
1413394997.705760479,6.92576
1413394997.805760384,10.4577
1413394997.905760527,8.2897
1413394998.005760431,10.1736
1413394998.105760574,7.8925
1413394998.205760479,9.42795
1413394998.305760384,10.2155
