1403636858.701666594,0
1403636858.751666546,0
1403636858.801666498,11.8448
1403636858.851666451,12.5637
1403636858.901666403,14.3569
1403636858.951666594,15.1942
1403636859.001666546,17.9372
1403636859.051666498,15.8636
1403636859.101666451,19.3929
1403636859.151666403,20.7677
1403636859.201666594,24.2666
1403636859.251666546,27.2364
1403636859.301666498,28.833
1403636859.351666451,32.0752
1403636859.401666403,37.3347
1403636859.451666594,41.8298
1403636859.501666546,44.6566
1403636859.551666498,48.5272
1403636859.601666451,56.01
1403636859.651666403,61.3338
1403636859.701666594,65.0849
1403636859.751666546,75.3904
1403636859.801666498,94.9242
1403636859.851666451,77.8051
1403636859.901666403,76.8355
1403636859.951666594,76.7578
1403636860.001666546,76.5674
1403636860.051666498,75.2658
1403636860.101666451,74.5799
1403636860.151666403,74.4186
1403636860.201666594,74.8416
1403636860.251666546,75.034
1403636860.301666498,76.0644
1403636860.351666451,76.8683
1403636860.401666403,99.8959
1403636860.451666594,75.8914
1403636860.501666546,72.8632
1403636860.551666498,81.9737
1403636860.601666451,80.6552
1403636860.651666403,68.1142
1403636860.701666594,76.2051
1403636860.751666546,64.2027
1403636860.801666498,69.4117
1403636860.851666451,63.1966
1403636860.901666403,64.9734
1403636860.951666594,66.1512
1403636861.001666546,78.3227
1403636861.051666498,69.4518
1403636861.101666451,70.6149
1403636861.151666403,72.2644
1403636861.201666594,75.399
1403636861.251666546,75.7406
1403636861.301666498,77.1067
1403636861.351666451,78.1024
1403636861.401666403,79.7743
1403636861.451666594,78.798
1403636861.501666546,78.3959
1403636861.551666498,77.6452
1403636861.601666451,77.5058
1403636861.651666403,78.6123
1403636861.701666594,79.3982
1403636861.751666546,86.1287
1403636861.801666498,78.9739
1403636861.851666451,81.1656
1403636861.901666403,80.6728
1403636861.951666594,78.9156
1403636862.001666546,77.2223
1403636862.051666498,86.3321
1403636862.101666451,74.3318
1403636862.151666403,72.5537
1403636862.201666594,76.3984
1403636862.251666546,67.8384
1403636862.301666498,66.6223
1403636862.351666451,67.3454
1403636862.401666403,68.2428
1403636862.451666594,69.8239
1403636862.501666546,70.309
1403636862.551666498,84.5199
1403636862.601666451,72.5436
1403636862.651666403,74.573
1403636862.701666594,75.9835
1403636862.751666546,77.8712
1403636862.801666498,78.093
1403636862.851666451,79.1098
1403636862.901666403,81.604
1403636862.951666594,81.9057
1403636863.001666546,82.7705
1403636863.051666498,88.3907
1403636863.101666451,81.5172
1403636863.151666403,81.6451
1403636863.201666594,93.9951
1403636863.251666546,81.2996
1403636863.301666498,92.4888
1403636863.351666451,85.3541
1403636863.401666403,81.0271
1403636863.451666594,79.6294
1403636863.501666546,80.7717
1403636863.551666498,79.9539
1403636863.601666451,79.1149
1403636863.651666403,78.5431
1403636863.701666594,76.5759
1403636863.751666546,75.7124
1403636863.801666498,74.158
1403636863.851666451,71.2664
1403636863.901666403,70.9444
1403636863.951666594,88.5451
1403636864.001666546,78.5115
1403636864.051666498,74.4533
1403636864.101666451,75.5997
1403636864.151666403,77.3679
1403636864.201666594,79.5675
1403636864.251666546,81.1529
1403636864.301666498,82.2989
1403636864.351666451,82.2139
1403636864.401666403,85.8439
1403636864.451666594,87.9512
1403636864.501666546,87.6817
1403636864.551666498,86.7556
1403636864.601666451,87.3361
1403636864.651666403,88.2882
1403636864.701666594,89.5322
1403636864.751666546,89.0365
1403636864.801666498,88.6937
1403636864.851666451,105.426
1403636864.901666403,90.2738
1403636864.951666594,89.5053
1403636865.001666546,88.8213
1403636865.051666498,88.6344
1403636865.101666451,88.3582
1403636865.151666403,85.8355
1403636865.201666594,84.8692
1403636865.251666546,85.7168
1403636865.301666498,86.8248
1403636865.351666451,85.0559
1403636865.401666403,83.638
1403636865.451666594,82.2903
1403636865.501666546,81.7408
1403636865.551666498,81.2716
1403636865.601666451,82.8608
1403636865.651666403,83.2138
1403636865.701666594,84.533
1403636865.751666546,88.4994
1403636865.801666498,89.4043
1403636865.851666451,91.2586
1403636865.901666403,91.0398
1403636865.951666594,91.4672
1403636866.001666546,92.5568
1403636866.051666498,95.9668
1403636866.101666451,97.1042
1403636866.151666403,97.9814
1403636866.201666594,101.446
1403636866.251666546,100.296
1403636866.301666498,101.166
1403636866.351666451,103.218
1403636866.401666403,102.861
1403636866.451666594,101.118
1403636866.501666546,99.9993
1403636866.551666498,99.2543
1403636866.601666451,98.7051
1403636866.651666403,99.4523
1403636866.701666594,102.132
1403636866.751666546,103.154
1403636866.801666498,102.526
1403636866.851666451,100.989
1403636866.901666403,101.138
1403636866.951666594,116.114
1403636867.001666546,97.4949
1403636867.051666498,104.905
1403636867.101666451,98.2699
1403636867.151666403,98.2059
1403636867.201666594,98.8873
1403636867.251666546,105.715
1403636867.301666498,105.916
1403636867.351666451,97.606
1403636867.401666403,97.7535
1403636867.451666594,96.4304
1403636867.501666546,96.1728
1403636867.551666498,124.704
1403636867.601666451,98.1986
1403636867.651666403,96.9737
1403636867.701666594,98.4172
1403636867.751666546,97.4428
1403636867.801666498,100.918
1403636867.851666451,95.315
1403636867.901666403,97.5941
1403636867.951666594,94.9201
1403636868.001666546,98.3998
1403636868.051666498,97.3406
1403636868.101666451,96.0683
1403636868.151666403,96.1973
1403636868.201666594,97.2219
1403636868.251666546,98.88
1403636868.301666498,98.4346
1403636868.351666451,97.2749
1403636868.401666403,104.65
1403636868.451666594,97.5499
1403636868.501666546,98.3203
1403636868.551666498,99.4867
1403636868.601666451,99.5486
1403636868.651666403,98.6725
1403636868.701666594,100.34
1403636868.751666546,95.2603
1403636868.801666498,99.8661
1403636868.851666451,99.3859
1403636868.901666403,97.6817
1403636868.951666594,98.1466
1403636869.001666546,99.3532
1403636869.051666498,98.5259
1403636869.101666451,99.339
1403636869.151666403,99.8577
1403636869.201666594,101.166
1403636869.251666546,105
1403636869.301666498,100.491
1403636869.351666451,99.1804
1403636869.401666403,99.7566
1403636869.451666594,99.4193
1403636869.501666546,99.4306
1403636869.551666498,99.801
1403636869.601666451,100.982
1403636869.651666403,102.665
1403636869.701666594,102.034
1403636869.751666546,102.241
1403636869.801666498,102.863
1403636869.851666451,108.175
1403636869.901666403,103.797
1403636869.951666594,104.816
1403636870.001666546,104.641
1403636870.051666498,106.692
1403636870.101666451,109.805
1403636870.151666403,109.379
1403636870.201666594,109.332
1403636870.251666546,112.129
1403636870.301666498,107.105
1403636870.351666451,106.087
1403636870.401666403,112.867
1403636870.451666594,106.219
1403636870.501666546,106.455
1403636870.551666498,113.701
1403636870.601666451,104.045
1403636870.651666403,104.174
1403636870.701666594,104.311
1403636870.751666546,102.731
1403636870.801666498,102.559
1403636870.851666451,105.235
1403636870.901666403,102.056
1403636870.951666594,102.073
1403636871.001666546,101.462
1403636871.051666498,101.014
1403636871.101666451,100.813
1403636871.151666403,99.4253
1403636871.201666594,99.4537
1403636871.251666546,98.9782
1403636871.301666498,99.926
1403636871.351666451,99.8591
1403636871.401666403,100.942
1403636871.451666594,106.803
1403636871.501666546,101.448
1403636871.551666498,101.684
1403636871.601666451,101.755
1403636871.651666403,103.64
1403636871.701666594,105.406
1403636871.751666546,104.513
1403636871.801666498,107.402
1403636871.851666451,104.863
1403636871.901666403,111.886
1403636871.951666594,108.574
1403636872.001666546,106.986
1403636872.051666498,140.879
1403636872.101666451,105.34
1403636872.151666403,103.271
1403636872.201666594,101.906
1403636872.251666546,100.724
1403636872.301666498,100.407
1403636872.351666451,104.401
1403636872.401666403,103.897
1403636872.451666594,106.522
1403636872.501666546,106.847
1403636872.551666498,107.604
1403636872.601666451,107.497
1403636872.651666403,107.629
1403636872.701666594,108.63
1403636872.751666546,108.379
1403636872.801666498,113.186
1403636872.851666451,105.425
1403636872.901666403,104.48
1403636872.951666594,103.201
1403636873.001666546,105.74
1403636873.051666498,105.753
1403636873.101666451,106.766
1403636873.151666403,108.441
1403636873.201666594,109.833
1403636873.251666546,116.02
1403636873.301666498,112.35
1403636873.351666451,112.381
1403636873.401666403,111.855
1403636873.451666594,110.657
1403636873.501666546,110.626
1403636873.551666498,110.796
1403636873.601666451,109.683
1403636873.651666403,105.858
1403636873.701666594,111.443
1403636873.751666546,106.569
1403636873.801666498,106.141
1403636873.851666451,105.79
1403636873.901666403,105.298
1403636873.951666594,100.343
1403636874.001666546,100.285
1403636874.051666498,100.504
1403636874.101666451,99.7464
1403636874.151666403,99.7265
1403636874.201666594,99.6631
1403636874.251666546,98.5016
1403636874.301666498,103.957
1403636874.351666451,99.2626
1403636874.401666403,104.02
1403636874.451666594,103.754
1403636874.501666546,104.555
1403636874.551666498,106.676
1403636874.601666451,105.817
1403636874.651666403,106.354
1403636874.701666594,106.232
1403636874.751666546,108.682
1403636874.801666498,106.818
1403636874.851666451,111.641
1403636874.901666403,108.645
1403636874.951666594,109.306
1403636875.001666546,107.752
1403636875.051666498,106.924
1403636875.101666451,107.327
1403636875.151666403,108.285
1403636875.201666594,108.603
1403636875.251666546,109.907
1403636875.301666498,115.148
1403636875.351666451,115.307
1403636875.401666403,114.074
1403636875.451666594,114.916
1403636875.501666546,114.019
1403636875.551666498,114.286
1403636875.601666451,112.709
1403636875.651666403,112.473
1403636875.701666594,111.251
1403636875.751666546,115.746
1403636875.801666498,111.497
1403636875.851666451,110.744
1403636875.901666403,108.049
1403636875.951666594,108.721
1403636876.001666546,114.125
1403636876.051666498,113.477
1403636876.101666451,114.527
1403636876.151666403,115.274
1403636876.201666594,111.682
1403636876.251666546,117.573
1403636876.301666498,115.461
1403636876.351666451,115.268
1403636876.401666403,113.671
1403636876.451666594,114.562
1403636876.501666546,116.094
1403636876.551666498,113.433
1403636876.601666451,116.115
1403636876.651666403,114.484
1403636876.701666594,116.058
1403636876.751666546,111.87
1403636876.801666498,113.586
1403636876.851666451,109.795
1403636876.901666403,112.542
1403636876.951666594,112.445
1403636877.001666546,112.055
1403636877.051666498,109.834
1403636877.101666451,111.38
1403636877.151666403,110.676
1403636877.201666594,121.341
1403636877.251666546,108.485
1403636877.301666498,110.867
1403636877.351666451,111.163
1403636877.401666403,126.106
1403636877.451666594,108.266
1403636877.501666546,105.081
1403636877.551666498,103.281
1403636877.601666451,103.125
1403636877.651666403,99.6804
1403636877.701666594,97.3191
1403636877.751666546,97.7883
1403636877.801666498,96.781
1403636877.851666451,98.1114
1403636877.901666403,97.9157
1403636877.951666594,98.0071
1403636878.001666546,95.6475
1403636878.051666498,97.849
1403636878.101666451,97.9012
1403636878.151666403,99.5518
1403636878.201666594,98.6143
1403636878.251666546,100.051
1403636878.301666498,97.8152
1403636878.351666451,99.6627
1403636878.401666403,101.472
1403636878.451666594,103.426
1403636878.501666546,99.2821
1403636878.551666498,97.9979
1403636878.601666451,99.9825
1403636878.651666403,99.7162
1403636878.701666594,99.7762
1403636878.751666546,98.1387
1403636878.801666498,100.144
1403636878.851666451,98.5558
1403636878.901666403,98.0323
1403636878.951666594,101.534
1403636879.001666546,102.054
1403636879.051666498,101.488
1403636879.101666451,101.12
1403636879.151666403,98.8085
1403636879.201666594,99.0139
1403636879.251666546,99.9947
1403636879.301666498,98.0844
1403636879.351666451,96.6722
1403636879.401666403,96.2055
1403636879.451666594,97.149
1403636879.501666546,101.743
1403636879.551666498,106.132
1403636879.601666451,98.9045
1403636879.651666403,99.7615
1403636879.701666594,100.317
1403636879.751666546,99.4474
1403636879.801666498,100.574
1403636879.851666451,111.222
1403636879.901666403,102.383
1403636879.951666594,103.75
1403636880.001666546,105.207
1403636880.051666498,102.582
1403636880.101666451,102.771
1403636880.151666403,101.364
1403636880.201666594,102.107
1403636880.251666546,102.383
1403636880.301666498,102.688
1403636880.351666451,102.143
1403636880.401666403,105.754
1403636880.451666594,107.189
1403636880.501666546,103.913
1403636880.551666498,107.659
1403636880.601666451,103.391
1403636880.651666403,106.314
1403636880.701666594,102.353
1403636880.751666546,101.906
1403636880.801666498,105.397
1403636880.851666451,104.66
1403636880.901666403,107.002
1403636880.951666594,105.44
1403636881.001666546,105.734
1403636881.051666498,107.025
1403636881.101666451,106.344
1403636881.151666403,105.675
1403636881.201666594,110.062
1403636881.251666546,109.574
1403636881.301666498,108.997
1403636881.351666451,107.86
1403636881.401666403,108.386
1403636881.451666594,105.963
1403636881.501666546,106.25
1403636881.551666498,106.899
1403636881.601666451,107.208
1403636881.651666403,107.269
1403636881.701666594,106.225
1403636881.751666546,104.436
1403636881.801666498,105.594
1403636881.851666451,107.511
1403636881.901666403,107.888
1403636881.951666594,105.241
1403636882.001666546,103.56
1403636882.051666498,104.385
1403636882.101666451,102.413
1403636882.151666403,104.696
1403636882.201666594,105.578
1403636882.251666546,105.801
1403636882.301666498,107.329
1403636882.351666451,107.396
1403636882.401666403,106.967
1403636882.451666594,108.52
1403636882.501666546,108.144
1403636882.551666498,107.395
1403636882.601666451,107.009
1403636882.651666403,105.521
1403636882.701666594,106.79
1403636882.751666546,107.896
1403636882.801666498,105.875
1403636882.851666451,114.155
1403636882.901666403,105.083
1403636882.951666594,107.728
1403636883.001666546,107.674
1403636883.051666498,103.076
1403636883.101666451,102.69
1403636883.151666403,104.236
1403636883.201666594,101.613
1403636883.251666546,99.1414
1403636883.301666498,100.413
1403636883.351666451,98.1885
1403636883.401666403,96.9302
1403636883.451666594,95.9544
1403636883.501666546,96.2297
1403636883.551666498,124.089
1403636883.601666451,95.0915
1403636883.651666403,95.934
1403636883.701666594,95.3658
1403636883.751666546,109.277
1403636883.801666498,94.5142
1403636883.851666451,92.3073
1403636883.901666403,91.3713
1403636883.951666594,91.7207
1403636884.001666546,97.6676
1403636884.051666498,92.7523
1403636884.101666451,92.0942
1403636884.151666403,91.5108
1403636884.201666594,92.5376
1403636884.251666546,92.0155
1403636884.301666498,91.5288
1403636884.351666451,92.1471
1403636884.401666403,90.2771
1403636884.451666594,91.4049
1403636884.501666546,90.13
1403636884.551666498,90.9406
1403636884.601666451,90.4513
1403636884.651666403,90.2996
1403636884.701666594,91.3561
1403636884.751666546,90.6776
1403636884.801666498,90.1439
1403636884.851666451,90.2189
1403636884.901666403,90.2893
1403636884.951666594,89.4307
1403636885.001666546,90.1608
1403636885.051666498,90.486
1403636885.101666451,90.0261
1403636885.151666403,90.4886
1403636885.201666594,89.803
1403636885.251666546,89.9398
1403636885.301666498,90.1179
1403636885.351666451,90.3242
1403636885.401666403,89.5184
1403636885.451666594,89.9448
1403636885.501666546,89.4729
1403636885.551666498,89.547
1403636885.601666451,89.4584
1403636885.651666403,89.4676
1403636885.701666594,90.0484
1403636885.751666546,90.1797
1403636885.801666498,125.304
1403636885.851666451,89.7601
1403636885.901666403,90.6726
1403636885.951666594,90.682
1403636886.001666546,90.1417
1403636886.051666498,118.223
1403636886.101666451,89.712
1403636886.151666403,89.9422
1403636886.201666594,89.8232
1403636886.251666546,90.1929
1403636886.301666498,89.6187
1403636886.351666451,90.136
1403636886.401666403,90.0995
1403636886.451666594,89.3221
1403636886.501666546,90.0258
1403636886.551666498,89.7298
1403636886.601666451,89.7799
1403636886.651666403,89.6107
1403636886.701666594,89.2885
1403636886.751666546,89.0223
1403636886.801666498,89.731
1403636886.851666451,89.539
1403636886.901666403,89.9207
1403636886.951666594,89.2263
1403636887.001666546,90.2995
1403636887.051666498,89.6909
1403636887.101666451,89.8213
1403636887.151666403,90.3759
1403636887.201666594,90.8513
1403636887.251666546,90.0348
1403636887.301666498,89.9787
1403636887.351666451,103.587
1403636887.401666403,90.1641
1403636887.451666594,89.2716
1403636887.501666546,89.8499
1403636887.551666498,110.915
1403636887.601666451,89.4688
1403636887.651666403,89.8807
1403636887.701666594,89.3084
1403636887.751666546,90.5445
1403636887.801666498,89.9962
1403636887.851666451,90.3315
1403636887.901666403,118.418
1403636887.951666594,90.5392
1403636888.001666546,97.9673
1403636888.051666498,91.4616
1403636888.101666451,111.089
1403636888.151666403,90.8046
1403636888.201666594,91.2567
1403636888.251666546,90.6501
1403636888.301666498,145.763
1403636888.351666451,138.365
1403636888.401666403,90.5924
1403636888.451666594,90.2635
1403636888.501666546,90.7511
1403636888.551666498,90.7945
1403636888.601666451,97.1855
1403636888.651666403,90.8064
1403636888.701666594,92.0441
1403636888.751666546,91.6233
1403636888.801666498,105.013
1403636888.851666451,90.4456
1403636888.901666403,90.6297
1403636888.951666594,90.3105
1403636889.001666546,103.611
1403636889.051666498,90.208
1403636889.101666451,90.4814
1403636889.151666403,89.9752
1403636889.201666594,90.094
1403636889.251666546,118.325
1403636889.301666498,90.6278
1403636889.351666451,90.2744
1403636889.401666403,90.64
1403636889.451666594,117.492
1403636889.501666546,89.8351
1403636889.551666498,90.5815
1403636889.601666451,104.057
1403636889.651666403,90.4181
1403636889.701666594,97.3446
1403636889.751666546,98.4002
1403636889.801666498,90.0789
1403636889.851666451,96.6541
1403636889.901666403,97.2337
1403636889.951666594,91.9372
1403636890.001666546,91.4722
1403636890.051666498,91.5258
1403636890.101666451,91.372
1403636890.151666403,92.2903
1403636890.201666594,91.1096
1403636890.251666546,91.5404
1403636890.301666498,92.205
1403636890.351666451,91.5164
1403636890.401666403,91.9331
1403636890.451666594,90.8803
1403636890.501666546,91.7875
1403636890.551666498,90.7909
1403636890.601666451,120.128
1403636890.651666403,91.3777
1403636890.701666594,120.186
1403636890.751666546,91.3437
1403636890.801666498,91.6608
1403636890.851666451,91.5844
1403636890.901666403,91.4506
1403636890.951666594,118.926
1403636891.001666546,119.056
1403636891.051666498,111.909
1403636891.101666451,90.8547
1403636891.151666403,90.8115
1403636891.201666594,98.6469
1403636891.251666546,91.133
1403636891.301666498,92.206
1403636891.351666451,92.2338
1403636891.401666403,91.1411
1403636891.451666594,125.776
1403636891.501666546,133.575
1403636891.551666498,91.0397
1403636891.601666451,98.8297
1403636891.651666403,153.94
1403636891.701666594,91.6385
1403636891.751666546,91.1603
1403636891.801666498,112.334
1403636891.851666451,90.9822
1403636891.901666403,142.09
1403636891.951666594,90.7291
1403636892.001666546,91.1672
1403636892.051666498,91.095
1403636892.101666451,91.6425
1403636892.151666403,105.338
1403636892.201666594,154.679
1403636892.251666546,91.6236
1403636892.301666498,91.5421
1403636892.351666451,91.5396
1403636892.401666403,91.1772
1403636892.451666594,91.1969
1403636892.501666546,91.0437
1403636892.551666498,90.433
1403636892.601666451,91.0784
1403636892.651666403,90.9804
1403636892.701666594,91.025
1403636892.751666546,91.3033
1403636892.801666498,112.09
1403636892.851666451,91.0566
1403636892.901666403,92.1187
1403636892.951666594,92.1952
1403636893.001666546,91.6707
1403636893.051666498,92.2837
1403636893.101666451,91.987
1403636893.151666403,91.5735
1403636893.201666594,91.4699
1403636893.251666546,91.5576
1403636893.301666498,92.274
1403636893.351666451,107.958
1403636893.401666403,91.6361
1403636893.451666594,92.4476
1403636893.501666546,92.7214
1403636893.551666498,91.114
1403636893.601666451,93.1983
1403636893.651666403,92.1999
1403636893.701666594,92.1013
1403636893.751666546,91.2997
1403636893.801666498,134.662
1403636893.851666451,92.1448
1403636893.901666403,99.5698
1403636893.951666594,91.7691
1403636894.001666546,127.572
1403636894.051666498,92.0374
1403636894.101666451,92.4365
1403636894.151666403,92.3937
1403636894.201666594,92.4558
1403636894.251666546,91.8315
1403636894.301666498,92.3114
1403636894.351666451,92.2638
1403636894.401666403,113.811
1403636894.451666594,91.7762
1403636894.501666546,156.224
1403636894.551666498,121.754
1403636894.601666451,91.4927
1403636894.651666403,91.6632
1403636894.701666594,92.3397
1403636894.751666546,92.1215
1403636894.801666498,134.525
1403636894.851666451,92.4492
1403636894.901666403,92.1683
1403636894.951666594,91.4539
1403636895.001666546,92.107
1403636895.051666498,163.726
1403636895.101666451,91.4968
1403636895.151666403,105.878
1403636895.201666594,106.455
1403636895.251666546,98.7173
1403636895.301666498,155.398
1403636895.351666451,105.97
1403636895.401666403,91.4503
1403636895.451666594,91.3674
1403636895.501666546,98.3222
1403636895.551666498,92.2265
1403636895.601666451,105.757
1403636895.651666403,112.832
1403636895.701666594,91.3189
1403636895.751666546,90.8662
1403636895.801666498,91.4229
1403636895.851666451,92.5613
1403636895.901666403,92.5051
1403636895.951666594,93.2407
1403636896.001666546,108.432
1403636896.051666498,93.3853
1403636896.101666451,115.084
1403636896.151666403,92.7428
1403636896.201666594,93.4254
1403636896.251666546,92.6964
1403636896.301666498,114.392
1403636896.351666451,114.184
1403636896.401666403,92.1544
1403636896.451666594,92.9877
1403636896.501666546,92.182
1403636896.551666498,92.9621
1403636896.601666451,106.593
1403636896.651666403,93.4199
1403636896.701666594,93.5794
1403636896.751666546,93.0422
1403636896.801666498,92.6832
1403636896.851666451,93.7715
1403636896.901666403,107.296
1403636896.951666594,100.321
1403636897.001666546,93.0706
1403636897.051666498,92.7856
1403636897.101666451,92.6826
1403636897.151666403,93.7197
1403636897.201666594,92.4229
1403636897.251666546,107.366
1403636897.301666498,92.9721
1403636897.351666451,122.689
1403636897.401666403,94.2451
1403636897.451666594,92.7188
1403636897.501666546,93.9268
1403636897.551666498,92.7572
1403636897.601666451,94.451
1403636897.651666403,108.116
1403636897.701666594,92.5155
1403636897.751666546,99.6103
1403636897.801666498,118.487
1403636897.851666451,90.9499
1403636897.901666403,91.8424
1403636897.951666594,96.9521
1403636898.001666546,98.3974
1403636898.051666498,102.216
1403636898.101666451,111.584
1403636898.151666403,104.654
1403636898.201666594,105.907
1403636898.251666546,106.144
1403636898.301666498,105.712
1403636898.351666451,113.032
1403636898.401666403,105.542
1403636898.451666594,104.268
1403636898.501666546,104.622
1403636898.551666498,104.816
1403636898.601666451,104.626
1403636898.651666403,104.555
1403636898.701666594,110.33
1403636898.751666546,102.95
1403636898.801666498,102.7
1403636898.851666451,103.041
1403636898.901666403,104.612
1403636898.951666594,105.767
1403636899.001666546,104.643
1403636899.051666498,104.175
1403636899.101666451,103.944
1403636899.151666403,103.649
1403636899.201666594,104.626
1403636899.251666546,106.321
1403636899.301666498,107.853
1403636899.351666451,111.374
1403636899.401666403,124.655
1403636899.451666594,116.083
1403636899.501666546,116.676
1403636899.551666498,115.756
1403636899.601666451,130.674
1403636899.651666403,114.639
1403636899.701666594,116.663
1403636899.751666546,126.283
1403636899.801666498,118.017
1403636899.851666451,124.315
1403636899.901666403,121.951
1403636899.951666594,122.203
1403636900.001666546,122.987
1403636900.051666498,122.478
1403636900.101666451,124.767
1403636900.151666403,121.534
1403636900.201666594,121.907
1403636900.251666546,120.245
1403636900.301666498,125.868
1403636900.351666451,150.807
1403636900.401666403,124.467
1403636900.451666594,123.355
1403636900.501666546,124.064
1403636900.551666498,123.007
1403636900.601666451,123.556
1403636900.651666403,148.387
1403636900.701666594,128.192
1403636900.751666546,127.714
1403636900.801666498,126.891
1403636900.851666451,129.422
1403636900.901666403,124.245
1403636900.951666594,136.872
1403636901.001666546,127.582
1403636901.051666498,122.033
1403636901.101666451,128.018
1403636901.151666403,126.115
1403636901.201666594,125.651
1403636901.251666546,127.028
1403636901.301666498,126.711
1403636901.351666451,124.187
1403636901.401666403,123.565
1403636901.451666594,122.961
1403636901.501666546,121.837
1403636901.551666498,123.343
1403636901.601666451,146.198
1403636901.651666403,125.146
1403636901.701666594,123.325
1403636901.751666546,140.343
1403636901.801666498,122.342
1403636901.851666451,121.836
1403636901.901666403,124.383
1403636901.951666594,126.278
1403636902.001666546,163.579
1403636902.051666498,129.377
1403636902.101666451,130.954
1403636902.151666403,130.42
1403636902.201666594,130.55
1403636902.251666546,128.637
1403636902.301666498,122.548
1403636902.351666451,126.853
1403636902.401666403,126.862
1403636902.451666594,127.269
1403636902.501666546,149.383
1403636902.551666498,129.545
1403636902.601666451,129.267
1403636902.651666403,137.25
1403636902.701666594,128.214
1403636902.751666546,126.812
1403636902.801666498,127.548
1403636902.851666451,130.861
1403636902.901666403,133.3
1403636902.951666594,133.706
1403636903.001666546,134.364
1403636903.051666498,134.564
1403636903.101666451,131.987
1403636903.151666403,132.88
1403636903.201666594,133.659
1403636903.251666546,162.898
1403636903.301666498,135.342
1403636903.351666451,133.873
1403636903.401666403,134.622
1403636903.451666594,135.52
1403636903.501666546,137.557
1403636903.551666498,136.03
1403636903.601666451,136.494
1403636903.651666403,134.942
1403636903.701666594,141.132
1403636903.751666546,142.786
1403636903.801666498,142.207
1403636903.851666451,140.874
1403636903.901666403,141.883
1403636903.951666594,139.695
1403636904.001666546,139.041
1403636904.051666498,139.991
1403636904.101666451,140.568
1403636904.151666403,140.742
1403636904.201666594,138.26
1403636904.251666546,139.526
1403636904.301666498,173.163
1403636904.351666451,138.009
1403636904.401666403,136.748
1403636904.451666594,135.751
1403636904.501666546,134.843
1403636904.551666498,143.779
1403636904.601666451,142.793
1403636904.651666403,140.464
1403636904.701666594,139.239
1403636904.751666546,140.646
1403636904.801666498,137.167
1403636904.851666451,141.9
1403636904.901666403,152.502
1403636904.951666594,133.654
1403636905.001666546,141.66
1403636905.051666498,139.573
1403636905.101666451,138.551
1403636905.151666403,147.012
1403636905.201666594,139.035
1403636905.251666546,136.406
1403636905.301666498,144.632
1403636905.351666451,141.326
1403636905.401666403,142.187
1403636905.451666594,144.243
1403636905.501666546,143.556
1403636905.551666498,152.897
1403636905.601666451,141.892
1403636905.651666403,143.856
1403636905.701666594,148.544
1403636905.751666546,145.591
1403636905.801666498,143.611
1403636905.851666451,145.785
1403636905.901666403,145.817
1403636905.951666594,145.09
1403636906.001666546,145.81
1403636906.051666498,144.428
1403636906.101666451,153.547
1403636906.151666403,160.077
1403636906.201666594,148.535
1403636906.251666546,151.453
1403636906.301666498,149.711
1403636906.351666451,149.015
1403636906.401666403,148.355
1403636906.451666594,148.021
1403636906.501666546,147.419
1403636906.551666498,145.358
1403636906.601666451,150.963
1403636906.651666403,149.517
1403636906.701666594,150.567
1403636906.751666546,151.801
1403636906.801666498,150.455
1403636906.851666451,146.797
1403636906.901666403,169.195
1403636906.951666594,146.091
1403636907.001666546,146.213
1403636907.051666498,149.879
1403636907.101666451,148.112
1403636907.151666403,161.72
1403636907.201666594,151.272
1403636907.251666546,149.999
1403636907.301666498,147.136
1403636907.351666451,147.605
1403636907.401666403,147.638
1403636907.451666594,145.634
1403636907.501666546,153.334
1403636907.551666498,149.551
1403636907.601666451,149.93
1403636907.651666403,148.432
1403636907.701666594,148.686
1403636907.751666546,147.769
1403636907.801666498,147.207
1403636907.851666451,151.798
1403636907.901666403,150.682
1403636907.951666594,149.354
1403636908.001666546,149.102
1403636908.051666498,148.962
1403636908.101666451,154.864
1403636908.151666403,153.195
1403636908.201666594,153.236
1403636908.251666546,199.651
1403636908.301666498,150.533
1403636908.351666451,149.846
1403636908.401666403,148.764
1403636908.451666594,148.04
1403636908.501666546,147.908
1403636908.551666498,154.562
1403636908.601666451,155.397
1403636908.651666403,153.637
1403636908.701666594,152.32
1403636908.751666546,151.59
1403636908.801666498,149.609
1403636908.851666451,153.04
1403636908.901666403,149.727
1403636908.951666594,149.387
1403636909.001666546,154.013
1403636909.051666498,154.309
1403636909.101666451,152.173
1403636909.151666403,151.264
1403636909.201666594,151.409
1403636909.251666546,155.077
1403636909.301666498,155.781
1403636909.351666451,154.874
1403636909.451666594,159.742
1403636909.501666546,149.291
1403636909.551666498,184.692
1403636909.601666451,147.573
1403636909.651666403,147.186
1403636909.701666594,156.139
1403636909.751666546,193.556
1403636909.801666498,180.876
1403636909.851666451,153.441
1403636909.901666403,165.226
1403636909.951666594,153.08
1403636910.001666546,153.662
1403636910.051666498,151.309
1403636910.101666451,150.383
1403636910.151666403,157.217
1403636910.201666594,154.541
1403636910.251666546,155.655
1403636910.301666498,153.755
1403636910.351666451,154.24
1403636910.401666403,153.071
1403636910.451666594,153.903
1403636910.501666546,150.657
1403636910.551666498,151.238
1403636910.601666451,153.784
1403636910.651666403,154.441
1403636910.701666594,153.871
1403636910.751666546,152.785
1403636910.801666498,152.24
1403636910.851666451,152.57
1403636910.901666403,152.824
1403636910.951666594,150.754
1403636911.001666546,154.635
1403636911.051666498,154.491
1403636911.101666451,153.688
1403636911.151666403,153.481
1403636911.201666594,153.294
1403636911.251666546,151.477
1403636911.301666498,151.043
1403636911.351666451,151.4
1403636911.401666403,187.774
1403636911.451666594,153.025
1403636911.501666546,152.554
1403636911.551666498,153.604
1403636911.601666451,154.991
1403636911.651666403,155.879
1403636911.701666594,154.246
1403636911.751666546,154.441
1403636911.801666498,153.137
1403636911.851666451,153.496
1403636911.901666403,153.716
1403636911.951666594,153.87
1403636912.001666546,155.598
1403636912.051666498,156.775
1403636912.101666451,156.892
1403636912.151666403,167.458
1403636912.201666594,154.297
1403636912.251666546,156.466
1403636912.301666498,153.235
1403636912.351666451,156.657
1403636912.401666403,182.708
1403636912.451666594,170.367
1403636912.501666546,157.265
1403636912.551666498,157.06
1403636912.601666451,155.573
1403636912.651666403,154.958
1403636912.701666594,155.67
1403636912.751666546,169.534
1403636912.801666498,160.17
1403636912.851666451,159.466
1403636912.901666403,159.29
1403636912.951666594,171.106
1403636913.001666546,159.359
1403636913.051666498,158.693
1403636913.101666451,183.034
1403636913.151666403,156.445
1403636913.201666594,159.35
1403636913.251666546,161.478
1403636913.301666498,173.328
1403636913.351666451,159.416
1403636913.401666403,159.137
1403636913.451666594,158.852
1403636913.501666546,158.071
1403636913.551666498,157.223
1403636913.601666451,157.452
1403636913.651666403,162.818
1403636913.701666594,163.616
1403636913.751666546,163.795
1403636913.801666498,161.707
1403636913.851666451,159.227
1403636913.901666403,199.269
1403636913.951666594,189.509
1403636914.001666546,158.138
1403636914.051666498,157.707
1403636914.101666451,162.785
1403636914.151666403,205.113
1403636914.201666594,163.148
1403636914.251666546,163.526
1403636914.301666498,162.296
1403636914.351666451,161.109
1403636914.401666403,162.378
1403636914.451666594,159.691
1403636914.501666546,160.233
1403636914.551666498,164.581
1403636914.601666451,162.894
1403636914.651666403,162.089
1403636914.701666594,161.257
1403636914.751666546,163.098
1403636914.801666498,161.577
1403636914.851666451,159.431
1403636914.901666403,158.632
1403636914.951666594,158.646
1403636915.001666546,179.557
1403636915.051666498,165.138
1403636915.101666451,208.371
1403636915.151666403,180.953
1403636915.201666594,166.35
1403636915.251666546,167.213
1403636915.301666498,179.98
1403636915.351666451,164.986
1403636915.401666403,163.73
1403636915.451666594,168.384
1403636915.501666546,168.501
1403636915.551666498,169.595
1403636915.601666451,170.164
1403636915.651666403,170.612
1403636915.701666594,168.639
1403636915.751666546,171.184
1403636915.801666498,166.756
1403636915.851666451,166.403
1403636915.901666403,170.184
1403636915.951666594,182.756
1403636916.001666546,166.804
1403636916.051666498,166.299
1403636916.101666451,164.59
1403636916.151666403,163.669
1403636916.201666594,163.411
1403636916.251666546,164.261
1403636916.301666498,161.315
1403636916.351666451,166.155
1403636916.401666403,164.745
1403636916.451666594,166.368
1403636916.501666546,166.349
1403636916.551666498,165.466
1403636916.601666451,166.457
1403636916.651666403,164.233
1403636916.701666594,162.622
1403636916.751666546,167.138
1403636916.801666498,163.601
1403636916.851666451,164.533
1403636916.901666403,164.532
1403636916.951666594,164.748
1403636917.001666546,165.78
1403636917.051666498,165.676
1403636917.101666451,208.955
1403636917.151666403,171.57
1403636917.201666594,172.568
1403636917.251666546,173.991
1403636917.301666498,171.336
1403636917.351666451,171.342
1403636917.401666403,169.739
1403636917.451666594,167.899
1403636917.501666546,167.157
1403636917.551666498,167.465
1403636917.601666451,168.296
1403636917.651666403,167.009
1403636917.701666594,167.318
1403636917.751666546,168.094
1403636917.801666498,167.996
1403636917.851666451,182.831
1403636917.901666403,212.003
1403636917.951666594,167.672
1403636918.001666546,166.614
1403636918.051666498,169.828
1403636918.101666451,167.743
1403636918.151666403,168.771
1403636918.201666594,169.188
1403636918.251666546,167.786
1403636918.301666498,168.231
1403636918.351666451,166.824
1403636918.401666403,165.787
1403636918.451666594,164.955
1403636918.501666546,171.769
1403636918.551666498,167.341
1403636918.601666451,167.717
1403636918.651666403,170.243
1403636918.701666594,168.385
1403636918.751666546,183.21
1403636918.801666498,169.88
1403636918.851666451,170.507
1403636918.901666403,171.739
1403636918.951666594,178.769
1403636919.001666546,175.407
1403636919.051666498,174.543
1403636919.101666451,174.295
1403636919.151666403,219.157
1403636919.201666594,173.817
1403636919.251666546,173.175
1403636919.301666498,174.123
1403636919.351666451,172.865
1403636919.401666403,179.953
1403636919.451666594,175.405
1403636919.501666546,176.653
1403636919.551666498,174.342
1403636919.601666451,173.275
1403636919.651666403,214.585
1403636919.701666594,170.527
1403636919.751666546,171.002
1403636919.801666498,169.781
1403636919.851666451,175.681
1403636919.901666403,200.94
1403636919.951666594,172.075
1403636920.001666546,215.41
1403636920.051666498,172.36
1403636920.101666451,172.434
1403636920.151666403,172.454
1403636920.201666594,169.768
1403636920.251666546,171.801
1403636920.301666498,224.965
1403636920.351666451,176.5
1403636920.401666403,176.048
1403636920.451666594,191.535
1403636920.501666546,179.266
1403636920.551666498,177.139
1403636920.601666451,175.919
1403636920.651666403,177.579
1403636920.701666594,176.076
1403636920.751666546,183.299
1403636920.801666498,182.436
1403636920.851666451,198.238
1403636920.901666403,182.192
1403636920.951666594,180.535
1403636921.001666546,180.788
1403636921.051666498,179.826
1403636921.101666451,180.875
1403636921.151666403,178.347
1403636921.201666594,184.184
1403636921.251666546,183.212
1403636921.301666498,182.453
1403636921.351666451,182.723
1403636921.401666403,181.115
1403636921.451666594,180.833
1403636921.501666546,178.896
1403636921.551666498,226.833
1403636921.601666451,180.64
1403636921.651666403,188.935
1403636921.701666594,184.882
1403636921.751666546,184.416
1403636921.801666498,185.735
1403636921.851666451,185.159
1403636921.901666403,184.586
1403636921.951666594,182.246
1403636922.001666546,181.959
1403636922.051666498,182.653
1403636922.101666451,188.356
1403636922.151666403,187.269
1403636922.201666594,182.713
1403636922.251666546,181.593
1403636922.301666498,181.348
1403636922.351666451,178
1403636922.401666403,178.984
1403636922.451666594,179.878
1403636922.501666546,178.982
1403636922.551666498,186.269
1403636922.601666451,178.411
1403636922.651666403,206.455
1403636922.701666594,176.378
1403636922.751666546,176.62
1403636922.801666498,176.867
1403636922.851666451,176.713
1403636922.901666403,176.701
1403636922.951666594,175.4
1403636923.001666546,179.692
1403636923.051666498,194.592
1403636923.101666451,179.449
1403636923.151666403,178.829
1403636923.201666594,178.467
1403636923.251666546,177.669
1403636923.301666498,207.861
1403636923.351666451,177.552
1403636923.401666403,175.905
1403636923.451666594,182.275
1403636923.501666546,181.631
1403636923.551666498,182.022
1403636923.601666451,181.837
1403636923.651666403,179.443
1403636923.701666594,177.264
1403636923.751666546,178.688
1403636923.801666498,192.962
1403636923.851666451,177.541
1403636923.901666403,178.852
1403636923.951666594,178.685
1403636924.001666546,180.016
1403636924.051666498,176.747
1403636924.101666451,179.956
1403636924.151666403,179.891
1403636924.201666594,177.026
1403636924.251666546,179.835
1403636924.301666498,181.677
1403636924.351666451,183.582
1403636924.401666403,184.568
1403636924.451666594,187.275
1403636924.501666546,186.013
1403636924.551666498,187.534
1403636924.601666451,186.785
1403636924.651666403,187.059
1403636924.701666594,186.362
1403636924.751666546,189.589
1403636924.801666498,191.223
1403636924.851666451,191.5
1403636924.901666403,191.822
1403636924.951666594,191.58
1403636925.001666546,191.157
1403636925.051666498,207.327
1403636925.101666451,190.488
1403636925.151666403,188.326
1403636925.201666594,189.513
1403636925.251666546,190.536
1403636925.301666498,190.53
1403636925.351666451,237.517
1403636925.401666403,187.045
1403636925.451666594,233.947
1403636925.501666546,217.028
1403636925.551666498,185.624
1403636925.601666451,181.292
1403636925.651666403,182.953
1403636925.701666594,189.782
1403636925.751666546,183.75
1403636925.801666498,182.81
1403636925.851666451,198.002
1403636925.901666403,183.397
1403636925.951666594,183.651
1403636926.001666546,183.092
1403636926.051666498,182.449
1403636926.101666451,185.479
1403636926.151666403,184.229
1403636926.201666594,185.404
1403636926.251666546,185.422
1403636926.301666498,200.962
1403636926.351666451,184.317
1403636926.401666403,200.507
1403636926.451666594,183.127
1403636926.501666546,184.719
1403636926.551666498,291.444
1403636926.601666451,188.458
1403636926.651666403,220.047
1403636926.701666594,185.528
1403636926.751666546,185.887
1403636926.801666498,201.142
1403636926.851666451,185.523
1403636926.901666403,187.374
1403636926.951666594,182.811
1403636927.001666546,191.26
1403636927.051666498,184.218
1403636927.101666451,182.63
1403636927.151666403,183.229
1403636927.201666594,183.53
1403636927.251666546,182.381
1403636927.301666498,182.463
1403636927.351666451,229.636
1403636927.401666403,196.41
1403636927.451666594,185.838
1403636927.501666546,183.205
1403636927.551666498,184.001
1403636927.601666451,182.016
1403636927.651666403,182.366
1403636927.701666594,181.535
1403636927.751666546,181.11
1403636927.801666498,180.385
1403636927.851666451,181.076
1403636927.901666403,187.155
1403636927.951666594,185.521
1403636928.001666546,183.44
1403636928.101666451,190.984
1403636928.151666403,198.239
1403636928.201666594,182.739
1403636928.251666546,181.748
1403636928.301666498,180.919
1403636928.351666451,184.518
1403636928.401666403,184.929
1403636928.451666594,184.098
1403636928.501666546,185.544
1403636928.551666498,184.905
1403636928.601666451,186.123
1403636928.651666403,185.668
1403636928.701666594,183.62
1403636928.751666546,184.392
1403636928.801666498,194.591
1403636928.851666451,192.151
1403636928.901666403,196.444
1403636928.951666594,188.523
1403636929.001666546,190.944
1403636929.051666498,188.619
1403636929.101666451,187.702
1403636929.151666403,188.446
1403636929.201666594,186.667
1403636929.251666546,198.166
1403636929.301666498,190.999
1403636929.351666451,190.101
1403636929.401666403,188.925
1403636929.451666594,189.065
1403636929.501666546,188.947
1403636929.551666498,191.715
1403636929.601666451,187.42
1403636929.651666403,187.647
1403636929.701666594,195.164
1403636929.751666546,188.363
1403636929.801666498,188.414
1403636929.851666451,187.823
1403636929.901666403,187.149
1403636929.951666594,188.414
1403636930.001666546,188.053
1403636930.051666498,185.548
1403636930.101666451,185.33
1403636930.151666403,192.602
1403636930.201666594,188.423
1403636930.251666546,188.468
1403636930.301666498,188.025
1403636930.351666451,189.048
1403636930.401666403,187.531
1403636930.451666594,187.501
1403636930.501666546,186.383
1403636930.551666498,188.139
1403636930.601666451,195.695
1403636930.651666403,193.689
1403636930.701666594,188.736
1403636930.751666546,190.485
1403636930.801666498,190.659
1403636930.851666451,188.196
1403636930.901666403,189.527
1403636930.951666594,189.854
1403636931.001666546,187.813
1403636931.051666498,198.073
1403636931.101666451,189.556
1403636931.151666403,191.819
1403636931.201666594,190.116
1403636931.251666546,190.406
1403636931.301666498,191.815
1403636931.351666451,189.642
1403636931.401666403,190.413
1403636931.451666594,191.254
1403636931.501666546,199.809
1403636931.551666498,197.15
1403636931.601666451,196.781
1403636931.651666403,196.388
1403636931.701666594,196.878
1403636931.751666546,203.921
1403636931.801666498,195.39
1403636931.851666451,196.004
1403636931.901666403,196.495
1403636931.951666594,206.84
1403636932.001666546,197.352
1403636932.051666498,196.552
1403636932.101666451,196.278
1403636932.151666403,197.018
1403636932.201666594,199.246
1403636932.251666546,196.329
1403636932.301666498,201.19
1403636932.351666451,196.576
1403636932.401666403,203.479
1403636932.451666594,197.58
1403636932.501666546,195.162
1403636932.551666498,194.503
1403636932.601666451,195.394
1403636932.651666403,194.391
1403636932.701666594,194.76
1403636932.751666546,194.166
1403636932.801666498,193.782
1403636932.851666451,200.987
1403636932.901666403,201.166
1403636932.951666594,199.991
1403636933.001666546,200.116
1403636933.051666498,199.355
1403636933.101666451,199.955
1403636933.151666403,198.531
1403636933.201666594,198.369
1403636933.251666546,197.698
1403636933.301666498,204.082
1403636933.351666451,204.37
1403636933.401666403,204.923
1403636933.451666594,203.863
1403636933.501666546,204.486
1403636933.551666498,203.601
1403636933.601666451,203.549
1403636933.651666403,204.856
1403636933.701666594,207.329
1403636933.751666546,211.933
1403636933.801666498,209.04
1403636933.851666451,205.312
1403636933.901666403,207.448
1403636933.951666594,207.493
1403636934.001666546,207.414
1403636934.051666498,207.926
1403636934.101666451,206.137
1403636934.151666403,210.253
1403636934.201666594,211.693
1403636934.251666546,206.74
1403636934.301666498,206.606
1403636934.351666451,206.161
1403636934.401666403,204.369
1403636934.451666594,203.292
1403636934.501666546,202.465
1403636934.551666498,200.346
1403636934.601666451,201.178
1403636934.651666403,205.351
1403636934.701666594,201.755
1403636934.751666546,200.804
1403636934.801666498,201.581
1403636934.851666451,200.481
1403636934.901666403,203.897
1403636934.951666594,199.837
1403636935.001666546,200.003
1403636935.051666498,199.829
1403636935.101666451,198.959
1403636935.151666403,200.216
1403636935.201666594,190.002
1403636935.251666546,188.5
1403636935.301666498,194.915
1403636935.351666451,198.254
1403636935.401666403,198.197
1403636935.451666594,198.759
1403636935.501666546,203.37
1403636935.551666498,206.202
1403636935.601666451,205.592
1403636935.651666403,206.635
1403636935.701666594,205.656
1403636935.751666546,204.829
1403636935.801666498,204.772
1403636935.851666451,202.796
1403636935.901666403,203.253
1403636935.951666594,210.16
1403636936.001666546,207.049
1403636936.051666498,208.025
1403636936.101666451,204.231
1403636936.151666403,205.43
1403636936.201666594,202.668
1403636936.251666546,202.409
1403636936.301666498,208.755
1403636936.351666451,200.808
1403636936.401666403,203.206
1403636936.451666594,203.388
1403636936.501666546,202.735
1403636936.551666498,202.653
1403636936.601666451,203.527
1403636936.651666403,199.714
1403636936.701666594,199.592
1403636936.751666546,205.219
1403636936.801666498,200.229
1403636936.851666451,199.06
1403636936.901666403,198.43
1403636936.951666594,198.226
1403636937.001666546,197.942
1403636937.051666498,197.43
1403636937.101666451,199.21
1403636937.151666403,199.808
1403636937.201666594,205.881
1403636937.251666546,237.167
1403636937.301666498,197.766
1403636937.351666451,200.214
1403636937.401666403,198.724
1403636937.451666594,200.52
1403636937.501666546,199.359
1403636937.551666498,199.485
1403636937.601666451,197.983
1403636937.651666403,202.444
1403636937.701666594,195.897
1403636937.751666546,194.757
1403636937.801666498,194.468
1403636937.851666451,195.912
1403636937.901666403,195.457
1403636937.951666594,196.052
1403636938.001666546,194.369
1403636938.051666498,194.82
1403636938.101666451,201.368
1403636938.151666403,200.485
1403636938.201666594,199.838
1403636938.251666546,197.963
1403636938.301666498,200.264
1403636938.351666451,199.024
1403636938.401666403,201.083
1403636938.451666594,199.993
1403636938.501666546,199.192
1403636938.551666498,197.136
1403636938.601666451,198.86
1403636938.651666403,197.764
1403636938.701666594,198.155
1403636938.751666546,198.42
1403636938.801666498,198.34
1403636938.851666451,199.06
1403636938.901666403,197.632
1403636938.951666594,195.664
1403636939.001666546,193.25
1403636939.051666498,197.83
1403636939.101666451,197.711
1403636939.151666403,198.318
1403636939.201666594,196.951
1403636939.251666546,197.658
1403636939.301666498,195.754
1403636939.351666451,191.95
1403636939.401666403,197.415
1403636939.451666594,198.402
1403636939.501666546,198.151
1403636939.551666498,196.482
1403636939.601666451,196.486
1403636939.651666403,194.036
1403636939.701666594,193.448
1403636939.751666546,191.954
1403636939.801666498,195.781
1403636939.851666451,195.264
1403636939.901666403,196.681
1403636939.951666594,192.964
1403636940.001666546,189.617
1403636940.051666498,196.059
1403636940.101666451,194.248
1403636940.151666403,225.847
1403636940.201666594,193.55
1403636940.251666546,194.987
1403636940.301666498,189.668
1403636940.351666451,187.488
1403636940.401666403,186.076
1403636940.451666594,186.204
1403636940.501666546,190.331
1403636940.551666498,187.783
1403636940.601666451,186.787
1403636940.651666403,185.991
1403636940.701666594,184.967
1403636940.751666546,184.212
1403636940.801666498,187.332
1403636940.851666451,184.192
1403636940.901666403,184.965
1403636940.951666594,184.107
1403636941.001666546,182.21
1403636941.051666498,183.618
1403636941.101666451,182.295
1403636941.151666403,182.012
1403636941.201666594,184.179
1403636941.251666546,181.279
1403636941.301666498,179.129
1403636941.351666451,178.288
1403636941.401666403,177.229
1403636941.451666594,177.217
1403636941.501666546,178.135
1403636941.551666498,179.147
1403636941.601666451,186.079
1403636941.651666403,179.044
1403636941.701666594,179.198
1403636941.751666546,176.697
1403636941.801666498,179.783
1403636941.851666451,177.513
1403636941.901666403,176.546
1403636941.951666594,176.37
1403636942.001666546,177.131
1403636942.051666498,181.919
1403636942.101666451,177.842
1403636942.151666403,193.429
1403636942.201666594,176.94
1403636942.251666546,177.503
1403636942.301666498,207.236
1403636942.351666451,180.194
1403636942.401666403,178.035
1403636942.451666594,176.927
1403636942.501666546,175.543
1403636942.551666498,174.044
1403636942.601666451,171.824
1403636942.651666403,199.101
1403636942.701666594,169.03
1403636942.751666546,167.999
1403636942.801666498,169.667
1403636942.851666451,168.822
1403636942.901666403,167.275
1403636942.951666594,166.662
1403636943.001666546,166.452
1403636943.051666498,167.141
1403636943.101666451,166.896
1403636943.151666403,165.959
1403636943.201666594,172.319
1403636943.251666546,182.652
1403636943.301666498,169.371
1403636943.351666451,166.075
1403636943.401666403,166.431
1403636943.451666594,166.77
1403636943.501666546,171.365
1403636943.551666498,168.798
1403636943.601666451,167.425
1403636943.651666403,166.981
1403636943.701666594,167.631
1403636943.751666546,169.218
1403636943.801666498,175.458
1403636943.851666451,197.056
1403636943.901666403,169.756
1403636943.951666594,167.579
1403636944.001666546,165.818
1403636944.051666498,166.195
1403636944.101666451,170.05
1403636944.151666403,165.629
1403636944.201666594,164.689
1403636944.251666546,163.132
1403636944.301666498,171.331
1403636944.351666451,166.739
1403636944.401666403,169.198
1403636944.451666594,162.071
1403636944.501666546,159.606
1403636944.551666498,159.504
1403636944.601666451,158.457
1403636944.651666403,156.204
1403636944.701666594,153.027
1403636944.751666546,157.915
1403636944.801666498,157.218
1403636944.851666451,161.549
1403636944.901666403,160.808
1403636944.951666594,154.728
1403636945.001666546,155.808
1403636945.051666498,155.389
1403636945.101666451,154.356
1403636945.151666403,160.721
1403636945.201666594,161.553
1403636945.251666546,161.414
1403636945.301666498,161.101
1403636945.351666451,158.339
1403636945.401666403,160.468
1403636945.451666594,158.891
1403636945.501666546,172.24
1403636945.551666498,160.689
1403636945.601666451,166.34
1403636945.651666403,162.508
1403636945.701666594,160.734
1403636945.751666546,160.039
1403636945.801666498,160.799
1403636945.851666451,161.791
1403636945.901666403,159.75
1403636945.951666594,159.001
1403636946.001666546,157.817
1403636946.051666498,162.279
1403636946.101666451,158.716
1403636946.151666403,223.693
1403636946.201666594,158.08
1403636946.251666546,207.142
1403636946.301666498,157.126
1403636946.351666451,155.793
1403636946.401666403,156.775
1403636946.451666594,157.036
1403636946.501666546,163.238
1403636946.551666498,162.983
1403636946.601666451,163.594
1403636946.651666403,165.827
1403636946.701666594,165.922
1403636946.751666546,162.803
1403636946.801666498,161.271
1403636946.851666451,160.593
1403636946.901666403,161.95
1403636946.951666594,167.867
1403636947.001666546,167.259
1403636947.051666498,166.792
1403636947.101666451,165.975
1403636947.151666403,165.756
1403636947.201666594,199.462
1403636947.251666546,159.017
1403636947.301666498,156.788
1403636947.351666451,165.409
1403636947.401666403,159.054
1403636947.451666594,158.163
1403636947.501666546,157.11
1403636947.551666498,157.45
1403636947.601666451,157.424
1403636947.651666403,158.071
1403636947.701666594,160.679
1403636947.751666546,161.747
1403636947.801666498,169.526
1403636947.851666451,164.685
1403636947.901666403,163.357
1403636947.951666594,161.58
1403636948.001666546,160.496
1403636948.051666498,162.326
1403636948.101666451,162.91
1403636948.151666403,162.435
1403636948.201666594,163.275
1403636948.251666546,171.802
1403636948.301666498,166.966
1403636948.351666451,167.111
1403636948.401666403,167.561
1403636948.451666594,167.133
1403636948.501666546,167.819
1403636948.551666498,165.763
1403636948.601666451,181.122
1403636948.651666403,166.125
1403636948.701666594,174.694
1403636948.751666546,171.206
1403636948.801666498,171.27
1403636948.851666451,170.76
1403636948.901666403,172.07
1403636948.951666594,170.45
1403636949.001666546,171.442
1403636949.051666498,172.528
1403636949.101666451,170.632
1403636949.151666403,177.185
1403636949.201666594,178.848
1403636949.251666546,177.353
1403636949.301666498,178.233
1403636949.351666451,176.473
1403636949.401666403,176.853
1403636949.451666594,175.403
1403636949.501666546,176.256
1403636949.551666498,172.914
1403636949.601666451,178.137
1403636949.651666403,174.238
1403636949.701666594,174.106
1403636949.751666546,173.474
1403636949.801666498,174.186
1403636949.851666451,173.276
1403636949.901666403,172.323
1403636949.951666594,174.401
1403636950.001666546,172.834
1403636950.051666498,177.11
1403636950.101666451,173.188
1403636950.151666403,173.207
1403636950.201666594,174.87
1403636950.251666546,175.923
1403636950.301666498,174.427
1403636950.351666451,174.888
1403636950.401666403,173.912
1403636950.451666594,175.132
1403636950.501666546,183.301
1403636950.551666498,180.589
1403636950.601666451,179.486
1403636950.651666403,184.147
1403636950.701666594,179.972
1403636950.751666546,179.29
1403636950.801666498,179.072
1403636950.851666451,177.261
1403636950.901666403,175.972
1403636950.951666594,184.324
1403636951.001666546,181.217
1403636951.051666498,181.165
1403636951.101666451,179.003
1403636951.151666403,177.665
1403636951.201666594,179.666
1403636951.251666546,174.566
1403636951.301666498,173.814
1403636951.351666451,172.834
1403636951.401666403,178.401
1403636951.451666594,175.045
1403636951.501666546,173.602
1403636951.551666498,174.094
1403636951.601666451,172.475
1403636951.651666403,172.825
1403636951.701666594,174.15
1403636951.751666546,173.167
1403636951.801666498,174.791
1403636951.851666451,185.346
1403636951.901666403,180.712
1403636951.951666594,179.989
1403636952.001666546,181.97
1403636952.051666498,182.403
1403636952.101666451,183.376
1403636952.151666403,182.479
1403636952.201666594,182.254
1403636952.251666546,182.573
1403636952.301666498,188.646
1403636952.351666451,183.705
1403636952.401666403,183.813
1403636952.451666594,182.219
1403636952.501666546,182.246
1403636952.551666498,181.975
1403636952.601666451,181.209
1403636952.651666403,181.594
1403636952.701666594,181.898
1403636952.751666546,188.22
1403636952.801666498,187.861
1403636952.851666451,186.82
1403636952.901666403,189.074
1403636952.951666594,187.198
1403636953.001666546,187.542
1403636953.051666498,187.167
1403636953.101666451,187.205
1403636953.151666403,186.924
1403636953.201666594,191.424
1403636953.251666546,190.151
1403636953.301666498,189.221
1403636953.351666451,188.408
1403636953.401666403,190.082
1403636953.451666594,189.623
1403636953.501666546,189.556
1403636953.551666498,188.763
1403636953.601666451,187.393
1403636953.651666403,192.142
1403636953.701666594,188.043
1403636953.751666546,189.287
1403636953.801666498,188.909
1403636953.851666451,187.977
1403636953.901666403,189.42
1403636953.951666594,190.716
1403636954.001666546,189.819
1403636954.051666498,190.031
1403636954.101666451,195.112
1403636954.151666403,192.062
1403636954.201666594,191.496
1403636954.251666546,192.772
1403636954.301666498,190.059
1403636954.351666451,190.762
1403636954.401666403,191.713
1403636954.451666594,191.271
1403636954.501666546,189.761
1403636954.551666498,195.314
1403636954.601666451,191.062
1403636954.651666403,188.925
1403636954.701666594,188.125
1403636954.751666546,187.318
1403636954.801666498,187.403
1403636954.851666451,185.931
1403636954.901666403,184.968
1403636954.951666594,185.116
1403636955.001666546,188.734
1403636955.051666498,185.405
1403636955.101666451,185.549
1403636955.151666403,183.576
1403636955.201666594,184.443
1403636955.251666546,184.375
1403636955.301666498,183.67
1403636955.351666451,181.557
1403636955.401666403,182.744
1403636955.451666594,186.308
1403636955.501666546,186.978
1403636955.551666498,187.453
1403636955.601666451,186.103
1403636955.651666403,185.571
1403636955.701666594,183.891
1403636955.751666546,192.351
1403636955.801666498,180.488
1403636955.851666451,184.304
1403636955.901666403,182.255
1403636955.951666594,181.081
1403636956.001666546,180.183
1403636956.051666498,178.96
1403636956.101666451,178.847
1403636956.151666403,180.048
1403636956.201666594,181.6
1403636956.251666546,190.52
1403636956.301666498,184.93
1403636956.351666451,193.882
1403636956.401666403,194.878
1403636956.451666594,184.881
1403636956.501666546,183.752
1403636956.551666498,180.119
1403636956.601666451,187.33
1403636956.651666403,188.674
1403636956.701666594,179.765
1403636956.751666546,186.974
1403636956.801666498,186.186
1403636956.851666451,186.735
1403636956.901666403,186.357
1403636956.951666594,187.202
1403636957.001666546,188.381
1403636957.051666498,188.839
1403636957.101666451,186.543
1403636957.151666403,192.953
1403636957.201666594,186.538
1403636957.251666546,186.651
1403636957.301666498,193.129
1403636957.351666451,188.464
1403636957.401666403,181.639
1403636957.451666594,187.72
1403636957.501666546,187.114
1403636957.551666498,194.628
1403636957.601666451,187.533
1403636957.651666403,188.851
1403636957.701666594,193.306
1403636957.751666546,191.82
1403636957.801666498,190.326
1403636957.851666451,190.261
1403636957.901666403,191.761
1403636957.951666594,197.411
1403636958.001666546,194.574
1403636958.051666498,194.761
1403636958.101666451,192.56
1403636958.151666403,192.246
1403636958.201666594,197.589
1403636958.251666546,195.678
1403636958.301666498,195.042
1403636958.351666451,194.954
1403636958.401666403,194.529
1403636958.451666594,194.925
1403636958.501666546,196.458
1403636958.551666498,196.143
1403636958.601666451,195.68
1403636958.651666403,201.459
1403636958.701666594,196.201
1403636958.751666546,196.837
1403636958.801666498,198.187
1403636958.851666451,197.193
1403636958.901666403,195.884
1403636958.951666594,198.354
1403636959.001666546,196.948
1403636959.051666498,198.153
1403636959.101666451,206.735
1403636959.151666403,205.316
1403636959.201666594,204.712
1403636959.251666546,203.992
1403636959.301666498,205.928
1403636959.351666451,205.305
1403636959.401666403,205.026
1403636959.451666594,204.568
1403636959.501666546,203.969
1403636959.551666498,206.044
1403636959.601666451,208.216
1403636959.651666403,205.821
1403636959.701666594,206.303
1403636959.751666546,208.141
1403636959.801666498,205.172
1403636959.851666451,206.253
1403636959.901666403,204.947
1403636959.951666594,202.173
1403636960.001666546,202.387
1403636960.051666498,205.63
1403636960.101666451,203.533
1403636960.151666403,203.69
1403636960.201666594,203.787
1403636960.251666546,205.851
1403636960.301666498,204.548
1403636960.351666451,205.606
1403636960.401666403,206.974
1403636960.451666594,209.498
1403636960.501666546,209.775
1403636960.551666498,208.689
1403636960.601666451,209.878
1403636960.651666403,208.157
1403636960.701666594,206.777
1403636960.751666546,204.89
1403636960.801666498,205.224
1403636960.851666451,207.578
1403636960.901666403,211.938
1403636960.951666594,209.965
1403636961.001666546,209.327
1403636961.051666498,209.824
1403636961.101666451,208.366
1403636961.151666403,205.916
1403636961.201666594,205.272
1403636961.251666546,205.007
1403636961.301666498,202.909
1403636961.351666451,206.715
1403636961.401666403,206.488
1403636961.451666594,205.483
1403636961.501666546,206.81
1403636961.551666498,207.237
1403636961.601666451,209.018
1403636961.651666403,209.237
1403636961.701666594,206.603
1403636961.751666546,207.228
1403636961.801666498,208.558
1403636961.851666451,207.945
1403636961.901666403,207.592
1403636961.951666594,208.173
1403636962.001666546,208.054
1403636962.051666498,209.477
1403636962.101666451,207.676
1403636962.151666403,212.066
1403636962.201666594,211.045
1403636962.251666546,210.037
1403636962.301666498,209.579
1403636962.351666451,214.982
1403636962.401666403,212.605
1403636962.451666594,213.641
1403636962.501666546,213.648
1403636962.551666498,212.941
1403636962.601666451,212.588
1403636962.651666403,215.991
1403636962.701666594,216.772
1403636962.751666546,217.629
1403636962.801666498,218.605
1403636962.851666451,221.533
1403636962.901666403,221.72
1403636962.951666594,215.97
1403636963.001666546,221.698
1403636963.051666498,218.126
1403636963.101666451,220.493
1403636963.151666403,222.855
1403636963.201666594,269.589
1403636963.251666546,222.271
1403636963.301666498,219.154
1403636963.351666451,220.459
1403636963.401666403,218.376
1403636963.451666594,221.061
1403636963.501666546,220.034
1403636963.551666498,219.609
1403636963.601666451,221.725
1403636963.651666403,220.295
1403636963.701666594,226.749
1403636963.751666546,227.156
1403636963.801666498,226.583
1403636963.851666451,225.846
1403636963.901666403,225.311
1403636963.951666594,229.607
1403636964.001666546,226.102
1403636964.051666498,226.27
1403636964.101666451,225.957
1403636964.151666403,226.939
1403636964.201666594,227.558
1403636964.251666546,230.194
1403636964.301666498,224.595
1403636964.351666451,224.835
1403636964.401666403,226.693
1403636964.451666594,226.449
1403636964.501666546,226.052
1403636964.551666498,225.137
1403636964.601666451,226.751
1403636964.651666403,227.424
1403636964.701666594,226.207
1403636964.751666546,223.102
1403636964.801666498,219.662
1403636964.851666451,219.46
1403636964.901666403,223.565
1403636964.951666594,225.276
1403636965.001666546,227.176
1403636965.051666498,226.625
1403636965.101666451,230.277
1403636965.151666403,230.468
1403636965.201666594,226.72
1403636965.251666546,226.105
1403636965.301666498,223.955
1403636965.351666451,226.374
1403636965.401666403,228.175
1403636965.451666594,227.073
1403636965.501666546,227.339
1403636965.551666498,228.313
1403636965.601666451,226.208
1403636965.651666403,233.701
1403636965.701666594,231.226
1403636965.751666546,229.929
1403636965.801666498,229.408
1403636965.851666451,229.141
1403636965.901666403,232.626
1403636965.951666594,230.972
1403636966.001666546,231.236
1403636966.051666498,231.215
1403636966.101666451,231.592
1403636966.151666403,232.235
1403636966.201666594,232.176
1403636966.251666546,233.206
1403636966.301666498,232.649
1403636966.351666451,234.655
1403636966.401666403,249.217
1403636966.451666594,230.961
1403636966.501666546,232.247
1403636966.551666498,230.264
1403636966.601666451,230.935
1403636966.651666403,232.424
1403636966.701666594,231.133
1403636966.751666546,231.142
1403636966.801666498,236.619
1403636966.851666451,235.395
1403636966.901666403,236.796
1403636966.951666594,234.861
1403636967.001666546,235.515
1403636967.051666498,233.772
1403636967.101666451,233.875
1403636967.151666403,232.514
1403636967.201666594,232.841
1403636967.251666546,239.847
1403636967.301666498,241.074
1403636967.351666451,238.879
1403636967.401666403,242.285
1403636967.451666594,238.176
1403636967.501666546,237.644
1403636967.551666498,237.513
1403636967.601666451,238.664
1403636967.651666403,236.768
1403636967.701666594,244.136
1403636967.751666546,241.512
1403636967.801666498,240.471
1403636967.851666451,241.544
1403636967.901666403,240.732
1403636967.951666594,239.257
1403636968.001666546,246.76
1403636968.051666498,242.528
1403636968.101666451,233.93
1403636968.151666403,239.48
1403636968.201666594,239.908
1403636968.251666546,239.151
1403636968.301666498,237.95
1403636968.351666451,238.038
1403636968.401666403,235.289
1403636968.451666594,234.755
1403636968.501666546,232.753
1403636968.551666498,231.033
1403636968.601666451,231.78
1403636968.651666403,229.537
1403636968.701666594,230.288
1403636968.751666546,235.282
1403636968.801666498,236.182
1403636968.851666451,234.794
1403636968.901666403,234.877
1403636968.951666594,232.2
1403636969.001666546,263.653
1403636969.051666498,235.644
1403636969.101666451,233.116
1403636969.151666403,231.772
1403636969.201666594,232.912
1403636969.251666546,230.953
1403636969.301666498,228.607
1403636969.351666451,224.627
1403636969.401666403,232.483
1403636969.451666594,230.522
1403636969.501666546,229.928
1403636969.551666498,228.778
1403636969.601666451,222.274
1403636969.651666403,230.964
1403636969.701666594,229.064
1403636969.751666546,228.112
1403636969.801666498,226.257
1403636969.851666451,221.023
1403636969.901666403,226.983
1403636969.951666594,226.154
1403636970.001666546,224.335
1403636970.051666498,223.634
1403636970.101666451,222.623
1403636970.151666403,222.981
1403636970.201666594,219.149
1403636970.251666546,217.951
1403636970.301666498,215.233
1403636970.351666451,213.826
1403636970.401666403,219.414
1403636970.451666594,219.788
1403636970.501666546,209.911
1403636970.551666498,210.555
1403636970.601666451,209.167
1403636970.651666403,207.895
1403636970.701666594,207.886
1403636970.751666546,190.7
1403636970.801666498,189.528
1403636970.851666451,189.346
1403636970.901666403,187.107
1403636970.951666594,184.897
1403636971.001666546,183.671
1403636971.051666498,183.843
1403636971.101666451,189.308
1403636971.151666403,186.709
1403636971.201666594,185.615
1403636971.251666546,182.428
1403636971.301666498,182.12
1403636971.351666451,181.711
1403636971.401666403,179.835
1403636971.451666594,182.131
1403636971.501666546,180.237
1403636971.551666498,179.255
1403636971.601666451,181.991
1403636971.651666403,179.031
1403636971.701666594,180.114
1403636971.751666546,181.464
1403636971.801666498,180.203
1403636971.851666451,181.196
1403636971.901666403,179.861
1403636971.951666594,183.66
1403636972.001666546,198.134
1403636972.051666498,178.608
1403636972.101666451,176.487
1403636972.151666403,176.305
1403636972.201666594,176.388
1403636972.251666546,176.902
1403636972.301666498,175.945
1403636972.351666451,177.082
1403636972.401666403,178.404
1403636972.451666594,179.88
1403636972.501666546,183.949
1403636972.551666498,180.733
1403636972.601666451,181.927
1403636972.651666403,181.725
1403636972.701666594,181.843
1403636972.751666546,182.5
1403636972.801666498,181.879
1403636972.851666451,183.044
1403636972.901666403,182.681
1403636972.951666594,189.866
1403636973.001666546,183.448
1403636973.051666498,182.641
1403636973.101666451,184.394
1403636973.151666403,184.455
1403636973.201666594,185.617
1403636973.251666546,183.882
1403636973.301666498,183.494
1403636973.351666451,184.544
1403636973.401666403,187.962
1403636973.451666594,182.725
1403636973.501666546,179.944
1403636973.551666498,183.074
1403636973.601666451,182.611
1403636973.651666403,183.194
1403636973.701666594,180.434
1403636973.751666546,183.294
1403636973.801666498,183.063
1403636973.851666451,190.911
1403636973.901666403,184.362
1403636973.951666594,185.299
1403636974.001666546,182.722
1403636974.051666498,181.204
1403636974.101666451,182.299
1403636974.151666403,182.53
1403636974.201666594,181.074
1403636974.251666546,179.923
1403636974.301666498,186.918
1403636974.351666451,187.54
1403636974.401666403,185.27
1403636974.451666594,229.769
1403636974.501666546,185.929
1403636974.551666498,184.884
1403636974.601666451,184.015
1403636974.651666403,183.193
1403636974.701666594,181.311
1403636974.751666546,186.175
1403636974.801666498,183.869
1403636974.851666451,182.778
1403636974.901666403,182.888
1403636974.951666594,184.895
1403636975.001666546,183.57
1403636975.051666498,184.266
1403636975.101666451,183.821
1403636975.151666403,188.694
1403636975.201666594,188.891
1403636975.251666546,187.476
1403636975.301666498,186.692
1403636975.351666451,183.71
1403636975.401666403,243.139
1403636975.451666594,183.664
1403636975.501666546,181.056
1403636975.551666498,182.046
1403636975.601666451,183.752
1403636975.651666403,186.767
1403636975.701666594,184.216
1403636975.751666546,183.796
1403636975.801666498,183.244
1403636975.851666451,182.484
1403636975.901666403,182.676
1403636975.951666594,183.308
1403636976.001666546,183.773
1403636976.051666498,183.308
1403636976.101666451,186.502
1403636976.151666403,187.245
1403636976.201666594,190.258
1403636976.251666546,191.004
1403636976.301666498,190.173
1403636976.351666451,190.617
1403636976.401666403,192.938
1403636976.451666594,192.867
1403636976.501666546,198.642
1403636976.551666498,200.187
1403636976.601666451,200.332
1403636976.651666403,201.12
1403636976.701666594,203.071
1403636976.751666546,205.271
1403636976.801666498,203.525
1403636976.851666451,207.903
1403636976.901666403,221.005
1403636976.951666594,210.431
1403636977.001666546,209.99
1403636977.051666498,225.051
1403636977.101666451,208.981
1403636977.151666403,208.998
1403636977.201666594,208.166
1403636977.251666546,208.816
1403636977.301666498,207.606
1403636977.351666451,209.063
1403636977.401666403,213.618
1403636977.451666594,213.646
1403636977.501666546,212.212
1403636977.551666498,221.99
1403636977.601666451,218.962
1403636977.651666403,218.53
1403636977.701666594,218.098
1403636977.751666546,218.041
1403636977.801666498,220.469
1403636977.851666451,222.732
1403636977.901666403,222.758
1403636977.951666594,222.508
1403636978.001666546,222.838
1403636978.051666498,222.576
1403636978.101666451,220.986
1403636978.151666403,220.976
1403636978.201666594,220.039
1403636978.251666546,219.785
1403636978.301666498,222.826
1403636978.351666451,221.628
1403636978.401666403,224.669
1403636978.451666594,223.939
1403636978.501666546,225.505
1403636978.551666498,224.842
1403636978.601666451,223.65
1403636978.651666403,223.186
1403636978.701666594,223.313
1403636978.751666546,227.764
1403636978.801666498,223.867
1403636978.851666451,293.532
1403636978.901666403,226.28
1403636978.951666594,226.604
1403636979.001666546,225.602
1403636979.051666498,224.985
1403636979.101666451,225.816
1403636979.151666403,230.113
1403636979.201666594,228.586
1403636979.251666546,227.563
1403636979.301666498,226.852
1403636979.351666451,226.771
1403636979.401666403,227.862
1403636979.451666594,224.947
1403636979.501666546,224.944
1403636979.551666498,224.8
1403636979.601666451,229.4
1403636979.651666403,229.641
1403636979.701666594,231.7
1403636979.751666546,231.893
1403636979.801666498,228.221
1403636979.851666451,227.372
1403636979.901666403,227.438
1403636979.951666594,225.809
1403636980.001666546,224.449
1403636980.051666498,230.898
1403636980.101666451,226.716
1403636980.151666403,227.479
1403636980.201666594,225.988
1403636980.251666546,226.231
1403636980.301666498,227.299
1403636980.351666451,226.991
1403636980.401666403,225.104
1403636980.451666594,224.347
1403636980.501666546,233.428
1403636980.551666498,231.368
1403636980.601666451,231.913
1403636980.651666403,230.804
1403636980.701666594,250.266
1403636980.751666546,231.605
1403636980.801666498,230.706
1403636980.851666451,231.074
1403636980.901666403,230.116
1403636980.951666594,238.467
1403636981.001666546,236.812
1403636981.051666498,236.901
1403636981.101666451,237.862
1403636981.151666403,237.35
1403636981.201666594,239.176
1403636981.251666546,237.576
1403636981.301666498,238.67
1403636981.351666451,239.193
1403636981.401666403,240.762
1403636981.451666594,241.365
1403636981.501666546,242.614
1403636981.551666498,241.271
1403636981.601666451,240.356
1403636981.651666403,238.534
1403636981.701666594,239.801
1403636981.751666546,237.666
1403636981.801666498,239.203
1403636981.851666451,244.045
1403636981.901666403,240.613
1403636981.951666594,241.03
1403636982.001666546,239.207
1403636982.051666498,236.288
1403636982.101666451,238.266
1403636982.151666403,238.023
1403636982.201666594,239.361
1403636982.251666546,237.664
1403636982.301666498,242.813
1403636982.351666451,241.654
1403636982.401666403,240.553
1403636982.451666594,242.226
1403636982.501666546,240.339
1403636982.551666498,239.258
1403636982.601666451,238.575
1403636982.651666403,240.963
1403636982.701666594,246.012
1403636982.751666546,245.28
1403636982.801666498,244.116
1403636982.851666451,244.982
1403636982.901666403,249.424
1403636982.951666594,248.184
1403636983.001666546,250.999
1403636983.051666498,240.242
1403636983.101666451,246.249
1403636983.151666403,248.085
1403636983.201666594,247.331
1403636983.251666546,250.607
1403636983.301666498,242.2
1403636983.351666451,246.034
1403636983.401666403,246.36
1403636983.451666594,243.937
1403636983.501666546,247.531
1403636983.551666498,245.517
1403636983.601666451,250.162
1403636983.651666403,244.658
1403636983.701666594,242.032
1403636983.751666546,244.407
1403636983.801666498,237.297
1403636983.851666451,239.312
1403636983.901666403,241.094
1403636983.951666594,240.795
1403636984.001666546,245.577
1403636984.051666498,242.503
1403636984.101666451,243.66
1403636984.151666403,237.202
1403636984.201666594,238.334
1403636984.251666546,236.373
1403636984.301666498,238.444
1403636984.351666451,236.991
1403636984.401666403,236.249
1403636984.451666594,235.459
1403636984.501666546,236.198
1403636984.551666498,239.006
1403636984.601666451,247.632
1403636984.651666403,244.638
1403636984.701666594,238.166
1403636984.751666546,241.801
1403636984.801666498,239.455
1403636984.851666451,238.855
1403636984.901666403,239.379
1403636984.951666594,240.433
1403636985.001666546,241.264
1403636985.051666498,247.077
1403636985.101666451,239.88
1403636985.151666403,240.542
1403636985.201666594,236.652
1403636985.251666546,233.949
1403636985.301666498,232.782
1403636985.351666451,233
1403636985.401666403,233.695
1403636985.451666594,232.117
1403636985.501666546,241.497
1403636985.551666498,231.816
1403636985.601666451,232.622
1403636985.651666403,231.516
1403636985.701666594,231.204
1403636985.751666546,231.357
1403636985.801666498,233.236
1403636985.851666451,233.326
1403636985.901666403,232.934
1403636985.951666594,241.238
1403636986.001666546,240.773
1403636986.051666498,237.095
1403636986.101666451,237.419
1403636986.151666403,236.692
1403636986.201666594,236.572
1403636986.251666546,233.287
1403636986.301666498,235.613
1403636986.351666451,232.727
1403636986.401666403,238.762
1403636986.451666594,234.566
1403636986.501666546,235.649
1403636986.551666498,236.606
1403636986.601666451,236.355
1403636986.651666403,237.511
1403636986.701666594,234.726
1403636986.751666546,232.65
1403636986.801666498,235.016
1403636986.851666451,238.573
1403636986.901666403,237.162
1403636986.951666594,236.924
1403636987.001666546,236.181
1403636987.051666498,234.764
1403636987.101666451,235.609
1403636987.151666403,236.147
1403636987.201666594,235.389
1403636987.251666546,235.999
1403636987.301666498,236.219
1403636987.351666451,237.667
1403636987.401666403,237.364
1403636987.451666594,238.94
1403636987.501666546,238.464
1403636987.551666498,238.039
1403636987.601666451,236.589
1403636987.651666403,236.756
1403636987.701666594,237.586
1403636987.751666546,238.971
1403636987.801666498,239.912
1403636987.851666451,241.218
1403636987.901666403,238.307
1403636987.951666594,241.007
1403636988.001666546,241.369
1403636988.051666498,236.243
1403636988.101666451,235.437
1403636988.151666403,234.664
1403636988.201666594,240.047
1403636988.251666546,236.677
1403636988.301666498,237.556
1403636988.351666451,236.792
1403636988.401666403,237.216
1403636988.451666594,235.318
1403636988.501666546,237.008
1403636988.551666498,236.359
1403636988.601666451,234.797
1403636988.651666403,239.59
1403636988.701666594,240.056
1403636988.751666546,238.315
1403636988.801666498,239.662
1403636988.851666451,240.347
1403636988.901666403,239.245
1403636988.951666594,238.574
1403636989.001666546,238.529
1403636989.051666498,238.023
1403636989.101666451,242.421
1403636989.151666403,239.838
1403636989.201666594,242.806
1403636989.251666546,244.634
1403636989.301666498,243.086
1403636989.351666451,241.229
1403636989.401666403,239.617
1403636989.451666594,238.733
1403636989.501666546,239.163
1403636989.551666498,244.877
1403636989.601666451,243.988
1403636989.651666403,243.804
1403636989.701666594,243.542
1403636989.751666546,245.39
1403636989.801666498,243.489
1403636989.851666451,241.794
1403636989.901666403,243.156
1403636989.951666594,241.915
1403636990.001666546,244.752
1403636990.051666498,245.188
1403636990.101666451,243.976
1403636990.151666403,241.679
1403636990.201666594,242.34
1403636990.251666546,237.797
1403636990.301666498,239.904
1403636990.351666451,237.26
1403636990.401666403,237.965
1403636990.451666594,241.652
1403636990.501666546,240.043
1403636990.551666498,237.586
1403636990.601666451,236.691
1403636990.651666403,237.205
1403636990.701666594,244.186
1403636990.751666546,235.367
1403636990.801666498,233.211
1403636990.851666451,239.6
1403636990.901666403,240.229
1403636990.951666594,238.087
1403636991.001666546,237.828
1403636991.051666498,242.921
1403636991.101666451,238.178
1403636991.151666403,241.056
1403636991.201666594,237.682
1403636991.251666546,230.767
1403636991.301666498,235.518
1403636991.351666451,239.754
1403636991.401666403,239.376
1403636991.451666594,235.953
1403636991.501666546,237.455
1403636991.551666498,236.284
1403636991.601666451,236.371
1403636991.651666403,234.742
1403636991.701666594,237.671
1403636991.751666546,236.472
1403636991.801666498,240.944
1403636991.851666451,242.719
1403636991.901666403,242.028
1403636991.951666594,238.772
1403636992.001666546,237.684
1403636992.051666498,239.594
1403636992.101666451,238.981
1403636992.151666403,238.429
1403636992.201666594,238.396
1403636992.251666546,243.83
1403636992.301666498,243.787
1403636992.351666451,242.306
1403636992.401666403,241.863
1403636992.451666594,240.629
1403636992.501666546,240.826
1403636992.551666498,238.808
1403636992.601666451,241.948
1403636992.651666403,241.174
1403636992.701666594,246.741
1403636992.751666546,244.604
1403636992.801666498,245.046
1403636992.851666451,245.865
1403636992.901666403,240.715
1403636992.951666594,244.797
1403636993.001666546,245.318
1403636993.051666498,237.849
1403636993.101666451,236.794
1403636993.151666403,237.743
1403636993.201666594,237.679
1403636993.251666546,235.483
1403636993.301666498,234.927
1403636993.351666451,235.099
1403636993.401666403,239.698
1403636993.451666594,237.547
1403636993.501666546,230.351
1403636993.551666498,237.335
1403636993.601666451,240.511
1403636993.651666403,240.212
1403636993.701666594,239.914
1403636993.751666546,240.589
1403636993.801666498,241.073
1403636993.851666451,240.371
1403636993.901666403,245.521
1403636993.951666594,245.504
1403636994.001666546,246.183
1403636994.051666498,244.746
1403636994.101666451,241.287
1403636994.151666403,242.959
1403636994.201666594,242.959
1403636994.251666546,240.969
1403636994.301666498,240.283
1403636994.351666451,246.493
1403636994.401666403,247.753
1403636994.451666594,248.149
1403636994.501666546,247.039
1403636994.551666498,248.569
1403636994.601666451,253.435
1403636994.651666403,246.554
1403636994.701666594,254.561
1403636994.751666546,245.749
1403636994.801666498,253.126
1403636994.851666451,254.681
1403636994.901666403,255.187
1403636994.951666594,255.757
1403636995.001666546,256.286
1403636995.051666498,257.826
1403636995.101666451,254.269
1403636995.151666403,252.576
1403636995.201666594,247.619
1403636995.251666546,246.11
1403636995.301666498,251.11
1403636995.351666451,250.411
1403636995.401666403,249.509
1403636995.451666594,251.237
1403636995.501666546,251.923
1403636995.551666498,254.408
1403636995.601666451,252.997
1403636995.651666403,251.485
1403636995.701666594,250.457
1403636995.751666546,256.194
1403636995.801666498,252.713
1403636995.851666451,253.414
1403636995.901666403,251.111
1403636995.951666594,253.866
1403636996.001666546,255.743
1403636996.051666498,253.473
1403636996.101666451,254.155
1403636996.151666403,253.666
1403636996.201666594,252.007
1403636996.251666546,249.722
1403636996.301666498,249.523
1403636996.351666451,284.3
1403636996.401666403,255.413
1403636996.451666594,250.935
1403636996.501666546,252.103
1403636996.551666498,250.413
1403636996.601666451,253.45
1403636996.651666403,252.626
1403636996.701666594,252.289
1403636996.751666546,250.125
1403636996.801666498,250.442
1403636996.851666451,250.349
1403636996.901666403,256.193
1403636996.951666594,256.261
1403636997.001666546,263.719
1403636997.051666498,251.25
1403636997.101666451,257.624
1403636997.151666403,256.207
1403636997.201666594,257.357
1403636997.251666546,256.398
1403636997.301666498,256.2
1403636997.351666451,264.36
1403636997.401666403,260.382
1403636997.451666594,261.528
1403636997.501666546,255.576
1403636997.551666498,259.788
1403636997.601666451,262.693
1403636997.651666403,261.725
1403636997.701666594,261.599
1403636997.751666546,262.482
1403636997.801666498,262.802
1403636997.851666451,257.561
1403636997.901666403,257.303
1403636997.951666594,265.797
1403636998.001666546,261.085
1403636998.051666498,259.561
1403636998.101666451,264.278
1403636998.151666403,260.951
1403636998.201666594,258.917
1403636998.251666546,259.103
1403636998.301666498,258.956
1403636998.351666451,258.495
1403636998.401666403,265.286
1403636998.451666594,260.247
1403636998.501666546,260.356
1403636998.551666498,261.987
1403636998.601666451,262.262
1403636998.651666403,261.02
1403636998.701666594,261.259
1403636998.751666546,261.082
1403636998.801666498,268.437
1403636998.851666451,267.005
1403636998.901666403,267.715
1403636998.951666594,267.549
1403636999.001666546,267.543
1403636999.051666498,265.683
1403636999.101666451,272.168
1403636999.151666403,261.008
1403636999.201666594,259.88
1403636999.251666546,266.295
1403636999.301666498,266.782
1403636999.351666451,264.472
1403636999.401666403,269.78
1403636999.451666594,269.442
1403636999.501666546,267.595
1403636999.551666498,268.837
1403636999.601666451,269.072
1403636999.651666403,269.122
1403636999.701666594,275.729
1403636999.751666546,271.626
1403636999.801666498,270.82
1403636999.851666451,272.886
1403636999.901666403,274.484
1403636999.951666594,272.442
1403637000.001666546,271.712
1403637000.051666498,274.357
1403637000.101666451,273.468
1403637000.151666403,282.202
1403637000.201666594,273.076
1403637000.251666546,273.19
1403637000.301666498,270.089
1403637000.351666451,270.425
1403637000.401666403,269.652
1403637000.451666594,269.789
1403637000.501666546,269.665
1403637000.551666498,275.811
1403637000.601666451,296.646
1403637000.651666403,281.492
1403637000.701666594,277.507
1403637000.751666546,275.893
1403637000.801666498,274.334
1403637000.851666451,276.523
1403637000.901666403,274.5
1403637000.951666594,279.947
1403637001.001666546,283.9
1403637001.051666498,281.456
1403637001.101666451,278.92
1403637001.151666403,278.731
1403637001.201666594,278.611
1403637001.251666546,275.677
1403637001.301666498,281.798
1403637001.351666451,278.265
1403637001.401666403,279.658
1403637001.451666594,277.083
1403637001.501666546,278.566
1403637001.551666498,276.879
1403637001.601666451,281.873
1403637001.651666403,276.067
1403637001.701666594,283.44
1403637001.751666546,274.98
1403637001.801666498,284.518
1403637001.851666451,280.894
1403637001.901666403,278.835
1403637001.951666594,281.334
1403637002.001666546,271.501
1403637002.051666498,277.444
1403637002.101666451,278.897
1403637002.151666403,282.762
1403637002.201666594,279.736
1403637002.251666546,275.68
1403637002.301666498,280.885
1403637002.351666451,276.3
1403637002.401666403,277.542
1403637002.451666594,275.374
1403637002.501666546,280.266
1403637002.551666498,274.484
1403637002.601666451,274.127
1403637002.651666403,276.939
1403637002.701666594,275.609
1403637002.751666546,274.537
1403637002.801666498,273.205
1403637002.851666451,278.283
1403637002.901666403,273.213
1403637002.951666594,272.373
1403637003.001666546,272.394
1403637003.051666498,275.538
1403637003.101666451,275.147
1403637003.151666403,271.36
1403637003.201666594,273.025
1403637003.251666546,269.599
1403637003.301666498,267.561
1403637003.351666451,266.389
1403637003.401666403,263.956
1403637003.451666594,263.051
1403637003.501666546,265.208
1403637003.551666498,262.524
1403637003.601666451,253.834
1403637003.651666403,292.354
1403637003.701666594,251.049
1403637003.751666546,250.156
1403637003.801666498,247.762
1403637003.851666451,246.727
1403637003.901666403,247.093
1403637003.951666594,249.703
1403637004.001666546,248.265
1403637004.051666498,247.458
1403637004.101666451,244.993
1403637004.151666403,245.1
1403637004.201666594,244.493
1403637004.251666546,243.854
1403637004.301666498,242.113
1403637004.351666451,240.598
1403637004.401666403,241.795
1403637004.451666594,241.584
1403637004.501666546,241.091
1403637004.551666498,241.388
1403637004.601666451,239.754
1403637004.651666403,238.897
1403637004.701666594,242.27
1403637004.751666546,242.092
1403637004.801666498,239.91
1403637004.851666451,242.043
1403637004.901666403,240.16
1403637004.951666594,238.591
1403637005.001666546,240.409
1403637005.051666498,237.988
1403637005.101666451,239.856
1403637005.151666403,241.415
1403637005.201666594,240.326
1403637005.251666546,241.186
1403637005.301666498,239.24
1403637005.351666451,240.036
1403637005.401666403,240.355
1403637005.451666594,237.454
1403637005.501666546,237.28
1403637005.551666498,235.102
1403637005.601666451,235.184
1403637005.651666403,234.213
1403637005.701666594,230.768
1403637005.751666546,233.235
1403637005.801666498,233.44
1403637005.851666451,232.971
1403637005.901666403,239.843
1403637005.951666594,240.173
1403637006.001666546,242.541
1403637006.051666498,243.983
1403637006.101666451,244.286
1403637006.151666403,246.841
1403637006.201666594,267.205
1403637006.251666546,251.927
1403637006.301666498,246.306
1403637006.351666451,245.185
1403637006.401666403,244.579
1403637006.451666594,243.61
1403637006.501666546,242.89
1403637006.551666498,239.881
1403637006.601666451,242.13
1403637006.651666403,238.301
1403637006.701666594,240.086
1403637006.751666546,241.685
1403637006.801666498,242.26
1403637006.851666451,241.791
1403637006.901666403,241.102
1403637006.951666594,240.466
1403637007.001666546,238.697
1403637007.051666498,239.611
1403637007.101666451,229.217
1403637007.151666403,229.07
1403637007.201666594,329.948
1403637007.251666546,227.559
1403637007.301666498,228.252
1403637007.351666451,228.733
1403637007.401666403,229.185
1403637007.451666594,228.785
1403637007.501666546,227.061
1403637007.551666498,224.487
1403637007.601666451,223.774
1403637007.651666403,222.357
1403637007.701666594,224.376
1403637007.751666546,221.237
1403637007.801666498,219.618
1403637007.851666451,218.628
1403637007.901666403,217.398
1403637007.951666594,219.451
1403637008.001666546,216.09
1403637008.051666498,216.173
1403637008.101666451,214.741
1403637008.151666403,213.969
1403637008.201666594,212.718
1403637008.251666546,210.382
1403637008.301666498,210.458
1403637008.351666451,209.714
1403637008.401666403,210.322
1403637008.451666594,208.331
1403637008.501666546,206.404
1403637008.551666498,206.365
1403637008.601666451,206.854
1403637008.651666403,209.301
1403637008.701666594,209.861
1403637008.751666546,206.537
1403637008.801666498,206.085
1403637008.851666451,204.816
1403637008.901666403,202.132
1403637008.951666594,198.066
1403637009.001666546,198.142
1403637009.051666498,198.433
1403637009.101666451,196.71
1403637009.151666403,195.66
1403637009.201666594,195.977
1403637009.251666546,194.929
1403637009.301666498,194.148
1403637009.351666451,192.756
1403637009.401666403,190.747
1403637009.451666594,189.375
1403637009.501666546,191.822
1403637009.551666498,190.03
1403637009.601666451,193.166
1403637009.651666403,193.625
1403637009.701666594,196.684
1403637009.751666546,186.74
1403637009.801666498,184.617
1403637009.851666451,184.214
1403637009.901666403,184.13
1403637009.951666594,183.974
1403637010.001666546,184.413
1403637010.051666498,182.982
1403637010.101666451,183.098
1403637010.151666403,182.321
1403637010.201666594,181.796
1403637010.251666546,182.255
1403637010.301666498,181.805
1403637010.351666451,183.504
1403637010.401666403,182.239
1403637010.451666594,182.676
1403637010.501666546,183.092
1403637010.551666498,183.664
1403637010.601666451,185.389
