1.40364e+09,2297.71
1.40364e+09,2461.72
1.40364e+09,2551.01
1.40364e+09,2655.99
1.40364e+09,2761.46
1.40364e+09,2867.71
1.40364e+09,2949.59
1.40364e+09,3053.83
1.40364e+09,3138.09
1.40364e+09,3236.82
1.40364e+09,3334.18
1.40364e+09,3435.69
1.40364e+09,3588.3
1.40364e+09,3684.49
1.40364e+09,3769.19
1.40364e+09,3853.11
1.40364e+09,3963.96
1.40364e+09,4096.42
1.40364e+09,4215.33
1.40364e+09,4332.83
1.40364e+09,4430.52
1.40364e+09,4519.14
1.40364e+09,4605.38
1.40364e+09,4695.09
1.40364e+09,4796.14
1.40364e+09,4880.43
1.40364e+09,4960.76
1.40364e+09,5048.86
1.40364e+09,5152.4
1.40364e+09,5241.82
1.40364e+09,5343.23
1.40364e+09,5431.79
1.40364e+09,5524.72
1.40364e+09,5607.16
1.40364e+09,5706.59
1.40364e+09,5812.27
1.40364e+09,5921.21
1.40364e+09,6044.43
1.40364e+09,6139.82
1.40364e+09,6224.77
1.40364e+09,6344.35
1.40364e+09,6436.65
1.40364e+09,6518.29
1.40364e+09,6617.49
1.40364e+09,6732.11
1.40364e+09,6818.03
1.40364e+09,6905.6
1.40364e+09,7005.66
1.40364e+09,7090.08
1.40364e+09,7178.35
1.40364e+09,7266.08
1.40364e+09,7364.73
1.40364e+09,7446.89
1.40364e+09,7538.52
1.40364e+09,7622.34
1.40364e+09,7721.81
1.40364e+09,7816.39
1.40364e+09,7925.94
1.40364e+09,8023.22
1.40364e+09,8123.99
1.40364e+09,8225.55
1.40364e+09,8309.51
1.40364e+09,8415.24
1.40364e+09,8508.88
1.40364e+09,8621.17
1.40364e+09,8702.12
1.40364e+09,8794.78
1.40364e+09,8883.03
1.40364e+09,8969.48
1.40364e+09,9065.73
1.40364e+09,9147.11
1.40364e+09,9265.19
1.40364e+09,9352.76
1.40364e+09,9449.91
1.40364e+09,9557.29
1.40364e+09,9647.78
1.40364e+09,9738.8
1.40364e+09,9832.43
1.40364e+09,9922.03
1.40364e+09,10028.1
1.40364e+09,10110.4
1.40364e+09,10226.9
1.40364e+09,10316.8
1.40364e+09,10405.7
1.40364e+09,10493.5
1.40364e+09,10618.9
1.40364e+09,10730.6
1.40364e+09,10829.6
1.40364e+09,10919.6
1.40364e+09,11008.1
1.40364e+09,11107
1.40364e+09,11222.3
1.40364e+09,11318.8
1.40364e+09,11423
1.40364e+09,11539.5
1.40364e+09,11627.2
1.40364e+09,11740
1.40364e+09,11841.1
1.40364e+09,11948.8
1.40364e+09,12067.7
1.40364e+09,12163.7
1.40364e+09,12260.1
1.40364e+09,12371.9
1.40364e+09,12456.2
1.40364e+09,12565.2
1.40364e+09,12664
1.40364e+09,12760.3
1.40364e+09,12867.8
1.40364e+09,12947.9
1.40364e+09,13064
1.40364e+09,13148.5
1.40364e+09,13251
1.40364e+09,13358
1.40364e+09,13454.7
1.40364e+09,13539.6
1.40364e+09,13647
1.40364e+09,13739.5
1.40364e+09,13822.1
1.40364e+09,13906.3
1.40364e+09,14015.2
1.40364e+09,14107
1.40364e+09,14212
1.40364e+09,14302.3
1.40364e+09,14424.7
1.40364e+09,14524.9
1.40364e+09,14628.4
1.40364e+09,14712.7
1.40364e+09,14832.7
1.40364e+09,14940.5
1.40364e+09,15022.9
1.40364e+09,15130.5
1.40364e+09,15246.7
1.40364e+09,15339
1.40364e+09,15433.2
1.40364e+09,15551.2
1.40364e+09,15626.7
1.40364e+09,15734
1.40364e+09,15828.5
1.40364e+09,15922.8
1.40364e+09,16015.2
1.40364e+09,16104.2
1.40364e+09,16188.5
1.40364e+09,16295.4
1.40364e+09,16417.4
1.40364e+09,16519
1.40364e+09,16631.4
1.40364e+09,16735.3
1.40364e+09,16810.3
1.40364e+09,16922.7
1.40364e+09,17022.3
1.40364e+09,17122.2
1.40364e+09,17225.9
1.40364e+09,17317.8
1.40364e+09,17450.7
1.40364e+09,17617.8
1.40364e+09,17697.3
1.40364e+09,17843.3
1.40364e+09,17968.5
1.40364e+09,18069
1.40364e+09,18158.1
1.40364e+09,18243.5
1.40364e+09,18328.7
1.40364e+09,18416.4
1.40364e+09,18506.2
1.40364e+09,18613
1.40364e+09,18712.2
1.40364e+09,18800.5
1.40364e+09,18906.2
1.40364e+09,18996
1.40364e+09,19098.8
1.40364e+09,19200.2
1.40364e+09,19300.5
1.40364e+09,19398.5
1.40364e+09,19497
1.40364e+09,19591.3
1.40364e+09,19709.8
1.40364e+09,19812.1
1.40364e+09,19895.2
1.40364e+09,20005.8
1.40364e+09,20109.8
1.40364e+09,20215.8
1.40364e+09,20338.5
1.40364e+09,20415.2
1.40364e+09,20535.8
1.40364e+09,20649.3
1.40364e+09,20767.3
1.40364e+09,20873.4
1.40364e+09,20973.8
1.40364e+09,21060.1
1.40364e+09,21159.3
1.40364e+09,21254.8
1.40364e+09,21344
1.40364e+09,21460.2
1.40364e+09,21574.1
1.40364e+09,21687.7
1.40364e+09,21801
1.40364e+09,21910.7
1.40364e+09,21991.8
1.40364e+09,22112.2
1.40364e+09,22222.3
1.40364e+09,22307
1.40364e+09,22427.5
1.40364e+09,22536.9
1.40364e+09,22641.6
1.40364e+09,22723.2
1.40364e+09,22852
1.40364e+09,22964.5
1.40364e+09,23070.1
1.40364e+09,23195.2
1.40364e+09,23290
1.40364e+09,23419.3
1.40364e+09,23523
1.40364e+09,23621.6
1.40364e+09,23726.3
1.40364e+09,23820.2
1.40364e+09,23919
1.40364e+09,24030.4
1.40364e+09,24122.6
1.40364e+09,24224.1
1.40364e+09,24327.2
1.40364e+09,24421.2
1.40364e+09,24508.2
1.40364e+09,24620.3
1.40364e+09,24715.8
1.40364e+09,24803.8
1.40364e+09,24910.9
1.40364e+09,25008.2
1.40364e+09,25079.3
1.40364e+09,25178
1.40364e+09,25267.9
1.40364e+09,25345
1.40364e+09,25458.8
1.40364e+09,25589.6
1.40364e+09,25696
1.40364e+09,25783.8
1.40364e+09,25867.3
1.40364e+09,25939.6
1.40364e+09,26036.6
1.40364e+09,26124.6
1.40364e+09,26213.8
1.40364e+09,26317.6
1.40364e+09,26419.8
1.40364e+09,26511.9
1.40364e+09,26612
1.40364e+09,26702.9
1.40364e+09,26785.2
1.40364e+09,26853.8
1.40364e+09,26954.5
1.40364e+09,27074.3
1.40364e+09,27158.4
1.40364e+09,27243.1
1.40364e+09,27343.4
1.40364e+09,27420.5
1.40364e+09,27524
1.40364e+09,27608.6
1.40364e+09,27695.3
1.40364e+09,27783.2
1.40364e+09,27869
1.40364e+09,27960.4
1.40364e+09,28049.2
1.40364e+09,28167.9
1.40364e+09,28264.3
1.40364e+09,28377
1.40364e+09,28464.8
1.40364e+09,28566
1.40364e+09,28670.1
1.40364e+09,28777.4
1.40364e+09,28883.8
1.40364e+09,28968.4
1.40364e+09,29069.4
1.40364e+09,29176.2
1.40364e+09,29263.2
1.40364e+09,29382.9
1.40364e+09,29474
1.40364e+09,29572.5
1.40364e+09,29672.7
1.40364e+09,29759.9
1.40364e+09,29844
1.40364e+09,29930.9
1.40364e+09,30035.6
1.40364e+09,30152.7
1.40364e+09,30248.5
1.40364e+09,30329.6
1.40364e+09,30429.7
1.40364e+09,30536
1.40364e+09,30637.5
1.40364e+09,30707.1
1.40364e+09,30798.1
1.40364e+09,30892.4
1.40364e+09,31000.5
1.40364e+09,31117.1
1.40364e+09,31223
1.40364e+09,31330.9
1.40364e+09,31414
1.40364e+09,31574.5
1.40364e+09,31676.8
1.40364e+09,31769.4
1.40364e+09,31855.9
1.40364e+09,31942.6
1.40364e+09,32019.3
1.40364e+09,32133
1.40364e+09,32228.2
1.40364e+09,32309.4
1.40364e+09,32409
1.40364e+09,32509.1
1.40364e+09,32613.9
1.40364e+09,32701.6
1.40364e+09,32805.1
1.40364e+09,32888.4
1.40364e+09,32980.1
1.40364e+09,33084.4
1.40364e+09,33188.3
1.40364e+09,33283.3
1.40364e+09,33365.7
1.40364e+09,33451.4
1.40364e+09,33564.2
1.40364e+09,33651.7
1.40364e+09,33737.4
1.40364e+09,33820
1.40364e+09,33897.1
1.40364e+09,34017.4
1.40364e+09,34148.3
1.40364e+09,34250.1
1.40364e+09,34320
1.40364e+09,34417.6
1.40364e+09,34513.1
1.40364e+09,34620.4
1.40364e+09,34732.7
1.40364e+09,34833.6
1.40364e+09,34922.4
1.40364e+09,35028.3
1.40364e+09,35117.8
1.40364e+09,35221.7
1.40364e+09,35316.2
1.40364e+09,35417.9
1.40364e+09,35507.3
1.40364e+09,35594.1
1.40364e+09,35664.6
1.40364e+09,35760.6
1.40364e+09,35861.9
1.40364e+09,35942.7
1.40364e+09,36065.4
1.40364e+09,36151.8
1.40364e+09,36237.7
1.40364e+09,36320.2
1.40364e+09,36389.3
1.40364e+09,36505
1.40364e+09,36617.8
1.40364e+09,36709.5
1.40364e+09,36803.2
1.40364e+09,36900.4
1.40364e+09,37010.6
1.40364e+09,37115.4
1.40364e+09,37190
1.40364e+09,37285.1
1.40364e+09,37375.7
1.40364e+09,37472.4
1.40364e+09,37569.2
1.40364e+09,37655.2
1.40364e+09,37773.2
1.40364e+09,37856.5
1.40364e+09,37988.4
1.40364e+09,38075.4
1.40364e+09,38194.3
1.40364e+09,38295.5
1.40364e+09,38383
1.40364e+09,38495.6
1.40364e+09,38586.5
1.40364e+09,38685
1.40364e+09,38766.8
1.40364e+09,38858
1.40364e+09,38958.2
1.40364e+09,39050.8
1.40364e+09,39137
1.40364e+09,39227.2
1.40364e+09,39319.9
1.40364e+09,39406.9
1.40364e+09,39500.3
1.40364e+09,39585.2
1.40364e+09,39674.2
1.40364e+09,39792.3
1.40364e+09,39923.2
1.40364e+09,40017.4
1.40364e+09,40136.2
1.40364e+09,40217.4
1.40364e+09,40298.6
1.40364e+09,40390.9
1.40364e+09,40513
1.40364e+09,40608.2
1.40364e+09,40702.2
1.40364e+09,40800.2
1.40364e+09,40894.1
1.40364e+09,40999.3
1.40364e+09,41086.9
1.40364e+09,41180.5
1.40364e+09,41254.8
1.40364e+09,41352
1.40364e+09,41439.7
1.40364e+09,41520.3
1.40364e+09,41613.6
1.40364e+09,41725.2
1.40364e+09,41822.6
1.40364e+09,41914.4
1.40364e+09,42012.2
1.40364e+09,42111
1.40364e+09,42205.6
1.40364e+09,42312.7
1.40364e+09,42410.1
1.40364e+09,42503.1
1.40364e+09,42581.3
1.40364e+09,42694.3
1.40364e+09,42808.3
1.40364e+09,42910.5
1.40364e+09,42978.3
1.40364e+09,43076.1
1.40364e+09,43186.2
1.40364e+09,43271.9
1.40364e+09,43376.4
1.40364e+09,43462.5
1.40364e+09,43605.5
1.40364e+09,43717.3
1.40364e+09,43822.7
1.40364e+09,43921.3
1.40364e+09,44018.4
1.40364e+09,44101.1
1.40364e+09,44239.8
1.40364e+09,44343.2
1.40364e+09,44420.9
1.40364e+09,44520.5
1.40364e+09,44636.8
1.40364e+09,44733.3
1.40364e+09,44843.9
1.40364e+09,44932
1.40364e+09,45019.6
1.40364e+09,45109.6
1.40364e+09,45206.2
1.40364e+09,45309.4
1.40364e+09,45390.9
1.40364e+09,45505.2
1.40364e+09,45605.1
1.40364e+09,45718.1
1.40364e+09,45841
1.40364e+09,45926.6
1.40364e+09,46040.8
1.40364e+09,46157
1.40364e+09,46263.3
1.40364e+09,46365.2
1.40364e+09,46465.6
1.40364e+09,46544.3
1.40364e+09,46654.6
1.40364e+09,46757.3
1.40364e+09,46858.6
1.40364e+09,46961.4
1.40364e+09,47077.8
1.40364e+09,47200.2
1.40364e+09,47287.4
1.40364e+09,47406.8
1.40364e+09,47511.7
1.40364e+09,47615.5
1.40364e+09,47708.8
1.40364e+09,47808.4
1.40364e+09,47911.1
1.40364e+09,48022.7
1.40364e+09,48126.7
1.40364e+09,48239.1
1.40364e+09,48331.5
1.40364e+09,48446.2
1.40364e+09,48526.8
1.40364e+09,48639.8
1.40364e+09,48746.3
1.40364e+09,48838.7
1.40364e+09,48978.6
1.40364e+09,49085.3
1.40364e+09,49183.7
1.40364e+09,49293.1
1.40364e+09,49400.3
1.40364e+09,49499.9
1.40364e+09,49611.2
1.40364e+09,49700.5
1.40364e+09,49815.7
1.40364e+09,49916.8
1.40364e+09,49999.5
1.40364e+09,50094.3
1.40364e+09,50194.1
1.40364e+09,50325.5
1.40364e+09,50408.7
1.40364e+09,50506
1.40364e+09,50611.3
1.40364e+09,50729
1.40364e+09,50836.7
1.40364e+09,50917.8
1.40364e+09,51037.8
1.40364e+09,51126.8
1.40364e+09,51223.3
1.40364e+09,51328.9
1.40364e+09,51444.4
1.40364e+09,51560.6
1.40364e+09,51680.2
1.40364e+09,51785.1
1.40364e+09,51882.3
1.40364e+09,51993.4
1.40364e+09,52097.3
1.40364e+09,52204.6
1.40364e+09,52302.1
1.40364e+09,52374.3
1.40364e+09,52469.2
1.40364e+09,52577.6
1.40364e+09,52674.2
1.40364e+09,52784.7
1.40364e+09,52876.1
1.40364e+09,52987.3
1.40364e+09,53094.3
1.40364e+09,53202.6
1.40364e+09,53307.7
1.40364e+09,53407.1
1.40364e+09,53528.8
1.40364e+09,53644.7
1.40364e+09,53736.6
1.40364e+09,53832.7
1.40364e+09,53922.3
1.40364e+09,54031.2
1.40364e+09,54157.9
1.40364e+09,54246.1
1.40364e+09,54342.5
1.40364e+09,54443.3
1.40364e+09,54539.1
1.40364e+09,54650.3
1.40364e+09,54740.5
1.40364e+09,54857.7
1.40364e+09,54943
1.40364e+09,55055.9
1.40364e+09,55145.3
1.40364e+09,55264
1.40364e+09,55372.1
1.40364e+09,55471.6
1.40364e+09,55566.6
1.40364e+09,55648.9
1.40364e+09,55755.6
1.40364e+09,55846
1.40364e+09,55959.6
1.40364e+09,56067.7
1.40364e+09,56171.6
1.40364e+09,56295.5
1.40364e+09,56411.4
1.40364e+09,56518.3
1.40364e+09,56623.7
1.40364e+09,56732.2
1.40364e+09,56848.9
1.40364e+09,56959.2
1.40364e+09,57067.1
1.40364e+09,57153.8
1.40364e+09,57244.3
1.40364e+09,57375.8
1.40364e+09,57458.1
1.40364e+09,57547.3
1.40364e+09,57667.5
1.40364e+09,57790
1.40364e+09,57930.6
1.40364e+09,58034.4
1.40364e+09,58180.2
1.40364e+09,58290.3
1.40364e+09,58406.3
1.40364e+09,58499.5
1.40364e+09,58590.8
1.40364e+09,58713.8
1.40364e+09,58805.6
1.40364e+09,58902.2
1.40364e+09,59015.2
1.40364e+09,59122.8
1.40364e+09,59198.8
1.40364e+09,59309.5
1.40364e+09,59414.7
1.40364e+09,59524.5
1.40364e+09,59625.3
1.40364e+09,59734.4
1.40364e+09,59838.3
1.40364e+09,59953.1
1.40364e+09,60060
1.40364e+09,60136.1
1.40364e+09,60240.7
1.40364e+09,60350.3
1.40364e+09,60462.6
1.40364e+09,60583.1
1.40364e+09,60690.9
1.40364e+09,60779.5
1.40364e+09,60884.5
1.40364e+09,61013.7
1.40364e+09,61113.2
1.40364e+09,61231.3
1.40364e+09,61317.1
1.40364e+09,61430.8
1.40364e+09,61521.9
1.40364e+09,61610.3
1.40364e+09,61705.3
1.40364e+09,61822.2
1.40364e+09,61933.7
1.40364e+09,62014
1.40364e+09,62135.2
1.40364e+09,62228.5
1.40364e+09,62317.8
1.40364e+09,62418.9
1.40364e+09,62509.3
1.40364e+09,62601.5
1.40364e+09,62714.9
1.40364e+09,62824.2
1.40364e+09,62918.6
1.40364e+09,63039
1.40364e+09,63153.6
1.40364e+09,63267.8
1.40364e+09,63374.1
1.40364e+09,63479.9
1.40364e+09,63571.2
1.40364e+09,63686.7
1.40364e+09,63784.2
1.40364e+09,63890.6
1.40364e+09,64027.5
1.40364e+09,64138.9
1.40364e+09,64259.8
1.40364e+09,64349.8
1.40364e+09,64456.9
1.40364e+09,64576
1.40364e+09,64664.5
1.40364e+09,64755
1.40364e+09,64858.9
1.40364e+09,64985.5
1.40364e+09,65076.6
1.40364e+09,65190.7
1.40364e+09,65310.1
1.40364e+09,65461.7
1.40364e+09,65570.2
1.40364e+09,65697.5
1.40364e+09,65805.7
1.40364e+09,65905.7
1.40364e+09,66036.9
1.40364e+09,66135.3
1.40364e+09,66249.7
1.40364e+09,66377
1.40364e+09,66490.2
1.40364e+09,66607.4
1.40364e+09,66716.1
1.40364e+09,66810.5
1.40364e+09,66926.8
1.40364e+09,67024.7
1.40364e+09,67140.3
1.40364e+09,67253.5
1.40364e+09,67363
1.40364e+09,67466.8
1.40364e+09,67581.2
1.40364e+09,67694.4
1.40364e+09,67804
1.40364e+09,67914
1.40364e+09,68039.1
1.40364e+09,68155.5
1.40364e+09,68259.6
1.40364e+09,68354.9
1.40364e+09,68464.7
1.40364e+09,68583
1.40364e+09,68689.6
1.40364e+09,68797.7
1.40364e+09,68886.2
1.40364e+09,68993.3
1.40364e+09,69108.8
1.40364e+09,69220.9
1.40364e+09,69330.8
1.40364e+09,69417.8
1.40364e+09,69540.3
1.40364e+09,69685.9
1.40364e+09,69802.4
1.40364e+09,69919.1
1.40364e+09,70041.8
1.40364e+09,70143.6
1.40364e+09,70267.6
1.40364e+09,70353.7
1.40364e+09,70476.4
1.40364e+09,70583.4
1.40364e+09,70680.8
1.40364e+09,70775.4
1.40364e+09,70898.5
1.40364e+09,71007.7
1.40364e+09,71118.2
1.40364e+09,71234.2
1.40364e+09,71343.4
1.40364e+09,71448.1
1.40364e+09,71569
1.40364e+09,71685.8
1.40364e+09,71789.4
1.40364e+09,71875.4
1.40364e+09,71986.6
1.40364e+09,72103.5
1.40364e+09,72216.8
1.40364e+09,72332.5
1.40364e+09,72437.1
1.40364e+09,72555.1
1.40364e+09,72677.2
1.40364e+09,72789.5
1.40364e+09,72904
1.40364e+09,73014.4
1.40364e+09,73128.3
1.40364e+09,73224.3
1.40364e+09,73317.2
1.40364e+09,73449.3
1.40364e+09,73543.1
1.40364e+09,73674.4
1.40364e+09,73757.3
1.40364e+09,73870.8
1.40364e+09,73961
1.40364e+09,74124.2
1.40364e+09,74243
1.40364e+09,74325.2
1.40364e+09,74420.9
1.40364e+09,74510
1.40364e+09,74623.1
1.40364e+09,74735.4
1.40364e+09,74847
1.40364e+09,74931
1.40364e+09,75045.8
1.40364e+09,75162.7
1.40364e+09,75266.5
1.40364e+09,75380.5
1.40364e+09,75486.2
1.40364e+09,75605.8
1.40364e+09,75720.9
1.40364e+09,75840.3
1.40364e+09,75921.6
1.40364e+09,76041.4
1.40364e+09,76165.6
1.40364e+09,76256.5
1.40364e+09,76338
1.40364e+09,76453.3
1.40364e+09,76534.5
1.40364e+09,76650.9
1.40364e+09,76761.9
1.40364e+09,76874.1
1.40364e+09,76990.6
1.40364e+09,77078.2
1.40364e+09,77182.3
1.40364e+09,77301.7
1.40364e+09,77388.3
1.40364e+09,77510.7
1.40364e+09,77625.6
1.40364e+09,77751
1.40364e+09,77857.4
1.40364e+09,77971.8
1.40364e+09,78083
1.40364e+09,78214.1
1.40364e+09,78322.1
1.40364e+09,78427.6
1.40364e+09,78532.9
1.40364e+09,78657.1
1.40364e+09,78769.3
1.40364e+09,78876.1
1.40364e+09,78980.6
1.40364e+09,79077.5
1.40364e+09,79200.6
1.40364e+09,79313.9
1.40364e+09,79427.9
1.40364e+09,79536
1.40364e+09,79659.4
1.40364e+09,79772.2
1.40364e+09,79887.9
1.40364e+09,79994
1.40364e+09,80111.2
1.40364e+09,80228
1.40364e+09,80334.8
1.40364e+09,80461.9
1.40364e+09,80579.9
1.40364e+09,80675.4
1.40364e+09,80801.6
1.40364e+09,80926.2
1.40364e+09,81018.4
1.40364e+09,81122.4
1.40364e+09,81247
1.40364e+09,81351.8
1.40364e+09,81448.4
1.40364e+09,81585.9
1.40364e+09,81694
1.40364e+09,81794.8
1.40364e+09,81913.4
1.40364e+09,82017.6
1.40364e+09,82145.5
1.40364e+09,82246.3
1.40364e+09,82361.3
1.40364e+09,82493.5
1.40364e+09,82611.3
1.40364e+09,82734.7
1.40364e+09,82841
1.40364e+09,82953
1.40364e+09,83062.1
1.40364e+09,83165.9
1.40364e+09,83276.4
1.40364e+09,83383.9
1.40364e+09,83502.1
1.40364e+09,83617.5
1.40364e+09,83719.1
1.40364e+09,83828.8
1.40364e+09,83919.6
1.40364e+09,84014.2
1.40364e+09,84111.2
1.40364e+09,84197.5
1.40364e+09,84313.3
1.40364e+09,84420.8
1.40364e+09,84529.3
1.40364e+09,84634.3
1.40364e+09,84828.8
1.40364e+09,84932.6
1.40364e+09,85036.3
1.40364e+09,85143.2
1.40364e+09,85253.8
1.40364e+09,85374.6
1.40364e+09,85499.6
1.40364e+09,85604.2
1.40364e+09,85730.1
1.40364e+09,85810.4
1.40364e+09,85936.5
1.40364e+09,86041.5
1.40364e+09,86127.9
1.40364e+09,86242.4
1.40364e+09,86346.2
1.40364e+09,86452.1
1.40364e+09,86559.8
1.40364e+09,86663.3
1.40364e+09,86763.5
1.40364e+09,86869.8
1.40364e+09,86991.8
1.40364e+09,87103
1.40364e+09,87207.2
1.40364e+09,87320.4
1.40364e+09,87429.3
1.40364e+09,87537.9
1.40364e+09,87652.2
1.40364e+09,87745
1.40364e+09,87837.1
1.40364e+09,87957.1
1.40364e+09,88088.6
1.40364e+09,88196.4
1.40364e+09,88311.5
1.40364e+09,88418.4
1.40364e+09,88526.5
1.40364e+09,88637
1.40364e+09,88750.3
1.40364e+09,88854
1.40364e+09,88944
1.40364e+09,89074.1
1.40364e+09,89198.7
1.40364e+09,89321.2
1.40364e+09,89411.9
1.40364e+09,89506.4
1.40364e+09,89597.7
1.40364e+09,89737.4
1.40364e+09,89847.1
1.40364e+09,89959.4
1.40364e+09,90070.5
1.40364e+09,90184
1.40364e+09,90294.6
1.40364e+09,90406.6
1.40364e+09,90520.8
1.40364e+09,90624.6
1.40364e+09,90735.7
1.40364e+09,90848
1.40364e+09,90936.9
1.40364e+09,91042.2
1.40364e+09,91171.2
1.40364e+09,91283.1
1.40364e+09,91361.9
1.40364e+09,91483.7
1.40364e+09,91592.8
1.40364e+09,91684.2
1.40364e+09,91808
1.40364e+09,91907.5
1.40364e+09,92005.2
1.40364e+09,92126.5
1.40364e+09,92215.6
1.40364e+09,92340.4
1.40364e+09,92462.3
1.40364e+09,92575.3
1.40364e+09,92662.1
1.40364e+09,92778.4
1.40364e+09,92895.5
1.40364e+09,93001.7
1.40364e+09,93109.6
1.40364e+09,93237.4
1.40364e+09,93321.3
1.40364e+09,93416.3
1.40364e+09,93535.8
1.40364e+09,93645.2
1.40364e+09,93772
1.40364e+09,93882.5
1.40364e+09,93973.7
1.40364e+09,94093.8
1.40364e+09,94207.8
1.40364e+09,94320.8
1.40364e+09,94424.5
1.40364e+09,94515.2
1.40364e+09,94609.6
1.40364e+09,94690
1.40364e+09,94797.2
1.40364e+09,94896.6
1.40364e+09,95029.6
1.40364e+09,95142.4
1.40364e+09,95269.6
1.40364e+09,95380.9
1.40364e+09,95471
1.40364e+09,95597.5
1.40364e+09,95682.3
1.40364e+09,95803.6
1.40364e+09,95899.9
1.40364e+09,96022.5
1.40364e+09,96128.2
1.40364e+09,96243.1
1.40364e+09,96349.3
1.40364e+09,96429.8
1.40364e+09,96544.2
1.40364e+09,96654
1.40364e+09,96766.1
1.40364e+09,96884.1
1.40364e+09,96994.4
1.40364e+09,97107.8
1.40364e+09,97215
1.40364e+09,97325.9
1.40364e+09,97432.9
1.40364e+09,97525
1.40364e+09,97654.3
1.40364e+09,97763.5
1.40364e+09,97869.9
1.40364e+09,97976.7
1.40364e+09,98083
1.40364e+09,98190
1.40364e+09,98300.7
1.40364e+09,98408.2
1.40364e+09,98514.5
1.40364e+09,98620
1.40364e+09,98725.2
1.40364e+09,98814.9
1.40364e+09,98915.2
1.40364e+09,99021.8
1.40364e+09,99128.2
1.40364e+09,99232.9
1.40364e+09,99323.7
1.40364e+09,99444.3
1.40364e+09,99542.4
1.40364e+09,99635.8
1.40364e+09,99755
1.40364e+09,99864.2
1.40364e+09,99974.1
1.40364e+09,100088
1.40364e+09,100188
1.40364e+09,100307
1.40364e+09,100388
1.40364e+09,100502
1.40364e+09,100612
1.40364e+09,100693
1.40364e+09,100817
1.40364e+09,100925
1.40364e+09,101038
1.40364e+09,101147
1.40364e+09,101246
1.40364e+09,101367
1.40364e+09,101455
1.40364e+09,101567
1.40364e+09,101681
1.40364e+09,101789
1.40364e+09,101903
1.40364e+09,102014
1.40364e+09,102126
1.40364e+09,102234
1.40364e+09,102390
1.40364e+09,102490
1.40364e+09,102594
1.40364e+09,102702
1.40364e+09,102809
1.40364e+09,102938
1.40364e+09,103030
1.40364e+09,103126
1.40364e+09,103213
1.40364e+09,103313
1.40364e+09,103414
1.40364e+09,103505
1.40364e+09,103615
1.40364e+09,103727
1.40364e+09,103831
1.40364e+09,103953
1.40364e+09,104042
1.40364e+09,104165
1.40364e+09,104296
1.40364e+09,104408
1.40364e+09,104518
1.40364e+09,104609
1.40364e+09,104710
1.40364e+09,104785
1.40364e+09,104905
1.40364e+09,104987
1.40364e+09,105100
1.40364e+09,105210
1.40364e+09,105317
1.40364e+09,105416
1.40364e+09,105529
1.40364e+09,105667
1.40364e+09,105797
1.40364e+09,105879
1.40364e+09,106004
1.40364e+09,106095
1.40364e+09,106192
1.40364e+09,106285
1.40364e+09,106381
1.40364e+09,106469
1.40364e+09,106575
1.40364e+09,106694
1.40364e+09,106802
1.40364e+09,106885
1.40364e+09,106975
1.40364e+09,107113
1.40364e+09,107199
1.40364e+09,107315
1.40364e+09,107436
1.40364e+09,107557
1.40364e+09,107683
1.40364e+09,107794
1.40364e+09,107910
1.40364e+09,108009
1.40364e+09,108114
1.40364e+09,108212
1.40364e+09,108345
1.40364e+09,108446
1.40364e+09,108550
1.40364e+09,108661
1.40364e+09,108754
1.40364e+09,108863
1.40364e+09,108982
1.40364e+09,109108
1.40364e+09,109186
1.40364e+09,109296
1.40364e+09,109397
1.40364e+09,109505
1.40364e+09,109600
1.40364e+09,109715
1.40364e+09,109822
1.40364e+09,109918
1.40364e+09,110053
1.40364e+09,110154
1.40364e+09,110267
1.40364e+09,110358
1.40364e+09,110480
1.40364e+09,110589
1.40364e+09,110699
1.40364e+09,110809
1.40364e+09,110901
1.40364e+09,110982
1.40364e+09,111102
1.40364e+09,111197
1.40364e+09,111284
1.40364e+09,111398
1.40364e+09,111512
1.40364e+09,111623
1.40364e+09,111716
1.40364e+09,111828
1.40364e+09,111935
1.40364e+09,112043
1.40364e+09,112159
1.40364e+09,112251
1.40364e+09,112360
1.40364e+09,112449
1.40364e+09,112562
1.40364e+09,112644
1.40364e+09,112743
1.40364e+09,112819
1.40364e+09,112918
1.40364e+09,113004
1.40364e+09,113112
1.40364e+09,113225
1.40364e+09,113331
1.40364e+09,113442
1.40364e+09,113523
1.40364e+09,113628
1.40364e+09,113703
1.40364e+09,113818
1.40364e+09,113928
1.40364e+09,114005
1.40364e+09,114136
1.40364e+09,114229
1.40364e+09,114318
1.40364e+09,114407
1.40364e+09,114504
1.40364e+09,114587
1.40364e+09,114705
1.40364e+09,114813
1.40364e+09,114917
1.40364e+09,115017
1.40364e+09,115114
1.40364e+09,115236
1.40364e+09,115325
1.40364e+09,115421
1.40364e+09,115532
1.40364e+09,115643
1.40364e+09,115730
1.40364e+09,115803
1.40364e+09,115928
1.40364e+09,116040
1.40364e+09,116151
1.40364e+09,116243
1.40364e+09,116356
1.40364e+09,116461
1.40364e+09,116561
1.40364e+09,116682
1.40364e+09,116780
1.40364e+09,116888
1.40364e+09,117001
1.40364e+09,117110
1.40364e+09,117224
1.40364e+09,117338
1.40364e+09,117444
1.40364e+09,117550
1.40364e+09,117675
1.40364e+09,117825
1.40364e+09,117930
1.40364e+09,118040
1.40364e+09,118154
1.40364e+09,118274
1.40364e+09,118402
1.40364e+09,118498
1.40364e+09,118615
1.40364e+09,118707
1.40364e+09,118775
1.40364e+09,118896
1.40364e+09,119005
1.40364e+09,119122
1.40364e+09,119208
1.40364e+09,119292
1.40364e+09,119405
1.40364e+09,119525
1.40364e+09,119633
1.40364e+09,119711
1.40364e+09,119806
1.40364e+09,119927
1.40364e+09,120052
1.40364e+09,120159
1.40364e+09,120244
1.40364e+09,120347
1.40364e+09,120481
1.40364e+09,120589
1.40364e+09,120673
1.40364e+09,120786
1.40364e+09,120886
1.40364e+09,120996
1.40364e+09,121081
1.40364e+09,121198
1.40364e+09,121302
1.40364e+09,121398
1.40364e+09,121504
1.40364e+09,121611
1.40364e+09,121687
1.40364e+09,121774
1.40364e+09,121908
1.40364e+09,122016
1.40364e+09,122124
1.40364e+09,122235
1.40364e+09,122345
1.40364e+09,122452
1.40364e+09,122528
1.40364e+09,122617
1.40364e+09,122713
1.40364e+09,122808
1.40364e+09,122896
1.40364e+09,123015
1.40364e+09,123122
1.40364e+09,123234
1.40364e+09,123341
1.40364e+09,123424
1.40364e+09,123530
1.40364e+09,123646
1.40364e+09,123741
1.40364e+09,123872
1.40364e+09,124009
1.40364e+09,124085
1.40364e+09,124198
1.40364e+09,124304
1.40364e+09,124394
1.40364e+09,124510
1.40364e+09,124611
1.40364e+09,124722
1.40364e+09,124813
1.40364e+09,124918
1.40364e+09,125023
1.40364e+09,125161
1.40364e+09,125279
1.40364e+09,125394
1.40364e+09,125501
1.40364e+09,125615
1.40364e+09,125699
1.40364e+09,125801
1.40364e+09,125915
1.40364e+09,126017
1.40364e+09,126105
1.40364e+09,126205
1.40364e+09,126293
1.40364e+09,126397
1.40364e+09,126520
1.40364e+09,126639
1.40364e+09,126740
1.40364e+09,126837
1.40364e+09,126948
1.40364e+09,127023
1.40364e+09,127126
1.40364e+09,127212
1.40364e+09,127333
1.40364e+09,127437
1.40364e+09,127520
1.40364e+09,127631
1.40364e+09,127736
1.40364e+09,127821
1.40364e+09,127938
1.40364e+09,128032
1.40364e+09,128140
1.40364e+09,128207
1.40364e+09,128333
1.40364e+09,128441
1.40364e+09,128548
1.40364e+09,128648
1.40364e+09,128762
1.40364e+09,128873
1.40364e+09,129005
1.40364e+09,129112
1.40364e+09,129223
1.40364e+09,129359
1.40364e+09,129464
1.40364e+09,129563
1.40364e+09,129686
1.40364e+09,129845
1.40364e+09,129918
1.40364e+09,130070
1.40364e+09,130188
1.40364e+09,130318
1.40364e+09,130424
1.40364e+09,130536
1.40364e+09,130614
1.40364e+09,130706
1.40364e+09,130825
1.40364e+09,130917
1.40364e+09,131040
1.40364e+09,131141
1.40364e+09,131254
1.40364e+09,131362
1.40364e+09,131469
1.40364e+09,131583
1.40364e+09,131662
1.40364e+09,131783
1.40364e+09,131891
1.40364e+09,131999
1.40364e+09,132099
1.40364e+09,132243
1.40364e+09,132349
1.40364e+09,132425
1.40364e+09,132548
1.40364e+09,132640
1.40364e+09,132767
1.40364e+09,132872
1.40364e+09,132972
1.40364e+09,133077
1.40364e+09,133171
1.40364e+09,133264
1.40364e+09,133353
1.40364e+09,133465
1.40364e+09,133558
1.40364e+09,133663
1.40364e+09,133768
1.40364e+09,133878
1.40364e+09,133982
1.40364e+09,134085
1.40364e+09,134193
1.40364e+09,134311
1.40364e+09,134420
1.40364e+09,134552
1.40364e+09,134662
1.40364e+09,134786
1.40364e+09,134896
1.40364e+09,135002
1.40364e+09,135114
1.40364e+09,135230
1.40364e+09,135335
1.40364e+09,135472
1.40364e+09,135577
1.40364e+09,135684
1.40364e+09,135779
1.40364e+09,135869
1.40364e+09,135980
1.40364e+09,136096
1.40364e+09,136195
1.40364e+09,136300
1.40364e+09,136406
1.40364e+09,136532
1.40364e+09,136634
1.40364e+09,136720
1.40364e+09,136825
1.40364e+09,136915
1.40364e+09,137027
1.40364e+09,137136
1.40364e+09,137226
1.40364e+09,137340
1.40364e+09,137438
1.40364e+09,137546
1.40364e+09,137645
1.40364e+09,137731
1.40364e+09,137880
1.40364e+09,137989
1.40364e+09,138113
1.40364e+09,138225
1.40364e+09,138326
1.40364e+09,138431
1.40364e+09,138536
1.40364e+09,138646
1.40364e+09,138754
1.40364e+09,138853
1.40364e+09,138957
1.40364e+09,139064
1.40364e+09,139171
1.40364e+09,139258
1.40364e+09,139362
1.40364e+09,139498
1.40364e+09,139619
1.40364e+09,139706
1.40364e+09,139812
1.40364e+09,139916
1.40364e+09,140040
1.40364e+09,140144
1.40364e+09,140247
1.40364e+09,140364
1.40364e+09,140469
1.40364e+09,140558
1.40364e+09,140662
1.40364e+09,140795
1.40364e+09,140886
1.40364e+09,141007
1.40364e+09,141114
1.40364e+09,141227
1.40364e+09,141333
1.40364e+09,141441
1.40364e+09,141549
1.40364e+09,141638
1.40364e+09,141725
1.40364e+09,141852
1.40364e+09,141963
1.40364e+09,142090
1.40364e+09,142213
1.40364e+09,142325
1.40364e+09,142435
1.40364e+09,142522
1.40364e+09,142618
1.40364e+09,142714
1.40364e+09,142836
1.40364e+09,142938
1.40364e+09,143032
1.40364e+09,143143
1.40364e+09,143252
1.40364e+09,143377
1.40364e+09,143473
1.40364e+09,143584
1.40364e+09,143693
1.40364e+09,143806
1.40364e+09,143914
1.40364e+09,144004
1.40364e+09,144127
1.40364e+09,144208
1.40364e+09,144327
1.40364e+09,144450
1.40364e+09,144555
1.40364e+09,144668
1.40364e+09,144774
1.40364e+09,144895
1.40364e+09,145007
1.40364e+09,145121
1.40364e+09,145231
1.40364e+09,145343
1.40364e+09,145442
1.40364e+09,145566
1.40364e+09,145675
1.40364e+09,145791
1.40364e+09,145893
1.40364e+09,145991
1.40364e+09,146090
1.40364e+09,146222
1.40364e+09,146307
1.40364e+09,146428
1.40364e+09,146526
1.40364e+09,146660
1.40364e+09,146786
1.40364e+09,146895
1.40364e+09,146989
1.40364e+09,147092
1.40364e+09,147199
1.40364e+09,147283
1.40364e+09,147402
1.40364e+09,147534
1.40364e+09,147633
1.40364e+09,147744
1.40364e+09,147832
1.40364e+09,147936
1.40364e+09,148044
1.40364e+09,148141
1.40364e+09,148234
1.40364e+09,148353
1.40364e+09,148463
1.40364e+09,148554
1.40364e+09,148669
1.40364e+09,148797
1.40364e+09,148905
1.40364e+09,149015
1.40364e+09,149112
1.40364e+09,149222
1.40364e+09,149333
1.40364e+09,149449
1.40364e+09,149540
1.40364e+09,149659
1.40364e+09,149766
1.40364e+09,149876
1.40364e+09,149969
1.40364e+09,150095
1.40364e+09,150204
1.40364e+09,150316
1.40364e+09,150426
1.40364e+09,150531
1.40364e+09,150647
1.40364e+09,150763
1.40364e+09,150876
1.40364e+09,150983
1.40364e+09,151095
1.40364e+09,151198
1.40364e+09,151311
1.40364e+09,151422
1.40364e+09,151531
1.40364e+09,151638
1.40364e+09,151748
1.40364e+09,151856
1.40364e+09,151951
1.40364e+09,152066
1.40364e+09,152178
1.40364e+09,152293
1.40364e+09,152403
1.40364e+09,152506
1.40364e+09,152618
1.40364e+09,152728
1.40364e+09,152811
1.40364e+09,152925
1.40364e+09,153041
1.40364e+09,153151
1.40364e+09,153277
1.40364e+09,153400
1.40364e+09,153513
1.40364e+09,153626
1.40364e+09,153734
1.40364e+09,153842
1.40364e+09,153929
1.40364e+09,154029
1.40364e+09,154130
1.40364e+09,154243
1.40364e+09,154342
1.40364e+09,154442
1.40364e+09,154563
1.40364e+09,154673
1.40364e+09,154785
1.40364e+09,154899
1.40364e+09,154995
1.40364e+09,155115
1.40364e+09,155224
1.40364e+09,155337
1.40364e+09,155447
1.40364e+09,155555
1.40364e+09,155675
1.40364e+09,155785
1.40364e+09,155894
1.40364e+09,156002
1.40364e+09,156124
1.40364e+09,156234
1.40364e+09,156346
1.40364e+09,156451
1.40364e+09,156555
1.40364e+09,156662
1.40364e+09,156781
1.40364e+09,156906
1.40364e+09,157016
1.40364e+09,157108
1.40364e+09,157211
1.40364e+09,157335
1.40364e+09,157448
1.40364e+09,157557
1.40364e+09,157657
1.40364e+09,157761
1.40364e+09,157850
1.40364e+09,157963
1.40364e+09,158054
1.40364e+09,158173
1.40364e+09,158280
1.40364e+09,158385
1.40364e+09,158503
1.40364e+09,158602
1.40364e+09,158706
1.40364e+09,158846
1.40364e+09,158957
1.40364e+09,159081
1.40364e+09,159195
1.40364e+09,159289
1.40364e+09,159399
1.40364e+09,159513
1.40364e+09,159631
1.40364e+09,159743
1.40364e+09,159841
1.40364e+09,159965
1.40364e+09,160070
1.40364e+09,160158
1.40364e+09,160279
1.40364e+09,160387
1.40364e+09,160494
1.40364e+09,160602
1.40364e+09,160721
1.40364e+09,160831
1.40364e+09,160942
1.40364e+09,161070
1.40364e+09,161178
1.40364e+09,161292
1.40364e+09,161405
1.40364e+09,161518
1.40364e+09,161624
1.40364e+09,161750
1.40364e+09,161865
1.40364e+09,161951
1.40364e+09,162066
1.40364e+09,162175
1.40364e+09,162277
1.40364e+09,162395
1.40364e+09,162499
1.40364e+09,162603
1.40364e+09,162709
1.40364e+09,162786
1.40364e+09,162898
1.40364e+09,162988
1.40364e+09,163092
1.40364e+09,163194
1.40364e+09,163311
1.40364e+09,163424
1.40364e+09,163514
1.40364e+09,163628
1.40364e+09,163743
1.40364e+09,163847
1.40364e+09,163976
1.40364e+09,164083
1.40364e+09,164191
1.40364e+09,164298
1.40364e+09,164409
1.40364e+09,164503
1.40364e+09,164614
1.40364e+09,164720
1.40364e+09,164829
1.40364e+09,164933
1.40364e+09,165058
1.40364e+09,165154
1.40364e+09,165278
1.40364e+09,165396
1.40364e+09,165509
1.40364e+09,165621
1.40364e+09,165717
1.40364e+09,165809
1.40364e+09,165932
1.40364e+09,166047
1.40364e+09,166139
1.40364e+09,166263
1.40364e+09,166367
1.40364e+09,166495
1.40364e+09,166608
1.40364e+09,166718
1.40364e+09,166826
1.40364e+09,166946
1.40364e+09,167026
1.40364e+09,167119
1.40364e+09,167254
1.40364e+09,167362
1.40364e+09,167473
1.40364e+09,167583
1.40364e+09,167671
1.40364e+09,167790
1.40364e+09,167902
1.40364e+09,168034
1.40364e+09,168144
1.40364e+09,168279
1.40364e+09,168376
1.40364e+09,168495
1.40364e+09,168591
1.40364e+09,168709
1.40364e+09,168837
1.40364e+09,168949
1.40364e+09,169058
1.40364e+09,169193
1.40364e+09,169292
1.40364e+09,169416
1.40364e+09,169527
1.40364e+09,169638
1.40364e+09,169736
1.40364e+09,169860
1.40364e+09,169972
1.40364e+09,170057
1.40364e+09,170161
1.40364e+09,170280
1.40364e+09,170374
1.40364e+09,170462
1.40364e+09,170561
1.40364e+09,170678
1.40364e+09,170785
1.40364e+09,170898
1.40364e+09,171005
1.40364e+09,171122
1.40364e+09,171234
1.40364e+09,171322
1.40364e+09,171444
1.40364e+09,171536
1.40364e+09,171659
1.40364e+09,171769
1.40364e+09,171876
1.40364e+09,171977
1.40364e+09,172102
1.40364e+09,172224
1.40364e+09,172339
1.40364e+09,172448
1.40364e+09,172557
1.40364e+09,172661
1.40364e+09,172782
1.40364e+09,172890
1.40364e+09,173004
1.40364e+09,173109
1.40364e+09,173229
1.40364e+09,173355
1.40364e+09,173472
1.40364e+09,173580
1.40364e+09,173690
1.40364e+09,173802
1.40364e+09,173911
1.40364e+09,174031
1.40364e+09,174146
1.40364e+09,174256
1.40364e+09,174370
1.40364e+09,174453
1.40364e+09,174554
1.40364e+09,174675
1.40364e+09,174782
1.40364e+09,174892
1.40364e+09,174996
1.40364e+09,175107
1.40364e+09,175216
1.40364e+09,175327
1.40364e+09,175440
1.40364e+09,175543
1.40364e+09,175617
1.40364e+09,175753
1.40364e+09,175851
1.40364e+09,175960
1.40364e+09,176085
1.40364e+09,176199
1.40364e+09,176318
1.40364e+09,176427
1.40364e+09,176540
1.40364e+09,176643
1.40364e+09,176760
1.40364e+09,176883
1.40364e+09,176986
1.40364e+09,177091
1.40364e+09,177222
1.40364e+09,177334
1.40364e+09,177454
1.40364e+09,177572
1.40364e+09,177673
1.40364e+09,177796
1.40364e+09,177903
1.40364e+09,178044
1.40364e+09,178152
1.40364e+09,178239
1.40364e+09,178355
1.40364e+09,178449
1.40364e+09,178580
1.40364e+09,178691
1.40364e+09,178785
1.40364e+09,178898
1.40364e+09,178986
1.40364e+09,179088
1.40364e+09,179218
1.40364e+09,179326
1.40364e+09,179435
1.40364e+09,179554
1.40364e+09,179666
1.40364e+09,179790
1.40364e+09,179908
1.40364e+09,180006
1.40364e+09,180128
1.40364e+09,180235
1.40364e+09,180355
1.40364e+09,180467
1.40364e+09,180580
1.40364e+09,180697
1.40364e+09,180805
1.40364e+09,180924
1.40364e+09,181028
1.40364e+09,181154
1.40364e+09,181249
1.40364e+09,181368
1.40364e+09,181459
1.40364e+09,181579
1.40364e+09,181686
1.40364e+09,181802
1.40364e+09,181894
1.40364e+09,181982
1.40364e+09,182106
1.40364e+09,182218
1.40364e+09,182335
1.40364e+09,182442
1.40364e+09,182538
1.40364e+09,182659
1.40364e+09,182767
1.40364e+09,182875
1.40364e+09,182983
1.40364e+09,183097
1.40364e+09,183201
1.40364e+09,183317
1.40364e+09,183422
1.40364e+09,183537
1.40364e+09,183681
1.40364e+09,183768
1.40364e+09,183878
1.40364e+09,183983
1.40364e+09,184100
1.40364e+09,184212
1.40364e+09,184321
1.40364e+09,184431
1.40364e+09,184543
1.40364e+09,184675
1.40364e+09,184786
1.40364e+09,184882
1.40364e+09,184989
1.40364e+09,185099
1.40364e+09,185226
1.40364e+09,185334
1.40364e+09,185440
1.40364e+09,185563
1.40364e+09,185673
1.40364e+09,185766
1.40364e+09,185874
1.40364e+09,185986
1.40364e+09,186108
1.40364e+09,186206
1.40364e+09,186332
1.40364e+09,186448
1.40364e+09,186545
1.40364e+09,186652
1.40364e+09,186761
1.40364e+09,186884
1.40364e+09,187003
1.40364e+09,187110
1.40364e+09,187219
1.40364e+09,187322
1.40364e+09,187438
1.40364e+09,187537
1.40364e+09,187653
1.40364e+09,187755
1.40364e+09,187843
1.40364e+09,187963
1.40364e+09,188079
1.40364e+09,188188
1.40364e+09,188295
1.40364e+09,188405
1.40364e+09,188503
1.40364e+09,188634
1.40364e+09,188742
1.40364e+09,188849
1.40364e+09,188940
1.40364e+09,189042
1.40364e+09,189167
1.40364e+09,189280
1.40364e+09,189392
1.40364e+09,189487
1.40364e+09,189592
1.40364e+09,189721
1.40364e+09,189848
1.40364e+09,189958
1.40364e+09,190071
1.40364e+09,190186
1.40364e+09,190299
1.40364e+09,190420
1.40364e+09,190532
1.40364e+09,190629
1.40364e+09,190748
1.40364e+09,190849
1.40364e+09,190970
1.40364e+09,191082
1.40364e+09,191159
1.40364e+09,191276
1.40364e+09,191395
1.40364e+09,191506
1.40364e+09,191622
1.40364e+09,191736
1.40364e+09,191849
1.40364e+09,191956
1.40364e+09,192046
1.40364e+09,192161
1.40364e+09,192275
1.40364e+09,192378
1.40364e+09,192490
1.40364e+09,192597
1.40364e+09,192708
1.40364e+09,192817
1.40364e+09,192928
1.40364e+09,193036
1.40364e+09,193129
1.40364e+09,193224
1.40364e+09,193338
1.40364e+09,193453
1.40364e+09,193567
1.40364e+09,193683
1.40364e+09,193786
1.40364e+09,193868
1.40364e+09,193955
1.40364e+09,194041
1.40364e+09,194135
1.40364e+09,194232
1.40364e+09,194370
1.40364e+09,194461
1.40364e+09,194553
1.40364e+09,194660
1.40364e+09,194745
1.40364e+09,194848
1.40364e+09,194946
1.40364e+09,195040
1.40364e+09,195127
1.40364e+09,195218
1.40364e+09,195310
1.40364e+09,195420
1.40364e+09,195511
1.40364e+09,195605
1.40364e+09,195710
1.40364e+09,195800
1.40364e+09,195898
1.40364e+09,195981
1.40364e+09,196068
1.40364e+09,196161
1.40364e+09,196260
1.40364e+09,196353
1.40364e+09,196472
1.40364e+09,196592
1.40364e+09,196684
1.40364e+09,196781
1.40364e+09,196877
1.40364e+09,196982
1.40364e+09,197076
1.40364e+09,197164
1.40364e+09,197286
1.40364e+09,197442
1.40364e+09,197543
1.40364e+09,197668
1.40364e+09,197780
1.40364e+09,197873
1.40364e+09,197965
1.40364e+09,198057
1.40364e+09,198189
1.40364e+09,198273
1.40364e+09,198382
1.40364e+09,198478
1.40364e+09,198577
1.40364e+09,198663
1.40364e+09,198753
1.40364e+09,198856
1.40364e+09,198945
1.40364e+09,199038
1.40364e+09,199136
1.40364e+09,199228
1.40364e+09,199318
1.40364e+09,199404
1.40364e+09,199489
1.40364e+09,199578
1.40364e+09,199674
1.40364e+09,199759
1.40364e+09,199850
1.40364e+09,199940
1.40364e+09,200031
1.40364e+09,200135
1.40364e+09,200239
1.40364e+09,200325
1.40364e+09,200440
1.40364e+09,200538
1.40364e+09,200629
1.40364e+09,200722
1.40364e+09,200817
1.40364e+09,200912
1.40364e+09,201022
1.40364e+09,201113
1.40364e+09,201217
1.40364e+09,201328
1.40364e+09,201442
1.40364e+09,201534
1.40364e+09,201637
1.40364e+09,201731
1.40364e+09,201853
1.40364e+09,201955
1.40364e+09,202059
1.40364e+09,202145
1.40364e+09,202234
1.40364e+09,202321
1.40364e+09,202412
1.40364e+09,202511
1.40364e+09,202631
1.40364e+09,202729
1.40364e+09,202846
1.40364e+09,202940
1.40364e+09,203058
1.40364e+09,203174
1.40364e+09,203286
1.40364e+09,203380
1.40364e+09,203487
1.40364e+09,203603
1.40364e+09,203706
1.40364e+09,203788
1.40364e+09,203906
1.40364e+09,204017
1.40364e+09,204129
1.40364e+09,204238
1.40364e+09,204349
1.40364e+09,204453
1.40364e+09,204568
1.40364e+09,204669
1.40364e+09,204784
1.40364e+09,204892
1.40364e+09,205004
1.40364e+09,205113
1.40364e+09,205231
1.40364e+09,205329
1.40364e+09,205454
1.40364e+09,205539
1.40364e+09,205659
1.40364e+09,205771
1.40364e+09,205881
1.40364e+09,206011
1.40364e+09,206117
1.40364e+09,206229
1.40364e+09,206336
1.40364e+09,206433
1.40364e+09,206528
1.40364e+09,206646
1.40364e+09,206757
1.40364e+09,206852
1.40364e+09,206976
1.40364e+09,207086
1.40364e+09,207189
1.40364e+09,207312
1.40364e+09,207428
1.40364e+09,207520
1.40364e+09,207640
1.40364e+09,207750
1.40364e+09,207844
1.40364e+09,207965
1.40364e+09,208081
1.40364e+09,208202
1.40364e+09,208311
1.40364e+09,208393
1.40364e+09,208521
1.40364e+09,208633
1.40364e+09,208742
1.40364e+09,208831
1.40364e+09,208960
1.40364e+09,209072
1.40364e+09,209191
1.40364e+09,209296
1.40364e+09,209428
1.40364e+09,209526
1.40364e+09,209635
1.40364e+09,209748
1.40364e+09,209875
1.40364e+09,209989
1.40364e+09,210104
1.40364e+09,210214
1.40364e+09,210323
1.40364e+09,210432
1.40364e+09,210549
1.40364e+09,210639
1.40364e+09,210769
1.40364e+09,210883
1.40364e+09,211003
1.40364e+09,211116
1.40364e+09,211230
1.40364e+09,211333
1.40364e+09,211431
1.40364e+09,211526
1.40364e+09,211631
1.40364e+09,211740
1.40364e+09,211830
1.40364e+09,211944
1.40364e+09,212052
1.40364e+09,212157
1.40364e+09,212269
1.40364e+09,212390
1.40364e+09,212477
1.40364e+09,212573
1.40364e+09,212685
1.40364e+09,212789
1.40364e+09,212876
1.40364e+09,212970
1.40364e+09,213070
1.40364e+09,213167
1.40364e+09,213268
1.40364e+09,213350
1.40364e+09,213478
1.40364e+09,213582
1.40364e+09,213694
1.40364e+09,213833
1.40364e+09,213924
1.40364e+09,214028
1.40364e+09,214142
1.40364e+09,214241
1.40364e+09,214348
1.40364e+09,214448
1.40364e+09,214542
1.40364e+09,214637
1.40364e+09,214743
1.40364e+09,214866
1.40364e+09,214963
1.40364e+09,215083
1.40364e+09,215181
1.40364e+09,215308
1.40364e+09,215396
1.40364e+09,215489
1.40364e+09,215591
1.40364e+09,215680
1.40364e+09,215780
1.40364e+09,215890
1.40364e+09,215988
1.40364e+09,216074
1.40364e+09,216155
1.40364e+09,216255
1.40364e+09,216355
1.40364e+09,216441
