1413393212.255760431,2875.52
1413393212.305760384,3111.59
1413393212.355760574,3269.99
1413393212.405760527,3443.28
1413393212.455760479,3594.96
1413393212.505760431,3745.08
1413393212.555760384,3897.18
1413393212.605760574,4073.74
1413393212.655760527,4225.2
1413393212.705760479,4412.09
1413393212.755760431,4564.23
1413393212.805760384,4720.4
1413393212.855760574,4880.61
1413393212.905760527,5031.87
1413393212.955760479,5190.24
1413393213.005760431,5350.26
1413393213.055760384,5501.44
1413393213.105760574,5656.05
1413393213.155760527,5806.94
1413393213.205760479,5960.73
1413393213.255760431,6120.96
1413393213.305760384,6264.89
1413393213.355760574,6408.89
1413393213.405760527,6554.22
1413393213.455760479,6716.77
1413393213.505760431,6875.81
1413393213.555760384,7022.81
1413393213.605760574,7195.83
1413393213.655760527,7341.7
1413393213.705760479,7524.02
1413393213.755760431,7679.55
1413393213.805760384,7853.79
1413393213.855760574,8023.54
1413393213.905760527,8182.29
1413393213.955760479,8342.15
1413393214.005760431,8510.88
1413393214.055760384,8657.95
1413393214.105760574,8796.99
1413393214.155760527,8942.95
1413393214.205760479,9081.31
1413393214.255760431,9249.65
1413393214.305760384,9396.74
1413393214.355760574,9543.92
1413393214.405760527,9683.87
1413393214.455760479,9830.42
1413393214.505760431,9969.13
1413393214.555760384,10117.7
1413393214.605760574,10259.7
1413393214.655760527,10404.2
1413393214.705760479,10551.2
1413393214.755760431,10690.4
1413393214.805760384,10829.4
1413393214.855760574,10989
1413393214.905760527,11135.8
1413393214.955760479,11291.3
1413393215.005760431,11454.3
1413393215.055760384,11598.8
1413393215.105760574,11748
1413393215.155760527,11912.7
1413393215.205760479,12060.1
1413393215.255760431,12211
1413393215.305760384,12346.8
1413393215.355760574,12492.4
1413393215.405760527,12639.8
1413393215.455760479,12783.1
1413393215.505760431,12932.3
1413393215.555760384,13083
1413393215.605760574,13220.5
1413393215.655760527,13357
1413393215.705760479,13498
1413393215.755760431,13636.8
1413393215.805760384,13774.6
1413393215.855760574,13946.3
1413393215.905760527,14094.2
1413393215.955760479,14242.3
1413393216.005760431,14391
1413393216.055760384,14543.2
1413393216.105760574,14678.1
1413393216.155760527,14823.5
1413393216.205760479,14956.2
1413393216.255760431,15099.6
1413393216.305760384,15249.1
1413393216.355760574,15395.3
1413393216.405760527,15534.4
1413393216.455760479,15694
1413393216.505760431,15838.4
1413393216.555760384,15993.2
1413393216.605760574,16137.4
1413393216.655760527,16279.1
1413393216.705760479,16434.2
1413393216.755760431,16594.1
1413393216.805760384,16760.3
1413393216.855760574,16908.9
1413393216.905760527,17058
1413393216.955760479,17214.1
1413393217.005760431,17358.1
1413393217.055760384,17509.9
1413393217.105760574,17663.7
1413393217.155760527,17814.8
1413393217.205760479,17981.2
1413393217.255760431,18127.7
1413393217.305760384,18282.9
1413393217.355760574,18428.5
1413393217.405760527,18606.6
1413393217.455760479,18793.2
1413393217.505760431,18952
1413393217.555760384,19108.1
1413393217.605760574,19263.6
1413393217.655760527,19419.4
1413393217.705760479,19579.2
1413393217.755760431,19725.2
1413393217.805760384,19885.3
1413393217.855760574,20030
1413393217.905760527,20196.5
1413393217.955760479,20355.1
1413393218.005760431,20524.4
1413393218.055760384,20681.9
1413393218.105760574,20854.3
1413393218.155760527,21009.3
1413393218.205760479,21175.8
1413393218.255760431,21340.8
1413393218.305760384,21509.6
1413393218.355760574,21657.1
1413393218.405760527,21824
1413393218.455760479,21982.1
1413393218.505760431,22171.3
1413393218.555760384,22349.5
1413393218.605760574,22541.4
1413393218.655760527,22681.7
1413393218.705760479,22856.4
1413393218.755760431,23018.4
1413393218.805760384,23195.7
1413393218.855760574,23355.9
1413393218.905760527,23532.3
1413393218.955760479,23677.8
1413393219.005760431,23852.2
1413393219.055760384,24001
1413393219.105760574,24189.6
1413393219.155760527,24345.2
1413393219.205760479,24534.7
1413393219.255760431,24688
1413393219.305760384,24878.5
1413393219.355760574,25037
1413393219.405760527,25221.2
1413393219.455760479,25371.9
1413393219.505760431,25559.2
1413393219.555760384,25717.1
1413393219.605760574,25882.3
1413393219.655760527,26042.3
1413393219.705760479,26217.2
1413393219.755760431,26388.2
1413393219.805760384,26569.7
1413393219.855760574,26731.1
1413393219.905760527,26910.6
1413393219.955760479,27079
1413393220.005760431,27282.7
1413393220.055760384,27438.1
1413393220.105760574,27612.8
1413393220.155760527,27772.1
1413393220.205760479,27957.6
1413393220.255760431,28112.7
1413393220.305760384,28282.7
1413393220.355760574,28437.3
1413393220.405760527,28638
1413393220.455760479,28791.7
1413393220.505760431,28983.8
1413393220.555760384,29140.1
1413393220.605760574,29326.3
1413393220.655760527,29470
1413393220.705760479,29641.2
1413393220.755760431,29792.4
1413393220.805760384,29989.8
1413393220.855760574,30146.3
1413393220.905760527,30349.6
1413393220.955760479,30504.7
1413393221.005760431,30679.3
1413393221.055760384,30823.3
1413393221.105760574,31050.8
1413393221.155760527,31204.3
1413393221.205760479,31398
1413393221.255760431,31554.4
1413393221.305760384,31732.1
1413393221.355760574,31907.1
1413393221.405760527,32100.3
1413393221.455760479,32260.6
1413393221.505760431,32456.1
1413393221.555760384,32610.6
1413393221.605760574,32789.4
1413393221.655760527,32945.5
1413393221.705760479,33129.7
1413393221.755760431,33281.9
1413393221.805760384,33497.7
1413393221.855760574,33685.8
1413393221.905760527,33862
1413393221.955760479,34016.9
1413393222.005760431,34192.8
1413393222.055760384,34353.2
1413393222.105760574,34531.4
1413393222.155760527,34684.2
1413393222.205760479,34862.8
1413393222.255760431,35039.8
1413393222.305760384,35216.9
1413393222.355760574,35382.7
1413393222.405760527,35559.1
1413393222.455760479,35710.3
1413393222.505760431,35890.7
1413393222.555760384,36046.8
1413393222.605760574,36232.6
1413393222.655760527,36419.2
1413393222.705760479,36595.8
1413393222.755760431,36743.8
1413393222.805760384,36913.9
1413393222.855760574,37070.1
1413393222.905760527,37269.8
1413393222.955760479,37420.3
1413393223.005760431,37577.3
1413393223.055760384,37734.6
1413393223.105760574,37931.9
1413393223.155760527,38105.2
1413393223.205760479,38278.2
1413393223.255760431,38427.1
1413393223.305760384,38589.7
1413393223.355760574,38759.7
1413393223.405760527,38925.6
1413393223.455760479,39085.4
1413393223.505760431,39274.9
1413393223.555760384,39427.6
1413393223.605760574,39614.9
1413393223.655760527,39765.7
1413393223.705760479,39948.6
1413393223.755760431,40098.6
1413393223.805760384,40282
1413393223.855760574,40431.9
1413393223.905760527,40626.2
1413393223.955760479,40783.8
1413393224.005760431,40950.9
1413393224.055760384,41102.3
1413393224.105760574,41265
1413393224.155760527,41422
1413393224.205760479,41587.7
1413393224.255760431,41750.2
1413393224.305760384,41933.9
1413393224.355760574,42090.4
1413393224.405760527,42273
1413393224.455760479,42429.7
1413393224.505760431,42624.2
1413393224.555760384,42784.1
1413393224.605760574,42975.1
1413393224.655760527,43124.9
1413393224.705760479,43294.1
1413393224.755760431,43446.2
1413393224.805760384,43607.6
1413393224.855760574,43757.5
1413393224.905760527,43956.5
1413393224.955760479,44109.3
1413393225.005760431,44313.2
1413393225.055760384,44473
1413393225.105760574,44650.8
1413393225.155760527,44814.1
1413393225.205760479,45008.5
1413393225.255760431,45151.2
1413393225.305760384,45326.5
1413393225.355760574,45489.3
1413393225.405760527,45658.6
1413393225.455760479,45812.8
1413393225.505760431,45992.3
1413393225.555760384,46121.9
1413393225.605760574,46300.6
1413393225.655760527,46469.5
1413393225.705760479,46653.9
1413393225.755760431,46811.1
1413393225.805760384,46972.1
1413393225.855760574,47119.6
1413393225.905760527,47309.3
1413393225.955760479,47461.7
1413393226.005760431,47642.6
1413393226.055760384,47775.5
1413393226.105760574,47958.7
1413393226.155760527,48131.2
1413393226.205760479,48281.6
1413393226.255760431,48445.3
1413393226.305760384,48621.6
1413393226.355760574,48761.8
1413393226.405760527,48945.2
1413393226.455760479,49105.8
1413393226.505760431,49275.6
1413393226.555760384,49441.4
1413393226.605760574,49612.7
1413393226.655760527,49763.2
1413393226.705760479,49981.5
1413393226.755760431,50108.5
1413393226.805760384,50271.4
1413393226.855760574,50411.4
1413393226.905760527,50580.1
1413393226.955760479,50733.4
1413393227.005760431,50912.2
1413393227.055760384,51082.2
1413393227.105760574,51238.1
1413393227.155760527,51384.6
1413393227.205760479,51550.7
1413393227.255760431,51709.2
1413393227.305760384,51896.8
1413393227.355760574,52029.8
1413393227.405760527,52205.1
1413393227.455760479,52351.2
1413393227.505760431,52517.4
1413393227.555760384,52672.1
1413393227.605760574,52840.2
1413393227.655760527,53002.6
1413393227.705760479,53189.4
1413393227.755760431,53345.1
1413393227.805760384,53520
1413393227.855760574,53676.9
1413393227.905760527,53837.2
1413393227.955760479,53998.4
1413393228.005760431,54229.1
1413393228.055760384,54393.6
1413393228.105760574,54597.9
1413393228.155760527,54751.3
1413393228.205760479,54911.4
1413393228.255760431,55083.5
1413393228.305760384,55251.6
1413393228.355760574,55389.8
1413393228.405760527,55584.2
1413393228.455760479,55727.8
1413393228.505760431,55895.2
1413393228.555760384,56064.8
1413393228.605760574,56239.5
1413393228.655760527,56361.2
1413393228.705760479,56528.5
1413393228.755760431,56682.4
1413393228.805760384,56877
1413393228.855760574,57041.3
1413393228.905760527,57209.7
1413393228.955760479,57371
1413393229.005760431,57553.7
1413393229.055760384,57698
1413393229.105760574,57856.4
1413393229.155760527,58028.7
1413393229.205760479,58175.4
1413393229.255760431,58336.4
1413393229.305760384,58532
1413393229.355760574,58658.4
1413393229.405760527,58850.7
1413393229.455760479,58987.7
1413393229.505760431,59140.7
1413393229.555760384,59322
1413393229.605760574,59486.8
1413393229.655760527,59638.3
1413393229.705760479,59790.2
1413393229.755760431,59948.3
1413393229.805760384,60134.6
1413393229.855760574,60303.1
1413393229.905760527,60451.5
1413393229.955760479,60630.1
1413393230.005760431,60800.9
1413393230.055760384,60934.7
1413393230.105760574,61124.1
1413393230.155760527,61250.3
1413393230.205760479,61411.5
1413393230.255760431,61576.3
1413393230.305760384,61743.4
1413393230.355760574,61888.6
1413393230.405760527,62060.2
1413393230.455760479,62210.5
1413393230.505760431,62374.7
1413393230.555760384,62530.7
1413393230.605760574,62696.2
1413393230.655760527,62844.1
1413393230.705760479,63005.1
1413393230.755760431,63158.6
1413393230.805760384,63326.7
1413393230.855760574,63479.3
1413393230.905760527,63635.8
1413393230.955760479,63791.2
1413393231.005760431,63955.3
1413393231.055760384,64106.1
1413393231.105760574,64286.8
1413393231.155760527,64411.7
1413393231.205760479,64575.7
1413393231.255760431,64730.9
1413393231.305760384,64901.9
1413393231.355760574,65083.5
1413393231.405760527,65237.7
1413393231.455760479,65384.7
1413393231.505760431,65543.2
1413393231.555760384,65702.1
1413393231.605760574,65856.3
1413393231.655760527,66027.7
1413393231.705760479,66191.4
1413393231.755760431,66341.9
1413393231.805760384,66524.3
1413393231.855760574,66689.9
1413393231.905760527,66866.7
1413393231.955760479,67031.1
1413393232.005760431,67195.4
1413393232.055760384,67356.8
1413393232.105760574,67547.5
1413393232.155760527,67664.5
1413393232.205760479,67833
1413393232.255760431,68010
1413393232.305760384,68180.5
1413393232.355760574,68304.4
1413393232.405760527,68510.7
1413393232.455760479,68638.4
1413393232.505760431,68810.9
1413393232.555760384,68982.8
1413393232.605760574,69155.4
1413393232.655760527,69296
1413393232.705760479,69475.2
1413393232.755760431,69655.5
1413393232.805760384,69850.2
1413393232.855760574,70002.4
1413393232.905760527,70144.9
1413393232.955760479,70324.9
1413393233.005760431,70494.7
1413393233.055760384,70636.7
1413393233.105760574,70846.9
1413393233.155760527,71013.2
1413393233.205760479,71176.2
1413393233.255760431,71330.3
1413393233.305760384,71505.3
1413393233.355760574,71653.6
1413393233.405760527,71820.1
1413393233.455760479,71976.9
1413393233.505760431,72140.9
1413393233.555760384,72300.8
1413393233.605760574,72451.2
1413393233.655760527,72629.7
1413393233.705760479,72820.6
1413393233.755760431,72984.5
1413393233.805760384,73143
1413393233.855760574,73303.9
1413393233.905760527,73477.4
1413393233.955760479,73657.1
1413393234.005760431,73800.5
1413393234.055760384,73968.3
1413393234.105760574,74157
1413393234.155760527,74308.6
1413393234.205760479,74485.8
1413393234.255760431,74643.1
1413393234.305760384,74827.6
1413393234.355760574,74972.2
1413393234.405760527,75181.1
1413393234.455760479,75351.1
1413393234.505760431,75540.8
1413393234.555760384,75662.2
1413393234.605760574,75836.2
1413393234.655760527,76009.3
1413393234.705760479,76177.5
1413393234.755760431,76321.8
1413393234.805760384,76479.5
1413393234.855760574,76637.5
1413393234.905760527,76811.2
1413393234.955760479,76963.8
1413393235.005760431,77133.4
1413393235.055760384,77270.7
1413393235.105760574,77473.4
1413393235.155760527,77632.1
1413393235.205760479,77809.3
1413393235.255760431,77955.8
1413393235.305760384,78144
1413393235.355760574,78315.1
1413393235.405760527,78501.8
1413393235.455760479,78665.3
1413393235.505760431,78830.1
1413393235.555760384,78992.6
1413393235.605760574,79178.8
1413393235.655760527,79342.2
1413393235.705760479,79528.5
1413393235.755760431,79689
1413393235.805760384,79896.2
1413393235.855760574,80056.2
1413393235.905760527,80256.4
1413393235.955760479,80415
1413393236.005760431,80598
1413393236.055760384,80731.6
1413393236.105760574,80914.6
1413393236.155760527,81092.3
1413393236.205760479,81256.7
1413393236.255760431,81411.3
1413393236.305760384,81586.4
1413393236.355760574,81773.9
1413393236.405760527,81927.3
1413393236.455760479,82091.7
1413393236.505760431,82280.5
1413393236.555760384,82417.9
1413393236.605760574,82605.3
1413393236.655760527,82785.7
1413393236.705760479,82959.2
1413393236.755760431,83091.9
1413393236.805760384,83280
1413393236.855760574,83434.8
1413393236.905760527,83621.3
1413393236.955760479,83774.2
1413393237.005760431,83954.4
1413393237.055760384,84128.7
1413393237.105760574,84291.7
1413393237.155760527,84470.8
1413393237.205760479,84642.9
1413393237.255760431,84804.9
1413393237.305760384,84999.5
1413393237.355760574,85152.8
1413393237.405760527,85333.8
1413393237.455760479,85490.6
1413393237.505760431,85675.8
1413393237.555760384,85834.8
1413393237.605760574,85999.6
1413393237.655760527,86167
1413393237.705760479,86341.4
1413393237.755760431,86497.1
1413393237.805760384,86688.3
1413393237.855760574,86842.4
1413393237.905760527,87043.2
1413393237.955760479,87208.8
1413393238.005760431,87391.2
1413393238.055760384,87532.9
1413393238.105760574,87725.3
1413393238.155760527,87909.6
1413393238.205760479,88087.2
1413393238.255760431,88247.4
1413393238.305760384,88461.6
1413393238.355760574,88619.7
1413393238.405760527,88819.2
1413393238.455760479,88997.1
1413393238.505760431,89155.3
1413393238.555760384,89319.9
1413393238.605760574,89493.9
1413393238.655760527,89645.4
1413393238.705760479,89833.6
1413393238.755760431,89964.6
1413393238.805760384,90157.2
1413393238.855760574,90314.3
1413393238.905760527,90507.4
1413393238.955760479,90671.9
1413393239.005760431,90837.6
1413393239.055760384,91011.9
1413393239.105760574,91206.8
1413393239.155760527,91359.3
1413393239.205760479,91544.9
1413393239.255760431,91701.3
1413393239.305760384,91877.9
1413393239.355760574,92061
1413393239.405760527,92246.6
1413393239.455760479,92400.8
1413393239.505760431,92595.2
1413393239.555760384,92755.2
1413393239.605760574,92948.6
1413393239.655760527,93103.4
1413393239.705760479,93304.3
1413393239.755760431,93469.8
1413393239.805760384,93639.5
1413393239.855760574,93802.8
1413393239.905760527,93985.8
1413393239.955760479,94138.8
1413393240.005760431,94321.1
1413393240.055760384,94475.6
1413393240.105760574,94678.5
1413393240.155760527,94839
1413393240.205760479,95025.2
1413393240.255760431,95181.5
1413393240.305760384,95371.2
1413393240.355760574,95524.4
1413393240.405760527,95701.7
1413393240.455760479,95853.6
1413393240.505760431,96039.9
1413393240.555760384,96194.5
1413393240.605760574,96383.3
1413393240.655760527,96543.4
1413393240.705760479,96741.4
1413393240.755760431,96898.9
1413393240.805760384,97073.4
1413393240.855760574,97230.7
1413393240.905760527,97424.2
1413393240.955760479,97575.8
1413393241.005760431,97761.3
1413393241.055760384,97916.9
1413393241.105760574,98104.4
1413393241.155760527,98247.2
1413393241.205760479,98443.9
1413393241.255760431,98605.7
1413393241.305760384,98777.3
1413393241.355760574,98923.6
1413393241.405760527,99103.3
1413393241.455760479,99265.4
1413393241.505760431,99466.8
1413393241.555760384,99631.6
1413393241.605760574,99811.5
1413393241.655760527,99968.5
1413393241.705760479,100143
1413393241.755760431,100299
1413393241.805760384,100479
1413393241.855760574,100635
1413393241.905760527,100829
1413393241.955760479,100990
1413393242.005760431,101148
1413393242.055760384,101302
1413393242.105760574,101490
1413393242.155760527,101650
1413393242.205760479,101827
1413393242.255760431,101978
1413393242.305760384,102143
1413393242.355760574,102303
1413393242.405760527,102485
1413393242.455760479,102645
1413393242.505760431,102809
1413393242.555760384,102966
1413393242.605760574,103141
1413393242.655760527,103293
1413393242.705760479,103473
1413393242.755760431,103631
1413393242.805760384,103818
1413393242.855760574,103973
1413393242.905760527,104171
1413393242.955760479,104328
1413393243.005760431,104514
1413393243.055760384,104673
1413393243.105760574,104868
1413393243.155760527,105035
1413393243.205760479,105210
1413393243.255760431,105367
1413393243.305760384,105544
1413393243.355760574,105705
1413393243.405760527,105884
1413393243.455760479,106038
1413393243.505760431,106223
1413393243.555760384,106382
1413393243.605760574,106547
1413393243.655760527,106706
1413393243.705760479,106900
1413393243.755760431,107064
1413393243.805760384,107246
1413393243.855760574,107404
1413393243.905760527,107563
1413393243.955760479,107715
1413393244.005760431,107888
1413393244.055760384,108053
1413393244.105760574,108226
1413393244.155760527,108389
1413393244.205760479,108585
1413393244.255760431,108738
1413393244.305760384,108911
1413393244.355760574,109070
1413393244.405760527,109233
1413393244.455760479,109392
1413393244.505760431,109555
1413393244.555760384,109736
1413393244.605760574,109924
1413393244.655760527,110085
1413393244.705760479,110264
1413393244.755760431,110434
1413393244.805760384,110621
1413393244.855760574,110799
1413393244.905760527,110993
1413393244.955760479,111143
1413393245.005760431,111324
1413393245.055760384,111459
1413393245.105760574,111678
1413393245.155760527,111830
1413393245.205760479,111989
1413393245.255760431,112138
1413393245.305760384,112360
1413393245.355760574,112502
1413393245.405760527,112680
1413393245.455760479,112828
1413393245.505760431,113019
1413393245.555760384,113171
1413393245.605760574,113346
1413393245.655760527,113492
1413393245.705760479,113669
1413393245.755760431,113815
1413393245.805760384,114005
1413393245.855760574,114139
1413393245.905760527,114319
1413393245.955760479,114458
1413393246.005760431,114627
1413393246.055760384,114758
1413393246.105760574,114954
1413393246.155760527,115113
1413393246.205760479,115299
1413393246.255760431,115453
1413393246.305760384,115641
1413393246.355760574,115815
1413393246.405760527,115981
1413393246.455760479,116143
1413393246.505760431,116325
1413393246.555760384,116479
1413393246.605760574,116663
1413393246.655760527,116845
1413393246.705760479,116996
1413393246.755760431,117148
1413393246.805760384,117332
1413393246.855760574,117484
1413393246.905760527,117672
1413393246.955760479,117830
1413393247.005760431,118018
1413393247.055760384,118174
1413393247.105760574,118358
1413393247.155760527,118535
1413393247.205760479,118748
1413393247.255760431,118896
1413393247.305760384,119084
1413393247.355760574,119243
1413393247.405760527,119424
1413393247.455760479,119599
1413393247.505760431,119756
1413393247.555760384,119914
1413393247.605760574,120100
1413393247.655760527,120255
1413393247.705760479,120449
1413393247.755760431,120630
1413393247.805760384,120804
1413393247.855760574,120959
1413393247.905760527,121125
1413393247.955760479,121292
1413393248.005760431,121507
1413393248.055760384,121642
1413393248.105760574,121834
1413393248.155760527,121991
1413393248.205760479,122145
1413393248.255760431,122299
1413393248.305760384,122460
1413393248.355760574,122624
1413393248.405760527,122784
1413393248.455760479,122931
1413393248.505760431,123123
1413393248.555760384,123267
1413393248.605760574,123464
1413393248.655760527,123599
1413393248.705760479,123768
1413393248.755760431,123909
1413393248.805760384,124092
1413393248.855760574,124258
1413393248.905760527,124442
1413393248.955760479,124607
1413393249.005760431,124796
1413393249.055760384,124932
1413393249.105760574,125159
1413393249.155760527,125315
1413393249.205760479,125512
1413393249.255760431,125696
1413393249.305760384,125883
1413393249.355760574,126052
1413393249.405760527,126241
1413393249.455760479,126395
1413393249.505760431,126588
1413393249.555760384,126774
1413393249.605760574,126956
1413393249.655760527,127116
1413393249.705760479,127315
1413393249.755760431,127480
1413393249.805760384,127683
1413393249.855760574,127837
1413393249.905760527,128034
1413393249.955760479,128188
1413393250.005760431,128360
1413393250.055760384,128521
1413393250.105760574,128696
1413393250.155760527,128867
1413393250.205760479,129071
1413393250.255760431,129215
1413393250.305760384,129408
1413393250.355760574,129550
1413393250.405760527,129745
1413393250.455760479,129872
1413393250.505760431,130067
1413393250.555760384,130221
1413393250.605760574,130384
1413393250.655760527,130538
1413393250.705760479,130729
1413393250.755760431,130893
1413393250.805760384,131085
1413393250.855760574,131233
1413393250.905760527,131422
1413393250.955760479,131554
1413393251.005760431,131738
1413393251.055760384,131906
1413393251.105760574,132088
1413393251.155760527,132259
1413393251.205760479,132429
1413393251.255760431,132612
1413393251.305760384,132777
1413393251.355760574,132977
1413393251.405760527,133181
1413393251.455760479,133311
1413393251.505760431,133508
1413393251.555760384,133659
1413393251.605760574,133819
1413393251.655760527,133992
1413393251.705760479,134146
1413393251.755760431,134320
1413393251.805760384,134472
1413393251.855760574,134630
1413393251.905760527,134814
1413393251.955760479,134981
1413393252.005760431,135154
1413393252.055760384,135310
1413393252.105760574,135483
1413393252.155760527,135645
1413393252.205760479,135824
1413393252.255760431,135980
1413393252.305760384,136190
1413393252.355760574,136353
1413393252.405760527,136532
1413393252.455760479,136690
1413393252.505760431,136893
1413393252.555760384,137020
1413393252.605760574,137217
1413393252.655760527,137376
1413393252.705760479,137539
1413393252.755760431,137687
1413393252.805760384,137885
1413393252.855760574,138040
1413393252.905760527,138212
1413393252.955760479,138369
1413393253.005760431,138548
1413393253.055760384,138709
1413393253.105760574,138887
1413393253.155760527,139047
1413393253.205760479,139257
1413393253.255760431,139416
1413393253.305760384,139593
1413393253.355760574,139754
1413393253.405760527,139938
1413393253.455760479,140096
1413393253.505760431,140311
1413393253.555760384,140491
1413393253.605760574,140678
1413393253.655760527,140863
1413393253.705760479,141078
1413393253.755760431,141208
1413393253.805760384,141388
1413393253.855760574,141563
1413393253.905760527,141729
1413393253.955760479,141880
1413393254.005760431,142063
1413393254.055760384,142224
1413393254.105760574,142411
1413393254.155760527,142600
1413393254.205760479,142782
1413393254.255760431,142937
1413393254.305760384,143110
1413393254.355760574,143265
1413393254.405760527,143456
1413393254.455760479,143619
1413393254.505760431,143780
1413393254.555760384,143934
1413393254.605760574,144115
1413393254.655760527,144273
1413393254.705760479,144456
1413393254.755760431,144614
1413393254.805760384,144802
1413393254.855760574,144963
1413393254.905760527,145176
1413393254.955760479,145289
1413393255.005760431,145465
1413393255.055760384,145619
1413393255.105760574,145817
1413393255.155760527,145977
1413393255.205760479,146153
1413393255.255760431,146324
1413393255.305760384,146509
1413393255.355760574,146685
1413393255.405760527,146874
1413393255.455760479,147027
1413393255.505760431,147214
1413393255.555760384,147369
1413393255.605760574,147573
1413393255.655760527,147749
1413393255.705760479,147925
1413393255.755760431,148050
1413393255.805760384,148222
1413393255.855760574,148378
1413393255.905760527,148567
1413393255.955760479,148720
1413393256.005760431,148906
1413393256.055760384,149062
1413393256.105760574,149260
1413393256.155760527,149431
1413393256.205760479,149615
1413393256.255760431,149774
1413393256.305760384,149952
1413393256.355760574,150106
1413393256.405760527,150294
1413393256.455760479,150456
1413393256.505760431,150634
1413393256.555760384,150820
1413393256.605760574,151009
1413393256.655760527,151175
1413393256.705760479,151367
1413393256.755760431,151528
1413393256.805760384,151709
1413393256.855760574,151875
1413393256.905760527,152068
1413393256.955760479,152234
1413393257.005760431,152422
1413393257.055760384,152601
1413393257.105760574,152791
1413393257.155760527,152968
1413393257.205760479,153182
1413393257.255760431,153329
1413393257.305760384,153531
1413393257.355760574,153697
1413393257.405760527,153885
1413393257.455760479,154039
1413393257.505760431,154233
1413393257.555760384,154386
1413393257.605760574,154564
1413393257.655760527,154722
1413393257.705760479,154898
1413393257.755760431,155038
1413393257.805760384,155254
1413393257.855760574,155407
1413393257.905760527,155586
1413393257.955760479,155746
1413393258.005760431,155948
1413393258.055760384,156109
1413393258.105760574,156304
1413393258.155760527,156477
1413393258.205760479,156665
1413393258.255760431,156821
1413393258.305760384,157025
1413393258.355760574,157187
1413393258.405760527,157375
1413393258.455760479,157536
1413393258.505760431,157722
1413393258.555760384,157883
1413393258.605760574,158074
1413393258.655760527,158238
1413393258.705760479,158412
1413393258.755760431,158567
1413393258.805760384,158731
1413393258.855760574,158888
1413393258.905760527,159075
1413393258.955760479,159237
1413393259.005760431,159419
1413393259.055760384,159575
1413393259.105760574,159780
1413393259.155760527,159927
1413393259.205760479,160125
1413393259.255760431,160295
1413393259.305760384,160482
1413393259.355760574,160641
1413393259.405760527,160861
1413393259.455760479,161014
1413393259.505760431,161202
1413393259.555760384,161322
1413393259.605760574,161496
1413393259.655760527,161661
1413393259.705760479,161850
1413393259.755760431,161976
1413393259.805760384,162163
1413393259.855760574,162331
1413393259.905760527,162488
1413393259.955760479,162640
1413393260.005760431,162850
1413393260.055760384,162983
1413393260.105760574,163179
1413393260.155760527,163372
1413393260.205760479,163542
1413393260.255760431,163703
1413393260.305760384,163911
1413393260.355760574,164047
1413393260.405760527,164231
1413393260.455760479,164397
1413393260.505760431,164591
1413393260.555760384,164754
1413393260.605760574,164952
1413393260.655760527,165088
1413393260.705760479,165288
1413393260.755760431,165439
1413393260.805760384,165631
1413393260.855760574,165791
1413393260.905760527,165992
1413393260.955760479,166186
1413393261.005760431,166352
1413393261.055760384,166515
1413393261.105760574,166706
1413393261.155760527,166873
1413393261.205760479,167049
1413393261.255760431,167207
1413393261.305760384,167393
1413393261.355760574,167547
1413393261.405760527,167750
1413393261.455760479,167907
1413393261.505760431,168092
1413393261.555760384,168260
1413393261.605760574,168443
1413393261.655760527,168602
1413393261.705760479,168783
1413393261.755760431,168951
1413393261.805760384,169132
1413393261.855760574,169281
1413393261.905760527,169465
1413393261.955760479,169619
1413393262.005760431,169800
1413393262.055760384,169955
1413393262.105760574,170139
1413393262.155760527,170301
1413393262.205760479,170495
1413393262.255760431,170657
1413393262.305760384,170853
1413393262.355760574,171014
1413393262.405760527,171219
1413393262.455760479,171383
1413393262.505760431,171564
1413393262.555760384,171735
1413393262.605760574,171927
1413393262.655760527,172080
1413393262.705760479,172266
1413393262.755760431,172419
1413393262.805760384,172618
1413393262.855760574,172772
1413393262.905760527,172958
1413393262.955760479,173120
1413393263.005760431,173309
1413393263.055760384,173473
1413393263.105760574,173654
1413393263.155760527,173801
1413393263.205760479,173996
1413393263.255760431,174148
1413393263.305760384,174324
1413393263.355760574,174487
1413393263.405760527,174691
1413393263.455760479,174860
1413393263.505760431,175059
1413393263.555760384,175223
1413393263.605760574,175409
1413393263.655760527,175573
1413393263.705760479,175760
1413393263.755760431,175920
1413393263.805760384,176120
1413393263.855760574,176271
1413393263.905760527,176459
1413393263.955760479,176627
1413393264.005760431,176824
1413393264.055760384,177009
1413393264.105760574,177193
1413393264.155760527,177350
1413393264.205760479,177539
1413393264.255760431,177692
1413393264.305760384,177885
1413393264.355760574,178039
1413393264.405760527,178232
1413393264.455760479,178400
1413393264.505760431,178583
1413393264.555760384,178742
1413393264.605760574,178922
1413393264.655760527,179078
1413393264.705760479,179265
1413393264.755760431,179415
1413393264.805760384,179592
1413393264.855760574,179755
1413393264.905760527,179944
1413393264.955760479,180091
1413393265.005760431,180323
1413393265.055760384,180465
1413393265.105760574,180658
1413393265.155760527,180809
1413393265.205760479,181013
1413393265.255760431,181165
1413393265.305760384,181404
1413393265.355760574,181538
1413393265.405760527,181721
1413393265.455760479,181877
1413393265.505760431,182059
1413393265.555760384,182221
1413393265.605760574,182400
1413393265.655760527,182554
1413393265.705760479,182737
1413393265.755760431,182905
1413393265.805760384,183096
1413393265.855760574,183261
1413393265.905760527,183477
1413393265.955760479,183630
1413393266.005760431,183813
1413393266.055760384,183967
1413393266.105760574,184174
1413393266.155760527,184335
1413393266.205760479,184544
1413393266.255760431,184701
1413393266.305760384,184903
1413393266.355760574,185070
1413393266.405760527,185246
1413393266.455760479,185404
1413393266.505760431,185619
1413393266.555760384,185756
1413393266.605760574,185936
1413393266.655760527,186115
1413393266.705760479,186267
1413393266.755760431,186413
1413393266.805760384,186615
1413393266.855760574,186768
1413393266.905760527,186935
1413393266.955760479,187097
1413393267.005760431,187284
1413393267.055760384,187438
1413393267.105760574,187618
1413393267.155760527,187767
1413393267.205760479,187979
1413393267.255760431,188157
1413393267.305760384,188352
1413393267.355760574,188526
1413393267.405760527,188690
1413393267.455760479,188848
1413393267.505760431,189035
1413393267.555760384,189180
1413393267.605760574,189383
1413393267.655760527,189563
1413393267.705760479,189759
1413393267.755760431,189913
1413393267.805760384,190097
1413393267.855760574,190271
1413393267.905760527,190478
1413393267.955760479,190637
1413393268.005760431,190827
1413393268.055760384,190980
1413393268.105760574,191182
1413393268.155760527,191334
1413393268.205760479,191505
1413393268.255760431,191679
1413393268.305760384,191853
1413393268.355760574,192003
1413393268.405760527,192183
1413393268.455760479,192334
1413393268.505760431,192493
1413393268.555760384,192645
1413393268.605760574,192843
1413393268.655760527,192996
1413393268.705760479,193195
1413393268.755760431,193346
1413393268.805760384,193560
1413393268.855760574,193710
1413393268.905760527,193898
1413393268.955760479,194048
1413393269.005760431,194227
1413393269.055760384,194379
1413393269.105760574,194551
1413393269.155760527,194709
1413393269.205760479,194918
1413393269.255760431,195073
1413393269.305760384,195262
1413393269.355760574,195422
1413393269.405760527,195610
1413393269.455760479,195776
1413393269.505760431,195960
1413393269.555760384,196126
1413393269.605760574,196312
1413393269.655760527,196489
1413393269.705760479,196669
1413393269.755760431,196845
1413393269.805760384,197079
1413393269.855760574,197216
1413393269.905760527,197408
1413393269.955760479,197573
1413393270.005760431,197774
1413393270.055760384,197928
1413393270.105760574,198114
1413393270.155760527,198278
1413393270.205760479,198465
1413393270.255760431,198614
1413393270.305760384,198799
1413393270.355760574,198949
1413393270.405760527,199138
1413393270.455760479,199332
1413393270.505760431,199511
1413393270.555760384,199666
1413393270.605760574,199857
1413393270.655760527,200019
1413393270.705760479,200210
1413393270.755760431,200361
1413393270.805760384,200579
1413393270.855760574,200743
1413393270.905760527,200943
1413393270.955760479,201091
1413393271.005760431,201272
1413393271.055760384,201423
1413393271.105760574,201608
1413393271.155760527,201757
1413393271.205760479,201937
1413393271.255760431,202091
1413393271.305760384,202268
1413393271.355760574,202429
1413393271.405760527,202609
1413393271.455760479,202769
1413393271.505760431,202949
1413393271.555760384,203101
1413393271.605760574,203272
1413393271.655760527,203429
1413393271.705760479,203614
1413393271.755760431,203763
1413393271.805760384,203945
1413393271.855760574,204100
1413393271.905760527,204269
1413393271.955760479,204424
1413393272.005760431,204627
1413393272.055760384,204786
1413393272.105760574,204984
1413393272.155760527,205169
1413393272.205760479,205351
1413393272.255760431,205512
1413393272.305760384,205695
1413393272.355760574,205860
1413393272.405760527,206034
1413393272.455760479,206194
1413393272.505760431,206376
1413393272.555760384,206533
1413393272.605760574,206716
1413393272.655760527,206866
1413393272.705760479,207056
1413393272.755760431,207219
1413393272.805760384,207399
1413393272.855760574,207550
1413393272.905760527,207730
1413393272.955760479,207879
1413393273.005760431,208103
1413393273.055760384,208263
1413393273.105760574,208484
1413393273.155760527,208646
1413393273.205760479,208814
1413393273.255760431,208977
1413393273.305760384,209163
1413393273.355760574,209366
1413393273.405760527,209549
1413393273.455760479,209707
1413393273.505760431,209892
1413393273.555760384,210056
1413393273.605760574,210254
1413393273.655760527,210407
1413393273.705760479,210596
1413393273.755760431,210755
1413393273.805760384,210941
1413393273.855760574,211121
1413393273.905760527,211309
1413393273.955760479,211468
1413393274.005760431,211653
1413393274.055760384,211809
1413393274.105760574,211987
1413393274.155760527,212147
1413393274.205760479,212341
1413393274.255760431,212499
1413393274.305760384,212681
1413393274.355760574,212825
1413393274.405760527,213010
1413393274.455760479,213167
1413393274.505760431,213362
1413393274.555760384,213519
1413393274.605760574,213704
1413393274.655760527,213870
1413393274.705760479,214059
1413393274.755760431,214220
1413393274.805760384,214456
1413393274.855760574,214576
1413393274.905760527,214727
1413393274.955760479,214890
1413393275.005760431,215080
1413393275.055760384,215225
1413393275.105760574,215404
1413393275.155760527,215563
1413393275.205760479,215747
1413393275.255760431,215905
1413393275.305760384,216088
1413393275.355760574,216246
1413393275.405760527,216448
1413393275.455760479,216608
1413393275.505760431,216778
1413393275.555760384,216928
1413393275.605760574,217116
1413393275.655760527,217298
1413393275.705760479,217492
1413393275.755760431,217649
1413393275.805760384,217853
1413393275.855760574,217995
1413393275.905760527,218187
1413393275.955760479,218367
1413393276.005760431,218534
1413393276.055760384,218706
1413393276.105760574,218893
1413393276.155760527,219020
1413393276.205760479,219213
1413393276.255760431,219368
1413393276.305760384,219551
1413393276.355760574,219721
1413393276.405760527,219889
1413393276.455760479,220042
1413393276.505760431,220251
1413393276.555760384,220402
1413393276.605760574,220614
1413393276.655760527,220759
1413393276.705760479,220968
1413393276.755760431,221111
1413393276.805760384,221299
1413393276.855760574,221460
1413393276.905760527,221653
1413393276.955760479,221813
1413393277.005760431,222030
1413393277.055760384,222172
1413393277.105760574,222362
1413393277.155760527,222520
1413393277.205760479,222712
1413393277.255760431,222867
1413393277.305760384,223050
1413393277.355760574,223225
1413393277.405760527,223416
1413393277.455760479,223572
1413393277.505760431,223757
1413393277.555760384,223914
1413393277.605760574,224127
1413393277.655760527,224274
1413393277.705760479,224465
1413393277.755760431,224604
1413393277.805760384,224775
1413393277.855760574,224952
1413393277.905760527,225151
1413393277.955760479,225310
1413393278.005760431,225513
1413393278.055760384,225687
1413393278.105760574,225850
1413393278.155760527,226013
1413393278.205760479,226218
1413393278.255760431,226353
1413393278.305760384,226545
1413393278.355760574,226724
1413393278.405760527,226891
1413393278.455760479,227042
1413393278.505760431,227241
1413393278.555760384,227388
1413393278.605760574,227562
1413393278.655760527,227740
1413393278.705760479,227911
1413393278.755760431,228075
1413393278.805760384,228261
1413393278.855760574,228413
1413393278.905760527,228590
1413393278.955760479,228745
1413393279.005760431,228933
1413393279.055760384,229084
1413393279.105760574,229275
1413393279.155760527,229420
1413393279.205760479,229593
1413393279.255760431,229726
1413393279.305760384,229926
1413393279.355760574,230099
1413393279.405760527,230315
1413393279.455760479,230463
1413393279.505760431,230663
1413393279.555760384,230799
1413393279.605760574,230973
1413393279.655760527,231139
1413393279.705760479,231326
1413393279.755760431,231482
1413393279.805760384,231672
1413393279.855760574,231853
1413393279.905760527,232027
1413393279.955760479,232171
1413393280.005760431,232360
1413393280.055760384,232506
1413393280.105760574,232690
1413393280.155760527,232846
1413393280.205760479,233032
1413393280.255760431,233189
1413393280.305760384,233382
1413393280.355760574,233547
1413393280.405760527,233733
1413393280.455760479,233892
1413393280.505760431,234059
1413393280.555760384,234210
1413393280.605760574,234400
1413393280.655760527,234557
1413393280.705760479,234761
1413393280.755760431,234916
1413393280.805760384,235085
1413393280.855760574,235242
1413393280.905760527,235426
1413393280.955760479,235590
1413393281.005760431,235778
1413393281.055760384,235937
1413393281.105760574,236129
1413393281.155760527,236316
1413393281.205760479,236481
1413393281.255760431,236638
1413393281.305760384,236820
1413393281.355760574,236977
1413393281.405760527,237153
1413393281.455760479,237311
1413393281.505760431,237480
1413393281.555760384,237634
1413393281.605760574,237823
1413393281.655760527,237978
1413393281.705760479,238153
1413393281.755760431,238328
1413393281.805760384,238494
1413393281.855760574,238660
1413393281.905760527,238821
1413393281.955760479,238976
1413393282.005760431,239142
1413393282.055760384,239295
1413393282.105760574,239479
1413393282.155760527,239660
1413393282.205760479,239876
1413393282.255760431,240028
1413393282.305760384,240185
1413393282.355760574,240348
1413393282.405760527,240525
1413393282.455760479,240688
1413393282.505760431,240895
1413393282.555760384,241049
1413393282.605760574,241237
1413393282.655760527,241406
1413393282.705760479,241591
1413393282.755760431,241744
1413393282.805760384,241939
1413393282.855760574,242104
1413393282.905760527,242278
1413393282.955760479,242464
1413393283.005760431,242647
1413393283.055760384,242807
1413393283.105760574,242979
1413393283.155760527,243140
1413393283.205760479,243310
1413393283.255760431,243466
1413393283.305760384,243640
1413393283.355760574,243802
1413393283.405760527,243970
1413393283.455760479,244124
1413393283.505760431,244302
1413393283.555760384,244479
1413393283.605760574,244683
1413393283.655760527,244838
1413393283.705760479,245035
1413393283.755760431,245193
1413393283.805760384,245364
1413393283.855760574,245523
1413393283.905760527,245712
1413393283.955760479,245866
1413393284.005760431,246049
1413393284.055760384,246207
1413393284.105760574,246403
1413393284.155760527,246554
1413393284.205760479,246763
1413393284.255760431,246916
1413393284.305760384,247105
1413393284.355760574,247264
1413393284.405760527,247443
1413393284.455760479,247629
1413393284.505760431,247848
1413393284.555760384,247982
1413393284.605760574,248204
1413393284.655760527,248347
1413393284.705760479,248512
1413393284.755760431,248694
1413393284.805760384,248855
1413393284.855760574,249009
1413393284.905760527,249213
1413393284.955760479,249342
1413393285.005760431,249528
1413393285.055760384,249691
1413393285.105760574,249902
1413393285.155760527,250055
1413393285.205760479,250241
1413393285.255760431,250379
1413393285.305760384,250603
1413393285.355760574,250762
1413393285.405760527,250971
1413393285.455760479,251109
1413393285.505760431,251333
1413393285.555760384,251463
1413393285.605760574,251647
1413393285.655760527,251818
1413393285.705760479,251991
1413393285.755760431,252151
1413393285.805760384,252362
1413393285.855760574,252497
1413393285.905760527,252702
1413393285.955760479,252845
1413393286.005760431,253058
1413393286.055760384,253210
1413393286.105760574,253394
1413393286.155760527,253553
1413393286.205760479,253747
1413393286.255760431,253909
1413393286.305760384,254103
1413393286.355760574,254258
1413393286.405760527,254455
1413393286.455760479,254609
1413393286.505760431,254787
1413393286.555760384,254962
1413393286.605760574,255115
1413393286.655760527,255271
1413393286.705760479,255486
1413393286.755760431,255670
1413393286.805760384,255848
1413393286.855760574,256006
1413393286.905760527,256207
1413393286.955760479,256367
1413393287.005760431,256560
1413393287.055760384,256719
1413393287.105760574,256933
1413393287.155760527,257090
1413393287.205760479,257293
1413393287.255760431,257444
1413393287.305760384,257677
1413393287.355760574,257825
1413393287.405760527,258018
1413393287.455760479,258182
1413393287.505760431,258349
1413393287.555760384,258506
1413393287.605760574,258686
1413393287.655760527,258861
1413393287.705760479,259032
1413393287.755760431,259188
1413393287.805760384,259406
1413393287.855760574,259558
1413393287.905760527,259735
1413393287.955760479,259899
1413393288.005760431,260084
1413393288.055760384,260257
1413393288.105760574,260439
1413393288.155760527,260589
1413393288.205760479,260767
1413393288.255760431,260917
1413393288.305760384,261095
1413393288.355760574,261236
1413393288.405760527,261431
1413393288.455760479,261576
1413393288.505760431,261763
1413393288.555760384,261917
1413393288.605760574,262109
1413393288.655760527,262273
1413393288.705760479,262462
1413393288.755760431,262610
1413393288.805760384,262810
1413393288.855760574,262985
1413393288.905760527,263170
1413393288.955760479,263330
1413393289.005760431,263520
1413393289.055760384,263681
1413393289.105760574,263874
1413393289.155760527,264041
1413393289.205760479,264223
1413393289.255760431,264389
1413393289.305760384,264589
1413393289.355760574,264786
1413393289.405760527,264979
1413393289.455760479,265138
1413393289.505760431,265326
1413393289.555760384,265490
1413393289.605760574,265728
1413393289.655760527,265897
1413393289.705760479,266094
1413393289.755760431,266258
1413393289.805760384,266467
1413393289.855760574,266632
1413393289.905760527,266832
1413393289.955760479,266995
1413393290.005760431,267212
1413393290.055760384,267338
1413393290.105760574,267527
1413393290.155760527,267688
1413393290.205760479,267899
1413393290.255760431,268068
1413393290.305760384,268279
1413393290.355760574,268438
1413393290.405760527,268644
1413393290.455760479,268801
1413393290.505760431,268997
1413393290.555760384,269146
1413393290.605760574,269322
1413393290.655760527,269489
1413393290.705760479,269692
1413393290.755760431,269843
1413393290.805760384,270027
1413393290.855760574,270181
1413393290.905760527,270360
1413393290.955760479,270512
1413393291.005760431,270713
1413393291.055760384,270861
1413393291.105760574,271048
1413393291.155760527,271201
1413393291.205760479,271381
1413393291.255760431,271542
1413393291.305760384,271724
1413393291.355760574,271877
1413393291.405760527,272081
1413393291.455760479,272218
1413393291.505760431,272406
1413393291.555760384,272578
1413393291.605760574,272760
1413393291.655760527,272921
1413393291.705760479,273108
1413393291.755760431,273261
1413393291.805760384,273447
1413393291.855760574,273596
1413393291.905760527,273774
1413393291.955760479,273934
1413393292.005760431,274118
1413393292.055760384,274281
1413393292.105760574,274497
1413393292.155760527,274640
1413393292.205760479,274841
1413393292.255760431,275022
1413393292.305760384,275197
1413393292.355760574,275353
1413393292.405760527,275534
1413393292.455760479,275694
1413393292.505760431,275881
1413393292.555760384,276046
1413393292.605760574,276185
1413393292.655760527,276343
1413393292.705760479,276527
1413393292.755760431,276676
1413393292.805760384,276854
1413393292.855760574,277021
1413393292.905760527,277204
1413393292.955760479,277403
1413393293.005760431,277550
1413393293.055760384,277726
1413393293.105760574,277897
1413393293.155760527,278050
1413393293.205760479,278211
1413393293.255760431,278384
1413393293.305760384,278601
1413393293.355760574,278729
1413393293.405760527,278898
1413393293.455760479,279051
1413393293.505760431,279251
1413393293.555760384,279394
1413393293.605760574,279557
1413393293.655760527,279709
1413393293.705760479,279870
1413393293.755760431,280038
1413393293.805760384,280233
1413393293.855760574,280381
1413393293.905760527,280578
1413393293.955760479,280729
1413393294.005760431,280887
1413393294.055760384,281042
1413393294.105760574,281232
1413393294.155760527,281388
1413393294.205760479,281573
1413393294.255760431,281720
1413393294.305760384,281893
1413393294.355760574,282051
1413393294.405760527,282264
1413393294.455760479,282410
1413393294.505760431,282603
1413393294.555760384,282760
1413393294.605760574,282927
1413393294.655760527,283088
1413393294.705760479,283313
1413393294.755760431,283445
1413393294.805760384,283644
1413393294.855760574,283802
1413393294.905760527,284004
1413393294.955760479,284173
1413393295.005760431,284367
1413393295.055760384,284521
1413393295.105760574,284722
1413393295.155760527,284858
1413393295.205760479,285042
1413393295.255760431,285189
1413393295.305760384,285415
1413393295.355760574,285563
1413393295.405760527,285739
1413393295.455760479,285896
1413393295.505760431,286052
1413393295.555760384,286210
1413393295.605760574,286390
1413393295.655760527,286541
1413393295.705760479,286743
1413393295.755760431,286896
1413393295.805760384,287086
1413393295.855760574,287246
1413393295.905760527,287408
1413393295.955760479,287570
1413393296.005760431,287763
1413393296.055760384,287928
1413393296.105760574,288108
1413393296.155760527,288273
1413393296.205760479,288461
1413393296.255760431,288633
1413393296.305760384,288831
1413393296.355760574,288987
1413393296.405760527,289206
1413393296.455760479,289354
1413393296.505760431,289553
1413393296.555760384,289702
1413393296.605760574,289895
1413393296.655760527,290060
1413393296.705760479,290250
1413393296.755760431,290412
1413393296.805760384,290596
1413393296.855760574,290757
1413393296.905760527,290958
1413393296.955760479,291121
1413393297.005760431,291309
1413393297.055760384,291463
1413393297.105760574,291658
1413393297.155760527,291813
1413393297.205760479,292000
1413393297.255760431,292157
1413393297.305760384,292346
1413393297.355760574,292498
1413393297.405760527,292673
1413393297.455760479,292830
1413393297.505760431,293019
1413393297.555760384,293173
1413393297.605760574,293392
1413393297.655760527,293542
1413393297.705760479,293713
1413393297.755760431,293884
1413393297.805760384,294067
1413393297.855760574,294236
1413393297.905760527,294429
1413393297.955760479,294592
1413393298.005760431,294768
1413393298.055760384,294915
1413393298.105760574,295132
1413393298.155760527,295288
1413393298.205760479,295465
1413393298.255760431,295624
1413393298.305760384,295825
1413393298.355760574,295978
1413393298.405760527,296170
1413393298.455760479,296322
1413393298.505760431,296507
1413393298.555760384,296667
1413393298.605760574,296843
1413393298.655760527,297022
1413393298.705760479,297220
1413393298.755760431,297392
1413393298.805760384,297581
1413393298.855760574,297738
1413393298.905760527,297917
1413393298.955760479,298100
1413393299.005760431,298325
1413393299.055760384,298479
1413393299.105760574,298669
1413393299.155760527,298817
1413393299.205760479,299003
1413393299.255760431,299166
1413393299.305760384,299354
1413393299.355760574,299492
1413393299.405760527,299673
1413393299.455760479,299825
1413393299.505760431,300004
1413393299.555760384,300155
1413393299.605760574,300351
1413393299.655760527,300505
1413393299.705760479,300686
1413393299.755760431,300840
1413393299.805760384,301018
1413393299.855760574,301171
1413393299.905760527,301344
1413393299.955760479,301525
1413393300.005760431,301707
1413393300.055760384,301869
1413393300.105760574,302072
1413393300.155760527,302222
1413393300.205760479,302438
1413393300.255760431,302591
1413393300.305760384,302789
1413393300.355760574,302954
1413393300.405760527,303147
1413393300.455760479,303303
1413393300.505760431,303506
1413393300.555760384,303652
1413393300.605760574,303868
1413393300.655760527,304028
1413393300.705760479,304215
1413393300.755760431,304374
1413393300.805760384,304614
1413393300.855760574,304777
1413393300.905760527,304992
1413393300.955760479,305142
1413393301.005760431,305344
1413393301.055760384,305502
1413393301.105760574,305699
1413393301.155760527,305855
1413393301.205760479,306042
1413393301.255760431,306190
1413393301.305760384,306401
1413393301.355760574,306541
1413393301.405760527,306723
1413393301.455760479,306893
1413393301.505760431,307054
1413393301.555760384,307211
1413393301.605760574,307423
1413393301.655760527,307588
1413393301.705760479,307763
1413393301.755760431,307914
1413393301.805760384,308104
1413393301.855760574,308271
1413393301.905760527,308427
1413393301.955760479,308589
1413393302.005760431,308780
1413393302.055760384,308932
1413393302.105760574,309110
1413393302.155760527,309256
1413393302.205760479,309446
1413393302.255760431,309591
1413393302.305760384,309773
1413393302.355760574,309913
1413393302.405760527,310107
1413393302.455760479,310263
1413393302.505760431,310439
1413393302.555760384,310576
1413393302.605760574,310742
1413393302.655760527,310904
1413393302.705760479,311096
1413393302.755760431,311294
1413393302.805760384,311482
1413393302.855760574,311622
1413393302.905760527,311817
1413393302.955760479,311930
1413393303.005760431,312123
1413393303.055760384,312303
1413393303.105760574,312489
1413393303.155760527,312640
1413393303.205760479,312837
1413393303.255760431,312987
1413393303.305760384,313153
1413393303.355760574,313309
1413393303.405760527,313528
1413393303.455760479,313676
1413393303.505760431,313860
1413393303.555760384,314009
1413393303.605760574,314176
1413393303.655760527,314331
1413393303.705760479,314522
1413393303.755760431,314701
1413393303.805760384,314873
1413393303.855760574,315033
1413393303.905760527,315226
1413393303.955760479,315392
1413393304.005760431,315579
1413393304.055760384,315727
1413393304.105760574,315910
1413393304.155760527,316087
1413393304.205760479,316293
1413393304.255760431,316428
1413393304.305760384,316642
1413393304.355760574,316785
1413393304.405760527,316971
1413393304.455760479,317143
1413393304.505760431,317314
1413393304.555760384,317477
1413393304.605760574,317669
1413393304.655760527,317825
1413393304.705760479,318010
1413393304.755760431,318154
1413393304.805760384,318325
1413393304.855760574,318497
1413393304.905760527,318660
1413393304.955760479,318818
1413393305.005760431,319008
1413393305.055760384,319141
1413393305.105760574,319343
1413393305.155760527,319503
1413393305.205760479,319669
1413393305.255760431,319823
1413393305.305760384,320001
1413393305.355760574,320170
1413393305.405760527,320352
1413393305.455760479,320503
1413393305.505760431,320688
1413393305.555760384,320839
1413393305.605760574,321021
1413393305.655760527,321180
1413393305.705760479,321388
1413393305.755760431,321534
1413393305.805760384,321746
1413393305.855760574,321893
1413393305.905760527,322111
1413393305.955760479,322263
1413393306.005760431,322460
1413393306.055760384,322607
1413393306.105760574,322770
1413393306.155760527,322945
1413393306.205760479,323132
1413393306.255760431,323284
1413393306.305760384,323484
1413393306.355760574,323632
1413393306.405760527,323778
1413393306.455760479,323956
1413393306.505760431,324148
1413393306.555760384,324299
1413393306.605760574,324491
1413393306.655760527,324618
1413393306.705760479,324847
1413393306.755760431,325013
1413393306.805760384,325182
1413393306.855760574,325381
1413393306.905760527,325622
1413393306.955760479,325755
1413393307.005760431,325990
1413393307.055760384,326140
1413393307.105760574,326322
1413393307.155760527,326489
1413393307.205760479,326639
1413393307.255760431,326794
1413393307.305760384,326990
1413393307.355760574,327140
1413393307.405760527,327342
1413393307.455760479,327539
1413393307.505760431,327672
1413393307.555760384,327824
1413393307.605760574,328024
1413393307.655760527,328180
1413393307.705760479,328397
1413393307.755760431,328521
1413393307.805760384,328687
1413393307.855760574,328860
1413393307.905760527,329030
1413393307.955760479,329176
1413393308.005760431,329362
1413393308.055760384,329517
1413393308.105760574,329720
1413393308.155760527,329878
1413393308.205760479,330067
1413393308.255760431,330205
1413393308.305760384,330358
1413393308.355760574,330522
1413393308.405760527,330707
1413393308.455760479,330864
1413393308.505760431,331038
1413393308.555760384,331199
1413393308.605760574,331375
1413393308.655760527,331555
1413393308.705760479,331705
1413393308.755760431,331858
1413393308.805760384,332028
1413393308.855760574,332175
1413393308.905760527,332383
1413393308.955760479,332540
1413393309.005760431,332704
1413393309.055760384,332871
1413393309.105760574,333058
1413393309.155760527,333210
1413393309.205760479,333381
1413393309.255760431,333544
1413393309.305760384,333725
1413393309.355760574,333889
1413393309.405760527,334069
1413393309.455760479,334226
1413393309.505760431,334413
1413393309.555760384,334574
1413393309.605760574,334759
1413393309.655760527,334922
1413393309.705760479,335139
1413393309.755760431,335275
1413393309.805760384,335462
1413393309.855760574,335614
1413393309.905760527,335819
1413393309.955760479,335976
1413393310.005760431,336131
1413393310.055760384,336297
1413393310.105760574,336486
1413393310.155760527,336650
1413393310.205760479,336851
1413393310.255760431,337002
1413393310.305760384,337224
1413393310.355760574,337370
1413393310.405760527,337563
1413393310.455760479,337710
1413393310.505760431,337899
1413393310.555760384,338061
1413393310.605760574,338260
1413393310.655760527,338424
1413393310.705760479,338604
1413393310.755760431,338756
1413393310.805760384,338948
1413393310.855760574,339096
1413393310.905760527,339283
1413393310.955760479,339428
1413393311.005760431,339638
1413393311.055760384,339788
1413393311.105760574,340021
1413393311.155760527,340166
1413393311.205760479,340357
1413393311.255760431,340498
1413393311.305760384,340701
1413393311.355760574,340872
1413393311.405760527,341049
1413393311.455760479,341215
1413393311.505760431,341415
1413393311.555760384,341578
1413393311.605760574,341761
1413393311.655760527,341901
1413393311.705760479,342082
1413393311.755760431,342253
1413393311.805760384,342460
1413393311.855760574,342604
1413393311.905760527,342830
1413393311.955760479,342955
1413393312.005760431,343145
1413393312.055760384,343329
1413393312.105760574,343515
1413393312.155760527,343662
1413393312.205760479,343875
1413393312.255760431,344002
1413393312.305760384,344169
1413393312.355760574,344336
1413393312.405760527,344507
1413393312.455760479,344673
1413393312.505760431,344840
1413393312.555760384,345003
1413393312.605760574,345190
1413393312.655760527,345370
1413393312.705760479,345550
1413393312.755760431,345703
1413393312.805760384,345923
1413393312.855760574,346050
1413393312.905760527,346225
1413393312.955760479,346382
1413393313.005760431,346558
1413393313.055760384,346707
1413393313.105760574,346930
1413393313.155760527,347063
1413393313.205760479,347228
1413393313.255760431,347408
1413393313.305760384,347621
1413393313.355760574,347798
1413393313.405760527,347994
1413393313.455760479,348148
1413393313.505760431,348316
1413393313.555760384,348490
1413393313.605760574,348654
1413393313.655760527,348813
1413393313.705760479,348987
1413393313.755760431,349140
1413393313.805760384,349322
1413393313.855760574,349475
1413393313.905760527,349678
1413393313.955760479,349840
1413393314.005760431,350054
1413393314.055760384,350180
1413393314.105760574,350359
1413393314.155760527,350519
1413393314.205760479,350705
1413393314.255760431,350848
1413393314.305760384,351039
1413393314.355760574,351206
1413393314.405760527,351388
1413393314.455760479,351555
1413393314.505760431,351727
1413393314.555760384,351879
1413393314.605760574,352088
1413393314.655760527,352245
1413393314.705760479,352438
1413393314.755760431,352583
1413393314.805760384,352800
1413393314.855760574,352948
1413393314.905760527,353148
1413393314.955760479,353289
1413393315.005760431,353457
1413393315.055760384,353608
1413393315.105760574,353767
1413393315.155760527,353924
1413393315.205760479,354073
1413393315.255760431,354232
1413393315.305760384,354397
1413393315.355760574,354542
1413393315.405760527,354728
1413393315.455760479,354883
1413393315.505760431,355085
1413393315.555760384,355217
1413393315.605760574,355389
1413393315.655760527,355552
1413393315.705760479,355703
1413393315.755760431,355853
1413393315.805760384,356049
1413393315.855760574,356212
1413393315.905760527,356394
1413393315.955760479,356543
1413393316.005760431,356735
1413393316.055760384,356874
1413393316.105760574,357049
1413393316.155760527,357208
1413393316.205760479,357405
1413393316.255760431,357552
1413393316.305760384,357753
1413393316.355760574,357897
1413393316.405760527,358094
1413393316.455760479,358257
1413393316.505760431,358457
1413393316.555760384,358607
1413393316.605760574,358789
1413393316.655760527,358958
1413393316.705760479,359149
1413393316.755760431,359311
1413393316.805760384,359482
1413393316.855760574,359635
1413393316.905760527,359836
1413393316.955760479,359991
1413393317.005760431,360224
1413393317.055760384,360380
1413393317.105760574,360578
1413393317.155760527,360727
1413393317.205760479,360928
1413393317.255760431,361073
1413393317.305760384,361287
1413393317.355760574,361456
1413393317.405760527,361647
1413393317.455760479,361804
1413393317.505760431,362014
1413393317.555760384,362149
1413393317.605760574,362361
1413393317.655760527,362525
1413393317.705760479,362707
1413393317.755760431,362861
1413393317.805760384,363045
1413393317.855760574,363193
1413393317.905760527,363376
1413393317.955760479,363524
1413393318.005760431,363704
1413393318.055760384,363862
1413393318.105760574,364047
1413393318.155760527,364206
1413393318.205760479,364397
1413393318.255760431,364552
1413393318.305760384,364713
1413393318.355760574,364867
1413393318.405760527,365084
1413393318.455760479,365236
1413393318.505760431,365456
1413393318.555760384,365591
1413393318.605760574,365764
1413393318.655760527,365933
1413393318.705760479,366128
1413393318.755760431,366284
1413393318.805760384,366466
1413393318.855760574,366617
1413393318.905760527,366811
1413393318.955760479,366946
1413393319.005760431,367156
1413393319.055760384,367305
1413393319.105760574,367480
1413393319.155760527,367656
1413393319.205760479,367832
1413393319.255760431,367986
1413393319.305760384,368153
1413393319.355760574,368328
1413393319.405760527,368491
1413393319.455760479,368656
1413393319.505760431,368881
1413393319.555760384,369023
1413393319.605760574,369259
1413393319.655760527,369400
1413393319.705760479,369577
1413393319.755760431,369741
1413393319.805760384,369905
1413393319.855760574,370066
1413393319.905760527,370257
1413393319.955760479,370411
1413393320.005760431,370594
1413393320.055760384,370764
1413393320.105760574,370934
1413393320.155760527,371097
1413393320.205760479,371291
1413393320.255760431,371448
1413393320.305760384,371624
1413393320.355760574,371774
1413393320.405760527,371960
1413393320.455760479,372123
1413393320.505760431,372267
1413393320.555760384,372421
1413393320.605760574,372583
1413393320.655760527,372755
1413393320.705760479,372941
1413393320.755760431,373116
1413393320.805760384,373311
1413393320.855760574,373467
1413393320.905760527,373622
1413393320.955760479,373782
1413393321.005760431,373931
1413393321.055760384,374081
1413393321.105760574,374255
1413393321.155760527,374405
1413393321.205760479,374585
1413393321.255760431,374726
1413393321.305760384,374878
1413393321.355760574,375037
1413393321.405760527,375191
1413393321.455760479,375340
1413393321.505760431,375492
1413393321.555760384,375635
1413393321.605760574,375803
1413393321.655760527,375968
1413393321.705760479,376112
1413393321.755760431,376286
1413393321.805760384,376456
1413393321.855760574,376632
1413393321.905760527,376790
1413393321.955760479,376954
1413393322.005760431,377147
1413393322.055760384,377311
1413393322.105760574,377469
1413393322.155760527,377627
1413393322.205760479,377780
1413393322.255760431,377925
1413393322.305760384,378093
1413393322.355760574,378238
1413393322.405760527,378390
1413393322.455760479,378529
1413393322.505760431,378696
1413393322.555760384,378843
1413393322.605760574,378990
1413393322.655760527,379142
1413393322.705760479,379300
1413393322.755760431,379450
1413393322.805760384,379621
1413393322.855760574,379765
1413393322.905760527,379920
1413393322.955760479,380065
1413393323.005760431,380223
1413393323.055760384,380371
1413393323.105760574,380525
1413393323.155760527,380671
1413393323.205760479,380840
1413393323.255760431,380988
1413393323.305760384,381136
1413393323.355760574,381282
1413393323.405760527,381437
1413393323.455760479,381591
1413393323.505760431,381758
1413393323.555760384,381915
1413393323.605760574,382088
1413393323.655760527,382225
1413393323.705760479,382371
1413393323.755760431,382521
1413393323.805760384,382709
1413393323.855760574,382858
1413393323.905760527,383001
1413393323.955760479,383155
1413393324.005760431,383324
1413393324.055760384,383464
1413393324.105760574,383634
1413393324.155760527,383796
1413393324.205760479,383955
1413393324.255760431,384099
1413393324.305760384,384249
1413393324.355760574,384388
1413393324.405760527,384563
1413393324.455760479,384704
1413393324.505760431,384842
1413393324.555760384,384995
1413393324.605760574,385147
1413393324.655760527,385303
1413393324.705760479,385480
1413393324.755760431,385628
1413393324.805760384,385788
1413393324.855760574,385933
1413393324.905760527,386108
1413393324.955760479,386260
1413393325.005760431,386460
1413393325.055760384,386615
1413393325.105760574,386763
1413393325.155760527,386915
1413393325.205760479,387077
1413393325.255760431,387222
1413393325.305760384,387375
1413393325.355760574,387528
1413393325.405760527,387680
1413393325.455760479,387840
1413393325.505760431,388023
1413393325.555760384,388171
1413393325.605760574,388349
1413393325.655760527,388525
1413393325.705760479,388714
1413393325.755760431,388849
1413393325.805760384,389008
1413393325.855760574,389155
1413393325.905760527,389315
1413393325.955760479,389464
1413393326.005760431,389616
1413393326.055760384,389758
1413393326.105760574,389916
1413393326.155760527,390061
1413393326.205760479,390207
