1413393886.005760431,2250.91
1413393886.055760384,2343.69
1413393886.105760574,2483.8
1413393886.155760527,2623.94
1413393886.205760479,2783.61
1413393886.255760431,2940.09
1413393886.305760384,3086.48
1413393886.355760574,3227.26
1413393886.405760527,3369.86
1413393886.455760479,3517.52
1413393886.505760431,3666.58
1413393886.555760384,3810.61
1413393886.605760574,3946.58
1413393886.655760527,4078.58
1413393886.705760479,4219.19
1413393886.755760431,4376.3
1413393886.805760384,4519.34
1413393886.855760574,4690.63
1413393886.905760527,4855.59
1413393886.955760479,4996.3
1413393887.005760431,5136.98
1413393887.055760384,5281.3
1413393887.105760574,5418.44
1413393887.155760527,5577.23
1413393887.205760479,5714.84
1413393887.255760431,5894
1413393887.305760384,6033.74
1413393887.355760574,6198.58
1413393887.405760527,6337.19
1413393887.455760479,6496.25
1413393887.505760431,6638.09
1413393887.555760384,6772.95
1413393887.605760574,6917.46
1413393887.655760527,7057.82
1413393887.705760479,7212.56
1413393887.755760431,7358.26
1413393887.805760384,7508.67
1413393887.855760574,7637.76
1413393887.905760527,7793.36
1413393887.955760479,7938.11
1413393888.005760431,8062.6
1413393888.055760384,8225.3
1413393888.105760574,8349.35
1413393888.155760527,8511.77
1413393888.205760479,8666.94
1413393888.255760431,8807
1413393888.305760384,8948.67
1413393888.355760574,9098.43
1413393888.405760527,9241.76
1413393888.455760479,9384.76
1413393888.505760431,9518.73
1413393888.555760384,9670.09
1413393888.605760574,9835.83
1413393888.655760527,10000.8
1413393888.705760479,10147.3
1413393888.755760431,10287.5
1413393888.805760384,10436
1413393888.855760574,10571.8
1413393888.905760527,10701
1413393888.955760479,10845.7
1413393889.005760431,11041.3
1413393889.055760384,11186
1413393889.105760574,11326.4
1413393889.155760527,11470.8
1413393889.205760479,11608.2
1413393889.255760431,11745.6
1413393889.305760384,11904.9
1413393889.355760574,12044.4
1413393889.405760527,12183.3
1413393889.455760479,12320.4
1413393889.505760431,12477.9
1413393889.555760384,12645.4
1413393889.605760574,12807.5
1413393889.655760527,12941.6
1413393889.705760479,13086.5
1413393889.755760431,13233.8
1413393889.805760384,13387.1
1413393889.855760574,13533.2
1413393889.905760527,13675.2
1413393889.955760479,13824
1413393890.005760431,13966.3
1413393890.055760384,14138.7
1413393890.105760574,14268.7
1413393890.155760527,14395.9
1413393890.205760479,14545.9
1413393890.255760431,14694.8
1413393890.305760384,14857.9
1413393890.355760574,14998.6
1413393890.405760527,15154.3
1413393890.455760479,15306.3
1413393890.505760431,15451.5
1413393890.555760384,15600.1
1413393890.605760574,15740.5
1413393890.655760527,15875.3
1413393890.705760479,16051.1
1413393890.755760431,16198.4
1413393890.805760384,16346.3
1413393890.855760574,16485.3
1413393890.905760527,16639.4
1413393890.955760479,16806.2
1413393891.005760431,16959.3
1413393891.055760384,17102.4
1413393891.105760574,17247.7
1413393891.155760527,17406.1
1413393891.205760479,17551.8
1413393891.255760431,17700.9
1413393891.305760384,17842.1
1413393891.355760574,17978.1
1413393891.405760527,18149.5
1413393891.455760479,18277.8
1413393891.505760431,18423.4
1413393891.555760384,18592.3
1413393891.605760574,18729.7
1413393891.655760527,18875.6
1413393891.705760479,19042.6
1413393891.755760431,19187.8
1413393891.805760384,19337.6
1413393891.855760574,19487.9
1413393891.905760527,19639.5
1413393891.955760479,19787.5
1413393892.005760431,19927.2
1413393892.055760384,20082.4
1413393892.105760574,20255.5
1413393892.155760527,20382.9
1413393892.205760479,20563.4
1413393892.255760431,20741.3
1413393892.305760384,20900.9
1413393892.355760574,21051.7
1413393892.405760527,21216.5
1413393892.455760479,21378.8
1413393892.505760431,21532.1
1413393892.555760384,21686.5
1413393892.605760574,21833.4
1413393892.655760527,21979.1
1413393892.705760479,22125.7
1413393892.755760431,22259.1
1413393892.805760384,22450.5
1413393892.855760574,22599.3
1413393892.905760527,22733.4
1413393892.955760479,22886.8
1413393893.005760431,23033.9
1413393893.055760384,23183.2
1413393893.105760574,23358.8
1413393893.155760527,23502.8
1413393893.205760479,23657.4
1413393893.255760431,23812.4
1413393893.305760384,23972.8
1413393893.355760574,24115.1
1413393893.405760527,24271.5
1413393893.455760479,24423.7
1413393893.505760431,24557.3
1413393893.555760384,24792.5
1413393893.605760574,24922.1
1413393893.655760527,25093.2
1413393893.705760479,25260.3
1413393893.755760431,25408.7
1413393893.805760384,25563.5
1413393893.855760574,25725.9
1413393893.905760527,25855.7
1413393893.955760479,25997.6
1413393894.005760431,26197.2
1413393894.055760384,26360.5
1413393894.105760574,26510.7
1413393894.155760527,26667.6
1413393894.205760479,26804
1413393894.255760431,26935.8
1413393894.305760384,27103.5
1413393894.355760574,27262.7
1413393894.405760527,27416.1
1413393894.455760479,27574
1413393894.505760431,27715.8
1413393894.555760384,27869.2
1413393894.605760574,28023.6
1413393894.655760527,28165.9
1413393894.705760479,28328.9
1413393894.755760431,28511
1413393894.805760384,28663.8
1413393894.855760574,28805.3
1413393894.905760527,28982.1
1413393894.955760479,29137.5
1413393895.005760431,29275.2
1413393895.055760384,29440.7
1413393895.105760574,29590.6
1413393895.155760527,29742.7
1413393895.205760479,29967.4
1413393895.255760431,30119.6
1413393895.305760384,30276
1413393895.355760574,30477.3
1413393895.405760527,30653.7
1413393895.455760479,30827
1413393895.505760431,30977.9
1413393895.555760384,31128.6
1413393895.605760574,31288.4
1413393895.655760527,31446.1
1413393895.705760479,31596.6
1413393895.755760431,31740.2
1413393895.805760384,31919
1413393895.855760574,32066.5
1413393895.905760527,32210.4
1413393895.955760479,32384.7
1413393896.005760431,32556.7
1413393896.055760384,32710.2
1413393896.105760574,32865.4
1413393896.155760527,33024
1413393896.205760479,33179.8
1413393896.255760431,33365.6
1413393896.305760384,33507.2
1413393896.355760574,33654
1413393896.405760527,33815.6
1413393896.455760479,33954.8
1413393896.505760431,34097
1413393896.555760384,34320
1413393896.605760574,34486.4
1413393896.655760527,34618.6
1413393896.705760479,34817.6
1413393896.755760431,34944.6
1413393896.805760384,35126.3
1413393896.855760574,35269.3
1413393896.905760527,35432.8
1413393896.955760479,35592.5
1413393897.005760431,35747.7
1413393897.055760384,35884
1413393897.105760574,36039.9
1413393897.155760527,36198.6
1413393897.205760479,36346.7
1413393897.255760431,36505.2
1413393897.305760384,36652.4
1413393897.355760574,36783.8
1413393897.405760527,36954.4
1413393897.455760479,37111.8
1413393897.505760431,37236.6
1413393897.555760384,37393.2
1413393897.605760574,37552.8
1413393897.655760527,37676.9
1413393897.705760479,37826.2
1413393897.755760431,38011.5
1413393897.805760384,38150.2
1413393897.855760574,38309.7
1413393897.905760527,38481
1413393897.955760479,38608
1413393898.005760431,38757.9
1413393898.055760384,38947.3
1413393898.105760574,39127.5
1413393898.155760527,39263
1413393898.205760479,39453
1413393898.255760431,39604.6
1413393898.305760384,39747.6
1413393898.355760574,39893.5
1413393898.405760527,40059.2
1413393898.455760479,40201.7
1413393898.505760431,40356.3
1413393898.555760384,40507
1413393898.605760574,40643
1413393898.655760527,40800.9
1413393898.705760479,40943.4
1413393898.755760431,41092.2
1413393898.805760384,41253.2
1413393898.855760574,41400.3
1413393898.905760527,41553.5
1413393898.955760479,41736.4
1413393899.005760431,41915.8
1413393899.055760384,42042.2
1413393899.105760574,42222.7
1413393899.155760527,42381.5
1413393899.205760479,42554.2
1413393899.255760431,42702.7
1413393899.305760384,42836.6
1413393899.355760574,42998.7
1413393899.405760527,43153.6
1413393899.455760479,43300.2
1413393899.505760431,43443.5
1413393899.555760384,43586.2
1413393899.605760574,43742.4
1413393899.655760527,43871.3
1413393899.705760479,44026.2
1413393899.755760431,44172.1
1413393899.805760384,44330.9
1413393899.855760574,44475.6
1413393899.905760527,44614.4
1413393899.955760479,44779.5
1413393900.005760431,44945.3
1413393900.055760384,45123
1413393900.105760574,45267.9
1413393900.155760527,45426.3
1413393900.205760479,45548.6
1413393900.255760431,45742.9
1413393900.305760384,45899
1413393900.355760574,46050.2
1413393900.405760527,46169.8
1413393900.455760479,46350.3
1413393900.505760431,46489.4
1413393900.555760384,46659.5
1413393900.605760574,46821
1413393900.655760527,46960.8
1413393900.705760479,47120.3
1413393900.755760431,47277
1413393900.805760384,47399
1413393900.855760574,47552.7
1413393900.905760527,47719.4
1413393900.955760479,47873.8
1413393901.005760431,48019.4
1413393901.055760384,48217.1
1413393901.105760574,48371.1
1413393901.155760527,48518.9
1413393901.205760479,48688.5
1413393901.255760431,48837.1
1413393901.305760384,49005.7
1413393901.355760574,49161.2
1413393901.405760527,49304.3
1413393901.455760479,49464.1
1413393901.505760431,49645.4
1413393901.555760384,49804.1
1413393901.605760574,49922
1413393901.655760527,50094.1
1413393901.705760479,50252.7
1413393901.755760431,50404.1
1413393901.805760384,50571.7
1413393901.855760574,50702.1
1413393901.905760527,50890.3
1413393901.955760479,51034.4
1413393902.005760431,51190.1
1413393902.055760384,51342.5
1413393902.105760574,51515.2
1413393902.155760527,51659
1413393902.205760479,51828
1413393902.255760431,51981.4
1413393902.305760384,52154
1413393902.355760574,52348.1
1413393902.405760527,52496.5
1413393902.455760479,52649.1
1413393902.505760431,52806.6
1413393902.555760384,52968.4
1413393902.605760574,53129.3
1413393902.655760527,53300
1413393902.705760479,53438.1
1413393902.755760431,53600
1413393902.805760384,53754.1
1413393902.855760574,53939.2
1413393902.905760527,54078.9
1413393902.955760479,54243.9
1413393903.005760431,54446.2
1413393903.055760384,54601.1
1413393903.105760574,54753.1
1413393903.155760527,54908.5
1413393903.205760479,55101.8
1413393903.255760431,55246.3
1413393903.305760384,55398.6
1413393903.355760574,55545.4
1413393903.405760527,55705.1
1413393903.455760479,55883.6
1413393903.505760431,56025.5
1413393903.555760384,56170.9
1413393903.605760574,56330.4
1413393903.655760527,56484.5
1413393903.705760479,56624.6
1413393903.755760431,56778.3
1413393903.805760384,56943.8
1413393903.855760574,57077.4
1413393903.905760527,57226.8
1413393903.955760479,57372.2
1413393904.005760431,57491.5
1413393904.055760384,57666.7
1413393904.105760574,57817.9
1413393904.155760527,57982.7
1413393904.205760479,58144.4
1413393904.255760431,58301.9
1413393904.305760384,58432.8
1413393904.355760574,58600.8
1413393904.405760527,58753.1
1413393904.455760479,58907.1
1413393904.505760431,59066.1
1413393904.555760384,59213.3
1413393904.605760574,59358.5
1413393904.655760527,59547.9
1413393904.705760479,59693.2
1413393904.755760431,59847.5
1413393904.805760384,60015.2
1413393904.855760574,60204.4
1413393904.905760527,60350.2
1413393904.955760479,60540.3
1413393905.005760431,60694.8
1413393905.055760384,60832.6
1413393905.105760574,61031.8
1413393905.155760527,61201.7
1413393905.205760479,61334.9
1413393905.255760431,61523.7
1413393905.305760384,61675.8
1413393905.355760574,61828.3
1413393905.405760527,62038.4
1413393905.455760479,62197.7
1413393905.505760431,62350.9
1413393905.555760384,62530.8
1413393905.605760574,62682
1413393905.655760527,62824.1
1413393905.705760479,62993.1
1413393905.755760431,63154
1413393905.805760384,63290.4
1413393905.855760574,63450
1413393905.905760527,63614.7
1413393905.955760479,63756.7
1413393906.005760431,63928.7
1413393906.055760384,64077.1
1413393906.105760574,64248.2
1413393906.155760527,64419.6
1413393906.205760479,64574.8
1413393906.255760431,64719.3
1413393906.305760384,64885.7
1413393906.355760574,65067.4
1413393906.405760527,65218.7
1413393906.455760479,65378.6
1413393906.505760431,65548.4
1413393906.555760384,65710.3
1413393906.605760574,65879.4
1413393906.655760527,66045.2
1413393906.705760479,66213.8
1413393906.755760431,66367.7
1413393906.805760384,66536.3
1413393906.855760574,66702.9
1413393906.905760527,66873.5
1413393906.955760479,67025.8
1413393907.005760431,67193.5
1413393907.055760384,67347.1
1413393907.105760574,67494.8
1413393907.155760527,67672.1
1413393907.205760479,67827.8
1413393907.255760431,67975.1
1413393907.305760384,68120.3
1413393907.355760574,68279.2
1413393907.405760527,68428.8
1413393907.455760479,68649
1413393907.505760431,68798.7
1413393907.555760384,68972
1413393907.605760574,69119
1413393907.655760527,69303.7
1413393907.705760479,69480.8
1413393907.755760431,69615.7
1413393907.805760384,69779.6
1413393907.855760574,69924.6
1413393907.905760527,70073.1
1413393907.955760479,70239.4
1413393908.005760431,70380.6
1413393908.055760384,70541.1
1413393908.105760574,70701.7
1413393908.155760527,70836.2
1413393908.205760479,70990
1413393908.255760431,71146.8
1413393908.305760384,71292.9
1413393908.355760574,71440.5
1413393908.405760527,71605.7
1413393908.455760479,71762.7
1413393908.505760431,71930.3
1413393908.555760384,72092.7
1413393908.605760574,72268.9
1413393908.655760527,72418.7
1413393908.705760479,72576.4
1413393908.755760431,72720
1413393908.805760384,72867.6
1413393908.855760574,73038.1
1413393908.905760527,73205.5
1413393908.955760479,73346.8
1413393909.005760431,73516.4
1413393909.055760384,73685.1
1413393909.105760574,73841.8
1413393909.155760527,74019.8
1413393909.205760479,74165.1
1413393909.255760431,74343.3
1413393909.305760384,74494.3
1413393909.355760574,74656.2
1413393909.405760527,74838.9
1413393909.455760479,75026.4
1413393909.505760431,75180
1413393909.555760384,75332.5
1413393909.605760574,75483.8
1413393909.655760527,75630.2
1413393909.705760479,75801
1413393909.755760431,75949.4
1413393909.805760384,76097.7
1413393909.855760574,76295.1
1413393909.905760527,76452.8
1413393909.955760479,76594.7
1413393910.005760431,76768.4
1413393910.055760384,76925.1
1413393910.105760574,77054.9
1413393910.155760527,77225.9
1413393910.205760479,77374.3
1413393910.255760431,77554.9
1413393910.305760384,77706
1413393910.355760574,77869
1413393910.405760527,78006.9
1413393910.455760479,78160.8
1413393910.505760431,78326.3
1413393910.555760384,78473.6
1413393910.605760574,78622.9
1413393910.655760527,78811.4
1413393910.705760479,78980.8
1413393910.755760431,79109.4
1413393910.805760384,79301.9
1413393910.855760574,79457.2
1413393910.905760527,79603.9
1413393910.955760479,79745.4
1413393911.005760431,79931.3
1413393911.055760384,80078.3
1413393911.105760574,80244.2
1413393911.155760527,80391.3
1413393911.205760479,80522.8
1413393911.255760431,80704
1413393911.305760384,80850.4
1413393911.355760574,81020
1413393911.405760527,81179.2
1413393911.455760479,81316.2
1413393911.505760431,81471.2
1413393911.555760384,81658.5
1413393911.605760574,81777.2
1413393911.655760527,81950.3
1413393911.705760479,82113.8
1413393911.755760431,82264.2
1413393911.805760384,82401.3
1413393911.855760574,82563.9
1413393911.905760527,82707.3
1413393911.955760479,82850.9
1413393912.005760431,83018
1413393912.055760384,83176.4
1413393912.105760574,83328.5
1413393912.155760527,83501.1
1413393912.205760479,83647.9
1413393912.255760431,83798.8
1413393912.305760384,84021.6
1413393912.355760574,84188.4
1413393912.405760527,84357.7
1413393912.455760479,84549.1
1413393912.505760431,84696.5
1413393912.555760384,84848.8
1413393912.605760574,85033.4
1413393912.655760527,85172.8
1413393912.705760479,85332.2
1413393912.755760431,85503.7
1413393912.805760384,85647.4
1413393912.855760574,85775.8
1413393912.905760527,85962.4
1413393912.955760479,86116.3
1413393913.005760431,86319.2
1413393913.055760384,86471.3
1413393913.105760574,86626.5
1413393913.155760527,86770.1
1413393913.205760479,86966.1
1413393913.255760431,87126.9
1413393913.305760384,87271.8
1413393913.355760574,87435.4
1413393913.405760527,87571.1
1413393913.455760479,87737.5
1413393913.505760431,87917.4
1413393913.555760384,88041.6
1413393913.605760574,88205.7
1413393913.655760527,88390.3
1413393913.705760479,88519.7
1413393913.755760431,88684
1413393913.805760384,88832.3
1413393913.855760574,88986.1
1413393913.905760527,89134.6
1413393913.955760479,89333.5
1413393914.005760431,89478.7
1413393914.055760384,89627.7
1413393914.105760574,89792.9
1413393914.155760527,89944.5
1413393914.205760479,90090.5
1413393914.255760431,90248.7
1413393914.305760384,90380.2
1413393914.355760574,90548
1413393914.405760527,90707.7
1413393914.455760479,90857.7
1413393914.505760431,91004.6
1413393914.555760384,91162.8
1413393914.605760574,91288.7
1413393914.655760527,91476.7
1413393914.705760479,91651.1
1413393914.755760431,91803.3
1413393914.805760384,91950.1
1413393914.855760574,92116
1413393914.905760527,92274.8
1413393914.955760479,92420.9
1413393915.005760431,92582.7
1413393915.055760384,92741.1
1413393915.105760574,92891.3
1413393915.155760527,93067.2
1413393915.205760479,93222.4
1413393915.255760431,93414.7
1413393915.305760384,93589.3
1413393915.355760574,93730.3
1413393915.405760527,93881.9
1413393915.455760479,94050.6
1413393915.505760431,94183.8
1413393915.555760384,94358.8
1413393915.605760574,94530.7
1413393915.655760527,94678.1
1413393915.705760479,94814.6
1413393915.755760431,94977.8
1413393915.805760384,95141.2
1413393915.855760574,95277.5
1413393915.905760527,95474.4
1413393915.955760479,95643.5
1413393916.005760431,95776.7
1413393916.055760384,95995.3
1413393916.105760574,96118
1413393916.155760527,96298.4
1413393916.205760479,96484.3
1413393916.255760431,96643.8
1413393916.305760384,96779.1
1413393916.355760574,96987.8
1413393916.405760527,97125.9
1413393916.455760479,97245.7
1413393916.505760431,97432.6
1413393916.555760384,97584.2
1413393916.605760574,97711.3
1413393916.655760527,97881.6
1413393916.705760479,98044.8
1413393916.755760431,98204.1
1413393916.805760384,98357
1413393916.855760574,98496.9
1413393916.905760527,98631.8
1413393916.955760479,98796.7
1413393917.005760431,98942
1413393917.055760384,99090.5
1413393917.105760574,99252
1413393917.155760527,99424.1
1413393917.205760479,99576.7
1413393917.255760431,99761.5
1413393917.305760384,99907.9
1413393917.355760574,100078
1413393917.405760527,100262
1413393917.455760479,100411
1413393917.505760431,100559
1413393917.555760384,100758
1413393917.605760574,100953
1413393917.655760527,101158
1413393917.705760479,101334
1413393917.755760431,101484
1413393917.805760384,101621
1413393917.855760574,101796
1413393917.905760527,101945
1413393917.955760479,102090
1413393918.005760431,102285
1413393918.055760384,102430
1413393918.105760574,102602
1413393918.155760527,102782
1413393918.205760479,102904
1413393918.255760431,103086
1413393918.305760384,103272
1413393918.355760574,103417
1413393918.405760527,103579
1413393918.455760479,103765
1413393918.505760431,103911
1413393918.555760384,104060
1413393918.605760574,104253
1413393918.655760527,104406
1413393918.705760479,104538
1413393918.755760431,104731
1413393918.805760384,104864
1413393918.855760574,105031
1413393918.905760527,105212
1413393918.955760479,105394
1413393919.005760431,105546
1413393919.055760384,105715
1413393919.105760574,105856
1413393919.155760527,106023
1413393919.205760479,106213
1413393919.255760431,106388
1413393919.305760384,106524
1413393919.355760574,106730
1413393919.405760527,106901
1413393919.455760479,107049
1413393919.505760431,107219
1413393919.555760384,107382
1413393919.605760574,107543
1413393919.655760527,107698
1413393919.705760479,107842
1413393919.755760431,108010
1413393919.805760384,108176
1413393919.855760574,108340
1413393919.905760527,108517
1413393919.955760479,108683
1413393920.005760431,108819
1413393920.055760384,108977
1413393920.105760574,109146
1413393920.155760527,109292
1413393920.205760479,109438
1413393920.255760431,109611
1413393920.305760384,109781
1413393920.355760574,109943
1413393920.405760527,110141
1413393920.455760479,110296
1413393920.505760431,110460
1413393920.555760384,110629
1413393920.605760574,110782
1413393920.655760527,110932
1413393920.705760479,111108
1413393920.755760431,111249
1413393920.805760384,111404
1413393920.855760574,111595
1413393920.905760527,111744
1413393920.955760479,111929
1413393921.005760431,112094
1413393921.055760384,112237
1413393921.105760574,112402
1413393921.155760527,112559
1413393921.205760479,112711
1413393921.255760431,112903
1413393921.305760384,113063
1413393921.355760574,113233
1413393921.405760527,113404
1413393921.455760479,113594
1413393921.505760431,113750
1413393921.555760384,113924
1413393921.605760574,114133
1413393921.655760527,114294
1413393921.705760479,114421
1413393921.755760431,114599
1413393921.805760384,114749
1413393921.855760574,114918
1413393921.905760527,115149
1413393921.955760479,115303
1413393922.005760431,115460
1413393922.055760384,115663
1413393922.105760574,115829
1413393922.155760527,115987
1413393922.205760479,116156
1413393922.255760431,116307
1413393922.305760384,116463
1413393922.355760574,116632
1413393922.405760527,116798
1413393922.455760479,116995
1413393922.505760431,117157
1413393922.555760384,117307
1413393922.605760574,117469
1413393922.655760527,117637
1413393922.705760479,117794
1413393922.755760431,117952
1413393922.805760384,118159
1413393922.855760574,118310
1413393922.905760527,118459
1413393922.955760479,118654
1413393923.005760431,118805
1413393923.055760384,118968
1413393923.105760574,119144
1413393923.155760527,119300
1413393923.205760479,119429
1413393923.255760431,119608
1413393923.305760384,119796
1413393923.355760574,119931
1413393923.405760527,120120
1413393923.455760479,120306
1413393923.505760431,120450
1413393923.555760384,120619
1413393923.605760574,120777
1413393923.655760527,120925
1413393923.705760479,121150
1413393923.755760431,121339
1413393923.805760384,121486
1413393923.855760574,121650
1413393923.905760527,121797
1413393923.955760479,121964
1413393924.005760431,122146
1413393924.055760384,122293
1413393924.105760574,122450
1413393924.155760527,122648
1413393924.205760479,122798
1413393924.255760431,122974
1413393924.305760384,123141
1413393924.355760574,123278
1413393924.405760527,123460
1413393924.455760479,123633
1413393924.505760431,123767
1413393924.555760384,123956
1413393924.605760574,124138
1413393924.655760527,124287
1413393924.705760479,124468
1413393924.755760431,124642
1413393924.805760384,124788
1413393924.855760574,124930
1413393924.905760527,125095
1413393924.955760479,125242
1413393925.005760431,125377
1413393925.055760384,125603
1413393925.105760574,125768
1413393925.155760527,125911
1413393925.205760479,126075
1413393925.255760431,126226
1413393925.305760384,126362
1413393925.355760574,126585
1413393925.405760527,126727
1413393925.455760479,126861
1413393925.505760431,127057
1413393925.555760384,127220
1413393925.605760574,127375
1413393925.655760527,127534
1413393925.705760479,127666
1413393925.755760431,127816
1413393925.805760384,127996
1413393925.855760574,128155
1413393925.905760527,128299
1413393925.955760479,128471
1413393926.005760431,128635
1413393926.055760384,128779
1413393926.105760574,128971
1413393926.155760527,129117
1413393926.205760479,129281
1413393926.255760431,129498
1413393926.305760384,129653
1413393926.355760574,129814
1413393926.405760527,129993
1413393926.455760479,130147
1413393926.505760431,130303
1413393926.555760384,130534
1413393926.605760574,130704
1413393926.655760527,130843
1413393926.705760479,131062
1413393926.755760431,131182
1413393926.805760384,131358
1413393926.855760574,131526
1413393926.905760527,131677
1413393926.955760479,131838
1413393927.005760431,132034
1413393927.055760384,132186
1413393927.105760574,132362
1413393927.155760527,132535
1413393927.205760479,132684
1413393927.255760431,132850
1413393927.305760384,133042
1413393927.355760574,133191
1413393927.405760527,133338
1413393927.455760479,133523
1413393927.505760431,133655
1413393927.555760384,133829
1413393927.605760574,134014
1413393927.655760527,134168
1413393927.705760479,134324
1413393927.755760431,134494
1413393927.805760384,134644
1413393927.855760574,134791
1413393927.905760527,134966
1413393927.955760479,135120
1413393928.005760431,135272
1413393928.055760384,135452
1413393928.105760574,135586
1413393928.155760527,135770
1413393928.205760479,135943
1413393928.255760431,136109
1413393928.305760384,136249
1413393928.355760574,136407
1413393928.405760527,136550
1413393928.455760479,136701
1413393928.505760431,136850
1413393928.555760384,137018
1413393928.605760574,137161
1413393928.655760527,137321
1413393928.705760479,137459
1413393928.755760431,137590
1413393928.805760384,137785
1413393928.855760574,137949
1413393928.905760527,138092
1413393928.955760479,138256
1413393929.005760431,138385
1413393929.055760384,138539
1413393929.105760574,138675
1413393929.155760527,138861
1413393929.205760479,139047
1413393929.255760431,139195
1413393929.305760384,139344
1413393929.355760574,139515
1413393929.405760527,139682
1413393929.455760479,139828
1413393929.505760431,139982
1413393929.555760384,140145
1413393929.605760574,140290
1413393929.655760527,140431
1413393929.705760479,140592
1413393929.755760431,140735
1413393929.805760384,140887
1413393929.855760574,141078
1413393929.905760527,141229
1413393929.955760479,141393
1413393930.005760431,141569
1413393930.055760384,141726
1413393930.105760574,141910
1413393930.155760527,142075
1413393930.205760479,142217
1413393930.255760431,142359
1413393930.305760384,142530
1413393930.355760574,142707
1413393930.405760527,142831
1413393930.455760479,143076
1413393930.505760431,143222
1413393930.555760384,143376
1413393930.605760574,143552
1413393930.655760527,143708
1413393930.705760479,143879
1413393930.755760431,144029
1413393930.805760384,144201
1413393930.855760574,144334
1413393930.905760527,144533
1413393930.955760479,144679
1413393931.005760431,144825
1413393931.055760384,145003
1413393931.105760574,145154
1413393931.155760527,145308
1413393931.205760479,145486
1413393931.255760431,145670
1413393931.305760384,145834
1413393931.355760574,145990
1413393931.405760527,146150
1413393931.455760479,146304
1413393931.505760431,146501
1413393931.555760384,146649
1413393931.605760574,146821
1413393931.655760527,146996
1413393931.705760479,147166
1413393931.755760431,147304
1413393931.805760384,147483
1413393931.855760574,147652
1413393931.905760527,147787
1413393931.955760479,147970
1413393932.005760431,148134
1413393932.055760384,148272
1413393932.105760574,148488
1413393932.155760527,148664
1413393932.205760479,148797
1413393932.255760431,148982
1413393932.305760384,149155
1413393932.355760574,149291
1413393932.405760527,149475
1413393932.455760479,149666
1413393932.505760431,149791
1413393932.555760384,149994
1413393932.605760574,150158
1413393932.655760527,150287
1413393932.705760479,150440
1413393932.755760431,150624
1413393932.805760384,150752
1413393932.855760574,150925
1413393932.905760527,151096
1413393932.955760479,151235
1413393933.005760431,151400
1413393933.055760384,151590
1413393933.105760574,151743
1413393933.155760527,151902
1413393933.205760479,152059
1413393933.255760431,152227
1413393933.305760384,152392
1413393933.355760574,152545
1413393933.405760527,152689
1413393933.455760479,152847
1413393933.505760431,153022
1413393933.555760384,153179
1413393933.605760574,153356
1413393933.655760527,153525
1413393933.705760479,153655
1413393933.755760431,153858
1413393933.805760384,154045
1413393933.855760574,154171
1413393933.905760527,154356
1413393933.955760479,154508
1413393934.005760431,154706
1413393934.055760384,154912
1413393934.105760574,155040
1413393934.155760527,155228
1413393934.205760479,155378
1413393934.255760431,155535
1413393934.305760384,155680
1413393934.355760574,155855
1413393934.405760527,156002
1413393934.455760479,156155
1413393934.505760431,156386
1413393934.555760384,156547
1413393934.605760574,156717
1413393934.655760527,156899
1413393934.705760479,157062
1413393934.755760431,157225
1413393934.805760384,157395
1413393934.855760574,157543
1413393934.905760527,157712
1413393934.955760479,157868
1413393935.005760431,158008
1413393935.055760384,158200
1413393935.105760574,158375
1413393935.155760527,158524
1413393935.205760479,158679
1413393935.255760431,158860
1413393935.305760384,159012
1413393935.355760574,159226
1413393935.405760527,159392
1413393935.455760479,159540
1413393935.505760431,159708
1413393935.555760384,159874
1413393935.605760574,160026
1413393935.655760527,160181
1413393935.705760479,160370
1413393935.755760431,160521
1413393935.805760384,160671
1413393935.855760574,160839
1413393935.905760527,160979
1413393935.955760479,161126
1413393936.005760431,161291
1413393936.055760384,161443
1413393936.105760574,161593
1413393936.155760527,161763
1413393936.205760479,161911
1413393936.255760431,162047
1413393936.305760384,162241
1413393936.355760574,162415
1413393936.405760527,162567
1413393936.455760479,162734
1413393936.505760431,162880
1413393936.555760384,163033
1413393936.605760574,163199
1413393936.655760527,163403
1413393936.705760479,163531
1413393936.755760431,163721
1413393936.805760384,163857
1413393936.855760574,164001
1413393936.905760527,164185
1413393936.955760479,164344
1413393937.005760431,164488
1413393937.055760384,164684
1413393937.105760574,164839
1413393937.155760527,164997
1413393937.205760479,165167
1413393937.255760431,165320
1413393937.305760384,165470
1413393937.355760574,165629
1413393937.405760527,165803
1413393937.455760479,165953
1413393937.505760431,166121
1413393937.555760384,166267
1413393937.605760574,166423
1413393937.655760527,166598
1413393937.705760479,166737
1413393937.755760431,166921
1413393937.805760384,167101
1413393937.855760574,167262
1413393937.905760527,167411
1413393937.955760479,167576
1413393938.005760431,167738
1413393938.055760384,167874
1413393938.105760574,168057
1413393938.155760527,168212
1413393938.205760479,168357
1413393938.255760431,168527
1413393938.305760384,168666
1413393938.355760574,168823
1413393938.405760527,168976
1413393938.455760479,169173
1413393938.505760431,169348
1413393938.555760384,169554
1413393938.605760574,169682
1413393938.655760527,169853
1413393938.705760479,170055
1413393938.755760431,170203
1413393938.805760384,170336
1413393938.855760574,170544
1413393938.905760527,170711
1413393938.955760479,170863
1413393939.005760431,171029
1413393939.055760384,171207
1413393939.105760574,171342
1413393939.155760527,171539
1413393939.205760479,171666
1413393939.255760431,171826
1413393939.305760384,171980
1413393939.355760574,172160
1413393939.405760527,172313
1413393939.455760479,172463
1413393939.505760431,172614
1413393939.555760384,172781
1413393939.605760574,172986
1413393939.655760527,173146
1413393939.705760479,173302
1413393939.755760431,173448
1413393939.805760384,173620
1413393939.855760574,173764
1413393939.905760527,173958
1413393939.955760479,174132
1413393940.005760431,174268
1413393940.055760384,174461
1413393940.105760574,174605
1413393940.155760527,174754
1413393940.205760479,174942
1413393940.255760431,175105
1413393940.305760384,175248
1413393940.355760574,175464
1413393940.405760527,175634
1413393940.455760479,175759
1413393940.505760431,175953
1413393940.555760384,176124
1413393940.605760574,176277
1413393940.655760527,176447
1413393940.705760479,176592
1413393940.755760431,176744
1413393940.805760384,176911
1413393940.855760574,177060
1413393940.905760527,177203
1413393940.955760479,177364
1413393941.005760431,177528
1413393941.055760384,177674
1413393941.105760574,177849
1413393941.155760527,177997
1413393941.205760479,178146
1413393941.255760431,178317
1413393941.305760384,178447
1413393941.355760574,178631
1413393941.405760527,178838
1413393941.455760479,178965
1413393941.505760431,179089
1413393941.555760384,179279
1413393941.605760574,179436
1413393941.655760527,179586
1413393941.705760479,179756
1413393941.755760431,179910
1413393941.805760384,180059
1413393941.855760574,180227
1413393941.905760527,180378
1413393941.955760479,180531
1413393942.005760431,180721
1413393942.055760384,180870
1413393942.105760574,181012
1413393942.155760527,181197
1413393942.205760479,181323
1413393942.255760431,181460
1413393942.305760384,181659
1413393942.355760574,181815
1413393942.405760527,181950
1413393942.455760479,182113
1413393942.505760431,182278
1413393942.555760384,182428
1413393942.605760574,182591
1413393942.655760527,182753
1413393942.705760479,182910
1413393942.755760431,183086
1413393942.805760384,183234
1413393942.855760574,183372
1413393942.905760527,183546
1413393942.955760479,183771
1413393943.005760431,183920
1413393943.055760384,184115
1413393943.105760574,184265
1413393943.155760527,184409
1413393943.205760479,184605
1413393943.255760431,184755
1413393943.305760384,184906
1413393943.355760574,185087
1413393943.405760527,185228
1413393943.455760479,185384
1413393943.505760431,185551
1413393943.555760384,185714
1413393943.605760574,185850
1413393943.655760527,186091
1413393943.705760479,186235
1413393943.755760431,186367
1413393943.805760384,186600
1413393943.855760574,186746
1413393943.905760527,186915
1413393943.955760479,187092
1413393944.005760431,187266
1413393944.055760384,187421
1413393944.105760574,187614
1413393944.155760527,187760
1413393944.205760479,187904
1413393944.255760431,188093
1413393944.305760384,188233
1413393944.355760574,188398
1413393944.405760527,188583
1413393944.455760479,188725
1413393944.505760431,188862
1413393944.555760384,189055
1413393944.605760574,189199
1413393944.655760527,189350
1413393944.705760479,189515
1413393944.755760431,189673
1413393944.805760384,189862
1413393944.855760574,190041
1413393944.905760527,190194
1413393944.955760479,190322
1413393945.005760431,190575
1413393945.055760384,190706
1413393945.105760574,190887
1413393945.155760527,191064
1413393945.205760479,191239
1413393945.255760431,191382
1413393945.305760384,191551
1413393945.355760574,191699
1413393945.405760527,191833
1413393945.455760479,191994
1413393945.505760431,192181
1413393945.555760384,192330
1413393945.605760574,192481
1413393945.655760527,192664
1413393945.705760479,192809
1413393945.755760431,193011
1413393945.805760384,193167
1413393945.855760574,193316
1413393945.905760527,193501
1413393945.955760479,193658
1413393946.005760431,193820
1413393946.055760384,193986
1413393946.105760574,194134
1413393946.155760527,194298
1413393946.205760479,194451
1413393946.255760431,194591
1413393946.305760384,194755
1413393946.355760574,194925
1413393946.405760527,195071
1413393946.455760479,195259
1413393946.505760431,195448
1413393946.555760384,195582
1413393946.605760574,195714
1413393946.655760527,195889
1413393946.705760479,196060
1413393946.755760431,196198
1413393946.805760384,196394
1413393946.855760574,196540
1413393946.905760527,196678
1413393946.955760479,196896
1413393947.005760431,197028
1413393947.055760384,197223
1413393947.105760574,197399
1413393947.155760527,197513
1413393947.205760479,197672
1413393947.255760431,197872
1413393947.305760384,198020
1413393947.355760574,198161
1413393947.405760527,198343
1413393947.455760479,198505
1413393947.505760431,198637
1413393947.555760384,198826
1413393947.605760574,198990
1413393947.655760527,199132
1413393947.705760479,199313
1413393947.755760431,199512
1413393947.805760384,199688
1413393947.855760574,199860
1413393947.905760527,200014
1413393947.955760479,200143
1413393948.005760431,200300
1413393948.055760384,200485
1413393948.105760574,200619
1413393948.155760527,200819
1413393948.205760479,200995
1413393948.255760431,201123
1413393948.305760384,201298
1413393948.355760574,201456
1413393948.405760527,201603
1413393948.455760479,201773
1413393948.505760431,201915
1413393948.555760384,202079
1413393948.605760574,202250
1413393948.655760527,202396
1413393948.705760479,202547
1413393948.755760431,202760
1413393948.805760384,202917
1413393948.855760574,203099
1413393948.905760527,203250
1413393948.955760479,203396
1413393949.005760431,203576
1413393949.055760384,203736
1413393949.105760574,203905
1413393949.155760527,204034
1413393949.205760479,204239
1413393949.255760431,204395
1413393949.305760384,204518
1413393949.355760574,204718
1413393949.405760527,204891
1413393949.455760479,205036
1413393949.505760431,205222
1413393949.555760384,205402
1413393949.605760574,205545
1413393949.655760527,205733
1413393949.705760479,205890
1413393949.755760431,206039
1413393949.805760384,206243
1413393949.855760574,206393
1413393949.905760527,206564
1413393949.955760479,206770
1413393950.005760431,206922
1413393950.055760384,207073
1413393950.105760574,207265
1413393950.155760527,207409
1413393950.205760479,207557
1413393950.255760431,207722
1413393950.305760384,207876
1413393950.355760574,208073
1413393950.405760527,208296
1413393950.455760479,208413
1413393950.505760431,208542
1413393950.555760384,208746
1413393950.605760574,208925
1413393950.655760527,209049
1413393950.705760479,209217
1413393950.755760431,209397
1413393950.805760384,209538
1413393950.855760574,209720
1413393950.905760527,209881
1413393950.955760479,210047
1413393951.005760431,210208
1413393951.055760384,210383
1413393951.105760574,210560
1413393951.155760527,210729
1413393951.205760479,210895
1413393951.255760431,211038
1413393951.305760384,211198
1413393951.355760574,211367
1413393951.405760527,211516
1413393951.455760479,211709
1413393951.505760431,211859
1413393951.555760384,212033
1413393951.605760574,212190
1413393951.655760527,212340
1413393951.705760479,212491
1413393951.755760431,212651
1413393951.805760384,212799
1413393951.855760574,212980
1413393951.905760527,213152
1413393951.955760479,213319
1413393952.005760431,213467
1413393952.055760384,213625
1413393952.105760574,213780
1413393952.155760527,213943
1413393952.205760479,214109
1413393952.255760431,214253
1413393952.305760384,214396
1413393952.355760574,214560
1413393952.405760527,214700
1413393952.455760479,214842
1413393952.505760431,214993
1413393952.555760384,215143
1413393952.605760574,215340
1413393952.655760527,215547
1413393952.705760479,215707
1413393952.755760431,215867
1413393952.805760384,216047
1413393952.855760574,216213
1413393952.905760527,216343
1413393952.955760479,216509
1413393953.005760431,216652
1413393953.055760384,216811
1413393953.105760574,216992
1413393953.155760527,217165
1413393953.205760479,217305
1413393953.255760431,217506
1413393953.305760384,217628
1413393953.355760574,217796
1413393953.405760527,217966
1413393953.455760479,218144
1413393953.505760431,218292
1413393953.555760384,218449
1413393953.605760574,218620
1413393953.655760527,218770
1413393953.705760479,218932
1413393953.755760431,219104
1413393953.805760384,219255
1413393953.855760574,219467
1413393953.905760527,219640
1413393953.955760479,219772
1413393954.005760431,219941
1413393954.055760384,220124
1413393954.105760574,220275
1413393954.155760527,220505
1413393954.205760479,220621
1413393954.255760431,220796
1413393954.305760384,220959
1413393954.355760574,221129
1413393954.405760527,221289
1413393954.455760479,221491
1413393954.505760431,221642
1413393954.555760384,221792
1413393954.605760574,221974
1413393954.655760527,222124
1413393954.705760479,222290
1413393954.755760431,222468
1413393954.805760384,222616
1413393954.855760574,222787
1413393954.905760527,222971
1413393954.955760479,223120
1413393955.005760431,223265
1413393955.055760384,223452
1413393955.105760574,223643
1413393955.155760527,223814
1413393955.205760479,224025
1413393955.255760431,224176
1413393955.305760384,224334
1413393955.355760574,224506
1413393955.405760527,224673
1413393955.455760479,224803
1413393955.505760431,224997
1413393955.555760384,225164
1413393955.605760574,225293
1413393955.655760527,225461
1413393955.705760479,225631
1413393955.755760431,225755
1413393955.805760384,225954
1413393955.855760574,226109
1413393955.905760527,226264
1413393955.955760479,226458
1413393956.005760431,226608
1413393956.055760384,226754
1413393956.105760574,226928
1413393956.155760527,227078
1413393956.205760479,227260
1413393956.255760431,227425
1413393956.305760384,227586
1413393956.355760574,227732
1413393956.405760527,227932
1413393956.455760479,228039
1413393956.505760431,228213
1413393956.555760384,228374
1413393956.605760574,228523
1413393956.655760527,228715
1413393956.705760479,228859
1413393956.755760431,229018
1413393956.805760384,229173
1413393956.855760574,229314
1413393956.905760527,229475
1413393956.955760479,229648
1413393957.005760431,229816
1413393957.055760384,229970
1413393957.105760574,230142
1413393957.155760527,230347
1413393957.205760479,230488
1413393957.255760431,230668
1413393957.305760384,230811
1413393957.355760574,230961
1413393957.405760527,231108
1413393957.455760479,231306
1413393957.505760431,231440
1413393957.555760384,231644
1413393957.605760574,231830
1413393957.655760527,231976
1413393957.705760479,232136
1413393957.755760431,232317
1413393957.805760384,232456
1413393957.855760574,232638
1413393957.905760527,232811
1413393957.955760479,232970
1413393958.005760431,233113
1413393958.055760384,233282
1413393958.105760574,233429
1413393958.155760527,233580
1413393958.205760479,233816
1413393958.255760431,233965
1413393958.305760384,234117
1413393958.355760574,234333
1413393958.405760527,234471
1413393958.455760479,234644
1413393958.505760431,234821
1413393958.555760384,234945
1413393958.605760574,235103
1413393958.655760527,235295
1413393958.705760479,235431
1413393958.755760431,235561
1413393958.805760384,235746
1413393958.855760574,235890
1413393958.905760527,236039
1413393958.955760479,236245
1413393959.005760431,236375
1413393959.055760384,236545
1413393959.105760574,236738
1413393959.155760527,236871
1413393959.205760479,237039
1413393959.255760431,237237
1413393959.305760384,237386
1413393959.355760574,237532
1413393959.405760527,237698
1413393959.455760479,237873
1413393959.505760431,238035
1413393959.555760384,238226
1413393959.605760574,238421
1413393959.655760527,238553
1413393959.705760479,238761
1413393959.755760431,238936
1413393959.805760384,239081
1413393959.855760574,239258
1413393959.905760527,239410
1413393959.955760479,239542
1413393960.005760431,239759
1413393960.055760384,239893
1413393960.105760574,240076
1413393960.155760527,240245
1413393960.205760479,240436
1413393960.255760431,240592
1413393960.305760384,240794
1413393960.355760574,240966
1413393960.405760527,241113
1413393960.455760479,241313
1413393960.505760431,241464
1413393960.555760384,241605
1413393960.605760574,241795
1413393960.655760527,241949
1413393960.705760479,242101
1413393960.755760431,242283
1413393960.805760384,242447
1413393960.855760574,242602
1413393960.905760527,242775
1413393960.955760479,242960
1413393961.005760431,243088
1413393961.055760384,243259
1413393961.105760574,243401
1413393961.155760527,243554
1413393961.205760479,243749
1413393961.255760431,243904
1413393961.305760384,244055
1413393961.355760574,244211
1413393961.405760527,244383
1413393961.455760479,244538
1413393961.505760431,244731
1413393961.555760384,244876
1413393961.605760574,245021
1413393961.655760527,245208
1413393961.705760479,245372
1413393961.755760431,245525
1413393961.805760384,245693
1413393961.855760574,245879
1413393961.905760527,246026
1413393961.955760479,246220
1413393962.005760431,246348
1413393962.055760384,246521
1413393962.105760574,246709
1413393962.155760527,246841
1413393962.205760479,246995
1413393962.255760431,247231
1413393962.305760384,247360
1413393962.355760574,247506
1413393962.405760527,247712
1413393962.455760479,247866
1413393962.505760431,248022
1413393962.555760384,248221
1413393962.605760574,248378
1413393962.655760527,248513
1413393962.705760479,248699
1413393962.755760431,248853
1413393962.805760384,249046
1413393962.855760574,249209
1413393962.905760527,249345
1413393962.955760479,249527
1413393963.005760431,249699
1413393963.055760384,249848
1413393963.105760574,249980
1413393963.155760527,250198
1413393963.205760479,250384
1413393963.255760431,250494
1413393963.305760384,250674
1413393963.355760574,250854
1413393963.405760527,250988
1413393963.455760479,251171
1413393963.505760431,251323
1413393963.555760384,251481
1413393963.605760574,251666
1413393963.655760527,251818
1413393963.705760479,251966
1413393963.755760431,252145
1413393963.805760384,252305
1413393963.855760574,252437
1413393963.905760527,252613
1413393963.955760479,252792
1413393964.005760431,252940
1413393964.055760384,253113
1413393964.105760574,253302
1413393964.155760527,253433
1413393964.205760479,253640
1413393964.255760431,253818
1413393964.305760384,253978
1413393964.355760574,254179
1413393964.405760527,254322
1413393964.455760479,254448
1413393964.505760431,254659
1413393964.555760384,254861
1413393964.605760574,254998
1413393964.655760527,255220
1413393964.705760479,255367
1413393964.755760431,255531
1413393964.805760384,255740
1413393964.855760574,255881
1413393964.905760527,256022
1413393964.955760479,256181
1413393965.005760431,256329
1413393965.055760384,256532
1413393965.105760574,256698
1413393965.155760527,256842
1413393965.205760479,256989
1413393965.255760431,257191
1413393965.305760384,257331
1413393965.355760574,257489
1413393965.405760527,257676
1413393965.455760479,257849
1413393965.505760431,258007
1413393965.555760384,258166
1413393965.605760574,258343
1413393965.655760527,258499
1413393965.705760479,258674
1413393965.755760431,258808
1413393965.805760384,258955
1413393965.855760574,259149
1413393965.905760527,259303
1413393965.955760479,259458
1413393966.005760431,259630
1413393966.055760384,259793
1413393966.105760574,259934
1413393966.155760527,260109
1413393966.205760479,260258
1413393966.255760431,260410
1413393966.305760384,260595
1413393966.355760574,260750
1413393966.405760527,260896
1413393966.455760479,261075
1413393966.505760431,261247
1413393966.555760384,261382
1413393966.605760574,261564
1413393966.655760527,261710
1413393966.705760479,261856
1413393966.755760431,262037
1413393966.805760384,262201
1413393966.855760574,262361
1413393966.905760527,262552
1413393966.955760479,262719
1413393967.005760431,262865
1413393967.055760384,263048
1413393967.105760574,263185
1413393967.155760527,263347
1413393967.205760479,263519
1413393967.255760431,263670
1413393967.305760384,263819
1413393967.355760574,263992
1413393967.405760527,264137
1413393967.455760479,264286
1413393967.505760431,264469
1413393967.555760384,264634
1413393967.605760574,264787
1413393967.655760527,264973
1413393967.705760479,265125
1413393967.755760431,265279
1413393967.805760384,265491
1413393967.855760574,265649
1413393967.905760527,265823
1413393967.955760479,266018
1413393968.005760431,266175
1413393968.055760384,266336
1413393968.105760574,266475
1413393968.155760527,266631
1413393968.205760479,266778
1413393968.255760431,266956
1413393968.305760384,267109
1413393968.355760574,267259
1413393968.405760527,267427
1413393968.455760479,267586
1413393968.505760431,267723
1413393968.555760384,267916
1413393968.605760574,268076
1413393968.655760527,268209
1413393968.705760479,268405
1413393968.755760431,268558
1413393968.805760384,268707
1413393968.855760574,268890
1413393968.905760527,269052
1413393968.955760479,269190
1413393969.005760431,269385
1413393969.055760384,269558
1413393969.105760574,269691
1413393969.155760527,269872
1413393969.205760479,270027
1413393969.255760431,270200
1413393969.305760384,270372
1413393969.355760574,270539
1413393969.405760527,270688
1413393969.455760479,270877
1413393969.505760431,271011
1413393969.555760384,271185
1413393969.605760574,271359
1413393969.655760527,271506
1413393969.705760479,271662
1413393969.755760431,271843
1413393969.805760384,271971
1413393969.855760574,272133
1413393969.905760527,272308
1413393969.955760479,272438
1413393970.005760431,272586
1413393970.055760384,272801
1413393970.105760574,273014
1413393970.155760527,273164
1413393970.205760479,273331
1413393970.255760431,273466
1413393970.305760384,273614
1413393970.355760574,273809
1413393970.405760527,273958
1413393970.455760479,274112
1413393970.505760431,274276
1413393970.555760384,274422
1413393970.605760574,274568
1413393970.655760527,274786
1413393970.705760479,274981
1413393970.755760431,275110
1413393970.805760384,275295
1413393970.855760574,275440
1413393970.905760527,275579
1413393970.955760479,275749
1413393971.005760431,275911
1413393971.055760384,276054
1413393971.105760574,276214
1413393971.155760527,276372
1413393971.205760479,276519
1413393971.255760431,276705
1413393971.305760384,276885
1413393971.355760574,277065
1413393971.405760527,277253
1413393971.455760479,277443
1413393971.505760431,277568
1413393971.555760384,277749
1413393971.605760574,277896
1413393971.655760527,278044
1413393971.705760479,278248
1413393971.755760431,278408
1413393971.805760384,278538
1413393971.855760574,278725
1413393971.905760527,278871
1413393971.955760479,279061
1413393972.005760431,279233
1413393972.055760384,279381
1413393972.105760574,279557
1413393972.155760527,279707
1413393972.205760479,279857
1413393972.255760431,280033
1413393972.305760384,280181
1413393972.355760574,280331
1413393972.405760527,280492
1413393972.455760479,280643
1413393972.505760431,280798
1413393972.555760384,280975
1413393972.605760574,281145
1413393972.655760527,281292
1413393972.705760479,281475
1413393972.755760431,281654
1413393972.805760384,281802
1413393972.855760574,281945
1413393972.905760527,282142
1413393972.955760479,282310
1413393973.005760431,282505
1413393973.055760384,282670
1413393973.105760574,282820
1413393973.155760527,282973
1413393973.205760479,283147
1413393973.255760431,283307
1413393973.305760384,283449
1413393973.355760574,283647
1413393973.405760527,283806
1413393973.455760479,283938
1413393973.505760431,284156
1413393973.555760384,284345
1413393973.605760574,284468
1413393973.655760527,284651
1413393973.705760479,284818
1413393973.755760431,284960
1413393973.805760384,285123
1413393973.855760574,285268
1413393973.905760527,285428
1413393973.955760479,285608
1413393974.005760431,285753
1413393974.055760384,285919
1413393974.105760574,286121
1413393974.155760527,286253
1413393974.205760479,286404
1413393974.255760431,286609
1413393974.305760384,286752
1413393974.355760574,286900
1413393974.405760527,287089
1413393974.455760479,287236
1413393974.505760431,287401
1413393974.555760384,287611
1413393974.605760574,287750
1413393974.655760527,287930
1413393974.705760479,288087
1413393974.755760431,288275
1413393974.805760384,288429
1413393974.855760574,288654
1413393974.905760527,288803
1413393974.955760479,288922
1413393975.005760431,289131
1413393975.055760384,289257
1413393975.105760574,289435
1413393975.155760527,289627
1413393975.205760479,289757
1413393975.255760431,289889
1413393975.305760384,290099
1413393975.355760574,290244
1413393975.405760527,290380
1413393975.455760479,290580
1413393975.505760431,290747
1413393975.555760384,290879
1413393975.605760574,291041
1413393975.655760527,291198
1413393975.705760479,291348
1413393975.755760431,291528
1413393975.805760384,291672
1413393975.855760574,291833
1413393975.905760527,292004
1413393975.955760479,292153
1413393976.005760431,292306
1413393976.055760384,292516
1413393976.105760574,292662
1413393976.155760527,292835
1413393976.205760479,293039
1413393976.255760431,293190
1413393976.305760384,293339
1413393976.355760574,293516
1413393976.405760527,293664
1413393976.455760479,293827
1413393976.505760431,293965
1413393976.555760384,294120
1413393976.605760574,294293
1413393976.655760527,294442
1413393976.705760479,294586
1413393976.755760431,294761
1413393976.805760384,294913
1413393976.855760574,295066
1413393976.905760527,295240
1413393976.955760479,295448
1413393977.005760431,295574
1413393977.055760384,295753
1413393977.105760574,295929
1413393977.155760527,296092
1413393977.205760479,296229
1413393977.255760431,296425
1413393977.305760384,296569
1413393977.355760574,296741
1413393977.405760527,296876
1413393977.455760479,297054
1413393977.505760431,297205
1413393977.555760384,297405
1413393977.605760574,297571
1413393977.655760527,297712
1413393977.705760479,297907
1413393977.755760431,298056
1413393977.805760384,298210
1413393977.855760574,298398
1413393977.905760527,298551
1413393977.955760479,298704
1413393978.005760431,298873
1413393978.055760384,299033
1413393978.105760574,299201
1413393978.155760527,299378
1413393978.205760479,299531
1413393978.255760431,299698
1413393978.305760384,299840
1413393978.355760574,300009
1413393978.405760527,300177
1413393978.455760479,300343
1413393978.505760431,300489
1413393978.555760384,300653
1413393978.605760574,300813
1413393978.655760527,300963
1413393978.705760479,301112
1413393978.755760431,301273
1413393978.805760384,301417
1413393978.855760574,301557
1413393978.905760527,301718
1413393978.955760479,301870
1413393979.005760431,302017
1413393979.055760384,302168
1413393979.105760574,302335
1413393979.155760527,302460
1413393979.205760479,302643
1413393979.255760431,302813
1413393979.305760384,302933
1413393979.355760574,303116
1413393979.405760527,303281
1413393979.455760479,303441
1413393979.505760431,303611
1413393979.555760384,303761
1413393979.605760574,303918
1413393979.655760527,304097
1413393979.705760479,304242
1413393979.755760431,304399
1413393979.805760384,304559
1413393979.855760574,304714
1413393979.905760527,304902
1413393979.955760479,305044
1413393980.005760431,305189
1413393980.055760384,305361
1413393980.105760574,305500
1413393980.155760527,305655
1413393980.205760479,305823
1413393980.255760431,305962
1413393980.305760384,306123
1413393980.355760574,306282
1413393980.405760527,306441
1413393980.455760479,306603
1413393980.505760431,306744
1413393980.555760384,306909
1413393980.605760574,307054
1413393980.655760527,307198
1413393980.705760479,307398
1413393980.755760431,307584
1413393980.805760384,307769
1413393980.855760574,307955
1413393980.905760527,308082
1413393980.955760479,308245
1413393981.005760431,308381
1413393981.055760384,308550
1413393981.105760574,308757
1413393981.155760527,308954
1413393981.205760479,309098
1413393981.255760431,309247
1413393981.305760384,309426
1413393981.355760574,309570
1413393981.405760527,309717
1413393981.455760479,309922
1413393981.505760431,310073
1413393981.555760384,310196
1413393981.605760574,310385
1413393981.655760527,310538
1413393981.705760479,310673
1413393981.755760431,310827
1413393981.805760384,310984
1413393981.855760574,311136
1413393981.905760527,311289
1413393981.955760479,311426
1413393982.005760431,311591
1413393982.055760384,311770
1413393982.105760574,311923
1413393982.155760527,312073
1413393982.205760479,312230
1413393982.255760431,312372
1413393982.305760384,312538
1413393982.355760574,312731
1413393982.405760527,312884
1413393982.455760479,313033
1413393982.505760431,313228
1413393982.555760384,313398
1413393982.605760574,313562
1413393982.655760527,313734
1413393982.705760479,313871
1413393982.755760431,314029
1413393982.805760384,314231
1413393982.855760574,314380
1413393982.905760527,314549
1413393982.955760479,314750
1413393983.005760431,314911
1413393983.055760384,315051
1413393983.105760574,315240
1413393983.155760527,315421
1413393983.205760479,315556
1413393983.255760431,315743
1413393983.305760384,315916
1413393983.355760574,316050
1413393983.405760527,316223
1413393983.455760479,316385
1413393983.505760431,316514
1413393983.555760384,316693
1413393983.605760574,316876
1413393983.655760527,317084
1413393983.705760479,317224
1413393983.755760431,317380
1413393983.805760384,317553
1413393983.855760574,317702
1413393983.905760527,317856
1413393983.955760479,317995
1413393984.005760431,318167
1413393984.055760384,318336
1413393984.105760574,318477
1413393984.155760527,318673
1413393984.205760479,318821
1413393984.255760431,319000
1413393984.305760384,319145
1413393984.355760574,319306
1413393984.405760527,319475
1413393984.455760479,319655
1413393984.505760431,319810
1413393984.555760384,319967
1413393984.605760574,320166
1413393984.655760527,320309
1413393984.705760479,320472
1413393984.755760431,320645
1413393984.805760384,320794
1413393984.855760574,320939
1413393984.905760527,321127
1413393984.955760479,321277
1413393985.005760431,321420
1413393985.055760384,321604
1413393985.105760574,321764
1413393985.155760527,321915
1413393985.205760479,322092
1413393985.255760431,322229
1413393985.305760384,322406
1413393985.355760574,322584
1413393985.405760527,322729
1413393985.455760479,322871
1413393985.505760431,323049
1413393985.555760384,323206
1413393985.605760574,323354
1413393985.655760527,323527
1413393985.705760479,323686
1413393985.755760431,323819
1413393985.805760384,324008
1413393985.855760574,324168
1413393985.905760527,324312
1413393985.955760479,324479
1413393986.005760431,324668
1413393986.055760384,324825
1413393986.105760574,324999
1413393986.155760527,325138
1413393986.205760479,325281
1413393986.255760431,325482
1413393986.305760384,325632
1413393986.355760574,325777
1413393986.405760527,325990
1413393986.455760479,326147
1413393986.505760431,326300
1413393986.555760384,326458
1413393986.605760574,326633
1413393986.655760527,326769
1413393986.705760479,326930
1413393986.755760431,327086
1413393986.805760384,327238
1413393986.855760574,327450
1413393986.905760527,327601
1413393986.955760479,327762
1413393987.005760431,327963
1413393987.055760384,328116
1413393987.105760574,328259
1413393987.155760527,328459
1413393987.205760479,328629
1413393987.255760431,328763
1413393987.305760384,328945
1413393987.355760574,329093
1413393987.405760527,329258
1413393987.455760479,329442
1413393987.505760431,329596
1413393987.555760384,329760
1413393987.605760574,329946
1413393987.655760527,330104
1413393987.705760479,330254
1413393987.755760431,330435
1413393987.805760384,330601
1413393987.855760574,330778
1413393987.905760527,330966
1413393987.955760479,331121
1413393988.005760431,331266
1413393988.055760384,331453
1413393988.105760574,331601
1413393988.155760527,331753
1413393988.205760479,331928
1413393988.255760431,332114
1413393988.305760384,332294
1413393988.355760574,332445
1413393988.405760527,332616
1413393988.455760479,332744
1413393988.505760431,332902
1413393988.555760384,333067
1413393988.605760574,333214
1413393988.655760527,333391
1413393988.705760479,333549
1413393988.755760431,333714
1413393988.805760384,333860
1413393988.855760574,333995
1413393988.905760527,334177
1413393988.955760479,334362
1413393989.005760431,334507
1413393989.055760384,334681
1413393989.105760574,334866
1413393989.155760527,335026
1413393989.205760479,335157
1413393989.255760431,335374
1413393989.305760384,335527
1413393989.355760574,335681
1413393989.405760527,335850
1413393989.455760479,335990
1413393989.505760431,336142
1413393989.555760384,336350
1413393989.605760574,336492
1413393989.655760527,336620
1413393989.705760479,336793
1413393989.755760431,336962
1413393989.805760384,337132
1413393989.855760574,337280
1413393989.905760527,337442
1413393989.955760479,337575
1413393990.005760431,337755
1413393990.055760384,337922
1413393990.105760574,338088
1413393990.155760527,338252
1413393990.205760479,338419
1413393990.255760431,338542
1413393990.305760384,338716
1413393990.355760574,338901
1413393990.405760527,339056
1413393990.455760479,339233
1413393990.505760431,339430
1413393990.555760384,339582
1413393990.605760574,339747
1413393990.655760527,339921
1413393990.705760479,340076
1413393990.755760431,340225
1413393990.805760384,340399
1413393990.855760574,340547
1413393990.905760527,340715
1413393990.955760479,340857
1413393991.005760431,341003
1413393991.055760384,341184
1413393991.105760574,341348
1413393991.155760527,341515
1413393991.205760479,341667
1413393991.255760431,341817
1413393991.305760384,341963
1413393991.355760574,342162
1413393991.405760527,342338
1413393991.455760479,342481
1413393991.505760431,342653
1413393991.555760384,342807
1413393991.605760574,342977
1413393991.655760527,343150
1413393991.705760479,343306
1413393991.755760431,343456
1413393991.805760384,343619
1413393991.855760574,343761
1413393991.905760527,343927
1413393991.955760479,344096
1413393992.005760431,344240
1413393992.055760384,344403
1413393992.105760574,344619
1413393992.155760527,344768
1413393992.205760479,344936
1413393992.255760431,345130
1413393992.305760384,345351
1413393992.355760574,345519
1413393992.405760527,345696
1413393992.455760479,345817
1413393992.505760431,345992
1413393992.555760384,346139
1413393992.605760574,346290
1413393992.655760527,346435
1413393992.705760479,346631
1413393992.755760431,346805
1413393992.805760384,346937
1413393992.855760574,347177
1413393992.905760527,347336
1413393992.955760479,347498
1413393993.005760431,347643
1413393993.055760384,347816
1413393993.105760574,347979
1413393993.155760527,348115
1413393993.205760479,348263
1413393993.255760431,348438
1413393993.305760384,348622
1413393993.355760574,348747
1413393993.405760527,348925
1413393993.455760479,349116
1413393993.505760431,349264
1413393993.555760384,349385
1413393993.605760574,349590
1413393993.655760527,349743
1413393993.705760479,349888
1413393993.755760431,350071
1413393993.805760384,350192
1413393993.855760574,350353
1413393993.905760527,350533
1413393993.955760479,350680
1413393994.005760431,350821
1413393994.055760384,351028
1413393994.105760574,351195
1413393994.155760527,351328
1413393994.205760479,351545
1413393994.255760431,351701
1413393994.305760384,351857
1413393994.355760574,352018
1413393994.405760527,352194
1413393994.455760479,352388
1413393994.505760431,352568
1413393994.555760384,352703
1413393994.605760574,352858
1413393994.655760527,353070
1413393994.705760479,353221
1413393994.755760431,353360
1413393994.805760384,353558
1413393994.855760574,353704
1413393994.905760527,353835
1413393994.955760479,354023
1413393995.005760431,354147
1413393995.055760384,354308
1413393995.105760574,354487
1413393995.155760527,354625
1413393995.205760479,354792
1413393995.255760431,354997
1413393995.305760384,355120
1413393995.355760574,355273
1413393995.405760527,355478
1413393995.455760479,355653
1413393995.505760431,355824
1413393995.555760384,356030
1413393995.605760574,356188
1413393995.655760527,356340
1413393995.705760479,356562
1413393995.755760431,356712
1413393995.805760384,356857
1413393995.855760574,357077
1413393995.905760527,357227
1413393995.955760479,357409
1413393996.005760431,357558
1413393996.055760384,357730
1413393996.105760574,357910
1413393996.155760527,358111
1413393996.205760479,358289
1413393996.255760431,358454
1413393996.305760384,358654
1413393996.355760574,358781
1413393996.405760527,358932
1413393996.455760479,359111
1413393996.505760431,359290
1413393996.555760384,359425
1413393996.605760574,359600
1413393996.655760527,359750
1413393996.705760479,359878
1413393996.755760431,360044
1413393996.805760384,360208
1413393996.855760574,360332
1413393996.905760527,360510
1413393996.955760479,360663
1413393997.005760431,360831
1413393997.055760384,361018
1413393997.105760574,361165
1413393997.155760527,361303
1413393997.205760479,361481
1413393997.255760431,361634
1413393997.305760384,361790
1413393997.355760574,361973
1413393997.405760527,362104
1413393997.455760479,362313
1413393997.505760431,362477
1413393997.555760384,362620
1413393997.605760574,362773
1413393997.655760527,362941
1413393997.705760479,363075
1413393997.755760431,363250
1413393997.805760384,363397
1413393997.855760574,363590
1413393997.905760527,363760
1413393997.955760479,363905
1413393998.005760431,364053
1413393998.055760384,364232
1413393998.105760574,364423
1413393998.155760527,364551
1413393998.205760479,364718
1413393998.255760431,364851
1413393998.305760384,365011
1413393998.355760574,365162
1413393998.405760527,365346
1413393998.455760479,365492
1413393998.505760431,365639
1413393998.555760384,365793
1413393998.605760574,365994
1413393998.655760527,366138
1413393998.705760479,366279
1413393998.755760431,366476
1413393998.805760384,366658
1413393998.855760574,366863
1413393998.905760527,367009
1413393998.955760479,367158
1413393999.005760431,367344
1413393999.055760384,367486
1413393999.105760574,367612
1413393999.155760527,367849
1413393999.205760479,367995
1413393999.255760431,368147
1413393999.305760384,368355
1413393999.355760574,368480
1413393999.405760527,368646
1413393999.455760479,368824
1413393999.505760431,368983
1413393999.555760384,369139
1413393999.605760574,369302
1413393999.655760527,369479
1413393999.705760479,369624
1413393999.755760431,369812
1413393999.805760384,369940
1413393999.855760574,370084
1413393999.905760527,370265
1413393999.955760479,370417
1413394000.005760431,370569
1413394000.055760384,370719
1413394000.105760574,370872
1413394000.155760527,371023
1413394000.205760479,371198
1413394000.255760431,371420
1413394000.305760384,371565
1413394000.355760574,371737
1413394000.405760527,371893
1413394000.455760479,372026
1413394000.505760431,372180
1413394000.555760384,372325
1413394000.605760574,372461
1413394000.655760527,372627
1413394000.705760479,372782
1413394000.755760431,372938
1413394000.805760384,373086
1413394000.855760574,373271
1413394000.905760527,373413
1413394000.955760479,373591
1413394001.005760431,373770
1413394001.055760384,373912
1413394001.105760574,374068
1413394001.155760527,374219
1413394001.205760479,374363
1413394001.255760431,374563
1413394001.305760384,374729
1413394001.355760574,374884
1413394001.405760527,375049
1413394001.455760479,375242
1413394001.505760431,375402
1413394001.555760384,375604
1413394001.605760574,375754
1413394001.655760527,375927
1413394001.705760479,376077
1413394001.755760431,376232
1413394001.805760384,376383
1413394001.855760574,376581
1413394001.905760527,376722
1413394001.955760479,376875
1413394002.005760431,377041
1413394002.055760384,377229
1413394002.105760574,377373
1413394002.155760527,377523
1413394002.205760479,377695
1413394002.255760431,377864
1413394002.305760384,378030
1413394002.355760574,378183
1413394002.405760527,378329
1413394002.455760479,378501
1413394002.505760431,378649
1413394002.555760384,378796
1413394002.605760574,378973
1413394002.655760527,379121
1413394002.705760479,379276
1413394002.755760431,379454
1413394002.805760384,379598
1413394002.855760574,379766
1413394002.905760527,379921
1413394002.955760479,380060
1413394003.005760431,380202
1413394003.055760384,380376
1413394003.105760574,380569
1413394003.155760527,380712
1413394003.205760479,380887
1413394003.255760431,381046
1413394003.305760384,381184
1413394003.355760574,381349
