1403715886.584058046,4.87248
1403715886.634057999,3.64911
1403715886.684057951,4.42207
1403715886.734057903,3.76322
1403715886.784058094,3.85284
1403715886.834058046,3.79768
1403715886.884057999,3.69762
1403715886.934057951,4.0435
1403715886.984057903,3.66996
1403715887.034058094,2.73644
1403715887.084058046,3.62109
1403715887.134057999,2.61284
1403715887.184057951,2.83859
1403715887.234057903,3.77725
1403715887.284058094,3.79814
1403715887.334058046,2.7173
1403715887.384057999,3.37868
1403715887.434057951,2.63214
1403715887.484057903,3.69474
1403715887.534058094,2.68867
1403715887.584058046,2.57579
1403715887.634057999,2.71063
1403715887.684057951,2.76058
1403715887.734057903,3.39587
1403715887.784058094,3.77221
1403715887.834058046,2.66294
1403715887.884057999,3.764
1403715887.934057951,2.62851
1403715887.984057903,2.5657
1403715888.034058094,2.63021
1403715888.084058046,3.56829
1403715888.134057999,2.85473
1403715888.184057951,2.60997
1403715888.234057903,3.9578
1403715888.284058094,3.47797
1403715888.334058046,3.25543
1403715888.384057999,4.12632
1403715888.434057951,2.86713
1403715888.484057903,3.76325
1403715888.534058094,2.61576
1403715888.584058046,3.69085
1403715888.634057999,3.4506
1403715888.684057951,3.79878
1403715888.734057903,3.93046
1403715888.784058094,2.57003
1403715888.834058046,3.79595
1403715888.884057999,4.03783
1403715888.934057951,2.68913
1403715888.984057903,2.61741
1403715889.034058094,2.69177
1403715889.084058046,3.52101
1403715889.134057999,2.67904
1403715889.184057951,3.71628
1403715889.234057903,3.60795
1403715889.284058094,4.29441
1403715889.334058046,2.57791
1403715889.384057999,2.68497
1403715889.434057951,3.28055
1403715889.484057903,3.03826
1403715889.534058094,3.05762
1403715889.584058046,3.44209
1403715889.634057999,3.88077
1403715889.684057951,3.45493
1403715889.734057903,3.70669
1403715889.784058094,3.55965
1403715889.834058046,2.78701
1403715889.884057999,3.10413
1403715889.934057951,3.68283
1403715889.984057903,2.62107
1403715890.034058094,3.71594
1403715890.084058046,2.62557
1403715890.134057999,4.51382
1403715890.184057951,4.02035
1403715890.234057903,3.74763
1403715890.284058094,4.01213
1403715890.334058046,3.80374
1403715890.384057999,2.90407
1403715890.434057951,2.63969
1403715890.484057903,4.01739
1403715890.534058094,3.09104
1403715890.584058046,3.80544
1403715890.634057999,3.35416
1403715890.684057951,2.73483
1403715890.734057903,2.64048
1403715890.784058094,2.85286
1403715890.834058046,2.61396
1403715890.884057999,3.19894
1403715890.934057951,3.27768
1403715890.984057903,3.97613
1403715891.034058094,4.61794
1403715891.084058046,3.01683
1403715891.134057999,3.95739
1403715891.184057951,2.67066
1403715891.234057903,2.72703
1403715891.284058094,2.9369
1403715891.334058046,3.72974
1403715891.384057999,3.9738
1403715891.434057951,2.84671
1403715891.484057903,3.73013
1403715891.534058094,3.63118
1403715891.584058046,3.38436
1403715891.634057999,3.30494
1403715891.684057951,3.78029
1403715891.734057903,3.90615
1403715891.784058094,3.80247
1403715891.834058046,2.786
1403715891.884057999,3.29408
1403715891.934057951,2.6894
1403715891.984057903,2.52381
1403715892.034058094,3.85777
1403715892.084058046,2.75128
1403715892.134057999,2.71107
1403715892.184057951,3.4495
1403715892.234057903,3.57508
1403715892.284058094,3.61683
1403715892.334058046,2.90848
1403715892.384057999,2.81173
1403715892.434057951,4.54024
1403715892.484057903,2.79652
1403715892.534058094,4.12693
1403715892.584058046,3.633
1403715892.634057999,3.58204
1403715892.684057951,3.6629
1403715892.734057903,2.81195
1403715892.784058094,3.69177
1403715892.834058046,2.97465
1403715892.884057999,3.92921
1403715892.934057951,4.16322
1403715892.984057903,2.76143
1403715893.034058094,4.56191
1403715893.084058046,4.00553
1403715893.134057999,2.80147
1403715893.184057951,3.9223
1403715893.234057903,4.39447
1403715893.284058094,3.15983
1403715893.334058046,3.918
1403715893.384057999,4.43851
1403715893.434057951,15.1193
1403715893.484057903,11.4095
1403715893.534058094,12.3147
1403715893.584058046,13.7578
1403715893.634057999,15.9176
1403715893.684057951,17.4614
1403715893.734057903,17.8709
1403715893.784058094,19.6841
1403715893.834058046,19.7748
1403715893.884057999,19.7415
1403715893.934057951,18.4786
1403715893.984057903,20.5965
1403715894.034058094,20.4641
1403715894.084058046,22.068
1403715894.134057999,23.8327
1403715894.184057951,23.8462
1403715894.234057903,24.6248
1403715894.284058094,23.4794
1403715894.334058046,25.5892
1403715894.384057999,23.9795
1403715894.434057951,21.4852
1403715894.484057903,21.896
1403715894.534058094,25.0667
1403715894.584058046,23.1215
1403715894.634057999,22.6194
1403715894.684057951,26.1299
1403715894.734057903,24.8712
1403715894.784058094,25.0858
1403715894.834058046,23.8371
1403715894.884057999,22.9072
1403715894.934057951,24.7503
1403715894.984057903,24.6585
1403715895.034058094,24.5744
1403715895.084058046,27.6533
1403715895.134057999,26.1719
1403715895.184057951,27.3707
1403715895.234057903,25.1327
1403715895.284058094,27.42
1403715895.334058046,26.3007
1403715895.384057999,26.7571
1403715895.434057951,27.4374
1403715895.484057903,25.9032
1403715895.534058094,25.6508
1403715895.584058046,24.7531
1403715895.634057999,25.7241
1403715895.684057951,25.4013
1403715895.734057903,25.5374
1403715895.784058094,26.418
1403715895.834058046,22.8913
1403715895.884057999,18.8408
1403715895.934057951,21.0976
1403715895.984057903,19.1503
1403715896.034058094,17.8159
1403715896.084058046,19.3668
1403715896.134057999,18.1717
1403715896.184057951,19.062
1403715896.234057903,21.7481
1403715896.284058094,20.0655
1403715896.334058046,18.8627
1403715896.384057999,20.871
1403715896.434057951,21.9822
1403715896.484057903,23.0109
1403715896.534058094,21.7625
1403715896.584058046,20.3239
1403715896.634057999,22.9496
1403715896.684057951,23.0573
1403715896.734057903,24.6148
1403715896.784058094,23.1983
1403715896.834058046,23.2974
1403715896.884057999,22.4475
1403715896.934057951,23.9146
1403715896.984057903,23.389
1403715897.034058094,24.14
1403715897.084058046,24.2143
1403715897.134057999,26.5697
1403715897.184057951,25.7549
1403715897.234057903,26.7013
1403715897.284058094,25.232
1403715897.334058046,24.0245
1403715897.384057999,27.2166
1403715897.434057951,24.9703
1403715897.484057903,26.5513
1403715897.534058094,22.2246
1403715897.584058046,22.8965
1403715897.634057999,23.6987
1403715897.684057951,25.1253
1403715897.734057903,24.5153
1403715897.784058094,23.6608
1403715897.834058046,25.5613
1403715897.884057999,24.7752
1403715897.934057951,26.6731
1403715897.984057903,24.8191
1403715898.034058094,25.0942
1403715898.084058046,24.7023
1403715898.134057999,24.4643
1403715898.184057951,23.383
1403715898.234057903,25.263
1403715898.284058094,22.8376
1403715898.334058046,23.601
1403715898.384057999,21.5251
1403715898.434057951,19.7226
1403715898.484057903,20.4017
1403715898.534058094,20.2102
1403715898.584058046,20.0845
1403715898.634057999,22.4822
1403715898.684057951,20.5787
1403715898.734057903,22.6528
1403715898.784058094,24.7909
1403715898.834058046,28.33
1403715898.884057999,25.818
1403715898.934057951,26.0556
1403715898.984057903,26.9876
1403715899.034058094,24.4238
1403715899.084058046,26.5654
1403715899.134057999,25.4404
1403715899.184057951,24.3674
1403715899.234057903,23.9377
1403715899.284058094,24.901
1403715899.334058046,23.3404
1403715899.384057999,24.9239
1403715899.434057951,25.8717
1403715899.484057903,24.8143
1403715899.534058094,24.6468
1403715899.584058046,24.2085
1403715899.634057999,26.2696
1403715899.684057951,23.4032
1403715899.734057903,24.4011
1403715899.784058094,23.1916
1403715899.834058046,25.8648
1403715899.884057999,22.8892
1403715899.934057951,22.7114
1403715899.984057903,24.3965
1403715900.034058094,24.2697
1403715900.084058046,22.1772
1403715900.134057999,23.473
1403715900.184057951,21.4241
1403715900.234057903,18.3911
1403715900.284058094,21.5524
1403715900.334058046,20.2988
1403715900.384057999,18.7108
1403715900.434057951,19.6591
1403715900.484057903,21.037
1403715900.534058094,20.0621
1403715900.584058046,21.2868
1403715900.634057999,22.1898
1403715900.684057951,21.6867
1403715900.734057903,21.1281
1403715900.784058094,21.1363
1403715900.834058046,20.7869
1403715900.884057999,20.6417
1403715900.934057951,20.9486
1403715900.984057903,21.0748
1403715901.034058094,19.4515
1403715901.084058046,20.7722
1403715901.134057999,18.462
1403715901.184057951,18.9826
1403715901.234057903,19.3092
1403715901.284058094,17.9943
1403715901.334058046,19.0593
1403715901.384057999,15.8617
1403715901.434057951,12.0428
1403715901.484057903,14.0823
1403715901.534058094,13.8725
1403715901.584058046,16.2923
1403715901.634057999,19.1364
1403715901.684057951,19.4325
1403715901.734057903,21.7164
1403715901.784058094,21.0922
1403715901.834058046,19.8082
1403715901.884057999,19.3587
1403715901.934057951,18.2925
1403715901.984057903,20.0238
1403715902.034058094,18.4547
1403715902.084058046,18.055
1403715902.134057999,17.6116
1403715902.184057951,17.9675
1403715902.234057903,16.4076
1403715902.284058094,18.103
1403715902.334058046,16.8727
1403715902.384057999,14.5439
1403715902.434057951,15.2934
1403715902.484057903,15.6172
1403715902.534058094,13.1597
1403715902.584058046,13.2507
1403715902.634057999,13.1583
1403715902.684057951,11.4967
1403715902.734057903,13.5411
1403715902.784058094,12.0874
1403715902.834058046,10.0702
1403715902.884057999,14.0672
1403715902.934057951,14.2831
1403715902.984057903,17.9457
1403715903.034058094,18.272
1403715903.084058046,21.7776
1403715903.134057999,22.2921
1403715903.184057951,24.3587
1403715903.234057903,24.668
1403715903.284058094,26.2888
1403715903.334058046,26.4994
1403715903.384057999,26.8061
1403715903.434057951,26.2264
1403715903.484057903,25.7219
1403715903.534058094,24.6969
1403715903.584058046,23.038
1403715903.634057999,26.868
1403715903.684057951,21.6687
1403715903.734057903,24.5427
1403715903.784058094,24.9617
1403715903.834058046,23.7532
1403715903.884057999,24.2595
1403715903.934057951,25.3813
1403715903.984057903,26.6571
1403715904.034058094,29.3383
1403715904.084058046,27.6705
1403715904.134057999,28.3601
1403715904.184057951,29.0724
1403715904.234057903,27.6181
1403715904.284058094,28.8236
1403715904.334058046,28.5974
1403715904.384057999,25.3933
1403715904.434057951,29.0603
1403715904.484057903,27.5909
1403715904.534058094,27.6097
1403715904.584058046,24.4754
1403715904.634057999,19.1964
1403715904.684057951,19.3931
1403715904.734057903,18.8615
1403715904.784058094,17.5961
1403715904.834058046,16.6776
1403715904.884057999,18.3848
1403715904.934057951,19.8812
1403715904.984057903,19.0249
1403715905.034058094,18.8403
1403715905.084058046,22.848
1403715905.134057999,23.338
1403715905.184057951,22.2503
1403715905.234057903,23.772
1403715905.284058094,23.6425
1403715905.334058046,25.8709
1403715905.384057999,22.0416
1403715905.434057951,18.3163
1403715905.484057903,22.4863
1403715905.534058094,23.274
1403715905.584058046,23.1029
1403715905.634057999,21.3846
1403715905.684057951,22.6848
1403715905.734057903,19.3077
1403715905.784058094,18.7997
1403715905.834058046,20.3665
1403715905.884057999,19.8713
1403715905.934057951,20.9697
1403715905.984057903,20.538
1403715906.034058094,19.4214
1403715906.084058046,20.7193
1403715906.134057999,21.5521
1403715906.184057951,25.7596
1403715906.234057903,23.2892
1403715906.284058094,25.9011
1403715906.334058046,27.3052
1403715906.384057999,25.6371
1403715906.434057951,24.301
1403715906.484057903,26.3212
1403715906.534058094,25.2719
1403715906.584058046,26.8055
1403715906.634057999,26.2441
1403715906.684057951,26.1999
1403715906.734057903,27.2453
1403715906.784058094,26.2726
1403715906.834058046,22.2805
1403715906.884057999,25.6783
1403715906.934057951,25.1705
1403715906.984057903,25.3665
1403715907.034058094,25.3469
1403715907.084058046,23.7829
1403715907.134057999,26.1733
1403715907.184057951,24.2871
1403715907.234057903,26.7843
1403715907.284058094,24.5549
1403715907.334058046,25.7095
1403715907.384057999,24.5946
1403715907.434057951,26.1369
1403715907.484057903,24.6392
1403715907.534058094,26.4736
1403715907.584058046,24.1427
1403715907.634057999,25.6348
1403715907.684057951,26.647
1403715907.734057903,23.8086
1403715907.784058094,22.0337
1403715907.834058046,26.7187
1403715907.884057999,26.0227
1403715907.934057951,25.2639
1403715907.984057903,27.0641
1403715908.034058094,24.4097
1403715908.084058046,25.6932
1403715908.134057999,23.7488
1403715908.184057951,24.2014
1403715908.234057903,25.5203
1403715908.284058094,25.7465
1403715908.334058046,25.1945
1403715908.384057999,25.345
1403715908.434057951,26.2725
1403715908.484057903,24.6339
1403715908.534058094,23.4566
1403715908.584058046,25.9782
1403715908.634057999,24.0088
1403715908.684057951,23.9412
1403715908.734057903,24.4491
1403715908.784058094,21.0373
1403715908.834058046,21.5773
1403715908.884057999,23.368
1403715908.934057951,23.7579
1403715908.984057903,23.1248
1403715909.034058094,22.5989
1403715909.084058046,24.4885
1403715909.134057999,22.0574
1403715909.184057951,23.0495
1403715909.234057903,24.4205
1403715909.284058094,23.7525
1403715909.334058046,22.8032
1403715909.384057999,24.6869
1403715909.434057951,22.7766
1403715909.484057903,22.5482
1403715909.534058094,21.0396
1403715909.584058046,23.6363
1403715909.634057999,22.4692
1403715909.684057951,23.2986
1403715909.734057903,21.6504
1403715909.784058094,24.0398
1403715909.834058046,21.7216
1403715909.884057999,21.7318
1403715909.934057951,21.8691
1403715909.984057903,18.4727
1403715910.034058094,18.4615
1403715910.084058046,18.3993
1403715910.134057999,18.6648
1403715910.184057951,18.3568
1403715910.234057903,20.9614
1403715910.284058094,25.8673
1403715910.334058046,25.1783
1403715910.384057999,26.1244
1403715910.434057951,26.018
1403715910.484057903,24.8463
1403715910.534058094,27.4958
1403715910.584058046,26.2799
1403715910.634057999,28.565
1403715910.684057951,28.3744
1403715910.734057903,24.9537
1403715910.784058094,30.2739
1403715910.834058046,28.6966
1403715910.884057999,29.1686
1403715910.934057951,25.0378
1403715910.984057903,24.5315
1403715911.034058094,23.3398
1403715911.084058046,21.4163
1403715911.134057999,24.9517
1403715911.184057951,23.0883
1403715911.234057903,23.3303
1403715911.284058094,19.7982
1403715911.334058046,16.7501
1403715911.384057999,11.4746
1403715911.434057951,11.1856
1403715911.484057903,9.94148
1403715911.534058094,11.0153
1403715911.584058046,13.3515
1403715911.634057999,17.1278
1403715911.684057951,15.7161
1403715911.734057903,14.7236
1403715911.784058094,15.5219
1403715911.834058046,16.0816
1403715911.884057999,14.1069
1403715911.934057951,16.6204
1403715911.984057903,18.2134
1403715912.034058094,16.9698
1403715912.084058046,15.6154
1403715912.134057999,11.1944
1403715912.184057951,17.3215
1403715912.234057903,15.2675
1403715912.284058094,16.2667
1403715912.334058046,18.3042
1403715912.384057999,15.4042
1403715912.434057951,17.4451
1403715912.484057903,19.1049
1403715912.534058094,19.4605
1403715912.584058046,18.4961
1403715912.634057999,21.4029
1403715912.684057951,22.3096
1403715912.734057903,20.5556
1403715912.784058094,17.89
1403715912.834058046,19.2834
1403715912.884057999,17.1682
1403715912.934057951,20.4534
1403715912.984057903,18.2591
1403715913.034058094,18.9589
1403715913.084058046,23.3056
1403715913.134057999,21.5578
1403715913.184057951,22.2926
1403715913.234057903,19.8181
1403715913.284058094,22.4052
1403715913.334058046,19.5576
1403715913.384057999,19.4869
1403715913.434057951,21.263
1403715913.484057903,22.0666
1403715913.534058094,24.4109
1403715913.584058046,24.4872
1403715913.634057999,24.3371
1403715913.684057951,26.2036
1403715913.734057903,25.9154
1403715913.784058094,24.5848
1403715913.834058046,23.0571
1403715913.884057999,21.7106
1403715913.934057951,23.6756
1403715913.984057903,24.9412
1403715914.034058094,20.7637
1403715914.084058046,24.4518
1403715914.134057999,25.376
1403715914.184057951,24.7769
1403715914.234057903,24.376
1403715914.284058094,26.9147
1403715914.334058046,27.3908
1403715914.384057999,24.5015
1403715914.434057951,25.906
1403715914.484057903,26.934
1403715914.534058094,25.0115
1403715914.584058046,28.5588
1403715914.634057999,25.9822
1403715914.684057951,24.4799
1403715914.734057903,28.2865
1403715914.784058094,27.5855
1403715914.834058046,27.5055
1403715914.884057999,27.1077
1403715914.934057951,26.3736
1403715914.984057903,26.5056
1403715915.034058094,28.4757
1403715915.084058046,27.8995
1403715915.134057999,26.3006
1403715915.184057951,27.9059
1403715915.234057903,25.9335
1403715915.284058094,27.9062
1403715915.334058046,27.3898
1403715915.384057999,24.2539
1403715915.434057951,25.4771
1403715915.484057903,26.4813
1403715915.534058094,26.409
1403715915.584058046,27.9969
1403715915.634057999,25.1964
1403715915.684057951,26.3429
1403715915.734057903,26.9691
1403715915.784058094,27.1529
1403715915.834058046,26.3783
1403715915.884057999,25.0692
1403715915.934057951,24.086
1403715915.984057903,24.7373
1403715916.034058094,25.9913
1403715916.084058046,27.3508
1403715916.134057999,25.7756
1403715916.184057951,24.7882
1403715916.234057903,24.7957
1403715916.284058094,25.3243
1403715916.334058046,22.066
1403715916.384057999,21.8069
1403715916.434057951,17.4138
1403715916.484057903,17.7981
1403715916.534058094,16.8256
1403715916.584058046,15.9078
1403715916.634057999,15.7965
1403715916.684057951,17.016
1403715916.734057903,14.7836
1403715916.784058094,15.1
1403715916.834058046,14.5539
1403715916.884057999,12.6921
1403715916.934057951,15.3916
1403715916.984057903,13.667
1403715917.034058094,13.7667
1403715917.084058046,13.3687
1403715917.134057999,12.7536
1403715917.184057951,12.5263
1403715917.234057903,13.9977
1403715917.284058094,14.1187
1403715917.334058046,16.3809
1403715917.384057999,16.5386
1403715917.434057951,17.4254
1403715917.484057903,18.0837
1403715917.534058094,16.5655
1403715917.584058046,17.8086
1403715917.634057999,15.3458
1403715917.684057951,16.1244
1403715917.734057903,18.5993
1403715917.784058094,15.8724
1403715917.834058046,16.878
1403715917.884057999,16.5098
1403715917.934057951,17.4205
1403715917.984057903,18.4068
1403715918.034058094,18.6344
1403715918.084058046,17.0144
1403715918.134057999,14.7573
1403715918.184057951,13.6071
1403715918.234057903,16.8533
1403715918.284058094,15.5189
1403715918.334058046,17.8591
1403715918.384057999,17.0809
1403715918.434057951,16.6681
1403715918.484057903,13.6127
1403715918.534058094,14.7675
1403715918.584058046,17.6423
1403715918.634057999,18.4529
1403715918.684057951,17.8409
1403715918.734057903,18.7053
1403715918.784058094,19.0649
1403715918.834058046,22.8438
1403715918.884057999,23.943
1403715918.934057951,22.5402
1403715918.984057903,25.0936
1403715919.034058094,22.1876
1403715919.084058046,18.5251
1403715919.134057999,23.051
1403715919.184057951,21.9412
1403715919.234057903,23.4511
1403715919.284058094,23.4625
1403715919.334058046,21.2293
1403715919.384057999,23.5947
1403715919.434057951,23.7941
1403715919.484057903,25.0861
1403715919.534058094,21.0384
1403715919.584058046,24.5008
1403715919.634057999,20.7727
1403715919.684057951,21.4791
1403715919.734057903,21.4317
1403715919.784058094,24.1321
1403715919.834058046,22.8667
1403715919.884057999,23.5446
1403715919.934057951,21.4887
1403715919.984057903,19.713
1403715920.034058094,19.5291
1403715920.084058046,18.1168
1403715920.134057999,21.5655
1403715920.184057951,21.2014
1403715920.234057903,21.5911
1403715920.284058094,20.478
1403715920.334058046,20.0907
1403715920.384057999,22.7341
1403715920.434057951,22.4749
1403715920.484057903,23.3499
1403715920.534058094,22.1087
1403715920.584058046,22.5204
1403715920.634057999,20.4813
1403715920.684057951,20.6958
1403715920.734057903,21.0243
1403715920.784058094,20.9744
1403715920.834058046,19.3013
1403715920.884057999,19.9245
1403715920.934057951,21.6871
1403715920.984057903,18.7741
1403715921.034058094,18.7791
1403715921.084058046,18.7129
1403715921.134057999,18.4008
1403715921.184057951,19.7792
1403715921.234057903,19.8387
1403715921.284058094,21.9473
1403715921.334058046,21.1929
1403715921.384057999,20.1774
1403715921.434057951,20.6042
1403715921.484057903,18.116
1403715921.534058094,18.8005
1403715921.584058046,18.5346
1403715921.634057999,19.9755
1403715921.684057951,16.0779
1403715921.734057903,19.2007
1403715921.784058094,21.1098
1403715921.834058046,16.616
1403715921.884057999,17.5948
1403715921.934057951,17.0285
1403715921.984057903,20.4691
1403715922.034058094,19.6422
1403715922.084058046,18.5156
1403715922.134057999,16.3921
1403715922.184057951,17.1898
1403715922.234057903,17.1137
1403715922.284058094,19.4196
1403715922.334058046,17.2673
1403715922.384057999,19.8608
1403715922.434057951,17.6693
1403715922.484057903,17.2731
1403715922.534058094,19.2201
1403715922.584058046,17.293
1403715922.634057999,16.179
1403715922.684057951,17.9835
1403715922.734057903,17.1308
1403715922.784058094,17.8671
1403715922.834058046,17.6343
1403715922.884057999,19.4921
1403715922.934057951,20.4388
1403715922.984057903,19.2688
1403715923.034058094,18.7883
1403715923.084058046,22.398
1403715923.134057999,20.405
1403715923.184057951,20.0995
1403715923.234057903,20.6925
1403715923.284058094,20.7237
1403715923.334058046,21.4559
1403715923.384057999,20.7996
1403715923.434057951,20.9105
1403715923.484057903,21.2726
1403715923.534058094,21.024
1403715923.584058046,23.2259
1403715923.634057999,21.0382
1403715923.684057951,21.5831
1403715923.734057903,21.7044
1403715923.784058094,22.2236
1403715923.834058046,22.6329
1403715923.884057999,21.0024
1403715923.934057951,22.2177
1403715923.984057903,19.7878
1403715924.034058094,22.0688
1403715924.084058046,23.521
1403715924.134057999,23.2799
1403715924.184057951,20.8376
1403715924.234057903,22.2997
1403715924.284058094,21.532
1403715924.334058046,21.7456
1403715924.384057999,23.2589
1403715924.434057951,21.342
1403715924.484057903,22.6528
1403715924.534058094,20.7202
1403715924.584058046,22.6372
1403715924.634057999,23.5594
1403715924.684057951,25.0213
1403715924.734057903,23.1133
1403715924.784058094,23.9076
1403715924.834058046,24.9737
1403715924.884057999,24.2831
1403715924.934057951,20.6962
1403715924.984057903,25.8233
1403715925.034058094,23.713
1403715925.084058046,24.7044
1403715925.134057999,25.761
1403715925.184057951,24.9149
1403715925.234057903,25.7249
1403715925.284058094,23.6891
1403715925.334058046,24.4035
1403715925.384057999,27.4294
1403715925.434057951,24.8953
1403715925.484057903,25.099
1403715925.534058094,26.6987
1403715925.584058046,25.4395
1403715925.634057999,23.1575
1403715925.684057951,25.9229
1403715925.734057903,26.002
1403715925.784058094,25.7994
1403715925.834058046,25.0614
1403715925.884057999,25.268
1403715925.934057951,21.6758
1403715925.984057903,21.9932
1403715926.034058094,21.7932
1403715926.084058046,19.6973
1403715926.134057999,19.1792
1403715926.184057951,18.1589
1403715926.234057903,21.0536
1403715926.284058094,16.789
1403715926.334058046,19.0983
1403715926.384057999,19.2427
1403715926.434057951,19.4192
1403715926.484057903,23.2584
1403715926.534058094,27.8609
1403715926.584058046,26.7847
1403715926.634057999,26.8147
1403715926.684057951,29.0881
1403715926.734057903,28.7561
1403715926.784058094,27.0959
1403715926.834058046,29.1002
1403715926.884057999,27.6149
1403715926.934057951,27.1383
1403715926.984057903,26.8691
1403715927.034058094,26.3066
1403715927.084058046,28.4859
1403715927.134057999,28.6345
1403715927.184057951,27.4564
1403715927.234057903,25.9857
1403715927.284058094,25.2766
1403715927.334058046,25.444
1403715927.384057999,26.699
1403715927.434057951,27.0965
1403715927.484057903,26.576
1403715927.534058094,22.7965
1403715927.584058046,23.772
1403715927.634057999,23.5071
1403715927.684057951,25.9248
1403715927.734057903,23.1663
1403715927.784058094,25.5967
1403715927.834058046,24.4481
1403715927.884057999,21.8139
1403715927.934057951,24.8337
1403715927.984057903,22.2901
1403715928.034058094,20.6263
1403715928.084058046,21.9718
1403715928.134057999,23.7693
1403715928.184057951,23.9216
1403715928.234057903,21.0269
1403715928.284058094,22.3902
1403715928.334058046,24.1993
1403715928.384057999,22.1668
1403715928.434057951,24.7209
1403715928.484057903,22.9151
1403715928.534058094,23.6557
1403715928.584058046,22.8126
1403715928.634057999,23.1229
1403715928.684057951,21.7209
1403715928.734057903,24.265
1403715928.784058094,22.8977
1403715928.834058046,22.809
1403715928.884057999,24.4015
1403715928.934057951,21.6057
1403715928.984057903,23.3851
1403715929.034058094,22.0111
1403715929.084058046,21.509
1403715929.134057999,20.8895
1403715929.184057951,22.472
1403715929.234057903,19.9713
1403715929.284058094,22.0876
1403715929.334058046,20.8848
1403715929.384057999,22.7647
1403715929.434057951,22.0682
1403715929.484057903,22.2457
1403715929.534058094,23.3622
1403715929.584058046,26.4856
1403715929.634057999,23.9785
1403715929.684057951,27.0177
1403715929.734057903,23.2806
1403715929.784058094,24.1471
1403715929.834058046,23.0887
1403715929.884057999,24.7706
1403715929.934057951,23.9554
1403715929.984057903,23.8943
1403715930.034058094,24.8347
1403715930.084058046,25.7839
1403715930.134057999,22.3134
1403715930.184057951,23.6749
1403715930.234057903,25.0345
1403715930.284058094,22.5866
1403715930.334058046,23.6435
1403715930.384057999,23.5648
1403715930.434057951,25.1192
1403715930.484057903,24.3608
1403715930.534058094,26.1496
1403715930.584058046,25.0286
1403715930.634057999,25.1282
1403715930.684057951,21.4945
1403715930.734057903,23.9793
1403715930.784058094,23.8513
1403715930.834058046,24.8103
1403715930.884057999,22.6433
1403715930.934057951,21.5236
1403715930.984057903,25.3812
1403715931.034058094,25.5647
1403715931.084058046,25.2821
1403715931.134057999,23.3716
1403715931.184057951,19.9732
1403715931.234057903,23.0606
1403715931.284058094,24.9816
1403715931.334058046,21.5609
1403715931.384057999,25.1758
1403715931.434057951,22.6245
1403715931.484057903,23.2773
1403715931.534058094,21.9706
1403715931.584058046,24.2547
1403715931.634057999,21.4629
1403715931.684057951,22.7688
1403715931.734057903,22.1524
1403715931.784058094,21.137
1403715931.834058046,22.8111
1403715931.884057999,24.9114
1403715931.934057951,22.5583
1403715931.984057903,19.8066
1403715932.034058094,21.9592
1403715932.084058046,21.1239
1403715932.134057999,22.7306
1403715932.184057951,22.0295
1403715932.234057903,21.7684
1403715932.284058094,20.1828
1403715932.334058046,22.0328
1403715932.384057999,23.598
1403715932.434057951,23.6732
1403715932.484057903,24.9877
1403715932.534058094,22.3707
1403715932.584058046,20.2456
1403715932.634057999,20.8251
1403715932.684057951,20.8584
1403715932.734057903,20.796
1403715932.784058094,22.1024
1403715932.834058046,24.8501
1403715932.884057999,21.1653
1403715932.934057951,19.008
1403715932.984057903,20.7649
1403715933.034058094,20.8492
1403715933.084058046,21.26
1403715933.134057999,20.5919
1403715933.184057951,21.4941
1403715933.234057903,20.8557
1403715933.284058094,20.344
1403715933.334058046,22.8413
1403715933.384057999,21.1928
1403715933.434057951,22.1901
1403715933.484057903,23.2441
1403715933.534058094,23.5933
1403715933.584058046,25.291
1403715933.634057999,25.6867
1403715933.684057951,21.9578
1403715933.734057903,24.353
1403715933.784058094,25.5661
1403715933.834058046,25.0719
1403715933.884057999,23.7362
1403715933.934057951,25.7026
1403715933.984057903,19.9959
1403715934.034058094,22.9796
1403715934.084058046,18.8554
1403715934.134057999,22.6595
1403715934.184057951,21.128
1403715934.234057903,20.5462
1403715934.284058094,19.5691
1403715934.334058046,18.325
1403715934.384057999,19.7938
1403715934.434057951,18.1986
1403715934.484057903,23.1929
1403715934.534058094,23.6152
1403715934.584058046,22.6798
1403715934.634057999,24.2894
1403715934.684057951,25.5379
1403715934.734057903,23.8097
1403715934.784058094,24.8641
1403715934.834058046,23.902
1403715934.884057999,21.7863
1403715934.934057951,19.5158
1403715934.984057903,17.8413
1403715935.034058094,19.2243
1403715935.084058046,22.8907
1403715935.134057999,22.1552
1403715935.184057951,24.1223
1403715935.234057903,26.1196
1403715935.284058094,26.6486
1403715935.334058046,23.4873
1403715935.384057999,25.1074
1403715935.434057951,27.4549
1403715935.484057903,24.875
1403715935.534058094,26.6511
1403715935.584058046,25.7994
1403715935.634057999,26.983
1403715935.684057951,25.5086
1403715935.734057903,27.407
1403715935.784058094,23.8231
1403715935.834058046,24.3202
1403715935.884057999,27.0838
1403715935.934057951,23.4174
1403715935.984057903,24.7717
1403715936.034058094,23.627
1403715936.084058046,25.2576
1403715936.134057999,24.0106
1403715936.184057951,22.1378
1403715936.234057903,26.0963
1403715936.284058094,26.1899
1403715936.334058046,24.9712
1403715936.384057999,24.5927
1403715936.434057951,24.6443
1403715936.484057903,27.81
1403715936.534058094,27.2346
1403715936.584058046,25.5131
1403715936.634057999,25.3968
1403715936.684057951,27.676
1403715936.734057903,26.0323
1403715936.784058094,27.4587
1403715936.834058046,26.1467
1403715936.884057999,22.3372
1403715936.934057951,26.9298
1403715936.984057903,28.3694
1403715937.034058094,27.5507
1403715937.084058046,27.6474
1403715937.134057999,25.6839
1403715937.184057951,27.7018
1403715937.234057903,26.5915
1403715937.284058094,24.3934
1403715937.334058046,25.4356
1403715937.384057999,26.8037
1403715937.434057951,27.862
1403715937.484057903,25.2872
1403715937.534058094,24.6196
1403715937.584058046,26.7815
1403715937.634057999,26.138
1403715937.684057951,24.9202
1403715937.734057903,23.5173
1403715937.784058094,25.0593
1403715937.834058046,24.7153
1403715937.884057999,24.9391
1403715937.934057951,26.4288
1403715937.984057903,24.5781
1403715938.034058094,24.3643
1403715938.084058046,25.6493
1403715938.134057999,24.4666
1403715938.184057951,24.449
1403715938.234057903,25.0852
1403715938.284058094,23.8453
1403715938.334058046,24.3341
1403715938.384057999,24.8923
1403715938.434057951,24.6869
1403715938.484057903,24.5688
1403715938.534058094,25.6915
1403715938.584058046,26.1916
1403715938.634057999,26.5094
1403715938.684057951,23.367
1403715938.734057903,24.0124
1403715938.784058094,23.0942
1403715938.834058046,26.0034
1403715938.884057999,25.5499
1403715938.934057951,23.0996
1403715938.984057903,23.1799
1403715939.034058094,24.5455
1403715939.084058046,22.7912
1403715939.134057999,23.693
1403715939.184057951,23.2216
1403715939.234057903,23.0455
1403715939.284058094,23.8419
1403715939.334058046,21.9734
1403715939.384057999,22.5979
1403715939.434057951,23.2813
1403715939.484057903,22.8872
1403715939.534058094,23.4456
1403715939.584058046,21.502
1403715939.634057999,20.7257
1403715939.684057951,23.2367
1403715939.734057903,23.0428
1403715939.784058094,21.1272
1403715939.834058046,24.4164
1403715939.884057999,25.5184
1403715939.934057951,23.1801
1403715939.984057903,25.2239
1403715940.034058094,23.7702
1403715940.084058046,20.0665
1403715940.134057999,21.7986
1403715940.184057951,22.8873
1403715940.234057903,22.7984
1403715940.284058094,21.3996
1403715940.334058046,24.3903
1403715940.384057999,21.4586
1403715940.434057951,24.8708
1403715940.484057903,21.9764
1403715940.534058094,24.678
1403715940.584058046,24.8437
1403715940.634057999,25.021
1403715940.684057951,25.6368
1403715940.734057903,25.473
1403715940.784058094,23.6559
1403715940.834058046,23.9933
1403715940.884057999,23.2296
1403715940.934057951,24.1425
1403715940.984057903,22.3382
1403715941.034058094,22.753
1403715941.084058046,22.7244
1403715941.134057999,22.7388
1403715941.184057951,19.5076
1403715941.234057903,21.7041
1403715941.284058094,19.5221
1403715941.334058046,20.8529
1403715941.384057999,21.5494
1403715941.434057951,19.9395
1403715941.484057903,22.9787
1403715941.534058094,22.2044
1403715941.584058046,22.4883
1403715941.634057999,17.0035
1403715941.684057951,20.2912
1403715941.734057903,18.6015
1403715941.784058094,19.8185
1403715941.834058046,20.3126
1403715941.884057999,22.0771
1403715941.934057951,21.1304
1403715941.984057903,19.8103
1403715942.034058094,17.8039
1403715942.084058046,16.6654
1403715942.134057999,19.3109
1403715942.184057951,21.4933
1403715942.234057903,22.2256
1403715942.284058094,20.9057
1403715942.334058046,23.6147
1403715942.384057999,24.2419
1403715942.434057951,24.6285
1403715942.484057903,25.2603
1403715942.534058094,23.2865
1403715942.584058046,24.0629
1403715942.634057999,26.8071
1403715942.684057951,24.8384
1403715942.734057903,23.8526
1403715942.784058094,25.5597
1403715942.834058046,24.125
1403715942.884057999,25.9352
1403715942.934057951,27.3578
1403715942.984057903,26.601
1403715943.034058094,24.812
1403715943.084058046,23.6429
1403715943.134057999,26.4481
1403715943.184057951,25.8204
1403715943.234057903,24.374
1403715943.284058094,22.9832
1403715943.334058046,24.8227
1403715943.384057999,24.1432
1403715943.434057951,21.2616
1403715943.484057903,22.4055
1403715943.534058094,24.4678
1403715943.584058046,23.5543
1403715943.634057999,24.5756
1403715943.684057951,26.2686
1403715943.734057903,23.4543
1403715943.784058094,23.8668
1403715943.834058046,23.0133
1403715943.884057999,25.2114
1403715943.934057951,23.6585
1403715943.984057903,25.0791
1403715944.034058094,23.5886
1403715944.084058046,24.2242
1403715944.134057999,20.658
1403715944.184057951,23.6279
1403715944.234057903,23.9093
1403715944.284058094,23.276
1403715944.334058046,24.1458
1403715944.384057999,26.1837
1403715944.434057951,23.9212
1403715944.484057903,23.8222
1403715944.534058094,26.2005
1403715944.584058046,25.6059
1403715944.634057999,26.3426
1403715944.684057951,23.6601
1403715944.734057903,23.3123
1403715944.784058094,26.7456
1403715944.834058046,26.0173
1403715944.884057999,25.9249
1403715944.934057951,24.8171
1403715944.984057903,26.8116
1403715945.034058094,27.2351
1403715945.084058046,25.8597
1403715945.134057999,24.4514
1403715945.184057951,25.7167
1403715945.234057903,24.1808
1403715945.284058094,27.0118
1403715945.334058046,25.2702
1403715945.384057999,23.9534
1403715945.434057951,24.0143
1403715945.484057903,22.3049
1403715945.534058094,22.9816
1403715945.584058046,21.0437
1403715945.634057999,23.4277
1403715945.684057951,23.8365
1403715945.734057903,24.3467
1403715945.784058094,24.5527
1403715945.834058046,25.0146
1403715945.884057999,23.8381
1403715945.934057951,25.538
1403715945.984057903,23.26
1403715946.034058094,25.9486
1403715946.084058046,26.6707
1403715946.134057999,27.566
1403715946.184057951,26.8077
1403715946.234057903,25.8917
1403715946.284058094,27.3681
1403715946.334058046,27.8098
1403715946.384057999,25.9333
1403715946.434057951,26.5745
1403715946.484057903,26.1581
1403715946.534058094,23.985
1403715946.584058046,24.2255
1403715946.634057999,23.4867
1403715946.684057951,25.2604
1403715946.734057903,26.9106
1403715946.784058094,28.8602
1403715946.834058046,26.7264
1403715946.884057999,26.3075
1403715946.934057951,25.3494
1403715946.984057903,25.2317
1403715947.034058094,24.0784
1403715947.084058046,27.6199
1403715947.134057999,28.3531
1403715947.184057951,27.3399
1403715947.234057903,24.2413
1403715947.284058094,28.4357
1403715947.334058046,28.5728
1403715947.384057999,25.1526
1403715947.434057951,24.9243
1403715947.484057903,25.2935
1403715947.534058094,27.1428
1403715947.584058046,27.4143
1403715947.634057999,24.1849
1403715947.684057951,19.4488
1403715947.734057903,23.0941
1403715947.784058094,21.3567
1403715947.834058046,24.221
1403715947.884057999,25.0877
1403715947.934057951,25.5018
1403715947.984057903,19.1192
1403715948.034058094,21.4815
1403715948.084058046,26.2031
1403715948.134057999,25.1796
1403715948.184057951,25.7674
1403715948.234057903,25.3064
1403715948.284058094,26.9518
1403715948.334058046,24.9485
1403715948.384057999,23.3127
1403715948.434057951,23.6127
1403715948.484057903,25.5636
1403715948.534058094,25.3987
1403715948.584058046,23.5027
1403715948.634057999,24.201
1403715948.684057951,26.12
1403715948.734057903,27.2388
1403715948.784058094,25.4069
1403715948.834058046,26.4903
1403715948.884057999,29.4839
1403715948.934057951,28.1593
1403715948.984057903,25.2449
1403715949.034058094,25.384
1403715949.084058046,25.3167
1403715949.134057999,26.042
1403715949.184057951,22.9444
1403715949.234057903,23.0042
1403715949.284058094,17.0844
1403715949.334058046,17.1016
1403715949.384057999,15.7756
1403715949.434057951,16.1687
1403715949.484057903,16.009
1403715949.534058094,20.3643
1403715949.584058046,21.5437
1403715949.634057999,25.2241
1403715949.684057951,24.3825
1403715949.734057903,26.3319
1403715949.784058094,23.0262
1403715949.834058046,22.9984
1403715949.884057999,25.3003
1403715949.934057951,22.115
1403715949.984057903,26.1525
1403715950.034058094,25.1629
1403715950.084058046,23.7002
1403715950.134057999,24.7924
1403715950.184057951,24.0087
1403715950.234057903,24.0509
1403715950.284058094,24.4464
1403715950.334058046,23.5236
1403715950.384057999,25.0801
1403715950.434057951,24.8691
1403715950.484057903,21.4914
1403715950.534058094,23.077
1403715950.584058046,19.2083
1403715950.634057999,15.5941
1403715950.684057951,14.7953
1403715950.734057903,16.6604
1403715950.784058094,14.6564
1403715950.834058046,16.36
1403715950.884057999,15.5136
1403715950.934057951,16.9718
1403715950.984057903,16.9993
1403715951.034058094,18.3256
1403715951.084058046,19.9161
1403715951.134057999,18.4416
1403715951.184057951,20.8463
1403715951.234057903,21.3657
1403715951.284058094,20.1449
1403715951.334058046,24.1134
1403715951.384057999,23.1801
1403715951.434057951,24.1523
1403715951.484057903,23.5016
1403715951.534058094,24.7178
1403715951.584058046,22.3502
1403715951.634057999,25.4935
1403715951.684057951,23.8867
1403715951.734057903,24.6558
1403715951.784058094,22.0336
1403715951.834058046,24.5189
1403715951.884057999,19.7598
1403715951.934057951,23.5679
1403715951.984057903,19.5772
1403715952.034058094,19.6047
1403715952.084058046,20.178
1403715952.134057999,16.6241
1403715952.184057951,18.2235
1403715952.234057903,15.4735
1403715952.284058094,16.1971
1403715952.334058046,15.4821
1403715952.384057999,18.1238
1403715952.434057951,18.76
1403715952.484057903,20.1399
1403715952.534058094,21.2193
1403715952.584058046,22.3311
1403715952.634057999,24.743
1403715952.684057951,24.6467
1403715952.734057903,22.6513
1403715952.784058094,22.7985
1403715952.834058046,25.586
1403715952.884057999,24.1941
1403715952.934057951,22.0852
1403715952.984057903,21.4894
1403715953.034058094,20.5361
1403715953.084058046,22.1516
1403715953.134057999,22.6795
1403715953.184057951,22.1697
1403715953.234057903,18.1947
1403715953.284058094,20.0466
1403715953.334058046,18.9873
1403715953.384057999,18.4978
1403715953.434057951,18.9076
1403715953.484057903,21.6029
1403715953.534058094,24.2189
1403715953.584058046,23.5305
1403715953.634057999,22.3754
1403715953.684057951,23.1381
1403715953.734057903,22.0883
1403715953.784058094,22.8934
1403715953.834058046,23.4857
1403715953.884057999,22.5515
1403715953.934057951,24.5322
1403715953.984057903,22.1869
1403715954.034058094,23.9917
1403715954.084058046,21.6484
1403715954.134057999,24.3763
1403715954.184057951,24.0285
1403715954.234057903,25.021
1403715954.284058094,24.4159
1403715954.334058046,23.5898
1403715954.384057999,26.7727
1403715954.434057951,25.1887
1403715954.484057903,24.7591
1403715954.534058094,25.7231
1403715954.584058046,24.574
1403715954.634057999,26.8436
1403715954.684057951,24.797
1403715954.734057903,23.187
1403715954.784058094,26.9356
1403715954.834058046,26.0986
1403715954.884057999,23.6328
1403715954.934057951,23.3585
1403715954.984057903,26.1038
1403715955.034058094,23.6172
1403715955.084058046,26.3029
1403715955.134057999,23.6245
1403715955.184057951,23.9029
1403715955.234057903,22.7693
1403715955.284058094,20.0211
1403715955.334058046,22.9539
1403715955.384057999,23.6605
1403715955.434057951,23.6464
1403715955.484057903,23.374
1403715955.534058094,25.7824
1403715955.584058046,23.3095
1403715955.634057999,21.2081
1403715955.684057951,20.7648
1403715955.734057903,22.6557
1403715955.784058094,21.6109
1403715955.834058046,20.8768
1403715955.884057999,21.8141
1403715955.934057951,23.7272
1403715955.984057903,25.9469
1403715956.034058094,26.2829
1403715956.084058046,27.3079
1403715956.134057999,28.2051
1403715956.184057951,27.9253
1403715956.234057903,28.0005
1403715956.284058094,26.7948
1403715956.334058046,25.6077
1403715956.384057999,25.0138
1403715956.434057951,26.0195
1403715956.484057903,24.6735
1403715956.534058094,26.1161
1403715956.584058046,27.0293
1403715956.634057999,26.6151
1403715956.684057951,27.7948
1403715956.734057903,27.8197
1403715956.784058094,27.4374
1403715956.834058046,27.9977
1403715956.884057999,26.2364
1403715956.934057951,27.6855
1403715956.984057903,25.2332
1403715957.034058094,24.873
1403715957.084058046,27.7645
1403715957.134057999,26.9659
1403715957.184057951,26.2651
1403715957.234057903,25.0499
1403715957.284058094,27.3308
1403715957.334058046,26.3622
1403715957.384057999,23.3997
1403715957.434057951,22.2716
1403715957.484057903,20.8229
1403715957.534058094,18.8267
1403715957.584058046,20.1044
1403715957.634057999,20.8619
1403715957.684057951,18.5497
1403715957.734057903,21.6334
1403715957.784058094,21.4228
1403715957.834058046,22.3033
1403715957.884057999,22.6868
1403715957.934057951,24.3345
1403715957.984057903,27.5284
1403715958.034058094,26.4366
1403715958.084058046,28.9748
1403715958.134057999,28.5725
1403715958.184057951,27.0723
1403715958.234057903,27.1782
1403715958.284058094,24.7441
1403715958.334058046,28.955
1403715958.384057999,26.8561
1403715958.434057951,26.9989
1403715958.484057903,26.905
1403715958.534058094,27.3621
1403715958.584058046,29.1258
1403715958.634057999,26.1303
1403715958.684057951,25.8388
1403715958.734057903,27.2294
1403715958.784058094,24.5692
1403715958.834058046,26.6085
1403715958.884057999,25.4619
1403715958.934057951,24.702
1403715958.984057903,24.7042
1403715959.034058094,22.8545
1403715959.084058046,25.1683
1403715959.134057999,25.4187
1403715959.184057951,26.1159
1403715959.234057903,25.5918
1403715959.284058094,24.2018
1403715959.334058046,24.0464
1403715959.384057999,25.1722
1403715959.434057951,22.5919
1403715959.484057903,19.5082
1403715959.534058094,20.3338
1403715959.584058046,18.7876
1403715959.634057999,21.4097
1403715959.684057951,20.4807
1403715959.734057903,20.9419
1403715959.784058094,21.4307
1403715959.834058046,25.0362
1403715959.884057999,23.2451
1403715959.934057951,24.71
1403715959.984057903,25.7065
1403715960.034058094,24.1484
1403715960.084058046,25.7068
1403715960.134057999,27.8875
1403715960.184057951,28.4148
1403715960.234057903,28.4054
1403715960.284058094,28.213
1403715960.334058046,25.2265
1403715960.384057999,24.7822
1403715960.434057951,28.778
1403715960.484057903,27.2987
1403715960.534058094,26.9574
1403715960.584058046,23.4392
1403715960.634057999,22.0702
1403715960.684057951,26.0666
1403715960.734057903,25.5579
1403715960.784058094,22.5657
1403715960.834058046,23.0562
1403715960.884057999,23.9475
1403715960.934057951,25.2697
1403715960.984057903,25.8548
1403715961.034058094,24.0551
1403715961.084058046,28.4163
1403715961.134057999,26.2529
1403715961.184057951,26.7033
1403715961.234057903,22.9028
1403715961.284058094,20.8379
1403715961.334058046,22.6228
1403715961.384057999,22.906
1403715961.434057951,24.5149
1403715961.484057903,24.637
1403715961.534058094,24.4649
1403715961.584058046,26.4025
1403715961.634057999,26.3624
1403715961.684057951,25.2717
1403715961.734057903,25.124
1403715961.784058094,28.4691
1403715961.834058046,27.469
1403715961.884057999,25.0082
1403715961.934057951,24.2643
1403715961.984057903,22.7266
1403715962.034058094,19.0188
1403715962.084058046,20.9982
1403715962.134057999,22.1944
1403715962.184057951,21.8673
1403715962.234057903,23.3934
1403715962.284058094,20.8823
1403715962.334058046,19.0319
1403715962.384057999,21.5272
1403715962.434057951,16.6418
1403715962.484057903,15.7494
1403715962.534058094,16.244
1403715962.584058046,17.4768
1403715962.634057999,21.7972
1403715962.684057951,24.584
1403715962.734057903,23.0375
1403715962.784058094,23.4031
1403715962.834058046,23.3441
1403715962.884057999,27.2521
1403715962.934057951,25.8855
1403715962.984057903,26.53
1403715963.034058094,26.4157
1403715963.084058046,28.0664
1403715963.134057999,27.7653
1403715963.184057951,25.952
1403715963.234057903,25.642
1403715963.284058094,22.1949
1403715963.334058046,21.3066
1403715963.384057999,23.2705
1403715963.434057951,19.498
1403715963.484057903,21.9458
1403715963.534058094,22.9375
1403715963.584058046,23.1104
1403715963.634057999,24.187
1403715963.684057951,26.5585
1403715963.734057903,26.9027
1403715963.784058094,28.2088
1403715963.834058046,27.9431
1403715963.884057999,27.9328
1403715963.934057951,29.6657
1403715963.984057903,27.0989
1403715964.034058094,28.7519
1403715964.084058046,27.3633
1403715964.134057999,27.304
1403715964.184057951,22.7095
1403715964.234057903,28.0914
1403715964.284058094,24.2287
1403715964.334058046,23.0585
1403715964.384057999,24.4203
1403715964.434057951,25.1114
1403715964.484057903,26.5933
1403715964.534058094,27.1804
1403715964.584058046,24.3021
1403715964.634057999,24.3488
1403715964.684057951,25.8681
1403715964.734057903,25.7382
1403715964.784058094,26.6248
1403715964.834058046,25.2772
1403715964.884057999,27.691
1403715964.934057951,26.1864
1403715964.984057903,27.3283
1403715965.034058094,27.4275
1403715965.084058046,27.0439
1403715965.134057999,27.1068
1403715965.184057951,26.5035
1403715965.234057903,28.6226
1403715965.284058094,25.2652
1403715965.334058046,26.3484
1403715965.384057999,25.7017
1403715965.434057951,28.1267
1403715965.484057903,25.4115
1403715965.534058094,23.1781
1403715965.584058046,24.5751
1403715965.634057999,27.5477
1403715965.684057951,25.1778
1403715965.734057903,23.8691
1403715965.784058094,24.8298
1403715965.834058046,24.9955
1403715965.884057999,24.3647
1403715965.934057951,25.5858
1403715965.984057903,27.9278
1403715966.034058094,26.77
1403715966.084058046,26.335
1403715966.134057999,25.9824
1403715966.184057951,27.2403
1403715966.234057903,25.8751
1403715966.284058094,27.8482
1403715966.334058046,27.9168
1403715966.384057999,26.0859
1403715966.434057951,26.6251
1403715966.484057903,27.0014
1403715966.534058094,26.9716
1403715966.584058046,25.5621
1403715966.634057999,26.9382
1403715966.684057951,26.2029
1403715966.734057903,28.5739
1403715966.784058094,29.4355
1403715966.834058046,25.4946
1403715966.884057999,25.8718
1403715966.934057951,26.3019
1403715966.984057903,26.417
1403715967.034058094,24.5436
1403715967.084058046,24.7817
1403715967.134057999,25.5882
1403715967.184057951,24.757
1403715967.234057903,25.8995
1403715967.284058094,23.658
1403715967.334058046,25.3477
1403715967.384057999,24.8565
1403715967.434057951,25.891
1403715967.484057903,29.4395
1403715967.534058094,27.5196
1403715967.584058046,26.2385
1403715967.634057999,27.7184
1403715967.684057951,21.8786
1403715967.734057903,25.8196
1403715967.784058094,21.4199
1403715967.834058046,23.8436
1403715967.884057999,25.3563
1403715967.934057951,27.3429
1403715967.984057903,26.1824
1403715968.034058094,26.5666
1403715968.084058046,26.2522
1403715968.134057999,26.367
1403715968.184057951,26.8046
1403715968.234057903,27.216
1403715968.284058094,25.3987
1403715968.334058046,28.3107
1403715968.384057999,26.42
1403715968.434057951,25.5887
1403715968.484057903,25.5423
1403715968.534058094,23.4235
1403715968.584058046,24.1002
1403715968.634057999,25.4689
1403715968.684057951,26.4293
1403715968.734057903,26.4678
1403715968.784058094,25.8831
1403715968.834058046,24.8392
1403715968.884057999,24.1308
1403715968.934057951,27.2723
1403715968.984057903,26.7772
1403715969.034058094,26.063
1403715969.084058046,25.5006
1403715969.134057999,22.3781
1403715969.184057951,23.5067
1403715969.234057903,21.0596
1403715969.284058094,26.0838
1403715969.334058046,25.8993
1403715969.384057999,27.0444
1403715969.434057951,26.8871
1403715969.484057903,25.2339
1403715969.534058094,27.7204
1403715969.584058046,27.3725
1403715969.634057999,26.599
1403715969.684057951,24.7273
1403715969.734057903,27.9854
1403715969.784058094,25.1173
1403715969.834058046,25.5003
1403715969.884057999,24.8635
1403715969.934057951,25.4701
1403715969.984057903,24.9273
1403715970.034058094,27.1921
1403715970.084058046,25.7077
1403715970.134057999,25.3265
1403715970.184057951,23.2953
1403715970.234057903,24.4929
1403715970.284058094,26.9561
1403715970.334058046,24.5116
1403715970.384057999,21.7099
1403715970.434057951,27.4867
1403715970.484057903,24.9488
1403715970.534058094,25.3117
1403715970.584058046,26.479
1403715970.634057999,25.7536
1403715970.684057951,25.739
1403715970.734057903,24.9639
1403715970.784058094,23.4666
1403715970.834058046,26.7841
1403715970.884057999,25.0723
1403715970.934057951,23.7642
1403715970.984057903,23.6485
1403715971.034058094,25.4809
1403715971.084058046,22.6662
1403715971.134057999,27.6136
1403715971.184057951,25.1832
1403715971.234057903,26.5264
1403715971.284058094,20.0502
1403715971.334058046,26.5384
1403715971.384057999,26.2798
1403715971.434057951,24.9688
1403715971.484057903,21.0287
1403715971.534058094,21.7041
1403715971.584058046,22.4673
1403715971.634057999,23.0429
1403715971.684057951,23.7428
1403715971.734057903,19.2401
1403715971.784058094,21.9829
1403715971.834058046,25.3383
1403715971.884057999,22.0943
1403715971.934057951,22.2318
1403715971.984057903,24.6067
1403715972.034058094,23.1459
1403715972.084058046,25.1434
1403715972.134057999,22.8753
1403715972.184057951,23.3459
1403715972.234057903,26.015
1403715972.284058094,22.1971
1403715972.334058046,23.0462
1403715972.384057999,25.3529
1403715972.434057951,24.6566
1403715972.484057903,24.7383
1403715972.534058094,25.3812
1403715972.584058046,22.3496
1403715972.634057999,25.8858
1403715972.684057951,23.9471
1403715972.734057903,25.6763
1403715972.784058094,25.4284
1403715972.834058046,25.9658
1403715972.884057999,25.0673
1403715972.934057951,26.903
1403715972.984057903,27.1474
1403715973.034058094,27.9627
1403715973.084058046,25.4008
1403715973.134057999,24.6061
1403715973.184057951,26.4301
1403715973.234057903,23.7333
1403715973.284058094,25.5127
1403715973.334058046,25.9616
1403715973.384057999,24.339
1403715973.434057951,23.9948
1403715973.484057903,25.8821
1403715973.534058094,27.1868
1403715973.584058046,26.0541
1403715973.634057999,29.1474
1403715973.684057951,29.6744
1403715973.734057903,25.7718
1403715973.784058094,25.0893
1403715973.834058046,26.5729
1403715973.884057999,25.875
1403715973.934057951,27.0916
1403715973.984057903,24.9964
1403715974.034058094,29.1655
1403715974.084058046,28.5378
1403715974.134057999,29.0422
1403715974.184057951,25.9813
1403715974.234057903,28.512
1403715974.284058094,26.1164
1403715974.334058046,25.8331
1403715974.384057999,28.1663
1403715974.434057951,27.2917
1403715974.484057903,29.8946
1403715974.534058094,25.478
1403715974.584058046,28.8236
1403715974.634057999,26.8361
1403715974.684057951,28.2462
1403715974.734057903,25.9292
1403715974.784058094,28.0005
1403715974.834058046,26.3268
1403715974.884057999,26.9263
1403715974.934057951,28.5372
1403715974.984057903,26.9669
1403715975.034058094,28.7856
1403715975.084058046,26.5928
1403715975.134057999,27.6082
1403715975.184057951,28.5486
1403715975.234057903,27.8498
1403715975.284058094,28.6041
1403715975.334058046,28.5933
1403715975.384057999,29.3757
1403715975.434057951,26.6412
1403715975.484057903,24.9711
1403715975.534058094,28.045
1403715975.584058046,27.006
1403715975.634057999,26.2294
1403715975.684057951,26.6394
1403715975.734057903,27.8898
1403715975.784058094,28.095
1403715975.834058046,24.9483
1403715975.884057999,26.1992
1403715975.934057951,25.8031
1403715975.984057903,28.9193
1403715976.034058094,25.6479
1403715976.084058046,27.577
1403715976.134057999,29.0138
1403715976.184057951,27.4118
1403715976.234057903,27.6736
1403715976.284058094,28.4462
1403715976.334058046,25.9073
1403715976.384057999,24.6723
1403715976.434057951,26.6056
1403715976.484057903,27.354
1403715976.534058094,27.2161
1403715976.584058046,23.5895
1403715976.634057999,28.5441
1403715976.684057951,22.0744
1403715976.734057903,25.4206
1403715976.784058094,25.5708
1403715976.834058046,25.1643
1403715976.884057999,27.7474
1403715976.934057951,25.015
1403715976.984057903,27.4882
1403715977.034058094,23.8934
1403715977.084058046,27.0615
1403715977.134057999,23.6607
1403715977.184057951,25.182
1403715977.234057903,24.6335
1403715977.284058094,25.045
1403715977.334058046,25.021
1403715977.384057999,23.4657
1403715977.434057951,27.121
1403715977.484057903,25.9234
1403715977.534058094,26.005
1403715977.584058046,26.933
1403715977.634057999,25.3132
1403715977.684057951,26.3454
1403715977.734057903,25.6408
1403715977.784058094,24.3556
1403715977.834058046,21.8368
1403715977.884057999,25.465
1403715977.934057951,25.2431
1403715977.984057903,25.4639
1403715978.034058094,23.2394
1403715978.084058046,25.5372
1403715978.134057999,22.6507
1403715978.184057951,24.4013
1403715978.234057903,22.9078
1403715978.284058094,24.2085
1403715978.334058046,23.4079
1403715978.384057999,22.7333
1403715978.434057951,18.827
1403715978.484057903,19.8729
1403715978.534058094,22.9982
1403715978.584058046,23.495
1403715978.634057999,23.4493
1403715978.684057951,25.1623
1403715978.734057903,25.1035
1403715978.784058094,26.1744
1403715978.834058046,27.5928
1403715978.884057999,26.7082
1403715978.934057951,28.9172
1403715978.984057903,27.3948
1403715979.034058094,25.8073
1403715979.084058046,27.6714
1403715979.134057999,23.9033
1403715979.184057951,19.113
1403715979.234057903,17.0013
1403715979.284058094,18.1533
1403715979.334058046,18.2591
1403715979.384057999,19.1228
1403715979.434057951,16.4411
1403715979.484057903,11.7195
1403715979.534058094,13.2066
1403715979.584058046,12.4862
1403715979.634057999,11.8941
1403715979.684057951,13.8226
1403715979.734057903,14.0448
1403715979.784058094,14.6938
1403715979.834058046,17.7155
1403715979.884057999,16.8537
1403715979.934057951,21.027
1403715979.984057903,18.7691
1403715980.034058094,16.8814
1403715980.084058046,17.4375
1403715980.134057999,14.934
1403715980.184057951,18.6971
1403715980.234057903,18.9922
1403715980.284058094,20.9762
1403715980.334058046,18.2346
1403715980.384057999,18.5922
1403715980.434057951,20.2668
1403715980.484057903,22.0867
1403715980.534058094,21.0727
1403715980.584058046,22.2576
1403715980.634057999,25.0616
1403715980.684057951,25.5809
1403715980.734057903,26.9248
1403715980.784058094,26.9462
1403715980.834058046,26.3846
1403715980.884057999,25.8488
1403715980.934057951,28.2177
1403715980.984057903,27.9536
1403715981.034058094,25.074
1403715981.084058046,27.9311
1403715981.134057999,24.5525
1403715981.184057951,24.6632
1403715981.234057903,23.6656
1403715981.284058094,23.8894
1403715981.334058046,24.8581
1403715981.384057999,25.2412
1403715981.434057951,22.8757
1403715981.484057903,24.8517
1403715981.534058094,22.5889
1403715981.584058046,24.2261
1403715981.634057999,23.2715
1403715981.684057951,22.8187
1403715981.734057903,20.6443
1403715981.784058094,22.299
1403715981.834058046,20.1149
1403715981.884057999,21.4067
1403715981.934057951,22.3075
1403715981.984057903,21.273
1403715982.034058094,20.9423
1403715982.084058046,23.6445
1403715982.134057999,24.8591
1403715982.184057951,24.438
1403715982.234057903,25.1343
1403715982.284058094,27.0603
1403715982.334058046,25.4588
1403715982.384057999,26.0536
1403715982.434057951,24.9847
1403715982.484057903,24.9539
1403715982.534058094,24.7746
1403715982.584058046,25.9116
1403715982.634057999,26.6023
1403715982.684057951,25.4817
1403715982.734057903,26.4692
1403715982.784058094,23.1428
1403715982.834058046,25.4972
1403715982.884057999,25.0274
1403715982.934057951,23.4308
1403715982.984057903,24.1223
1403715983.034058094,23.691
1403715983.084058046,24.6758
1403715983.134057999,25.7637
1403715983.184057951,24.6943
1403715983.234057903,25.8948
1403715983.284058094,22.8904
1403715983.334058046,24.7546
1403715983.384057999,25.655
1403715983.434057951,25.2389
1403715983.484057903,25.0313
1403715983.534058094,23.8733
1403715983.584058046,21.6345
1403715983.634057999,21.4968
1403715983.684057951,19.6086
1403715983.734057903,21.7588
1403715983.784058094,20.2833
1403715983.834058046,23.2632
1403715983.884057999,21.8392
1403715983.934057951,16.7217
1403715983.984057903,16.3984
1403715984.034058094,18.0863
1403715984.084058046,15.1309
1403715984.134057999,16.4887
1403715984.184057951,15.0637
1403715984.234057903,15.3689
1403715984.284058094,14.4551
1403715984.334058046,16.8869
1403715984.384057999,14.9585
1403715984.434057951,14.6089
1403715984.484057903,14.8304
1403715984.534058094,11.6009
1403715984.584058046,10.4602
1403715984.634057999,12.0787
1403715984.684057951,8.8251
1403715984.734057903,7.23163
1403715984.784058094,7.78588
1403715984.834058046,8.08803
1403715984.884057999,11.4261
1403715984.934057951,10.9984
1403715984.984057903,8.75027
1403715985.034058094,9.35589
1403715985.084058046,11.3489
1403715985.134057999,10.3391
1403715985.184057951,13.1562
1403715985.234057903,12.9182
1403715985.284058094,14.627
1403715985.334058046,14.5888
1403715985.384057999,15.8638
1403715985.434057951,17.0135
1403715985.484057903,16.6149
1403715985.534058094,20.4888
1403715985.584058046,18.2083
1403715985.634057999,23.0294
1403715985.684057951,22.674
1403715985.734057903,23.6606
1403715985.784058094,22.4048
1403715985.834058046,21.3038
1403715985.884057999,23.0001
1403715985.934057951,20.6553
1403715985.984057903,21.6261
1403715986.034058094,19.3842
1403715986.084058046,22.4637
1403715986.134057999,19.7903
1403715986.184057951,22.9996
1403715986.234057903,21.4195
1403715986.284058094,23.577
1403715986.334058046,20.1911
1403715986.384057999,18.7674
1403715986.434057951,19.3897
1403715986.484057903,21.9908
1403715986.534058094,20.4307
1403715986.584058046,19.6156
1403715986.634057999,22.1868
1403715986.684057951,22.7754
1403715986.734057903,22.9458
1403715986.784058094,24.6755
1403715986.834058046,26.7117
1403715986.884057999,26.3139
1403715986.934057951,25.3325
1403715986.984057903,25.2368
1403715987.034058094,25.176
1403715987.084058046,25.1636
1403715987.134057999,27.8472
1403715987.184057951,25.0843
1403715987.234057903,22.452
1403715987.284058094,22.3398
1403715987.334058046,23.0176
1403715987.384057999,21.1058
1403715987.434057951,24.8988
1403715987.484057903,23.1558
1403715987.534058094,25.1985
1403715987.584058046,25.5215
1403715987.634057999,26.6424
1403715987.684057951,25.1432
1403715987.734057903,26.4247
1403715987.784058094,28.1064
1403715987.834058046,26.5694
1403715987.884057999,25.6272
1403715987.934057951,27.2256
1403715987.984057903,25.5105
1403715988.034058094,24.6131
1403715988.084058046,26.0678
1403715988.134057999,23.5515
1403715988.184057951,22.539
1403715988.234057903,23.6337
1403715988.284058094,23.3096
1403715988.334058046,24.4544
1403715988.384057999,25.3408
1403715988.434057951,27.3016
1403715988.484057903,26.3278
1403715988.534058094,27.2044
1403715988.584058046,27.2559
1403715988.634057999,25.7774
1403715988.684057951,24.5732
1403715988.734057903,27.7151
1403715988.784058094,24.9016
1403715988.834058046,24.9319
1403715988.884057999,23.4493
1403715988.934057951,21.0967
1403715988.984057903,19.9956
1403715989.034058094,18.722
1403715989.084058046,20.3631
1403715989.134057999,22.0028
1403715989.184057951,19.2429
1403715989.234057903,19.4639
1403715989.284058094,21.3574
1403715989.334058046,21.6775
1403715989.384057999,20.5712
1403715989.434057951,20.0403
1403715989.484057903,20.1158
1403715989.534058094,19.3434
1403715989.584058046,19.8534
1403715989.634057999,20.3411
1403715989.684057951,20.0204
1403715989.734057903,19.9594
1403715989.784058094,20.7805
1403715989.834058046,23.4274
1403715989.884057999,20.5855
1403715989.934057951,20.9607
1403715989.984057903,20.6419
1403715990.034058094,18.3748
1403715990.084058046,19.6919
1403715990.134057999,18.0999
1403715990.184057951,18.8633
1403715990.234057903,16.6039
1403715990.284058094,16.4948
1403715990.334058046,16.3255
1403715990.384057999,19.8673
1403715990.434057951,16.0845
1403715990.484057903,16.7811
1403715990.534058094,16.6832
1403715990.584058046,18.2056
1403715990.634057999,17.1679
1403715990.684057951,14.0185
1403715990.734057903,15.0488
1403715990.784058094,12.1875
1403715990.834058046,10.8168
1403715990.884057999,12.2555
1403715990.934057951,11.9557
1403715990.984057903,10.9783
1403715991.034058094,12.0873
1403715991.084058046,15.0455
1403715991.134057999,12.1057
1403715991.184057951,10.4974
1403715991.234057903,8.33802
1403715991.284058094,9.82927
1403715991.334058046,12.3925
1403715991.384057999,12.0587
1403715991.434057951,12.5261
1403715991.484057903,11.0579
1403715991.534058094,11.087
1403715991.584058046,11.2489
1403715991.634057999,10.8013
1403715991.684057951,11.1586
1403715991.734057903,10.8681
1403715991.784058094,12.1286
1403715991.834058046,9.83968
1403715991.884057999,10.8989
1403715991.934057951,8.73982
1403715991.984057903,10.5657
1403715992.034058094,10.2086
1403715992.084058046,11.4932
1403715992.134057999,11.1844
1403715992.184057951,11.5091
1403715992.234057903,11.0442
1403715992.284058094,13.0552
1403715992.334058046,12.0774
1403715992.384057999,9.56074
1403715992.434057951,11.6643
1403715992.484057903,9.78893
1403715992.534058094,11.1508
1403715992.584058046,12.2915
1403715992.634057999,10.4246
1403715992.684057951,11.862
1403715992.734057903,10.8171
1403715992.784058094,11.9104
1403715992.834058046,11.7908
1403715992.884057999,10.744
1403715992.934057951,13.2111
1403715992.984057903,11.479
1403715993.034058094,10.5446
1403715993.084058046,8.23684
1403715993.134057999,9.87851
1403715993.184057951,11.3635
1403715993.234057903,11.5581
1403715993.284058094,9.86891
1403715993.334058046,12.2436
1403715993.384057999,13.561
1403715993.434057951,12.6636
1403715993.484057903,11.8183
1403715993.534058094,11.3911
1403715993.584058046,12.3764
1403715993.634057999,10.8858
1403715993.684057951,11.9743
1403715993.734057903,10.7923
1403715993.784058094,11.0436
1403715993.834058046,13.0858
1403715993.884057999,10.6029
1403715993.934057951,10.0749
1403715993.984057903,11.6218
