1403636858.651666403,5541.54
1403636858.701666594,5774.1
1403636858.751666546,5943.47
1403636858.801666498,6084.98
1403636858.851666451,6221.07
1403636858.901666403,6380.56
1403636858.951666594,6505.61
1403636859.001666546,6690.83
1403636859.051666498,6842
1403636859.101666451,6993.84
1403636859.151666403,7131.25
1403636859.201666594,7298.53
1403636859.251666546,7466.96
1403636859.301666498,7636.34
1403636859.351666451,7766.58
1403636859.401666403,7909.72
1403636859.451666594,8081.48
1403636859.501666546,8227.99
1403636859.551666498,8370.13
1403636859.601666451,8545.33
1403636859.651666403,8684.13
1403636859.701666594,8808.69
1403636859.751666546,9000.64
1403636859.801666498,9162.67
1403636859.851666451,9304.36
1403636859.901666403,9465.73
1403636859.951666594,9635.91
1403636860.001666546,9781.77
1403636860.051666498,9940.64
1403636860.101666451,10084
1403636860.151666403,10231.5
1403636860.201666594,10390.1
1403636860.251666546,10564.3
1403636860.301666498,10708.4
1403636860.351666451,10866
1403636860.401666403,11020.4
1403636860.451666594,11173.8
1403636860.501666546,11307.5
1403636860.551666498,11483.7
1403636860.601666451,11662.7
1403636860.651666403,11816.9
1403636860.701666594,11974.6
1403636860.751666546,12127.1
1403636860.801666498,12300
1403636860.851666451,12441.7
1403636860.901666403,12597.7
1403636860.951666594,12774.8
1403636861.001666546,12947.4
1403636861.051666498,13081.5
1403636861.101666451,13229.8
1403636861.151666403,13361.1
1403636861.201666594,13522.8
1403636861.251666546,13659.1
1403636861.301666498,13852.8
1403636861.351666451,14012.2
1403636861.401666403,14169.8
1403636861.451666594,14333.3
1403636861.501666546,14470.8
1403636861.551666498,14661.8
1403636861.601666451,14816.3
1403636861.651666403,15039.8
1403636861.701666594,15197.9
1403636861.751666546,15336.4
1403636861.801666498,15505.2
1403636861.851666451,15646
1403636861.901666403,15799.8
1403636861.951666594,15989.8
1403636862.001666546,16128.3
1403636862.051666498,16307.9
1403636862.101666451,16458.8
1403636862.151666403,16608.2
1403636862.201666594,16755.4
1403636862.251666546,16898.8
1403636862.301666498,17076
1403636862.351666451,17242.6
1403636862.401666403,17372.7
1403636862.451666594,17548.5
1403636862.501666546,17744.2
1403636862.551666498,17912.8
1403636862.601666451,18057.9
1403636862.651666403,18219.5
1403636862.701666594,18361.2
1403636862.751666546,18524.3
1403636862.801666498,18690
1403636862.851666451,18844.2
1403636862.901666403,18995.2
1403636862.951666594,19137.4
1403636863.001666546,19301.9
1403636863.051666498,19460.7
1403636863.101666451,19584.9
1403636863.151666403,19775.6
1403636863.201666594,19919
1403636863.251666546,20097.2
1403636863.301666498,20228.3
1403636863.351666451,20395.3
1403636863.401666403,20543.7
1403636863.451666594,20713.8
1403636863.501666546,20871.4
1403636863.551666498,21014.2
1403636863.601666451,21181
1403636863.651666403,21331.1
1403636863.701666594,21467.5
1403636863.751666546,21650.1
1403636863.801666498,21782.4
1403636863.851666451,21964.7
1403636863.901666403,22116
1403636863.951666594,22269.9
1403636864.001666546,22395.6
1403636864.051666498,22583.7
1403636864.101666451,22734.6
1403636864.151666403,22873.8
1403636864.201666594,23036.5
1403636864.251666546,23183
1403636864.301666498,23343.8
1403636864.351666451,23481.1
1403636864.401666403,23647
1403636864.451666594,23781.9
1403636864.501666546,23963.4
1403636864.551666498,24145.7
1403636864.601666451,24305.7
1403636864.651666403,24445.1
1403636864.701666594,24603.8
1403636864.751666546,24768.3
1403636864.801666498,24927
1403636864.851666451,25091.9
1403636864.901666403,25255.4
1403636864.951666594,25426.5
1403636865.001666546,25590.5
1403636865.051666498,25773.3
1403636865.101666451,25906.5
1403636865.151666403,26069.7
1403636865.201666594,26261.1
1403636865.251666546,26417.6
1403636865.301666498,26571.3
1403636865.351666451,26757.6
1403636865.401666403,26909.4
1403636865.451666594,27066.6
1403636865.501666546,27219.7
1403636865.551666498,27362.4
1403636865.601666451,27554.1
1403636865.651666403,27705.8
1403636865.701666594,27842.1
1403636865.751666546,28011.1
1403636865.801666498,28163.7
1403636865.851666451,28333.3
1403636865.901666403,28502.2
1403636865.951666594,28649.4
1403636866.001666546,28830.7
1403636866.051666498,29008.4
1403636866.101666451,29167.5
1403636866.151666403,29309.9
1403636866.201666594,29488.1
1403636866.251666546,29643.4
1403636866.301666498,29780
1403636866.351666451,29969.5
1403636866.401666403,30125.3
1403636866.451666594,30299.9
1403636866.501666546,30454.8
1403636866.551666498,30633.2
1403636866.601666451,30812
1403636866.651666403,30962.5
1403636866.701666594,31133.3
1403636866.751666546,31291.1
1403636866.801666498,31439.3
1403636866.851666451,31596.7
1403636866.901666403,31733
1403636866.951666594,31887
1403636867.001666546,32076
1403636867.051666498,32263.2
1403636867.101666451,32418.7
1403636867.151666403,32562.9
1403636867.201666594,32734.4
1403636867.251666546,32877.9
1403636867.301666498,33036.3
1403636867.351666451,33209.3
1403636867.401666403,33385.1
1403636867.451666594,33542.9
1403636867.501666546,33697.6
1403636867.551666498,33858.5
1403636867.601666451,34022
1403636867.651666403,34154.2
1403636867.701666594,34341.7
1403636867.751666546,34513.8
1403636867.801666498,34670
1403636867.851666451,34812
1403636867.901666403,35007.2
1403636867.951666594,35175.2
1403636868.001666546,35345.5
1403636868.051666498,35550.6
1403636868.101666451,35678.3
1403636868.151666403,35866.1
1403636868.201666594,36024.7
1403636868.251666546,36170.2
1403636868.301666498,36343.2
1403636868.351666451,36509.6
1403636868.401666403,36670.7
1403636868.451666594,36858.8
1403636868.501666546,36988.2
1403636868.551666498,37147.4
1403636868.601666451,37342
1403636868.651666403,37489.7
1403636868.701666594,37671.1
1403636868.751666546,37842.9
1403636868.801666498,37997.5
1403636868.851666451,38160.7
1403636868.901666403,38314.6
1403636868.951666594,38469.9
1403636869.001666546,38614.1
1403636869.051666498,38828.3
1403636869.101666451,38995.4
1403636869.151666403,39133.1
1403636869.201666594,39308.3
1403636869.251666546,39467.4
1403636869.301666498,39620.4
1403636869.351666451,39762.1
1403636869.401666403,39945.5
1403636869.451666594,40100.9
1403636869.501666546,40230.6
1403636869.551666498,40437.3
1403636869.601666451,40597.6
1403636869.651666403,40759.4
1403636869.701666594,40902.6
1403636869.751666546,41110.1
1403636869.801666498,41249.7
1403636869.851666451,41415
1403636869.901666403,41590.6
1403636869.951666594,41748.7
1403636870.001666546,41888.1
1403636870.051666498,42049.1
1403636870.101666451,42190.7
1403636870.151666403,42396.4
1403636870.201666594,42532.1
1403636870.251666546,42684.3
1403636870.301666498,42834.4
1403636870.351666451,42989.4
1403636870.401666403,43138
1403636870.451666594,43281.9
1403636870.501666546,43453.9
1403636870.551666498,43615.7
1403636870.601666451,43740.9
1403636870.651666403,43950
1403636870.701666594,44105.6
1403636870.751666546,44241.6
1403636870.801666498,44441.6
1403636870.851666451,44628.6
1403636870.901666403,44806
1403636870.951666594,44955
1403636871.001666546,45114.8
1403636871.051666498,45274.6
1403636871.101666451,45429.4
1403636871.151666403,45586.8
1403636871.201666594,45737
1403636871.251666546,45922.7
1403636871.301666498,46070.7
1403636871.351666451,46254.2
1403636871.401666403,46386
1403636871.451666594,46578.1
1403636871.501666546,46711.9
1403636871.551666498,46882.1
1403636871.601666451,47017.8
1403636871.651666403,47215.6
1403636871.701666594,47362.6
1403636871.751666546,47507.3
1403636871.801666498,47669.1
1403636871.851666451,47823.3
1403636871.901666403,47955
1403636871.951666594,48113.2
1403636872.001666546,48286.9
1403636872.051666498,48436.2
1403636872.101666451,48633.4
1403636872.151666403,48832.6
1403636872.201666594,48969.4
1403636872.251666546,49179.3
1403636872.301666498,49328.3
1403636872.351666451,49478.5
1403636872.401666403,49662.5
1403636872.451666594,49812.5
1403636872.501666546,49969.1
1403636872.551666498,50144.7
1403636872.601666451,50293.9
1403636872.651666403,50445.6
1403636872.701666594,50651.3
1403636872.751666546,50824.5
1403636872.801666498,50997.1
1403636872.851666451,51126.4
1403636872.901666403,51296.8
1403636872.951666594,51454.9
1403636873.001666546,51601.2
1403636873.051666498,51785.1
1403636873.101666451,51910.6
1403636873.151666403,52103
1403636873.201666594,52263.4
1403636873.251666546,52416
1403636873.301666498,52549
1403636873.351666451,52715.1
1403636873.401666403,52864.4
1403636873.451666594,53013.8
1403636873.501666546,53184.6
1403636873.551666498,53346.5
1403636873.601666451,53504.1
1403636873.651666403,53649.3
1403636873.701666594,53849.9
1403636873.751666546,54030.9
1403636873.801666498,54145.6
1403636873.851666451,54327
1403636873.901666403,54497.2
1403636873.951666594,54660.8
1403636874.001666546,54806
1403636874.051666498,54994.9
1403636874.101666451,55126.6
1403636874.151666403,55347.9
1403636874.201666594,55498.6
1403636874.251666546,55657.5
1403636874.301666498,55801.8
1403636874.351666451,55954
1403636874.401666403,56107.8
1403636874.451666594,56269.1
1403636874.501666546,56434.8
1403636874.551666498,56596.2
1403636874.601666451,56750.7
1403636874.651666403,56931.7
1403636874.701666594,57094.4
1403636874.751666546,57232
1403636874.801666498,57398.1
1403636874.851666451,57536.4
1403636874.901666403,57713.2
1403636874.951666594,57883.7
1403636875.001666546,58056.9
1403636875.051666498,58230.8
1403636875.101666451,58376.2
1403636875.151666403,58568
1403636875.201666594,58736.5
1403636875.251666546,58880.8
1403636875.301666498,59054.1
1403636875.351666451,59213.2
1403636875.401666403,59375.6
1403636875.451666594,59533.6
1403636875.501666546,59683.2
1403636875.551666498,59816.8
1403636875.601666451,59986.6
1403636875.651666403,60138.8
1403636875.701666594,60276.8
1403636875.751666546,60454.9
1403636875.801666498,60587.8
1403636875.851666451,60750
1403636875.901666403,60928.6
1403636875.951666594,61083.3
1403636876.001666546,61241.4
1403636876.051666498,61397.7
1403636876.101666451,61547.1
1403636876.151666403,61705.5
1403636876.201666594,61865.3
1403636876.251666546,62009.3
1403636876.301666498,62184.8
1403636876.351666451,62350.4
1403636876.401666403,62508.9
1403636876.451666594,62644.1
1403636876.501666546,62830.7
1403636876.551666498,62989.8
1403636876.601666451,63147.4
1403636876.651666403,63305.3
1403636876.701666594,63442.1
1403636876.751666546,63627.9
1403636876.801666498,63782.3
1403636876.851666451,63925.9
1403636876.901666403,64087.8
1403636876.951666594,64268.5
1403636877.001666546,64403.2
1403636877.051666498,64560.9
1403636877.101666451,64705.1
1403636877.151666403,64866.2
1403636877.201666594,65025.4
1403636877.251666546,65160.6
1403636877.301666498,65353.4
1403636877.351666451,65527.4
1403636877.401666403,65711.1
1403636877.451666594,65873.4
1403636877.501666546,66024.8
1403636877.551666498,66188.4
1403636877.601666451,66373.5
1403636877.651666403,66504.1
1403636877.701666594,66675.4
1403636877.751666546,66856.6
1403636877.801666498,66985.4
1403636877.851666451,67200.4
1403636877.901666403,67353.2
1403636877.951666594,67523.6
1403636878.001666546,67677.2
1403636878.051666498,67836.4
1403636878.101666451,68009.7
1403636878.151666403,68154.4
1403636878.201666594,68325.4
1403636878.251666546,68495.5
1403636878.301666498,68640.5
1403636878.351666451,68801.6
1403636878.401666403,68942.1
1403636878.451666594,69109.7
1403636878.501666546,69266.2
1403636878.551666498,69445
1403636878.601666451,69588.4
1403636878.651666403,69784.3
1403636878.701666594,69927.7
1403636878.751666546,70098
1403636878.801666498,70252
1403636878.851666451,70415.3
1403636878.901666403,70569.3
1403636878.951666594,70738.4
1403636879.001666546,70869.1
1403636879.051666498,71075.6
1403636879.101666451,71265.6
1403636879.151666403,71399.2
1403636879.201666594,71616.6
1403636879.251666546,71768.7
1403636879.301666498,71918
1403636879.351666451,72062.5
1403636879.401666403,72239
1403636879.451666594,72385
1403636879.501666546,72579.5
1403636879.551666498,72720.9
1403636879.601666451,72953.8
1403636879.651666403,73114.1
1403636879.701666594,73249.6
1403636879.751666546,73436.3
1403636879.801666498,73591.2
1403636879.851666451,73750.4
1403636879.901666403,73908.2
1403636879.951666594,74115.6
1403636880.001666546,74264.5
1403636880.051666498,74419.8
1403636880.101666451,74568.6
1403636880.151666403,74742
1403636880.201666594,74866.2
1403636880.251666546,75044.3
1403636880.301666498,75198.8
1403636880.351666451,75343
1403636880.401666403,75478.1
1403636880.451666594,75686
1403636880.501666546,75840.1
1403636880.551666498,76001.6
1403636880.601666451,76160.7
1403636880.651666403,76316.5
1403636880.701666594,76472.9
1403636880.751666546,76639.2
1403636880.801666498,76854.7
1403636880.851666451,77028.1
1403636880.901666403,77186.2
1403636880.951666594,77384.5
1403636881.001666546,77543.3
1403636881.051666498,77730.8
1403636881.101666451,77864.6
1403636881.151666403,78036.6
1403636881.201666594,78206.5
1403636881.251666546,78377.4
1403636881.301666498,78515.8
1403636881.351666451,78725.6
1403636881.401666403,78863.5
1403636881.451666594,79056.8
1403636881.501666546,79222.7
1403636881.551666498,79369.6
1403636881.601666451,79528.1
1403636881.651666403,79737.3
1403636881.701666594,79902.1
1403636881.751666546,80057.4
1403636881.801666498,80208.7
1403636881.851666451,80365
1403636881.901666403,80508.9
1403636881.951666594,80678.7
1403636882.001666546,80810.4
1403636882.051666498,81002.9
1403636882.101666451,81155.7
1403636882.151666403,81297
1403636882.201666594,81471.1
1403636882.251666546,81668.8
1403636882.301666498,81798.2
1403636882.351666451,81975.8
1403636882.401666403,82146.9
1403636882.451666594,82280.2
1403636882.501666546,82472.3
1403636882.551666498,82624.5
1403636882.601666451,82772.9
1403636882.651666403,82939
1403636882.701666594,83090.4
1403636882.751666546,83274.6
1403636882.801666498,83432.2
1403636882.851666451,83590.3
1403636882.901666403,83721.8
1403636882.951666594,83904.5
1403636883.001666546,84074.1
1403636883.051666498,84210.6
1403636883.101666451,84394.4
1403636883.151666403,84542.4
1403636883.201666594,84705.9
1403636883.251666546,84917.8
1403636883.301666498,85108.6
1403636883.351666451,85289
1403636883.401666403,85438.5
1403636883.451666594,85607.4
1403636883.501666546,85778.1
1403636883.551666498,85933.6
1403636883.601666451,86086.3
1403636883.651666403,86270.9
1403636883.701666594,86435.1
1403636883.751666546,86606.7
1403636883.801666498,86787.1
1403636883.851666451,86933.9
1403636883.901666403,87065.1
1403636883.951666594,87282.5
1403636884.001666546,87431.3
1403636884.051666498,87599
1403636884.101666451,87749.5
1403636884.151666403,87928.2
1403636884.201666594,88065.6
1403636884.251666546,88260.4
1403636884.301666498,88386.2
1403636884.351666451,88581.2
1403636884.401666403,88728.4
1403636884.451666594,88903.3
1403636884.501666546,89077.4
1403636884.551666498,89218.7
1403636884.601666451,89405.1
1403636884.651666403,89609.3
1403636884.701666594,89746.7
1403636884.751666546,89940.7
1403636884.801666498,90106.9
1403636884.851666451,90270.5
1403636884.901666403,90403.2
1403636884.951666594,90614.6
1403636885.001666546,90767.8
1403636885.051666498,90925.5
1403636885.101666451,91092.2
1403636885.151666403,91276.7
1403636885.201666594,91434
1403636885.251666546,91596.8
1403636885.301666498,91735.9
1403636885.351666451,91944.5
1403636885.401666403,92102.2
1403636885.451666594,92254
1403636885.501666546,92406.1
1403636885.551666498,92552.8
1403636885.601666451,92712.9
1403636885.651666403,92869.9
1403636885.701666594,93053.3
1403636885.751666546,93218.4
1403636885.801666498,93387.6
1403636885.851666451,93550.5
1403636885.901666403,93697.6
1403636885.951666594,93859.4
1403636886.001666546,94031.3
1403636886.051666498,94222.4
1403636886.101666451,94341.1
1403636886.151666403,94494.7
1403636886.201666594,94659.1
1403636886.251666546,94854
1403636886.301666498,95012.6
1403636886.351666451,95174.1
1403636886.401666403,95343
1403636886.451666594,95534.6
1403636886.501666546,95692.2
1403636886.551666498,95863.5
1403636886.601666451,96022.9
1403636886.651666403,96205.2
1403636886.701666594,96363.4
1403636886.751666546,96553.8
1403636886.801666498,96712.1
1403636886.851666451,96866
1403636886.901666403,97014.3
1403636886.951666594,97192.5
1403636887.001666546,97329
1403636887.051666498,97504.7
1403636887.101666451,97655.6
1403636887.151666403,97833.7
1403636887.201666594,97999.6
1403636887.251666546,98154.5
1403636887.301666498,98302.9
1403636887.351666451,98459
1403636887.401666403,98616.2
1403636887.451666594,98757.3
1403636887.501666546,98919.6
1403636887.551666498,99074.3
1403636887.601666451,99225.1
1403636887.651666403,99385.4
1403636887.701666594,99539.8
1403636887.751666546,99694.5
1403636887.801666498,99855.7
1403636887.851666451,100009
1403636887.901666403,100178
1403636887.951666594,100328
1403636888.001666546,100510
1403636888.051666498,100677
1403636888.101666451,100823
1403636888.151666403,101033
1403636888.201666594,101184
1403636888.251666546,101359
1403636888.301666498,101553
1403636888.351666451,101715
1403636888.401666403,101865
1403636888.451666594,102036
1403636888.501666546,102185
1403636888.551666498,102370
1403636888.601666451,102499
1403636888.651666403,102676
1403636888.701666594,102838
1403636888.751666546,103009
1403636888.801666498,103135
1403636888.851666451,103316
1403636888.901666403,103444
1403636888.951666594,103611
1403636889.001666546,103762
1403636889.051666498,103925
1403636889.101666451,104065
1403636889.151666403,104241
1403636889.201666594,104409
1403636889.251666546,104572
1403636889.301666498,104711
1403636889.351666451,104926
1403636889.401666403,105077
1403636889.451666594,105262
1403636889.501666546,105385
1403636889.551666498,105560
1403636889.601666451,105712
1403636889.651666403,105860
1403636889.701666594,106018
1403636889.751666546,106230
1403636889.801666498,106382
1403636889.851666451,106548
1403636889.901666403,106722
1403636889.951666594,106912
1403636890.001666546,107077
1403636890.051666498,107244
1403636890.101666451,107394
1403636890.151666403,107552
1403636890.201666594,107705
1403636890.251666546,107855
1403636890.301666498,108007
1403636890.351666451,108148
1403636890.401666403,108324
1403636890.451666594,108497
1403636890.501666546,108664
1403636890.551666498,108800
1403636890.601666451,108983
1403636890.651666403,109142
1403636890.701666594,109342
1403636890.751666546,109521
1403636890.801666498,109674
1403636890.851666451,109839
1403636890.901666403,109983
1403636890.951666594,110150
1403636891.001666546,110302
1403636891.051666498,110435
1403636891.101666451,110633
1403636891.151666403,110819
1403636891.201666594,110966
1403636891.251666546,111134
1403636891.301666498,111307
1403636891.351666451,111485
1403636891.401666403,111622
1403636891.451666594,111804
1403636891.501666546,111983
1403636891.551666498,112153
1403636891.601666451,112282
1403636891.651666403,112440
1403636891.701666594,112612
1403636891.751666546,112754
1403636891.801666498,112908
1403636891.851666451,113089
1403636891.901666403,113234
1403636891.951666594,113394
1403636892.001666546,113596
1403636892.051666498,113744
1403636892.101666451,113927
1403636892.151666403,114127
1403636892.201666594,114261
1403636892.251666546,114466
1403636892.301666498,114616
1403636892.351666451,114790
1403636892.401666403,114948
1403636892.451666594,115137
1403636892.501666546,115308
1403636892.551666498,115490
1403636892.601666451,115654
1403636892.651666403,115801
1403636892.701666594,115969
1403636892.751666546,116103
1403636892.801666498,116303
1403636892.851666451,116440
1403636892.901666403,116604
1403636892.951666594,116780
1403636893.001666546,116999
1403636893.051666498,117162
1403636893.101666451,117286
1403636893.151666403,117454
1403636893.201666594,117622
1403636893.251666546,117808
1403636893.301666498,117967
1403636893.351666451,118131
1403636893.401666403,118285
1403636893.451666594,118450
1403636893.501666546,118622
1403636893.551666498,118775
1403636893.601666451,118914
1403636893.651666403,119106
1403636893.701666594,119275
1403636893.751666546,119431
1403636893.801666498,119603
1403636893.851666451,119777
1403636893.901666403,119935
1403636893.951666594,120083
1403636894.001666546,120263
1403636894.051666498,120416
1403636894.101666451,120577
1403636894.151666403,120744
1403636894.201666594,120890
1403636894.251666546,121054
1403636894.301666498,121197
1403636894.351666451,121363
1403636894.401666403,121501
1403636894.451666594,121691
1403636894.501666546,121840
1403636894.551666498,121979
1403636894.601666451,122141
1403636894.651666403,122326
1403636894.701666594,122464
1403636894.751666546,122689
1403636894.801666498,122824
1403636894.851666451,122992
1403636894.901666403,123212
1403636894.951666594,123376
1403636895.001666546,123526
1403636895.051666498,123676
1403636895.101666451,123844
1403636895.151666403,123974
1403636895.201666594,124150
1403636895.251666546,124323
1403636895.301666498,124522
1403636895.351666451,124655
1403636895.401666403,124817
1403636895.451666594,125025
1403636895.501666546,125154
1403636895.551666498,125321
1403636895.601666451,125483
1403636895.651666403,125647
1403636895.701666594,125807
1403636895.751666546,125957
1403636895.801666498,126113
1403636895.851666451,126255
1403636895.901666403,126443
1403636895.951666594,126611
1403636896.001666546,126768
1403636896.051666498,126918
1403636896.101666451,127093
1403636896.151666403,127251
1403636896.201666594,127377
1403636896.251666546,127561
1403636896.301666498,127707
1403636896.351666451,127876
1403636896.401666403,128034
1403636896.451666594,128178
1403636896.501666546,128349
1403636896.551666498,128514
1403636896.601666451,128670
1403636896.651666403,128838
1403636896.701666594,128996
1403636896.751666546,129166
1403636896.801666498,129334
1403636896.851666451,129484
1403636896.901666403,129619
1403636896.951666594,129807
1403636897.001666546,129939
1403636897.051666498,130129
1403636897.101666451,130290
1403636897.151666403,130425
1403636897.201666594,130589
1403636897.251666546,130776
1403636897.301666498,130933
1403636897.351666451,131096
1403636897.401666403,131256
1403636897.451666594,131406
1403636897.501666546,131589
1403636897.551666498,131720
1403636897.601666451,131883
1403636897.651666403,132058
1403636897.701666594,132213
1403636897.751666546,132396
1403636897.801666498,132526
1403636897.851666451,132702
1403636897.901666403,132875
1403636897.951666594,133040
1403636898.001666546,133173
1403636898.051666498,133397
1403636898.101666451,133536
1403636898.151666403,133709
1403636898.201666594,133840
1403636898.251666546,134033
1403636898.301666498,134182
1403636898.351666451,134315
1403636898.401666403,134489
1403636898.451666594,134649
1403636898.501666546,134796
1403636898.551666498,134959
1403636898.601666451,135125
1403636898.651666403,135282
1403636898.701666594,135444
1403636898.751666546,135600
1403636898.801666498,135726
1403636898.851666451,135913
1403636898.901666403,136056
1403636898.951666594,136242
1403636899.001666546,136401
1403636899.051666498,136562
1403636899.101666451,136750
1403636899.151666403,136953
1403636899.201666594,137112
1403636899.251666546,137256
1403636899.301666498,137433
1403636899.351666451,137603
1403636899.401666403,137728
1403636899.451666594,137930
1403636899.501666546,138076
1403636899.551666498,138247
1403636899.601666451,138398
1403636899.651666403,138542
1403636899.701666594,138722
1403636899.751666546,138939
1403636899.801666498,139097
1403636899.851666451,139282
1403636899.901666403,139427
1403636899.951666594,139589
1403636900.001666546,139768
1403636900.051666498,139943
1403636900.101666451,140080
1403636900.151666403,140246
1403636900.201666594,140381
1403636900.251666546,140570
1403636900.301666498,140756
1403636900.351666451,140901
1403636900.401666403,141050
1403636900.451666594,141235
1403636900.501666546,141416
1403636900.551666498,141560
1403636900.601666451,141713
1403636900.651666403,141921
1403636900.701666594,142075
1403636900.751666546,142218
1403636900.801666498,142354
1403636900.851666451,142529
1403636900.901666403,142670
1403636900.951666594,142840
1403636901.001666546,142990
1403636901.051666498,143159
1403636901.101666451,143311
1403636901.151666403,143470
1403636901.201666594,143605
1403636901.251666546,143792
1403636901.301666498,143944
1403636901.351666451,144136
1403636901.401666403,144324
1403636901.451666594,144485
1403636901.501666546,144638
1403636901.551666498,144813
1403636901.601666451,144949
1403636901.651666403,145153
1403636901.701666594,145299
1403636901.751666546,145462
1403636901.801666498,145626
1403636901.851666451,145784
1403636901.901666403,145944
1403636901.951666594,146083
1403636902.001666546,146255
1403636902.051666498,146425
1403636902.101666451,146593
1403636902.151666403,146777
1403636902.201666594,146920
1403636902.251666546,147099
1403636902.301666498,147224
1403636902.351666451,147410
1403636902.401666403,147560
1403636902.451666594,147730
1403636902.501666546,147909
1403636902.551666498,148068
1403636902.601666451,148262
1403636902.651666403,148434
1403636902.701666594,148595
1403636902.751666546,148749
1403636902.801666498,148896
1403636902.851666451,149055
1403636902.901666403,149200
1403636902.951666594,149413
1403636903.001666546,149561
1403636903.051666498,149720
1403636903.101666451,149894
1403636903.151666403,150064
1403636903.201666594,150260
1403636903.251666546,150432
1403636903.301666498,150567
1403636903.351666451,150753
1403636903.401666403,150934
1403636903.451666594,151108
1403636903.501666546,151236
1403636903.551666498,151426
1403636903.601666451,151587
1403636903.651666403,151731
1403636903.701666594,151903
1403636903.751666546,152074
1403636903.801666498,152238
1403636903.851666451,152426
1403636903.901666403,152580
1403636903.951666594,152761
1403636904.001666546,152924
1403636904.051666498,153114
1403636904.101666451,153272
1403636904.151666403,153437
1403636904.201666594,153582
1403636904.251666546,153748
1403636904.301666498,153906
1403636904.351666451,154088
1403636904.401666403,154272
1403636904.451666594,154425
1403636904.501666546,154553
1403636904.551666498,154724
1403636904.601666451,154928
1403636904.651666403,155092
1403636904.701666594,155230
1403636904.751666546,155448
1403636904.801666498,155594
1403636904.851666451,155737
1403636904.901666403,155893
1403636904.951666594,156078
1403636905.001666546,156223
1403636905.051666498,156395
1403636905.101666451,156590
1403636905.151666403,156769
1403636905.201666594,156932
1403636905.251666546,157086
1403636905.301666498,157241
1403636905.351666451,157402
1403636905.401666403,157547
1403636905.451666594,157701
1403636905.501666546,157857
1403636905.551666498,158012
1403636905.601666451,158163
1403636905.651666403,158337
1403636905.701666594,158506
1403636905.751666546,158663
1403636905.801666498,158807
1403636905.851666451,158955
1403636905.901666403,159146
1403636905.951666594,159333
1403636906.001666546,159459
1403636906.051666498,159657
1403636906.101666451,159791
1403636906.151666403,159995
1403636906.201666594,160144
1403636906.251666546,160332
1403636906.301666498,160487
1403636906.351666451,160652
1403636906.401666403,160805
1403636906.451666594,160998
1403636906.501666546,161140
1403636906.551666498,161314
1403636906.601666451,161471
1403636906.651666403,161652
1403636906.701666594,161803
1403636906.751666546,161989
1403636906.801666498,162139
1403636906.851666451,162324
1403636906.901666403,162523
1403636906.951666594,162768
1403636907.001666546,162927
1403636907.051666498,163109
1403636907.101666451,163257
1403636907.151666403,163438
1403636907.201666594,163576
1403636907.251666546,163757
1403636907.301666498,163907
1403636907.351666451,164120
1403636907.401666403,164246
1403636907.451666594,164444
1403636907.501666546,164575
1403636907.551666498,164771
1403636907.601666451,164897
1403636907.651666403,165083
1403636907.701666594,165269
1403636907.751666546,165459
1403636907.801666498,165617
1403636907.851666451,165774
1403636907.901666403,165913
1403636907.951666594,166106
1403636908.001666546,166290
1403636908.051666498,166451
1403636908.101666451,166592
1403636908.151666403,166743
1403636908.201666594,166896
1403636908.251666546,167097
1403636908.301666498,167263
1403636908.351666451,167434
1403636908.401666403,167587
1403636908.451666594,167771
1403636908.501666546,167920
1403636908.551666498,168086
1403636908.601666451,168254
1403636908.651666403,168408
1403636908.701666594,168584
1403636908.751666546,168757
1403636908.801666498,168908
1403636908.851666451,169119
1403636908.901666403,169278
1403636908.951666594,169440
1403636909.001666546,169607
1403636909.051666498,169771
1403636909.101666451,169901
1403636909.151666403,170068
1403636909.201666594,170231
1403636909.251666546,170388
1403636909.301666498,170544
1403636909.351666451,170720
1403636909.401666403,170880
1403636909.451666594,171048
1403636909.501666546,171203
1403636909.551666498,171390
1403636909.601666451,171573
1403636909.651666403,171742
1403636909.701666594,171891
1403636909.751666546,172073
1403636909.801666498,172226
1403636909.851666451,172438
1403636909.901666403,172599
1403636909.951666594,172769
1403636910.001666546,172922
1403636910.051666498,173090
1403636910.101666451,173258
1403636910.151666403,173466
1403636910.201666594,173619
1403636910.251666546,173815
1403636910.301666498,173959
1403636910.351666451,174135
1403636910.401666403,174283
1403636910.451666594,174451
1403636910.501666546,174585
1403636910.551666498,174785
1403636910.601666451,174962
1403636910.651666403,175144
1403636910.701666594,175311
1403636910.751666546,175475
1403636910.801666498,175635
1403636910.851666451,175803
1403636910.901666403,175971
1403636910.951666594,176141
1403636911.001666546,176301
1403636911.051666498,176474
1403636911.101666451,176643
1403636911.151666403,176817
1403636911.201666594,176962
1403636911.251666546,177168
1403636911.301666498,177300
1403636911.351666451,177489
1403636911.401666403,177636
1403636911.451666594,177803
1403636911.501666546,177977
1403636911.551666498,178117
1403636911.601666451,178278
1403636911.651666403,178460
1403636911.701666594,178639
1403636911.751666546,178813
1403636911.801666498,178953
1403636911.851666451,179138
1403636911.901666403,179289
1403636911.951666594,179470
1403636912.001666546,179593
1403636912.051666498,179781
1403636912.101666451,179941
1403636912.151666403,180116
1403636912.201666594,180247
1403636912.251666546,180438
1403636912.301666498,180587
1403636912.351666451,180747
1403636912.401666403,180891
1403636912.451666594,181050
1403636912.501666546,181201
1403636912.551666498,181360
1403636912.601666451,181515
1403636912.651666403,181686
1403636912.701666594,181814
1403636912.751666546,182019
1403636912.801666498,182185
1403636912.851666451,182354
1403636912.901666403,182499
1403636912.951666594,182693
1403636913.001666546,182843
1403636913.051666498,183013
1403636913.101666451,183198
1403636913.151666403,183367
1403636913.201666594,183511
1403636913.251666546,183694
1403636913.301666498,183857
1403636913.351666451,184044
1403636913.401666403,184195
1403636913.451666594,184363
1403636913.501666546,184512
1403636913.551666498,184697
1403636913.601666451,184841
1403636913.651666403,184996
1403636913.701666594,185129
1403636913.751666546,185315
1403636913.801666498,185497
1403636913.851666451,185695
1403636913.901666403,185891
1403636913.951666594,186056
1403636914.001666546,186195
1403636914.051666498,186396
1403636914.101666451,186547
1403636914.151666403,186713
1403636914.201666594,186851
1403636914.251666546,187072
1403636914.301666498,187225
1403636914.351666451,187390
1403636914.401666403,187527
1403636914.451666594,187729
1403636914.501666546,187884
1403636914.551666498,188037
1403636914.601666451,188219
1403636914.651666403,188387
1403636914.701666594,188548
1403636914.751666546,188732
1403636914.801666498,188900
1403636914.851666451,189069
1403636914.901666403,189263
1403636914.951666594,189431
1403636915.001666546,189615
1403636915.051666498,189793
1403636915.101666451,189951
1403636915.151666403,190119
1403636915.201666594,190271
1403636915.251666546,190440
1403636915.301666498,190594
1403636915.351666451,190782
1403636915.401666403,190907
1403636915.451666594,191109
1403636915.501666546,191274
1403636915.551666498,191425
1403636915.601666451,191628
1403636915.651666403,191827
1403636915.701666594,191981
1403636915.751666546,192169
1403636915.801666498,192307
1403636915.851666451,192478
1403636915.901666403,192622
1403636915.951666594,192777
1403636916.001666546,192947
1403636916.051666498,193114
1403636916.101666451,193269
1403636916.151666403,193425
1403636916.201666594,193612
1403636916.251666546,193750
1403636916.301666498,193938
1403636916.351666451,194102
1403636916.401666403,194260
1403636916.451666594,194424
1403636916.501666546,194567
1403636916.551666498,194755
1403636916.601666451,194905
1403636916.651666403,195081
1403636916.701666594,195234
1403636916.751666546,195404
1403636916.801666498,195550
1403636916.851666451,195723
1403636916.901666403,195884
1403636916.951666594,196047
1403636917.001666546,196226
1403636917.051666498,196413
1403636917.101666451,196571
1403636917.151666403,196784
1403636917.201666594,196944
1403636917.251666546,197118
1403636917.301666498,197287
1403636917.351666451,197454
1403636917.401666403,197598
1403636917.451666594,197777
1403636917.501666546,197918
1403636917.551666498,198094
1403636917.601666451,198242
1403636917.651666403,198389
1403636917.701666594,198580
1403636917.751666546,198754
1403636917.801666498,198908
1403636917.851666451,199133
1403636917.901666403,199277
1403636917.951666594,199437
1403636918.001666546,199570
1403636918.051666498,199798
1403636918.101666451,199994
1403636918.151666403,200146
1403636918.201666594,200328
1403636918.251666546,200498
1403636918.301666498,200674
1403636918.351666451,200846
1403636918.401666403,200994
1403636918.451666594,201160
1403636918.501666546,201321
1403636918.551666498,201524
1403636918.601666451,201670
1403636918.651666403,201829
1403636918.701666594,201998
1403636918.751666546,202176
1403636918.801666498,202325
1403636918.851666451,202485
1403636918.901666403,202636
1403636918.951666594,202841
1403636919.001666546,202983
1403636919.051666498,203179
1403636919.101666451,203318
1403636919.151666403,203510
1403636919.201666594,203657
1403636919.251666546,203862
1403636919.301666498,204020
1403636919.351666451,204164
1403636919.401666403,204367
1403636919.451666594,204545
1403636919.501666546,204692
1403636919.551666498,204856
1403636919.601666451,205044
1403636919.651666403,205242
1403636919.701666594,205397
1403636919.751666546,205580
1403636919.801666498,205739
1403636919.851666451,205919
1403636919.901666403,206058
1403636919.951666594,206253
1403636920.001666546,206405
1403636920.051666498,206576
1403636920.101666451,206726
1403636920.151666403,206922
1403636920.201666594,207081
1403636920.251666546,207290
1403636920.301666498,207443
1403636920.351666451,207625
1403636920.401666403,207773
1403636920.451666594,207924
1403636920.501666546,208082
1403636920.551666498,208301
1403636920.601666451,208444
1403636920.651666403,208578
1403636920.701666594,208765
1403636920.751666546,208903
1403636920.801666498,209085
1403636920.851666451,209284
1403636920.901666403,209431
1403636920.951666594,209650
1403636921.001666546,209808
1403636921.051666498,209963
1403636921.101666451,210120
1403636921.151666403,210280
1403636921.201666594,210418
1403636921.251666546,210635
1403636921.301666498,210765
1403636921.351666451,210957
1403636921.401666403,211129
1403636921.451666594,211284
1403636921.501666546,211430
1403636921.551666498,211595
1403636921.601666451,211736
1403636921.651666403,211909
1403636921.701666594,212087
1403636921.751666546,212245
1403636921.801666498,212428
1403636921.851666451,212611
1403636921.901666403,212731
1403636921.951666594,212892
1403636922.001666546,213048
1403636922.051666498,213234
1403636922.101666451,213367
1403636922.151666403,213545
1403636922.201666594,213716
1403636922.251666546,213904
1403636922.301666498,214085
1403636922.351666451,214219
1403636922.401666403,214389
1403636922.451666594,214597
1403636922.501666546,214746
1403636922.551666498,214915
1403636922.601666451,215071
1403636922.651666403,215239
1403636922.701666594,215390
1403636922.751666546,215557
1403636922.801666498,215727
1403636922.851666451,215892
1403636922.901666403,216042
1403636922.951666594,216185
1403636923.001666546,216350
1403636923.051666498,216493
1403636923.101666451,216694
1403636923.151666403,216868
1403636923.201666594,217022
1403636923.251666546,217180
1403636923.301666498,217325
1403636923.351666451,217532
1403636923.401666403,217680
1403636923.451666594,217870
1403636923.501666546,218031
1403636923.551666498,218199
1403636923.601666451,218336
1403636923.651666403,218573
1403636923.701666594,218700
1403636923.751666546,218872
1403636923.801666498,219004
1403636923.851666451,219186
1403636923.901666403,219338
1403636923.951666594,219508
1403636924.001666546,219640
1403636924.051666498,219846
1403636924.101666451,219983
1403636924.151666403,220173
1403636924.201666594,220328
1403636924.251666546,220499
1403636924.301666498,220636
1403636924.351666451,220831
1403636924.401666403,220991
1403636924.451666594,221135
1403636924.501666546,221309
1403636924.551666498,221496
1403636924.601666451,221659
1403636924.651666403,221836
1403636924.701666594,221982
1403636924.751666546,222152
1403636924.801666498,222287
1403636924.851666451,222443
1403636924.901666403,222602
1403636924.951666594,222828
1403636925.001666546,222972
1403636925.051666498,223146
1403636925.101666451,223302
1403636925.151666403,223486
1403636925.201666594,223650
1403636925.251666546,223835
1403636925.301666498,223991
1403636925.351666451,224178
1403636925.401666403,224321
1403636925.451666594,224483
1403636925.501666546,224618
1403636925.551666498,224832
1403636925.601666451,225004
1403636925.651666403,225198
1403636925.701666594,225327
1403636925.751666546,225540
1403636925.801666498,225689
1403636925.851666451,225872
1403636925.901666403,226012
1403636925.951666594,226204
1403636926.001666546,226353
1403636926.051666498,226547
1403636926.101666451,226686
1403636926.151666403,226903
1403636926.201666594,227040
1403636926.251666546,227252
1403636926.301666498,227428
1403636926.351666451,227572
1403636926.401666403,227731
1403636926.451666594,227954
1403636926.501666546,228131
1403636926.551666498,228289
1403636926.601666451,228463
1403636926.651666403,228620
1403636926.701666594,228783
1403636926.751666546,228963
1403636926.801666498,229116
1403636926.851666451,229301
1403636926.901666403,229453
1403636926.951666594,229640
1403636927.001666546,229784
1403636927.051666498,230008
1403636927.101666451,230169
1403636927.151666403,230316
1403636927.201666594,230482
1403636927.251666546,230703
1403636927.301666498,230854
1403636927.351666451,231073
1403636927.401666403,231212
1403636927.451666594,231358
1403636927.501666546,231534
1403636927.551666498,231723
1403636927.601666451,231872
1403636927.651666403,232057
1403636927.701666594,232209
1403636927.751666546,232392
1403636927.801666498,232566
1403636927.851666451,232767
1403636927.901666403,232946
1403636927.951666594,233137
1403636928.001666546,233267
1403636928.051666498,233436
1403636928.101666451,233598
1403636928.151666403,233794
1403636928.201666594,233939
1403636928.251666546,234083
1403636928.301666498,234237
1403636928.351666451,234544
1403636928.401666403,234694
1403636928.451666594,234884
1403636928.501666546,235036
1403636928.551666498,235202
1403636928.601666451,235361
1403636928.651666403,235551
1403636928.701666594,235699
1403636928.751666546,235866
1403636928.801666498,236015
1403636928.851666451,236195
1403636928.901666403,236352
1403636928.951666594,236534
1403636929.001666546,236684
1403636929.051666498,236852
1403636929.101666451,237030
1403636929.151666403,237220
1403636929.201666594,237372
1403636929.251666546,237557
1403636929.301666498,237698
1403636929.351666451,237904
1403636929.401666403,238054
1403636929.451666594,238239
1403636929.501666546,238360
1403636929.551666498,238546
1403636929.601666451,238692
1403636929.651666403,238867
1403636929.701666594,239022
1403636929.751666546,239200
1403636929.801666498,239354
1403636929.851666451,239535
1403636929.901666403,239684
1403636929.951666594,239837
1403636930.001666546,240004
1403636930.051666498,240153
1403636930.101666451,240324
1403636930.151666403,240476
1403636930.201666594,240643
1403636930.251666546,240842
1403636930.301666498,240995
1403636930.351666451,241193
1403636930.401666403,241341
1403636930.451666594,241527
1403636930.501666546,241680
1403636930.551666498,241870
1403636930.601666451,242049
1403636930.651666403,242234
1403636930.701666594,242375
1403636930.751666546,242524
1403636930.801666498,242692
1403636930.851666451,242910
1403636930.901666403,243061
1403636930.951666594,243249
1403636931.001666546,243414
1403636931.051666498,243588
1403636931.101666451,243753
1403636931.151666403,243947
1403636931.201666594,244104
1403636931.251666546,244300
1403636931.301666498,244440
1403636931.351666451,244668
1403636931.401666403,244818
1403636931.451666594,245030
1403636931.501666546,245182
1403636931.551666498,245359
1403636931.601666451,245514
1403636931.651666403,245677
1403636931.701666594,245836
1403636931.751666546,246076
1403636931.801666498,246202
1403636931.851666451,246392
1403636931.901666403,246542
1403636931.951666594,246705
1403636932.001666546,246860
1403636932.051666498,247013
1403636932.101666451,247190
1403636932.151666403,247365
1403636932.201666594,247515
1403636932.251666546,247697
1403636932.301666498,247838
1403636932.351666451,248004
1403636932.401666403,248170
1403636932.451666594,248354
1403636932.501666546,248497
1403636932.551666498,248665
1403636932.601666451,248842
1403636932.651666403,249030
1403636932.701666594,249192
1403636932.751666546,249346
1403636932.801666498,249530
1403636932.851666451,249723
1403636932.901666403,249886
1403636932.951666594,250084
1403636933.001666546,250224
1403636933.051666498,250417
1403636933.101666451,250601
1403636933.151666403,250784
1403636933.201666594,250945
1403636933.251666546,251153
1403636933.301666498,251305
1403636933.351666451,251486
1403636933.401666403,251638
1403636933.451666594,251824
1403636933.501666546,251980
1403636933.551666498,252172
1403636933.601666451,252328
1403636933.651666403,252509
1403636933.701666594,252659
1403636933.751666546,252826
1403636933.801666498,252976
1403636933.851666451,253207
1403636933.901666403,253359
1403636933.951666594,253543
1403636934.001666546,253686
1403636934.051666498,253873
1403636934.101666451,254036
1403636934.151666403,254237
1403636934.201666594,254394
1403636934.251666546,254566
1403636934.301666498,254726
1403636934.351666451,254889
1403636934.401666403,255042
1403636934.451666594,255216
1403636934.501666546,255365
1403636934.551666498,255531
1403636934.601666451,255692
1403636934.651666403,255866
1403636934.701666594,256012
1403636934.751666546,256197
1403636934.801666498,256357
1403636934.851666451,256543
1403636934.901666403,256691
1403636934.951666594,256878
1403636935.001666546,257025
1403636935.051666498,257248
1403636935.101666451,257426
1403636935.151666403,257585
1403636935.201666594,257772
1403636935.251666546,257932
1403636935.301666498,258092
1403636935.351666451,258293
1403636935.401666403,258450
1403636935.451666594,258654
1403636935.501666546,258803
1403636935.551666498,258994
1403636935.601666451,259133
1403636935.651666403,259299
1403636935.701666594,259459
1403636935.751666546,259682
1403636935.801666498,259829
1403636935.851666451,260037
1403636935.901666403,260186
1403636935.951666594,260362
1403636936.001666546,260534
1403636936.051666498,260721
1403636936.101666451,260852
1403636936.151666403,261050
1403636936.201666594,261207
1403636936.251666546,261409
1403636936.301666498,261579
1403636936.351666451,261758
1403636936.401666403,261926
1403636936.451666594,262080
1403636936.501666546,262233
1403636936.551666498,262421
1403636936.601666451,262572
1403636936.651666403,262774
1403636936.701666594,262956
1403636936.751666546,263110
1403636936.801666498,263310
1403636936.851666451,263468
1403636936.901666403,263648
1403636936.951666594,263812
1403636937.001666546,263990
1403636937.051666498,264180
1403636937.101666451,264316
1403636937.151666403,264514
1403636937.201666594,264664
1403636937.251666546,264849
1403636937.301666498,265018
1403636937.351666451,265208
1403636937.401666403,265358
1403636937.451666594,265530
1403636937.501666546,265677
1403636937.551666498,265876
1403636937.601666451,266028
1403636937.651666403,266217
1403636937.701666594,266377
1403636937.751666546,266561
1403636937.801666498,266712
1403636937.851666451,266880
1403636937.901666403,267034
1403636937.951666594,267231
1403636938.001666546,267376
1403636938.051666498,267558
1403636938.101666451,267690
1403636938.151666403,267917
1403636938.201666594,268061
1403636938.251666546,268214
1403636938.301666498,268365
1403636938.351666451,268559
1403636938.401666403,268711
1403636938.451666594,268901
1403636938.501666546,269059
1403636938.551666498,269232
1403636938.601666451,269402
1403636938.651666403,269552
1403636938.701666594,269716
1403636938.751666546,269898
1403636938.801666498,270062
1403636938.851666451,270221
1403636938.901666403,270390
1403636938.951666594,270574
1403636939.001666546,270724
1403636939.051666498,270911
1403636939.101666451,271074
1403636939.151666403,271296
1403636939.201666594,271449
1403636939.251666546,271610
1403636939.301666498,271818
1403636939.351666451,272034
1403636939.401666403,272176
1403636939.451666594,272406
1403636939.501666546,272552
1403636939.551666498,272731
1403636939.601666451,272887
1403636939.651666403,273061
1403636939.701666594,273263
1403636939.751666546,273456
1403636939.801666498,273602
1403636939.851666451,273790
1403636939.901666403,273968
1403636939.951666594,274155
1403636940.001666546,274316
1403636940.051666498,274483
1403636940.101666451,274686
1403636940.151666403,274872
1403636940.201666594,275063
1403636940.251666546,275239
1403636940.301666498,275406
1403636940.351666451,275578
1403636940.401666403,275749
1403636940.451666594,275934
1403636940.501666546,276089
1403636940.551666498,276279
1403636940.601666451,276441
1403636940.651666403,276612
1403636940.701666594,276748
1403636940.751666546,276971
1403636940.801666498,277120
1403636940.851666451,277281
1403636940.901666403,277436
1403636940.951666594,277582
1403636941.001666546,277749
1403636941.051666498,277918
1403636941.101666451,278057
1403636941.151666403,278283
1403636941.201666594,278429
1403636941.251666546,278587
1403636941.301666498,278760
1403636941.351666451,278937
1403636941.401666403,279137
1403636941.451666594,279307
1403636941.501666546,279461
1403636941.551666498,279629
1403636941.601666451,279780
1403636941.651666403,279974
1403636941.701666594,280150
1403636941.751666546,280316
1403636941.801666498,280485
1403636941.851666451,280650
1403636941.901666403,280808
1403636941.951666594,281010
1403636942.001666546,281166
1403636942.051666498,281332
1403636942.101666451,281500
1403636942.151666403,281670
1403636942.201666594,281842
1403636942.251666546,282018
1403636942.301666498,282171
1403636942.351666451,282352
1403636942.401666403,282524
1403636942.451666594,282687
1403636942.501666546,282876
1403636942.551666498,283036
1403636942.601666451,283177
1403636942.651666403,283359
1403636942.701666594,283485
1403636942.751666546,283687
1403636942.801666498,283846
1403636942.851666451,284019
1403636942.901666403,284191
1403636942.951666594,284366
1403636943.001666546,284522
1403636943.051666498,284679
1403636943.101666451,284823
1403636943.151666403,285023
1403636943.201666594,285229
1403636943.251666546,285385
1403636943.301666498,285532
1403636943.351666451,285701
1403636943.401666403,285842
1403636943.451666594,286030
1403636943.501666546,286214
1403636943.551666498,286379
1403636943.601666451,286535
1403636943.651666403,286728
1403636943.701666594,286887
1403636943.751666546,287046
1403636943.801666498,287224
1403636943.851666451,287412
1403636943.901666403,287576
1403636943.951666594,287742
1403636944.001666546,287919
1403636944.051666498,288106
1403636944.101666451,288246
1403636944.151666403,288450
1403636944.201666594,288601
1403636944.251666546,288776
1403636944.301666498,288952
1403636944.351666451,289133
1403636944.401666403,289274
1403636944.451666594,289481
1403636944.501666546,289643
1403636944.551666498,289848
1403636944.601666451,290020
1403636944.651666403,290191
1403636944.701666594,290340
1403636944.751666546,290519
1403636944.801666498,290653
1403636944.851666451,290841
1403636944.901666403,290993
1403636944.951666594,291160
1403636945.001666546,291324
1403636945.051666498,291500
1403636945.101666451,291631
1403636945.151666403,291821
1403636945.201666594,291970
1403636945.251666546,292142
1403636945.301666498,292283
1403636945.351666451,292444
1403636945.401666403,292596
1403636945.451666594,292784
1403636945.501666546,292951
1403636945.551666498,293129
1403636945.601666451,293266
1403636945.651666403,293437
1403636945.701666594,293572
1403636945.751666546,293746
1403636945.801666498,293922
1403636945.851666451,294089
1403636945.901666403,294235
1403636945.951666594,294406
1403636946.001666546,294558
1403636946.051666498,294721
1403636946.101666451,294874
1403636946.151666403,295061
1403636946.201666594,295217
1403636946.251666546,295399
1403636946.301666498,295556
1403636946.351666451,295719
1403636946.401666403,295855
1403636946.451666594,296048
1403636946.501666546,296248
1403636946.551666498,296410
1403636946.601666451,296574
1403636946.651666403,296744
1403636946.701666594,296903
1403636946.751666546,297067
1403636946.801666498,297225
1403636946.851666451,297400
1403636946.901666403,297561
1403636946.951666594,297751
1403636947.001666546,297904
1403636947.051666498,298059
1403636947.101666451,298204
1403636947.151666403,298379
1403636947.201666594,298533
1403636947.251666546,298688
1403636947.301666498,298892
1403636947.351666451,299074
1403636947.401666403,299219
1403636947.451666594,299393
1403636947.501666546,299553
1403636947.551666498,299744
1403636947.601666451,299903
1403636947.651666403,300069
1403636947.701666594,300231
1403636947.751666546,300411
1403636947.801666498,300558
1403636947.851666451,300740
1403636947.901666403,300874
1403636947.951666594,301080
1403636948.001666546,301224
1403636948.051666498,301387
1403636948.101666451,301544
1403636948.151666403,301730
1403636948.201666594,301883
1403636948.251666546,302044
1403636948.301666498,302196
1403636948.351666451,302366
1403636948.401666403,302514
1403636948.451666594,302671
1403636948.501666546,302840
1403636948.551666498,303002
1403636948.601666451,303158
1403636948.651666403,303325
1403636948.701666594,303494
1403636948.751666546,303660
1403636948.801666498,303797
1403636948.851666451,303982
1403636948.901666403,304137
1403636948.951666594,304331
1403636949.001666546,304482
1403636949.051666498,304664
1403636949.101666451,304836
1403636949.151666403,305010
1403636949.201666594,305198
1403636949.251666546,305371
1403636949.301666498,305537
1403636949.351666451,305744
1403636949.401666403,305908
1403636949.451666594,306085
1403636949.501666546,306280
1403636949.551666498,306460
1403636949.601666451,306615
1403636949.651666403,306775
1403636949.701666594,306947
1403636949.751666546,307130
1403636949.801666498,307273
1403636949.851666451,307501
1403636949.901666403,307659
1403636949.951666594,307842
1403636950.001666546,307988
1403636950.051666498,308187
1403636950.101666451,308305
1403636950.151666403,308519
1403636950.201666594,308668
1403636950.251666546,308846
1403636950.301666498,308979
1403636950.351666451,309172
1403636950.401666403,309311
1403636950.451666594,309490
1403636950.501666546,309639
1403636950.551666498,309819
1403636950.601666451,309965
1403636950.651666403,310209
1403636950.701666594,310353
1403636950.751666546,310540
1403636950.801666498,310692
1403636950.851666451,310869
1403636950.901666403,311021
1403636950.951666594,311187
1403636951.001666546,311359
1403636951.051666498,311527
1403636951.101666451,311674
1403636951.151666403,311842
1403636951.201666594,311988
1403636951.251666546,312190
1403636951.301666498,312336
1403636951.351666451,312540
1403636951.401666403,312693
1403636951.451666594,312885
1403636951.501666546,313046
1403636951.551666498,313253
1403636951.601666451,313405
1403636951.651666403,313588
1403636951.701666594,313745
1403636951.751666546,313916
1403636951.801666498,314089
1403636951.851666451,314266
1403636951.901666403,314395
1403636951.951666594,314620
1403636952.001666546,314754
1403636952.051666498,314930
1403636952.101666451,315081
1403636952.151666403,315245
1403636952.201666594,315403
1403636952.251666546,315588
1403636952.301666498,315749
1403636952.351666451,315973
1403636952.401666403,316113
1403636952.451666594,316284
1403636952.501666546,316425
1403636952.551666498,316613
1403636952.601666451,316774
1403636952.651666403,316937
1403636952.701666594,317125
1403636952.751666546,317308
1403636952.801666498,317455
1403636952.851666451,317668
1403636952.901666403,317800
1403636952.951666594,318003
1403636953.001666546,318191
1403636953.051666498,318402
1403636953.101666451,318568
1403636953.151666403,318773
1403636953.201666594,318930
1403636953.251666546,319181
1403636953.301666498,319314
1403636953.351666451,319497
1403636953.401666403,319630
1403636953.451666594,319846
1403636953.501666546,319996
1403636953.551666498,320168
1403636953.601666451,320349
1403636953.651666403,320522
1403636953.701666594,320683
1403636953.751666546,320898
1403636953.801666498,321060
1403636953.851666451,321234
1403636953.901666403,321427
1403636953.951666594,321637
1403636954.001666546,321792
1403636954.051666498,321975
1403636954.101666451,322124
1403636954.151666403,322304
1403636954.201666594,322471
1403636954.251666546,322656
1403636954.301666498,322814
1403636954.351666451,323022
1403636954.401666403,323166
1403636954.451666594,323351
1403636954.501666546,323517
1403636954.551666498,323702
1403636954.601666451,323856
1403636954.651666403,324094
1403636954.701666594,324235
1403636954.751666546,324401
1403636954.801666498,324572
1403636954.851666451,324781
1403636954.901666403,324939
1403636954.951666594,325106
1403636955.001666546,325250
1403636955.051666498,325421
1403636955.101666451,325597
1403636955.151666403,325790
1403636955.201666594,325933
1403636955.251666546,326118
1403636955.301666498,326269
1403636955.351666451,326449
1403636955.401666403,326582
1403636955.451666594,326760
1403636955.501666546,326904
1403636955.551666498,327109
1403636955.601666451,327268
1403636955.651666403,327445
1403636955.701666594,327624
1403636955.751666546,327832
1403636955.801666498,327987
1403636955.851666451,328196
1403636955.901666403,328352
1403636955.951666594,328542
1403636956.001666546,328703
1403636956.051666498,328892
1403636956.101666451,329044
1403636956.151666403,329236
1403636956.201666594,329393
1403636956.251666546,329569
1403636956.301666498,329722
1403636956.351666451,329924
1403636956.401666403,330074
1403636956.451666594,330265
1403636956.501666546,330426
1403636956.551666498,330605
1403636956.601666451,330757
1403636956.651666403,330924
1403636956.701666594,331069
1403636956.751666546,331234
1403636956.801666498,331373
1403636956.851666451,331585
1403636956.901666403,331742
1403636956.951666594,331929
1403636957.001666546,332071
1403636957.051666498,332257
1403636957.101666451,332409
1403636957.151666403,332594
1403636957.201666594,332736
1403636957.251666546,332928
1403636957.301666498,333094
1403636957.351666451,333275
1403636957.401666403,333428
1403636957.451666594,333594
1403636957.501666546,333762
1403636957.551666498,333924
1403636957.601666451,334100
1403636957.651666403,334312
1403636957.701666594,334444
1403636957.751666546,334678
1403636957.801666498,334816
1403636957.851666451,335023
1403636957.901666403,335175
1403636957.951666594,335370
1403636958.001666546,335527
1403636958.051666498,335729
1403636958.101666451,335881
1403636958.151666403,336036
1403636958.201666594,336188
1403636958.251666546,336369
1403636958.301666498,336520
1403636958.351666451,336708
1403636958.401666403,336853
1403636958.451666594,337026
1403636958.501666546,337184
1403636958.551666498,337393
1403636958.601666451,337552
1403636958.651666403,337707
1403636958.701666594,337869
1403636958.751666546,338070
1403636958.801666498,338244
1403636958.851666451,338450
1403636958.901666403,338600
1403636958.951666594,338782
1403636959.001666546,338931
1403636959.051666498,339116
1403636959.101666451,339253
1403636959.151666403,339457
1403636959.201666594,339604
1403636959.251666546,339778
1403636959.301666498,339938
1403636959.351666451,340127
1403636959.401666403,340275
1403636959.451666594,340425
1403636959.501666546,340627
1403636959.551666498,340812
1403636959.601666451,340958
1403636959.651666403,341141
1403636959.701666594,341293
1403636959.751666546,341475
1403636959.801666498,341615
1403636959.851666451,341790
1403636959.901666403,341919
1403636959.951666594,342110
1403636960.001666546,342253
1403636960.051666498,342434
1403636960.101666451,342588
1403636960.151666403,342781
1403636960.201666594,342914
1403636960.251666546,343112
1403636960.301666498,343260
1403636960.351666451,343450
1403636960.401666403,343575
1403636960.451666594,343763
1403636960.501666546,343912
1403636960.551666498,344092
1403636960.601666451,344248
1403636960.651666403,344435
1403636960.701666594,344579
1403636960.751666546,344762
1403636960.801666498,344888
1403636960.851666451,345108
1403636960.901666403,345260
1403636960.951666594,345460
1403636961.001666546,345597
1403636961.051666498,345791
1403636961.101666451,345927
1403636961.151666403,346110
1403636961.201666594,346259
1403636961.251666546,346428
1403636961.301666498,346562
1403636961.351666451,346724
1403636961.401666403,346901
1403636961.451666594,347101
1403636961.501666546,347281
1403636961.551666498,347428
1403636961.601666451,347621
1403636961.651666403,347817
1403636961.701666594,347965
1403636961.751666546,348148
1403636961.801666498,348296
1403636961.851666451,348488
1403636961.901666403,348630
1403636961.951666594,348802
1403636962.001666546,348956
1403636962.051666498,349145
1403636962.101666451,349322
1403636962.151666403,349520
1403636962.201666594,349669
1403636962.251666546,349839
1403636962.301666498,350018
1403636962.351666451,350208
1403636962.401666403,350374
1403636962.451666594,350558
1403636962.501666546,350721
1403636962.551666498,350926
1403636962.601666451,351081
1403636962.651666403,351245
1403636962.701666594,351393
1403636962.751666546,351579
1403636962.801666498,351721
1403636962.851666451,351908
1403636962.901666403,352082
1403636962.951666594,352266
1403636963.001666546,352421
1403636963.051666498,352623
1403636963.101666451,352776
1403636963.151666403,352977
1403636963.201666594,353117
1403636963.251666546,353299
1403636963.301666498,353461
1403636963.351666451,353630
1403636963.401666403,353801
1403636963.451666594,353964
1403636963.501666546,354123
1403636963.551666498,354319
1403636963.601666451,354481
1403636963.651666403,354648
1403636963.701666594,354817
1403636963.751666546,355003
1403636963.801666498,355201
1403636963.851666451,355411
1403636963.901666403,355565
1403636963.951666594,355740
1403636964.001666546,355925
1403636964.051666498,356133
1403636964.101666451,356286
1403636964.151666403,356454
1403636964.201666594,356645
1403636964.251666546,356848
1403636964.301666498,357009
1403636964.351666451,357215
1403636964.401666403,357386
1403636964.451666594,357575
1403636964.501666546,357733
1403636964.551666498,357922
1403636964.601666451,358081
1403636964.651666403,358276
1403636964.701666594,358427
1403636964.751666546,358600
1403636964.801666498,358767
1403636964.851666451,358967
1403636964.901666403,359119
1403636964.951666594,359292
1403636965.001666546,359443
1403636965.051666498,359669
1403636965.101666451,359811
1403636965.151666403,360010
1403636965.201666594,360159
1403636965.251666546,360349
1403636965.301666498,360497
1403636965.351666451,360687
1403636965.401666403,360835
1403636965.451666594,361018
1403636965.501666546,361202
1403636965.551666498,361391
1403636965.601666451,361538
1403636965.651666403,361719
1403636965.701666594,361870
1403636965.751666546,362059
1403636965.801666498,362204
1403636965.851666451,362395
1403636965.901666403,362544
1403636965.951666594,362742
1403636966.001666546,362888
1403636966.051666498,363079
1403636966.101666451,363243
1403636966.151666403,363410
1403636966.201666594,363561
1403636966.251666546,363753
1403636966.301666498,363908
1403636966.351666451,364080
1403636966.401666403,364231
1403636966.451666594,364436
1403636966.501666546,364587
1403636966.551666498,364767
1403636966.601666451,364914
1403636966.651666403,365114
1403636966.701666594,365250
1403636966.751666546,365445
1403636966.801666498,365615
1403636966.851666451,365806
1403636966.901666403,365956
1403636966.951666594,366145
1403636967.001666546,366296
1403636967.051666498,366463
1403636967.101666451,366636
1403636967.151666403,366839
1403636967.201666594,366976
1403636967.251666546,367191
1403636967.301666498,367348
1403636967.351666451,367544
1403636967.401666403,367703
1403636967.451666594,367870
1403636967.501666546,368020
1403636967.551666498,368244
1403636967.601666451,368396
1403636967.651666403,368587
1403636967.701666594,368723
1403636967.751666546,368925
1403636967.801666498,369072
1403636967.851666451,369257
1403636967.901666403,369464
1403636967.951666594,369631
1403636968.001666546,369849
1403636968.051666498,370013
1403636968.101666451,370192
1403636968.151666403,370377
1403636968.201666594,370531
1403636968.251666546,370733
1403636968.301666498,370888
1403636968.351666451,371049
1403636968.401666403,371229
1403636968.451666594,371407
1403636968.501666546,371552
1403636968.551666498,371722
1403636968.601666451,371891
1403636968.651666403,372075
1403636968.701666594,372235
1403636968.751666546,372445
1403636968.801666498,372605
1403636968.851666451,372797
1403636968.901666403,372956
1403636968.951666594,373131
1403636969.001666546,373273
1403636969.051666498,373453
1403636969.101666451,373627
1403636969.151666403,373792
1403636969.201666594,373950
1403636969.251666546,374162
1403636969.301666498,374315
1403636969.351666451,374526
1403636969.401666403,374676
1403636969.451666594,374838
1403636969.501666546,375017
1403636969.551666498,375222
1403636969.601666451,375364
1403636969.651666403,375555
1403636969.701666594,375685
1403636969.751666546,375897
1403636969.801666498,376053
1403636969.851666451,376263
1403636969.901666403,376490
1403636969.951666594,376693
1403636970.001666546,376840
1403636970.051666498,377002
1403636970.101666451,377195
1403636970.151666403,377411
1403636970.201666594,377546
1403636970.251666546,377773
1403636970.301666498,377916
1403636970.351666451,378129
1403636970.401666403,378274
1403636970.451666594,378467
1403636970.501666546,378613
1403636970.551666498,378813
1403636970.601666451,379000
1403636970.651666403,379179
1403636970.701666594,379339
1403636970.751666546,379540
1403636970.801666498,379676
1403636970.851666451,379889
1403636970.901666403,380045
1403636970.951666594,380236
1403636971.001666546,380386
1403636971.051666498,380547
1403636971.101666451,380701
1403636971.151666403,380876
1403636971.201666594,381032
1403636971.251666546,381200
1403636971.301666498,381371
1403636971.351666451,381554
1403636971.401666403,381709
1403636971.451666594,381897
1403636971.501666546,382046
1403636971.551666498,382231
1403636971.601666451,382366
1403636971.651666403,382586
1403636971.701666594,382733
1403636971.751666546,382901
1403636971.801666498,383059
1403636971.851666451,383255
1403636971.901666403,383407
1403636971.951666594,383628
1403636972.001666546,383765
1403636972.051666498,383989
1403636972.101666451,384140
1403636972.151666403,384311
1403636972.201666594,384466
1403636972.251666546,384639
1403636972.301666498,384793
1403636972.351666451,384969
1403636972.401666403,385102
1403636972.451666594,385338
1403636972.501666546,385495
1403636972.551666498,385679
1403636972.601666451,385837
1403636972.651666403,385993
1403636972.701666594,386137
1403636972.751666546,386335
1403636972.801666498,386496
1403636972.851666451,386676
1403636972.901666403,386843
1403636972.951666594,387025
1403636973.001666546,387145
1403636973.051666498,387345
1403636973.101666451,387503
1403636973.151666403,387722
1403636973.201666594,387849
1403636973.251666546,388038
1403636973.301666498,388215
1403636973.351666451,388385
1403636973.401666403,388578
1403636973.451666594,388761
1403636973.501666546,388912
1403636973.551666498,389115
1403636973.601666451,389272
1403636973.651666403,389463
1403636973.701666594,389624
1403636973.751666546,389817
1403636973.801666498,389982
1403636973.851666451,390192
1403636973.901666403,390368
1403636973.951666594,390567
1403636974.001666546,390704
1403636974.051666498,390911
1403636974.101666451,391059
1403636974.151666403,391285
1403636974.201666594,391445
1403636974.251666546,391629
1403636974.301666498,391807
1403636974.351666451,392006
1403636974.401666403,392157
1403636974.451666594,392349
1403636974.501666546,392505
1403636974.551666498,392691
1403636974.601666451,392840
1403636974.651666403,393086
1403636974.701666594,393217
1403636974.751666546,393437
1403636974.801666498,393583
1403636974.851666451,393726
1403636974.901666403,393900
1403636974.951666594,394148
1403636975.001666546,394305
1403636975.051666498,394501
1403636975.101666451,394674
1403636975.151666403,394893
1403636975.201666594,395043
1403636975.251666546,395253
1403636975.301666498,395397
1403636975.351666451,395605
1403636975.401666403,395766
1403636975.451666594,395950
1403636975.501666546,396093
1403636975.551666498,396269
1403636975.601666451,396427
1403636975.651666403,396612
1403636975.701666594,396758
1403636975.751666546,396959
1403636975.801666498,397107
1403636975.851666451,397290
1403636975.901666403,397423
1403636975.951666594,397634
1403636976.001666546,397784
1403636976.051666498,397958
1403636976.101666451,398133
1403636976.151666403,398355
1403636976.201666594,398485
1403636976.251666546,398665
1403636976.301666498,398820
1403636976.351666451,398996
1403636976.401666403,399160
1403636976.451666594,399365
1403636976.501666546,399508
1403636976.551666498,399707
1403636976.601666451,399839
1403636976.651666403,400034
1403636976.701666594,400187
1403636976.751666546,400369
1403636976.801666498,400521
1403636976.851666451,400745
1403636976.901666403,400892
1403636976.951666594,401098
1403636977.001666546,401239
1403636977.051666498,401432
1403636977.101666451,401587
1403636977.151666403,401733
1403636977.201666594,401922
1403636977.251666546,402116
1403636977.301666498,402262
1403636977.351666451,402442
1403636977.401666403,402593
1403636977.451666594,402781
1403636977.501666546,402929
1403636977.551666498,403122
1403636977.601666451,403261
1403636977.651666403,403476
1403636977.701666594,403626
1403636977.751666546,403797
1403636977.801666498,403977
1403636977.851666451,404168
1403636977.901666403,404307
1403636977.951666594,404544
1403636978.001666546,404695
1403636978.051666498,404888
1403636978.101666451,405021
1403636978.151666403,405244
1403636978.201666594,405423
1403636978.251666546,405588
1403636978.301666498,405755
1403636978.351666451,405976
1403636978.401666403,406113
1403636978.451666594,406308
1403636978.501666546,406481
1403636978.551666498,406684
1403636978.601666451,406858
1403636978.651666403,407048
1403636978.701666594,407198
1403636978.751666546,407396
1403636978.801666498,407530
1403636978.851666451,407749
1403636978.901666403,407894
1403636978.951666594,408053
1403636979.001666546,408216
1403636979.051666498,408383
1403636979.101666451,408536
1403636979.151666403,408715
1403636979.201666594,408880
1403636979.251666546,409065
1403636979.301666498,409218
1403636979.351666451,409436
1403636979.401666403,409589
1403636979.451666594,409794
1403636979.501666546,409943
1403636979.551666498,410146
1403636979.601666451,410279
1403636979.651666403,410470
1403636979.701666594,410621
1403636979.751666546,410803
1403636979.801666498,410942
1403636979.851666451,411164
1403636979.901666403,411320
1403636979.951666594,411503
1403636980.001666546,411651
1403636980.051666498,411829
1403636980.101666451,411987
1403636980.151666403,412173
1403636980.201666594,412322
1403636980.251666546,412512
1403636980.301666498,412661
1403636980.351666451,412831
1403636980.401666403,412992
1403636980.451666594,413154
1403636980.501666546,413321
1403636980.551666498,413508
1403636980.601666451,413639
1403636980.651666403,413840
1403636980.701666594,413995
1403636980.751666546,414185
1403636980.801666498,414330
1403636980.851666451,414501
1403636980.901666403,414682
1403636980.951666594,414863
1403636981.001666546,415006
1403636981.051666498,415160
1403636981.101666451,415348
1403636981.151666403,415537
1403636981.201666594,415689
1403636981.251666546,415851
1403636981.301666498,416035
1403636981.351666451,416231
1403636981.401666403,416386
1403636981.451666594,416589
1403636981.501666546,416724
1403636981.551666498,416897
1403636981.601666451,417059
1403636981.651666403,417248
1403636981.701666594,417390
1403636981.751666546,417572
1403636981.801666498,417724
1403636981.851666451,417920
1403636981.901666403,418064
1403636981.951666594,418230
1403636982.001666546,418404
1403636982.051666498,418574
1403636982.101666451,418732
1403636982.151666403,418916
1403636982.201666594,419076
1403636982.251666546,419256
1403636982.301666498,419405
1403636982.351666451,419572
1403636982.401666403,419723
1403636982.451666594,419889
1403636982.501666546,420059
1403636982.551666498,420243
1403636982.601666451,420419
1403636982.651666403,420583
1403636982.701666594,420746
1403636982.751666546,420925
1403636982.801666498,421107
1403636982.851666451,421263
1403636982.901666403,421457
1403636982.951666594,421627
1403636983.001666546,421781
1403636983.051666498,421951
1403636983.101666451,422114
1403636983.151666403,422285
1403636983.201666594,422446
1403636983.251666546,422605
1403636983.301666498,422766
1403636983.351666451,422968
1403636983.401666403,423104
1403636983.451666594,423271
1403636983.501666546,423432
1403636983.551666498,423593
1403636983.601666451,423753
1403636983.651666403,423914
1403636983.701666594,424063
1403636983.751666546,424235
1403636983.801666498,424378
1403636983.851666451,424563
1403636983.901666403,424772
1403636983.951666594,424938
1403636984.001666546,425075
1403636984.051666498,425264
1403636984.101666451,425412
1403636984.151666403,425592
1403636984.201666594,425755
1403636984.251666546,425933
1403636984.301666498,426089
1403636984.351666451,426255
1403636984.401666403,426428
1403636984.451666594,426593
1403636984.501666546,426754
1403636984.551666498,426930
1403636984.601666451,427078
1403636984.651666403,427276
1403636984.701666594,427429
1403636984.751666546,427590
1403636984.801666498,427750
1403636984.851666451,427918
1403636984.901666403,428070
1403636984.951666594,428256
1403636985.001666546,428419
1403636985.051666498,428601
1403636985.101666451,428768
1403636985.151666403,428940
1403636985.201666594,429103
1403636985.251666546,429261
1403636985.301666498,429424
1403636985.351666451,429578
1403636985.401666403,429721
1403636985.451666594,429891
1403636985.501666546,430035
1403636985.551666498,430211
1403636985.601666451,430415
1403636985.651666403,430585
1403636985.701666594,430738
1403636985.751666546,430888
1403636985.801666498,431052
1403636985.851666451,431222
1403636985.901666403,431381
1403636985.951666594,431576
1403636986.001666546,431717
1403636986.051666498,431906
1403636986.101666451,432060
1403636986.151666403,432258
1403636986.201666594,432407
1403636986.251666546,432565
1403636986.301666498,432726
1403636986.351666451,432893
1403636986.401666403,433084
1403636986.451666594,433267
1403636986.501666546,433412
1403636986.551666498,433578
1403636986.601666451,433732
1403636986.651666403,433926
1403636986.701666594,434075
1403636986.751666546,434228
1403636986.801666498,434383
1403636986.851666451,434550
1403636986.901666403,434708
1403636986.951666594,434916
1403636987.001666546,435063
1403636987.051666498,435255
1403636987.101666451,435399
1403636987.151666403,435541
1403636987.201666594,435722
1403636987.251666546,435898
1403636987.301666498,436050
1403636987.351666451,436255
1403636987.401666403,436406
1403636987.451666594,436574
1403636987.501666546,436749
1403636987.551666498,436964
1403636987.601666451,437127
1403636987.651666403,437316
1403636987.701666594,437475
1403636987.751666546,437625
1403636987.801666498,437809
1403636987.851666451,437973
1403636987.901666403,438124
1403636987.951666594,438331
1403636988.001666546,438500
1403636988.051666498,438665
1403636988.101666451,438822
1403636988.151666403,439009
1403636988.201666594,439147
1403636988.251666546,439376
1403636988.301666498,439529
1403636988.351666451,439722
1403636988.401666403,439881
1403636988.451666594,440076
1403636988.501666546,440217
1403636988.551666498,440454
1403636988.601666451,440608
1403636988.651666403,440745
1403636988.701666594,440924
1403636988.751666546,441088
1403636988.801666498,441264
1403636988.851666451,441445
1403636988.901666403,441610
1403636988.951666594,441823
1403636989.001666546,441965
1403636989.051666498,442173
1403636989.101666451,442353
1403636989.151666403,442547
1403636989.201666594,442699
1403636989.251666546,442896
1403636989.301666498,443055
1403636989.351666451,443252
1403636989.401666403,443411
1403636989.451666594,443620
1403636989.501666546,443785
1403636989.551666498,443980
1403636989.601666451,444124
1403636989.651666403,444330
1403636989.701666594,444477
1403636989.751666546,444656
1403636989.801666498,444803
1403636989.851666451,444990
1403636989.901666403,445137
1403636989.951666594,445321
1403636990.001666546,445500
1403636990.051666498,445696
1403636990.101666451,445845
1403636990.151666403,446030
1403636990.201666594,446170
1403636990.251666546,446338
1403636990.301666498,446518
1403636990.351666451,446709
1403636990.401666403,446846
1403636990.451666594,447061
1403636990.501666546,447218
1403636990.551666498,447432
1403636990.601666451,447587
1403636990.651666403,447762
1403636990.701666594,447974
1403636990.751666546,448163
1403636990.801666498,448312
1403636990.851666451,448490
1403636990.901666403,448642
1403636990.951666594,448840
1403636991.001666546,448984
1403636991.051666498,449198
1403636991.101666451,449354
1403636991.151666403,449561
1403636991.201666594,449740
1403636991.251666546,449877
1403636991.301666498,450040
1403636991.351666451,450231
1403636991.401666403,450369
1403636991.451666594,450557
1403636991.501666546,450742
1403636991.551666498,450938
1403636991.601666451,451099
1403636991.651666403,451296
1403636991.701666594,451448
1403636991.751666546,451648
1403636991.801666498,451796
1403636991.851666451,451999
1403636991.901666403,452155
1403636991.951666594,452345
1403636992.001666546,452496
1403636992.051666498,452723
1403636992.101666451,452877
1403636992.151666403,453068
1403636992.201666594,453225
1403636992.251666546,453424
1403636992.301666498,453581
1403636992.351666451,453784
1403636992.401666403,453935
1403636992.451666594,454117
1403636992.501666546,454270
1403636992.551666498,454488
1403636992.601666451,454627
1403636992.651666403,454818
1403636992.701666594,454985
1403636992.751666546,455125
1403636992.801666498,455319
1403636992.851666451,455471
1403636992.901666403,455662
1403636992.951666594,455863
1403636993.001666546,455998
1403636993.051666498,456240
1403636993.101666451,456382
1403636993.151666403,456585
1403636993.201666594,456719
1403636993.251666546,456931
1403636993.301666498,457056
1403636993.351666451,457301
1403636993.401666403,457451
1403636993.451666594,457648
1403636993.501666546,457784
1403636993.551666498,458000
1403636993.601666451,458137
1403636993.651666403,458362
1403636993.701666594,458506
1403636993.751666546,458716
1403636993.801666498,458866
1403636993.851666451,459018
1403636993.901666403,459205
1403636993.951666594,459362
1403636994.001666546,459539
1403636994.051666498,459737
1403636994.101666451,459892
1403636994.151666403,460081
1403636994.201666594,460219
1403636994.251666546,460421
1403636994.301666498,460585
1403636994.351666451,460724
1403636994.401666403,460902
1403636994.451666594,461082
1403636994.501666546,461225
1403636994.551666498,461421
1403636994.601666451,461559
1403636994.651666403,461742
1403636994.701666594,461904
1403636994.751666546,462122
1403636994.801666498,462255
1403636994.851666451,462479
1403636994.901666403,462629
1403636994.951666594,462799
1403636995.001666546,462950
1403636995.051666498,463125
1403636995.101666451,463279
1403636995.151666403,463468
1403636995.201666594,463620
1403636995.251666546,463837
1403636995.301666498,464011
1403636995.351666451,464164
1403636995.401666403,464346
1403636995.451666594,464537
1403636995.501666546,464691
1403636995.551666498,464885
1403636995.601666451,465023
1403636995.651666403,465190
1403636995.701666594,465358
1403636995.751666546,465562
1403636995.801666498,465734
1403636995.851666451,465876
1403636995.901666403,466042
1403636995.951666594,466233
1403636996.001666546,466390
1403636996.051666498,466577
1403636996.101666451,466733
1403636996.151666403,466944
1403636996.201666594,467072
1403636996.251666546,467278
1403636996.301666498,467415
1403636996.351666451,467608
1403636996.401666403,467766
1403636996.451666594,467958
1403636996.501666546,468125
1403636996.551666498,468331
1403636996.601666451,468503
1403636996.651666403,468726
1403636996.701666594,468880
1403636996.751666546,469062
1403636996.801666498,469195
1403636996.851666451,469404
1403636996.901666403,469555
1403636996.951666594,469794
1403636997.001666546,469932
1403636997.051666498,470121
1403636997.101666451,470292
1403636997.151666403,470514
1403636997.201666594,470655
1403636997.251666546,470874
1403636997.301666498,471010
1403636997.351666451,471202
1403636997.401666403,471355
1403636997.451666594,471607
1403636997.501666546,471769
1403636997.551666498,471955
1403636997.601666451,472103
1403636997.651666403,472244
1403636997.701666594,472420
1403636997.751666546,472613
1403636997.801666498,472775
1403636997.851666451,472935
1403636997.901666403,473137
1403636997.951666594,473325
1403636998.001666546,473475
1403636998.051666498,473634
1403636998.101666451,473835
1403636998.151666403,474026
1403636998.201666594,474173
1403636998.251666546,474369
1403636998.301666498,474520
1403636998.351666451,474695
1403636998.401666403,474850
1403636998.451666594,475038
1403636998.501666546,475171
1403636998.551666498,475362
1403636998.601666451,475541
1403636998.651666403,475745
1403636998.701666594,475897
1403636998.751666546,476071
1403636998.801666498,476223
1403636998.851666451,476355
1403636998.901666403,476513
1403636998.951666594,476706
1403636999.001666546,476867
1403636999.051666498,477043
1403636999.101666451,477211
1403636999.151666403,477387
1403636999.201666594,477529
1403636999.251666546,477738
1403636999.301666498,477895
1403636999.351666451,478074
1403636999.401666403,478233
1403636999.451666594,478430
1403636999.501666546,478595
1403636999.551666498,478793
1403636999.601666451,478931
1403636999.651666403,479169
1403636999.701666594,479320
1403636999.751666546,479458
1403636999.801666498,479637
1403636999.851666451,479819
1403636999.901666403,479952
1403636999.951666594,480144
1403637000.001666546,480356
1403637000.051666498,480557
1403637000.101666451,480715
1403637000.151666403,480947
1403637000.201666594,481103
1403637000.251666546,481325
1403637000.301666498,481479
1403637000.351666451,481698
1403637000.401666403,481834
1403637000.451666594,482049
1403637000.501666546,482208
1403637000.551666498,482413
1403637000.601666451,482573
1403637000.651666403,482783
1403637000.701666594,482932
1403637000.751666546,483086
1403637000.801666498,483266
1403637000.851666451,483482
1403637000.901666403,483642
1403637000.951666594,483832
1403637001.001666546,483967
1403637001.051666498,484183
1403637001.101666451,484345
1403637001.151666403,484567
1403637001.201666594,484705
1403637001.251666546,484912
1403637001.301666498,485095
1403637001.351666451,485290
1403637001.401666403,485445
1403637001.451666594,485596
1403637001.501666546,485850
1403637001.551666498,486031
1403637001.601666451,486173
1403637001.651666403,486383
1403637001.701666594,486542
1403637001.751666546,486723
1403637001.801666498,486879
1403637001.851666451,487039
1403637001.901666403,487241
1403637001.951666594,487434
1403637002.001666546,487593
1403637002.051666498,487770
1403637002.101666451,487928
1403637002.151666403,488096
1403637002.201666594,488304
1403637002.251666546,488491
1403637002.301666498,488634
1403637002.351666451,488802
1403637002.401666403,488950
1403637002.451666594,489144
1403637002.501666546,489298
1403637002.551666498,489492
1403637002.601666451,489660
1403637002.651666403,489857
1403637002.701666594,489983
1403637002.751666546,490189
1403637002.801666498,490352
1403637002.851666451,490515
1403637002.901666403,490722
1403637002.951666594,490922
1403637003.001666546,491062
1403637003.051666498,491265
1403637003.101666451,491430
1403637003.151666403,491564
1403637003.201666594,491730
1403637003.251666546,491952
1403637003.301666498,492104
1403637003.351666451,492317
1403637003.401666403,492470
1403637003.451666594,492635
1403637003.501666546,492807
1403637003.551666498,492978
1403637003.601666451,493138
1403637003.651666403,493369
1403637003.701666594,493522
1403637003.751666546,493694
1403637003.801666498,493848
1403637003.851666451,494032
1403637003.901666403,494170
1403637003.951666594,494364
1403637004.001666546,494521
1403637004.051666498,494653
1403637004.101666451,494858
1403637004.151666403,495016
1403637004.201666594,495246
1403637004.251666546,495466
1403637004.301666498,495603
1403637004.351666451,495809
1403637004.401666403,495959
1403637004.451666594,496156
1403637004.501666546,496291
1403637004.551666498,496497
1403637004.601666451,496645
1403637004.651666403,496793
1403637004.701666594,496952
1403637004.751666546,497163
1403637004.801666498,497323
1403637004.851666451,497503
1403637004.901666403,497660
1403637004.951666594,497825
1403637005.001666546,497960
1403637005.051666498,498137
1403637005.101666451,498297
1403637005.151666403,498466
1403637005.201666594,498617
1403637005.251666546,498804
1403637005.301666498,498954
1403637005.351666451,499143
1403637005.401666403,499275
1403637005.451666594,499478
1403637005.501666546,499617
1403637005.551666498,499817
1403637005.601666451,499953
1403637005.651666403,500170
1403637005.701666594,500347
1403637005.751666546,500539
1403637005.801666498,500682
1403637005.851666451,500889
1403637005.901666403,501039
1403637005.951666594,501230
1403637006.001666546,501386
1403637006.051666498,501542
1403637006.101666451,501718
1403637006.151666403,501911
1403637006.201666594,502065
1403637006.251666546,502246
1403637006.301666498,502417
1403637006.351666451,502563
1403637006.401666403,502722
1403637006.451666594,502959
1403637006.501666546,503142
1403637006.551666498,503336
1403637006.601666451,503461
1403637006.651666403,503623
1403637006.701666594,503778
1403637006.751666546,503958
1403637006.801666498,504103
1403637006.851666451,504283
1403637006.901666403,504425
1403637006.951666594,504643
1403637007.001666546,504808
1403637007.051666498,505006
1403637007.101666451,505153
1403637007.151666403,505319
1403637007.201666594,505478
1403637007.251666546,505681
1403637007.301666498,505828
1403637007.351666451,506016
1403637007.401666403,506167
1403637007.451666594,506334
1403637007.501666546,506494
1403637007.551666498,506688
1403637007.601666451,506848
1403637007.651666403,507012
1403637007.701666594,507164
1403637007.751666546,507391
1403637007.801666498,507511
1403637007.851666451,507735
1403637007.901666403,507888
1403637007.951666594,508076
1403637008.001666546,508260
1403637008.051666498,508400
1403637008.101666451,508568
1403637008.151666403,508775
1403637008.201666594,508922
1403637008.251666546,509116
1403637008.301666498,509269
1403637008.351666451,509478
1403637008.401666403,509603
1403637008.451666594,509828
1403637008.501666546,509984
1403637008.551666498,510180
1403637008.601666451,510308
1403637008.651666403,510529
1403637008.701666594,510708
1403637008.751666546,510855
1403637008.801666498,511036
1403637008.851666451,511229
1403637008.901666403,511354
1403637008.951666594,511561
1403637009.001666546,511698
1403637009.051666498,511912
1403637009.101666451,512059
1403637009.151666403,512241
1403637009.201666594,512432
1403637009.251666546,512640
1403637009.301666498,512797
1403637009.351666451,512958
1403637009.401666403,513159
1403637009.451666594,513331
1403637009.501666546,513528
1403637009.551666498,513700
1403637009.601666451,513859
1403637009.651666403,514016
1403637009.701666594,514168
1403637009.751666546,514362
1403637009.801666498,514514
1403637009.851666451,514747
1403637009.901666403,514888
1403637009.951666594,515093
1403637010.001666546,515244
1403637010.051666498,515421
1403637010.101666451,515571
1403637010.151666403,515721
1403637010.201666594,515897
1403637010.251666546,516060
1403637010.301666498,516234
1403637010.351666451,516425
1403637010.401666403,516563
1403637010.451666594,516726
1403637010.501666546,516878
1403637010.551666498,517080
1403637010.601666451,517230
