1403637130.538319111,4.36329
1403637130.588319063,5.01197
1403637130.638319016,3.49139
1403637130.688318968,3.26135
1403637130.73831892,5.67609
1403637130.788319111,16.406
1403637130.838319063,8.86175
1403637130.888319016,9.42364
1403637130.938318968,10.7604
1403637130.98831892,8.53338
1403637131.038319111,11.8685
1403637131.088319063,11.6107
1403637131.138319016,11.8189
1403637131.188318968,11.4043
1403637131.23831892,10.7165
1403637131.288319111,7.62886
1403637131.338319063,8.50994
1403637131.388319016,9.49188
1403637131.438318968,8.85371
1403637131.48831892,12.2059
1403637131.538319111,11.9532
1403637131.588319063,10.9143
1403637131.638319016,9.51495
1403637131.688318968,10.1029
1403637131.73831892,12.6133
1403637131.788319111,10.8685
1403637131.838319063,12.9639
1403637131.888319016,13.1043
1403637131.938318968,12.7887
1403637131.98831892,9.65381
1403637132.038319111,9.99516
1403637132.088319063,8.69383
1403637132.138319016,11.8633
1403637132.188318968,9.79338
1403637132.23831892,11.357
1403637132.288319111,11.8967
1403637132.338319063,9.53166
1403637132.388319016,10.958
1403637132.438318968,8.54434
1403637132.48831892,11.7899
1403637132.538319111,9.52438
1403637132.588319063,8.89528
1403637132.638319016,11.6191
1403637132.688318968,13.6033
1403637132.73831892,10.6439
1403637132.788319111,9.45569
1403637132.838319063,10.9022
1403637132.888319016,8.60171
1403637132.938318968,12.6162
1403637132.98831892,10.3117
1403637133.038319111,9.99943
1403637133.088319063,10.2636
1403637133.138319016,11.5021
1403637133.188318968,11.3632
1403637133.23831892,9.97368
1403637133.288319111,12.3607
1403637133.338319063,8.56607
1403637133.388319016,12.4937
1403637133.438318968,12.4363
1403637133.48831892,12.1119
1403637133.538319111,11.9777
1403637133.588319063,9.46055
1403637133.638319016,11.4355
1403637133.688318968,9.25607
1403637133.73831892,12.038
1403637133.788319111,9.94383
1403637133.838319063,12.3117
1403637133.888319016,15.0675
1403637133.938318968,13.9534
1403637133.98831892,16.6307
1403637134.038319111,14.22
1403637134.088319063,13.8098
1403637134.138319016,11.9489
1403637134.188318968,14.2323
1403637134.23831892,15.3499
1403637134.288319111,18.4498
1403637134.338319063,19.2425
1403637134.388319016,15.2567
1403637134.438318968,17.3965
1403637134.48831892,18.0401
1403637134.538319111,17.0688
1403637134.588319063,18.4125
1403637134.638319016,20.15
1403637134.688318968,16.6063
1403637134.73831892,17.907
1403637134.788319111,16.2516
1403637134.838319063,17.0484
1403637134.888319016,16.5437
1403637134.938318968,15.9369
1403637134.98831892,15.6644
1403637135.038319111,17.1566
1403637135.088319063,14.5234
1403637135.138319016,13.0953
1403637135.188318968,15.8565
1403637135.23831892,14.6987
1403637135.288319111,14.6581
1403637135.338319063,13.566
1403637135.388319016,14.6925
1403637135.438318968,15.1931
1403637135.48831892,15.9316
1403637135.538319111,15.1695
1403637135.588319063,16.4897
1403637135.638319016,20.8127
1403637135.688318968,18.2503
1403637135.73831892,17.7919
1403637135.788319111,18.7638
1403637135.838319063,20.0713
1403637135.888319016,17.0187
1403637135.938318968,19.8383
1403637135.98831892,19.2702
1403637136.038319111,19.366
1403637136.088319063,19.218
1403637136.138319016,17.8505
1403637136.188318968,19.2031
1403637136.23831892,17.3575
1403637136.288319111,15.6696
1403637136.338319063,19.7107
1403637136.388319016,18.2843
1403637136.438318968,18.2761
1403637136.48831892,11.1115
1403637136.538319111,15.3598
1403637136.588319063,13.8323
1403637136.638319016,12.1843
1403637136.688318968,14.7699
1403637136.73831892,12.5114
1403637136.788319111,12.1383
1403637136.838319063,17.2604
1403637136.888319016,18.5623
1403637136.938318968,16.3606
1403637136.98831892,20.5132
1403637137.038319111,20.3803
1403637137.088319063,18.2924
1403637137.138319016,20.9214
1403637137.188318968,22.0066
1403637137.23831892,19.1897
1403637137.288319111,20.8941
1403637137.338319063,18.7429
1403637137.388319016,19.4054
1403637137.438318968,22.998
1403637137.48831892,23.2809
1403637137.538319111,20.1906
1403637137.588319063,19.1594
1403637137.638319016,18.615
1403637137.688318968,17.7948
1403637137.73831892,18.524
1403637137.788319111,16.5331
1403637137.838319063,17.2312
1403637137.888319016,15.9801
1403637137.938318968,15.7806
1403637137.98831892,11.9031
1403637138.038319111,13.0134
1403637138.088319063,14.0303
1403637138.138319016,15.3241
1403637138.188318968,16.4875
1403637138.23831892,17.4925
1403637138.288319111,16.6555
1403637138.338319063,19.3244
1403637138.388319016,20.4724
1403637138.438318968,21.2046
1403637138.48831892,19.4657
1403637138.538319111,23.0124
1403637138.588319063,19.4554
1403637138.638319016,21.0287
1403637138.688318968,20.2772
1403637138.73831892,19.9423
1403637138.788319111,23.4537
1403637138.838319063,17.9897
1403637138.888319016,15.5768
1403637138.938318968,19.2395
1403637138.98831892,21.8634
1403637139.038319111,18.8489
1403637139.088319063,18.9656
1403637139.138319016,17.9564
1403637139.188318968,17.2604
1403637139.23831892,20.1833
1403637139.288319111,20.0605
1403637139.338319063,13.3527
1403637139.388319016,15.7912
1403637139.438318968,17.3044
1403637139.48831892,15.8458
1403637139.538319111,14.4293
1403637139.588319063,13.5533
1403637139.638319016,15.5804
1403637139.688318968,14.525
1403637139.73831892,15.0544
1403637139.788319111,12.83
1403637139.838319063,13.7144
1403637139.888319016,15.4377
1403637139.938318968,12.0102
1403637139.98831892,14.5436
1403637140.038319111,15.891
1403637140.088319063,14.0403
1403637140.138319016,14.0073
1403637140.188318968,15.9589
1403637140.23831892,15.0135
1403637140.288319111,18.8132
1403637140.338319063,15.726
1403637140.388319016,14.0612
1403637140.438318968,15.3944
1403637140.48831892,16.3208
1403637140.538319111,15.1895
1403637140.588319063,16.0482
1403637140.638319016,16.2666
1403637140.688318968,16.7979
1403637140.73831892,18.1702
1403637140.788319111,18.8808
1403637140.838319063,15.6663
1403637140.888319016,16.5777
1403637140.938318968,17.1814
1403637140.98831892,15.9082
1403637141.038319111,16.8098
1403637141.088319063,18.969
1403637141.138319016,13.9613
1403637141.188318968,16.6605
1403637141.23831892,16.3906
1403637141.288319111,17.2148
1403637141.338319063,18.9755
1403637141.388319016,17.7322
1403637141.438318968,17.6496
1403637141.48831892,16.646
1403637141.538319111,17.028
1403637141.588319063,17.5869
1403637141.638319016,15.6349
1403637141.688318968,16.8474
1403637141.73831892,17.7183
1403637141.788319111,16.8593
1403637141.838319063,16.6786
1403637141.888319016,17.6801
1403637141.938318968,16.4005
1403637141.98831892,14.9603
1403637142.038319111,15.3841
1403637142.088319063,19.0331
1403637142.138319016,14.7467
1403637142.188318968,17.2677
1403637142.23831892,16.8525
1403637142.288319111,17.0455
1403637142.338319063,15.4336
1403637142.388319016,16.8096
1403637142.438318968,17.7628
1403637142.48831892,14.7704
1403637142.538319111,15.7371
1403637142.588319063,16.4611
1403637142.638319016,17.2439
1403637142.688318968,18.7687
1403637142.73831892,15.3587
1403637142.788319111,15.8622
1403637142.838319063,16.3144
1403637142.888319016,16.6826
1403637142.938318968,16.1801
1403637142.98831892,16.5932
1403637143.038319111,18.8205
1403637143.088319063,17.0944
1403637143.138319016,16.0755
1403637143.188318968,16.1604
1403637143.23831892,15.4054
1403637143.288319111,16.8519
1403637143.338319063,17.3238
1403637143.388319016,15.4431
1403637143.438318968,16.3842
1403637143.48831892,18.8346
1403637143.538319111,18.0182
1403637143.588319063,19.0431
1403637143.638319016,15.6303
1403637143.688318968,15.8131
1403637143.73831892,16.4697
1403637143.788319111,18.9094
1403637143.838319063,17.2193
1403637143.888319016,16.8527
1403637143.938318968,16.6083
1403637143.98831892,17.5901
1403637144.038319111,16.4168
1403637144.088319063,16.6664
1403637144.138319016,13.2618
1403637144.188318968,16.6198
1403637144.23831892,19.4109
1403637144.288319111,15.1442
1403637144.338319063,15.6422
1403637144.388319016,16.9574
1403637144.438318968,15.8282
1403637144.48831892,18.8263
1403637144.538319111,18.6239
1403637144.588319063,14.988
1403637144.638319016,15.1687
1403637144.688318968,16.2464
1403637144.73831892,14.4667
1403637144.788319111,18.0829
1403637144.838319063,16.4967
1403637144.888319016,15.0713
1403637144.938318968,16.3852
1403637144.98831892,15.1763
1403637145.038319111,16.5589
1403637145.088319063,18.5277
1403637145.138319016,18.531
1403637145.188318968,14.7742
1403637145.23831892,18.5165
1403637145.288319111,16.3115
1403637145.338319063,15.3675
1403637145.388319016,18.2312
1403637145.438318968,16.4339
1403637145.48831892,15.2022
1403637145.538319111,17.8628
1403637145.588319063,16.4332
1403637145.638319016,17.0833
1403637145.688318968,16.1675
1403637145.73831892,16.5895
1403637145.788319111,15.6892
1403637145.838319063,18.2058
1403637145.888319016,16.96
1403637145.938318968,14.9263
1403637145.98831892,17.5957
1403637146.038319111,16.2812
1403637146.088319063,17.45
1403637146.138319016,15.7968
1403637146.188318968,19.0049
1403637146.23831892,15.6
1403637146.288319111,17.5552
1403637146.338319063,16.6373
1403637146.388319016,14.5219
1403637146.438318968,17.7369
1403637146.48831892,16.6643
1403637146.538319111,14.1084
1403637146.588319063,16.412
1403637146.638319016,17.3645
1403637146.688318968,14.6667
1403637146.73831892,17.7349
1403637146.788319111,16.1993
1403637146.838319063,15.1531
1403637146.888319016,16.2822
1403637146.938318968,16.9118
1403637146.98831892,17.7892
1403637147.038319111,16.2928
1403637147.088319063,16.4901
1403637147.138319016,16.7672
1403637147.188318968,19.1099
1403637147.23831892,15.8767
1403637147.288319111,15.5003
1403637147.338319063,15.4873
1403637147.388319016,15.6855
1403637147.438318968,15.9833
1403637147.48831892,18.3517
1403637147.538319111,14.3614
1403637147.588319063,14.6927
1403637147.638319016,18.16
1403637147.688318968,18.3542
1403637147.73831892,16.6372
1403637147.788319111,18.8362
1403637147.838319063,12.3298
1403637147.888319016,15.0346
1403637147.938318968,17.7242
1403637147.98831892,19.16
1403637148.038319111,15.0905
1403637148.088319063,18.3811
1403637148.138319016,15.3385
1403637148.188318968,15.0709
1403637148.23831892,16.1181
1403637148.288319111,16.1709
1403637148.338319063,17.5881
1403637148.388319016,16.4487
1403637148.438318968,14.4574
1403637148.48831892,13.1644
1403637148.538319111,13.032
1403637148.588319063,14.1731
1403637148.638319016,16.609
1403637148.688318968,16.6899
1403637148.73831892,16.0114
1403637148.788319111,12.0257
1403637148.838319063,18.322
1403637148.888319016,16.1408
1403637148.938318968,15.2036
1403637148.98831892,15.3354
1403637149.038319111,14.798
1403637149.088319063,14.9859
1403637149.138319016,15.5401
1403637149.188318968,15.7974
1403637149.23831892,15.461
1403637149.288319111,15.2307
1403637149.338319063,15.1357
1403637149.388319016,13.6587
1403637149.438318968,15.5991
1403637149.48831892,16.7722
1403637149.538319111,15.0364
1403637149.588319063,14.8286
1403637149.638319016,16.2584
1403637149.688318968,13.8786
1403637149.73831892,16.188
1403637149.788319111,18.2107
1403637149.838319063,14.7665
1403637149.888319016,12.6907
1403637149.938318968,14.3986
1403637149.98831892,13.8015
1403637150.038319111,14.4256
1403637150.088319063,14.6503
1403637150.138319016,13.3491
1403637150.188318968,12.7881
1403637150.23831892,13.4661
1403637150.288319111,14.5736
1403637150.338319063,15.613
1403637150.388319016,16.5706
1403637150.438318968,17.3084
1403637150.48831892,19.2681
1403637150.538319111,17.1868
1403637150.588319063,16.7211
1403637150.638319016,17.6587
1403637150.688318968,17.6858
1403637150.73831892,20.0451
1403637150.788319111,19.9994
1403637150.838319063,17.8644
1403637150.888319016,19.4344
1403637150.938318968,18.5966
1403637150.98831892,21.0719
1403637151.038319111,17.4132
1403637151.088319063,18.2638
1403637151.138319016,19.2251
1403637151.188318968,17.5192
1403637151.23831892,18.6983
1403637151.288319111,21.1117
1403637151.338319063,18.6115
1403637151.388319016,19.3594
1403637151.438318968,18.1623
1403637151.48831892,18.6756
1403637151.538319111,21.2101
1403637151.588319063,19.2483
1403637151.638319016,18.3314
1403637151.688318968,19.8861
1403637151.73831892,19.3257
1403637151.788319111,21.2403
1403637151.838319063,22.0149
1403637151.888319016,19.6855
1403637151.938318968,19.0795
1403637151.98831892,20.5141
1403637152.038319111,19.5146
1403637152.088319063,20.9282
1403637152.138319016,19.469
1403637152.188318968,18.9316
1403637152.23831892,22.6503
1403637152.288319111,20.2775
1403637152.338319063,19.3583
1403637152.388319016,22.0147
1403637152.438318968,22.3074
1403637152.48831892,21.3028
1403637152.538319111,19.6727
1403637152.588319063,19.7406
1403637152.638319016,19.2826
1403637152.688318968,21.5443
1403637152.73831892,20.2432
1403637152.788319111,19.3207
1403637152.838319063,22.114
1403637152.888319016,20.4275
1403637152.938318968,19.8887
1403637152.98831892,22.678
1403637153.038319111,21.9662
1403637153.088319063,21.0696
1403637153.138319016,20.1226
1403637153.188318968,22.94
1403637153.23831892,21.0799
1403637153.288319111,23.3027
1403637153.338319063,20.848
1403637153.388319016,21.9441
1403637153.438318968,22.7814
1403637153.48831892,24.5501
1403637153.538319111,22.8939
1403637153.588319063,23.5294
1403637153.638319016,21.4143
1403637153.688318968,22.0935
1403637153.73831892,22.446
1403637153.788319111,21.397
1403637153.838319063,24.1879
1403637153.888319016,20.9526
1403637153.938318968,21.614
1403637153.98831892,25.1909
1403637154.038319111,24.226
1403637154.088319063,25.1817
1403637154.138319016,23.2773
1403637154.188318968,24.1664
1403637154.23831892,25.9245
1403637154.288319111,21.8725
1403637154.338319063,21.6626
1403637154.388319016,22.9503
1403637154.438318968,23.1763
1403637154.48831892,22.9643
1403637154.538319111,22.8985
1403637154.588319063,22.9649
1403637154.638319016,24.5967
1403637154.688318968,26.3722
1403637154.73831892,21.4346
1403637154.788319111,21.3818
1403637154.838319063,21.1046
1403637154.888319016,21.993
1403637154.938318968,23.9183
1403637154.98831892,21.9574
1403637155.038319111,22.7076
1403637155.088319063,23.0504
1403637155.138319016,23.2049
1403637155.188318968,21.8331
1403637155.23831892,23.5177
1403637155.288319111,23.5548
1403637155.338319063,21.1957
1403637155.388319016,21.1187
1403637155.438318968,23.4675
1403637155.48831892,21.3413
1403637155.538319111,21.3392
1403637155.588319063,21.4964
1403637155.638319016,21.0757
1403637155.688318968,19.1683
1403637155.73831892,24.2522
1403637155.788319111,21.8869
1403637155.838319063,22.7868
1403637155.888319016,23.0893
1403637155.938318968,23.5206
1403637155.98831892,20.9972
1403637156.038319111,21.6709
1403637156.088319063,21.7071
1403637156.138319016,20.7329
1403637156.188318968,20.194
1403637156.23831892,23.886
1403637156.288319111,20.5359
1403637156.338319063,25.4735
1403637156.388319016,21.1839
1403637156.438318968,20.3038
1403637156.48831892,24.3772
1403637156.538319111,21.2749
1403637156.588319063,23.1673
1403637156.638319016,21.3589
1403637156.688318968,21.6723
1403637156.73831892,21.027
1403637156.788319111,22.1647
1403637156.838319063,24.2302
1403637156.888319016,24.9623
1403637156.938318968,20.448
1403637156.98831892,21.749
1403637157.038319111,21.8062
1403637157.088319063,18.8378
1403637157.138319016,22.6087
1403637157.188318968,22.8962
1403637157.23831892,24.8099
1403637157.288319111,23.1487
1403637157.338319063,22.7944
1403637157.388319016,23.5471
1403637157.438318968,24.8608
1403637157.48831892,24.7346
1403637157.538319111,23.4332
1403637157.588319063,23.7863
1403637157.638319016,25.5518
1403637157.688318968,23.9342
1403637157.73831892,26.6202
1403637157.788319111,26.1796
1403637157.838319063,25.598
1403637157.888319016,23.3791
1403637157.938318968,22.1858
1403637157.98831892,22.8123
1403637158.038319111,24.9313
1403637158.088319063,23.7846
1403637158.138319016,23.6886
1403637158.188318968,19.795
1403637158.23831892,23.6129
1403637158.288319111,23.4567
1403637158.338319063,21.741
1403637158.388319016,24.3276
1403637158.438318968,24.9185
1403637158.48831892,22.4707
1403637158.538319111,24.3929
1403637158.588319063,25.8191
1403637158.638319016,23.2489
1403637158.688318968,24.0476
1403637158.73831892,23.5095
1403637158.788319111,25.2965
1403637158.838319063,22.9452
1403637158.888319016,25.2262
1403637158.938318968,23.7304
1403637158.98831892,23.6496
1403637159.038319111,23.3173
1403637159.088319063,22.7799
1403637159.138319016,25.2006
1403637159.188318968,23.2645
1403637159.23831892,24.0818
1403637159.288319111,25.0113
1403637159.338319063,23.8514
1403637159.388319016,24.2634
1403637159.438318968,23.9865
1403637159.48831892,23.423
1403637159.538319111,24.7056
1403637159.588319063,22.8514
1403637159.638319016,23.6638
1403637159.688318968,23.932
1403637159.73831892,24.3382
1403637159.788319111,23.8185
1403637159.838319063,23.4769
1403637159.888319016,25.1129
1403637159.938318968,25.3964
1403637159.98831892,21.3981
1403637160.038319111,22.6683
1403637160.088319063,22.2147
1403637160.138319016,22.3857
1403637160.188318968,22.3769
1403637160.23831892,21.179
1403637160.288319111,22.1279
1403637160.338319063,21.8283
1403637160.388319016,21.6844
1403637160.438318968,22.1514
1403637160.48831892,21.4695
1403637160.538319111,21.9638
1403637160.588319063,20.5999
1403637160.638319016,23.4834
1403637160.688318968,24.0764
1403637160.73831892,19.4739
1403637160.788319111,23.6283
1403637160.838319063,21.7645
1403637160.888319016,23.8099
1403637160.938318968,23.8363
1403637160.98831892,21.1214
1403637161.038319111,21.3396
1403637161.088319063,21.8752
1403637161.138319016,23.2272
1403637161.188318968,22.5896
1403637161.23831892,21.3762
1403637161.288319111,21.0529
1403637161.338319063,23.2883
1403637161.388319016,20.7697
1403637161.438318968,23.9203
1403637161.48831892,21.976
1403637161.538319111,21.565
1403637161.588319063,22.0509
1403637161.638319016,22.2611
1403637161.688318968,21.4106
1403637161.73831892,21.9607
1403637161.788319111,24.1771
1403637161.838319063,20.872
1403637161.888319016,24.0824
1403637161.938318968,20.88
1403637161.98831892,16.5246
1403637162.038319111,20.4552
1403637162.088319063,21.4
1403637162.138319016,19.4256
1403637162.188318968,21.6199
1403637162.23831892,21.8242
1403637162.288319111,23.0942
1403637162.338319063,22.2188
1403637162.388319016,24.1384
1403637162.438318968,23.2321
1403637162.48831892,24.6733
1403637162.538319111,21.3429
1403637162.588319063,20.7168
1403637162.638319016,24.7022
1403637162.688318968,24.1115
1403637162.73831892,21.1732
1403637162.788319111,21.2759
1403637162.838319063,24.1355
1403637162.888319016,21.3495
1403637162.938318968,24.4057
1403637162.98831892,24.024
1403637163.038319111,21.2197
1403637163.088319063,22.6517
1403637163.138319016,21.8842
1403637163.188318968,21.2686
1403637163.23831892,20.0674
1403637163.288319111,24.9505
1403637163.338319063,25.4019
1403637163.388319016,23.4617
1403637163.438318968,21.4228
1403637163.48831892,21.1752
1403637163.538319111,22.117
1403637163.588319063,24.227
1403637163.638319016,23.3883
1403637163.688318968,22.8313
1403637163.73831892,23.7517
1403637163.788319111,24.1662
1403637163.838319063,24.9607
1403637163.888319016,22.4022
1403637163.938318968,22.7294
1403637163.98831892,22.3752
1403637164.038319111,23.878
1403637164.088319063,24.4977
1403637164.138319016,24.8503
1403637164.188318968,23.1176
1403637164.23831892,22.4265
1403637164.288319111,24.5384
1403637164.338319063,22.9733
1403637164.388319016,23.5031
1403637164.438318968,22.78
1403637164.48831892,21.9608
1403637164.538319111,22.4347
1403637164.588319063,23.3555
1403637164.638319016,25.0833
1403637164.688318968,24.5044
1403637164.73831892,20.6031
1403637164.788319111,24.2961
1403637164.838319063,23.3205
1403637164.888319016,20.1236
1403637164.938318968,20.6863
1403637164.98831892,21.0574
1403637165.038319111,20.8705
1403637165.088319063,22.1643
1403637165.138319016,23.4192
1403637165.188318968,24.2635
1403637165.23831892,22.6123
1403637165.288319111,15.5534
1403637165.338319063,15.2927
1403637165.388319016,17.9062
1403637165.438318968,21.0596
1403637165.48831892,18.1437
1403637165.538319111,17.4833
1403637165.588319063,21.1207
1403637165.638319016,21.5887
1403637165.688318968,20.0046
1403637165.73831892,18.9888
1403637165.788319111,21.3706
1403637165.838319063,21.1534
1403637165.888319016,20.1823
1403637165.938318968,18.8343
1403637165.98831892,22.2021
1403637166.038319111,20.4826
1403637166.088319063,20.2971
1403637166.138319016,20.9255
1403637166.188318968,21.9295
1403637166.23831892,22.131
1403637166.288319111,22.4971
1403637166.338319063,23.7072
1403637166.388319016,20.8766
1403637166.438318968,20.1517
1403637166.48831892,22.7686
1403637166.538319111,21.5333
1403637166.588319063,24.2371
1403637166.638319016,20.6366
1403637166.688318968,21.6571
1403637166.73831892,23.9762
1403637166.788319111,23.4833
1403637166.838319063,23.545
1403637166.888319016,21.5799
1403637166.938318968,22.8061
1403637166.98831892,22.4329
1403637167.038319111,21.0179
1403637167.088319063,20.5405
1403637167.138319016,23.0081
1403637167.188318968,22.8311
1403637167.23831892,23.6175
1403637167.288319111,24.7399
1403637167.338319063,22.3691
1403637167.388319016,20.3869
1403637167.438318968,24.5614
1403637167.48831892,21.8099
1403637167.538319111,21.9898
1403637167.588319063,22.3335
1403637167.638319016,21.7587
1403637167.688318968,22.7348
1403637167.73831892,23.7788
1403637167.788319111,24.44
1403637167.838319063,21.5082
1403637167.888319016,23.6992
1403637167.938318968,24.5472
1403637167.98831892,22.8859
1403637168.038319111,25.4688
1403637168.088319063,23.0465
1403637168.138319016,23.0141
1403637168.188318968,23.6368
1403637168.23831892,22.503
1403637168.288319111,22.2917
1403637168.338319063,22.9593
1403637168.388319016,23.1477
1403637168.438318968,23.3366
1403637168.48831892,23.6489
1403637168.538319111,23.8672
1403637168.588319063,26.2169
1403637168.638319016,23.119
1403637168.688318968,23.2877
1403637168.73831892,23.5411
1403637168.788319111,22.7256
1403637168.838319063,22.5027
1403637168.888319016,25.2585
1403637168.938318968,23.5825
1403637168.98831892,22.8666
1403637169.038319111,22.6734
1403637169.088319063,24.1392
1403637169.138319016,23.5866
1403637169.188318968,23.3939
1403637169.23831892,24.9025
1403637169.288319111,25.2247
1403637169.338319063,23.4598
1403637169.388319016,23.8535
1403637169.438318968,23.985
1403637169.48831892,23.636
1403637169.538319111,23.7674
1403637169.588319063,24.1044
1403637169.638319016,23.663
1403637169.688318968,27.1912
1403637169.73831892,26.3089
1403637169.788319111,26.1199
1403637169.838319063,23.2685
1403637169.888319016,25.454
1403637169.938318968,26.2543
1403637169.98831892,24.6973
1403637170.038319111,24.9039
1403637170.088319063,23.1212
1403637170.138319016,23.8047
1403637170.188318968,23.3718
1403637170.23831892,23.1636
1403637170.288319111,23.4429
1403637170.338319063,25.7396
1403637170.388319016,23.9478
1403637170.438318968,25.9398
1403637170.48831892,24.7024
1403637170.538319111,22.5041
1403637170.588319063,20.8731
1403637170.638319016,23.935
1403637170.688318968,21.2448
1403637170.73831892,21.524
1403637170.788319111,23.5006
1403637170.838319063,20.8455
1403637170.888319016,22.2092
1403637170.938318968,21.1872
1403637170.98831892,21.4979
1403637171.038319111,22.0708
1403637171.088319063,19.7199
1403637171.138319016,24.6109
1403637171.188318968,23.7636
1403637171.23831892,23.686
1403637171.288319111,24.5375
1403637171.338319063,22.972
1403637171.388319016,26.075
1403637171.438318968,23.7411
1403637171.48831892,23.7427
1403637171.538319111,24.0523
1403637171.588319063,24.3368
1403637171.638319016,24.6978
1403637171.688318968,22.8537
1403637171.73831892,22.3244
1403637171.788319111,27.3446
1403637171.838319063,24.8761
1403637171.888319016,26.0678
1403637171.938318968,24.5435
1403637171.98831892,24.3794
1403637172.038319111,24.2791
1403637172.088319063,23.4206
1403637172.138319016,24.3314
1403637172.188318968,24.2628
1403637172.23831892,24.7666
1403637172.288319111,24.4928
1403637172.338319063,23.8517
1403637172.388319016,25.2549
1403637172.438318968,23.211
1403637172.48831892,21.7572
1403637172.538319111,23.111
1403637172.588319063,23.0946
1403637172.638319016,22.5948
1403637172.688318968,23.0836
1403637172.73831892,24.7691
1403637172.788319111,23.5572
1403637172.838319063,23.5147
1403637172.888319016,21.9133
1403637172.938318968,21.8421
1403637172.98831892,21.3539
1403637173.038319111,22.546
1403637173.088319063,23.0754
1403637173.138319016,22.2318
1403637173.188318968,21.3455
1403637173.23831892,23.5067
1403637173.288319111,19.5809
1403637173.338319063,20.1489
1403637173.388319016,21.7469
1403637173.438318968,21.7362
1403637173.48831892,22.0167
1403637173.538319111,20.8768
1403637173.588319063,21.9298
1403637173.638319016,22.7727
1403637173.688318968,23.97
1403637173.73831892,23.0551
1403637173.788319111,23.3148
1403637173.838319063,21.268
1403637173.888319016,21.8236
1403637173.938318968,20.9645
1403637173.98831892,19.0176
1403637174.038319111,24.133
1403637174.088319063,21.6918
1403637174.138319016,24.0148
1403637174.188318968,26.9398
1403637174.23831892,23.4458
1403637174.288319111,21.0437
1403637174.338319063,25.8771
1403637174.388319016,24.8045
1403637174.438318968,24.3595
1403637174.48831892,26.3256
1403637174.538319111,25.8101
1403637174.588319063,23.5719
1403637174.638319016,24.4406
1403637174.688318968,24.5212
1403637174.73831892,23.4052
1403637174.788319111,24.223
1403637174.838319063,23.2574
1403637174.888319016,24.3382
1403637174.938318968,25.1685
1403637174.98831892,26.2223
1403637175.038319111,24.4813
1403637175.088319063,24.7299
1403637175.138319016,25.3985
1403637175.188318968,22.5496
1403637175.23831892,23.4376
1403637175.288319111,24.8561
1403637175.338319063,26.4857
1403637175.388319016,24.2274
1403637175.438318968,25.4389
1403637175.48831892,27.1614
1403637175.538319111,27.9756
1403637175.588319063,26.8576
1403637175.638319016,23.0797
1403637175.688318968,24.8013
1403637175.73831892,25.5652
1403637175.788319111,23.0994
1403637175.838319063,29.0348
1403637175.888319016,26.7527
1403637175.938318968,27.5884
1403637175.98831892,28.5387
1403637176.038319111,25.4255
1403637176.088319063,26.7577
1403637176.138319016,26.0967
1403637176.188318968,26.2977
1403637176.23831892,25.2126
1403637176.288319111,25.8707
1403637176.338319063,26.3317
1403637176.388319016,27.7684
1403637176.438318968,29.2132
1403637176.48831892,26.9299
1403637176.538319111,25.8745
1403637176.588319063,28.9866
1403637176.638319016,25.3154
1403637176.688318968,22.5825
1403637176.73831892,25.8273
1403637176.788319111,24.5723
1403637176.838319063,21.8253
1403637176.888319016,25.2614
1403637176.938318968,27.2745
1403637176.98831892,22.2161
1403637177.038319111,28.1131
1403637177.088319063,24.7233
1403637177.138319016,21.9084
1403637177.188318968,25.7518
1403637177.23831892,25.6414
1403637177.288319111,25.2995
1403637177.338319063,27.4928
1403637177.388319016,24.8632
1403637177.438318968,22.4084
1403637177.48831892,25.4366
1403637177.538319111,23.8228
1403637177.588319063,22.0179
1403637177.638319016,24.5581
1403637177.688318968,25.3899
1403637177.73831892,22.009
1403637177.788319111,27.4541
1403637177.838319063,25.398
1403637177.888319016,22.76
1403637177.938318968,24.749
1403637177.98831892,27.9471
1403637178.038319111,27.4019
1403637178.088319063,25.8628
1403637178.138319016,24.9791
1403637178.188318968,24.3948
1403637178.23831892,24.749
1403637178.288319111,26.9512
1403637178.338319063,23.8418
1403637178.388319016,24.1509
1403637178.438318968,24.6828
1403637178.48831892,26.1607
1403637178.538319111,24.1028
1403637178.588319063,24.1474
1403637178.638319016,21.7803
1403637178.688318968,27.7968
1403637178.73831892,27.6817
1403637178.788319111,25.6837
1403637178.838319063,23.8063
1403637178.888319016,24.8175
1403637178.938318968,24.4012
1403637178.98831892,24.4159
1403637179.038319111,27.1955
1403637179.088319063,21.3667
1403637179.138319016,25.7796
1403637179.188318968,24.9361
1403637179.23831892,24.0619
1403637179.288319111,25.3849
1403637179.338319063,24.4333
1403637179.388319016,24.7334
1403637179.438318968,25.7117
1403637179.48831892,25.4805
1403637179.538319111,24.1626
1403637179.588319063,26.4905
1403637179.638319016,25.6092
1403637179.688318968,21.2818
1403637179.73831892,24.6509
1403637179.788319111,25.0119
1403637179.838319063,22.6205
1403637179.888319016,24.711
1403637179.938318968,24.3186
1403637179.98831892,22.7803
1403637180.038319111,24.1772
1403637180.088319063,23.8146
1403637180.138319016,22.6858
1403637180.188318968,23.4745
1403637180.23831892,23.1899
1403637180.288319111,20.5945
1403637180.338319063,25.4508
1403637180.388319016,25.8596
1403637180.438318968,20.4191
1403637180.48831892,27.3417
1403637180.538319111,23.6154
1403637180.588319063,23.5492
1403637180.638319016,24.3157
1403637180.688318968,26.7387
1403637180.73831892,20.2832
1403637180.788319111,26.1282
1403637180.838319063,26.4693
1403637180.888319016,20.3139
1403637180.938318968,23.1248
1403637180.98831892,23.4244
1403637181.038319111,20.307
1403637181.088319063,24.5651
1403637181.138319016,21.9074
1403637181.188318968,23.4731
1403637181.23831892,23.4662
1403637181.288319111,23.1003
1403637181.338319063,22.0696
1403637181.388319016,24.2898
1403637181.438318968,23.4001
1403637181.48831892,21.9156
1403637181.538319111,27.047
1403637181.588319063,24.792
1403637181.638319016,21.7593
1403637181.688318968,27.1884
1403637181.73831892,23.9967
1403637181.788319111,23.2285
1403637181.838319063,25.6397
1403637181.888319016,28.2255
1403637181.938318968,22.0129
1403637181.98831892,27.9135
1403637182.038319111,26.3811
1403637182.088319063,21.9599
1403637182.138319016,25.3574
1403637182.188318968,25.2016
1403637182.23831892,21.3845
1403637182.288319111,24.2837
1403637182.338319063,23.278
1403637182.388319016,23.1372
1403637182.438318968,27.7249
1403637182.48831892,26.2879
1403637182.538319111,22.31
1403637182.588319063,23.5382
1403637182.638319016,24.7478
1403637182.688318968,23.6126
1403637182.73831892,24.7866
1403637182.788319111,25.9612
1403637182.838319063,23.5512
1403637182.888319016,24.5708
1403637182.938318968,24.7423
1403637182.98831892,23.3423
1403637183.038319111,24.656
1403637183.088319063,24.6119
1403637183.138319016,25.9758
1403637183.188318968,24.8037
1403637183.23831892,24.6834
1403637183.288319111,24.1302
1403637183.338319063,25.2287
1403637183.388319016,25.7051
1403637183.438318968,22.4602
1403637183.48831892,27.8829
1403637183.538319111,24.1033
1403637183.588319063,25.4265
1403637183.638319016,24.7018
1403637183.688318968,25.5457
1403637183.73831892,24.4278
1403637183.788319111,25.6293
1403637183.838319063,24.6055
1403637183.888319016,25.9762
1403637183.938318968,25.125
1403637183.98831892,25.0723
1403637184.038319111,23.3632
1403637184.088319063,24.9769
1403637184.138319016,24.4412
1403637184.188318968,24.0385
1403637184.23831892,28.2334
1403637184.288319111,23.34
1403637184.338319063,25.7415
1403637184.388319016,25.2324
1403637184.438318968,25.2932
1403637184.48831892,25.1685
1403637184.538319111,24.5528
1403637184.588319063,27.6126
1403637184.638319016,24.4629
1403637184.688318968,26.5061
1403637184.73831892,26.2675
1403637184.788319111,23.6379
1403637184.838319063,28.1778
1403637184.888319016,25.9542
1403637184.938318968,24.5865
1403637184.98831892,29.7341
1403637185.038319111,26.2079
1403637185.088319063,25.5455
1403637185.138319016,30.1243
1403637185.188318968,27.9871
1403637185.23831892,25.2029
1403637185.288319111,29.8455
1403637185.338319063,27.0713
1403637185.388319016,26.5732
1403637185.438318968,25.9456
1403637185.48831892,24.6499
1403637185.538319111,23.0085
1403637185.588319063,29.5448
1403637185.638319016,28.4413
1403637185.688318968,23.4848
1403637185.73831892,26.9785
1403637185.788319111,27.3875
1403637185.838319063,24.2322
1403637185.888319016,28.3154
1403637185.938318968,27.0237
1403637185.98831892,24.4396
1403637186.038319111,27.176
1403637186.088319063,28.0423
1403637186.138319016,23.0815
1403637186.188318968,28.5859
1403637186.23831892,27.2281
1403637186.288319111,24.7027
1403637186.338319063,27.4653
1403637186.388319016,27.9149
1403637186.438318968,27.0439
1403637186.48831892,30.3224
1403637186.538319111,28.1903
1403637186.588319063,25.4933
1403637186.638319016,27.6498
1403637186.688318968,24.6235
1403637186.73831892,26.5024
1403637186.788319111,26.6471
1403637186.838319063,29.0397
1403637186.888319016,25.2777
1403637186.938318968,26.7161
1403637186.98831892,27.5583
1403637187.038319111,25.7486
1403637187.088319063,27.2764
1403637187.138319016,29.4799
1403637187.188318968,23.6278
1403637187.23831892,27.6327
1403637187.288319111,27.2824
1403637187.338319063,23.5496
1403637187.388319016,28.0927
1403637187.438318968,27.0184
1403637187.48831892,26.1799
1403637187.538319111,27.3872
1403637187.588319063,25.7021
1403637187.638319016,23.2766
1403637187.688318968,27.3909
1403637187.73831892,25.2852
1403637187.788319111,27.4017
1403637187.838319063,26.4747
1403637187.888319016,26.6797
1403637187.938318968,26.4209
1403637187.98831892,26.5673
1403637188.038319111,28.0978
1403637188.088319063,23.492
1403637188.138319016,26.1085
1403637188.188318968,25.982
1403637188.23831892,20.8534
1403637188.288319111,27.359
1403637188.338319063,25.3721
1403637188.388319016,25.8494
1403637188.438318968,25.9737
1403637188.48831892,26.9594
1403637188.538319111,22.258
1403637188.588319063,26.5928
1403637188.638319016,26.4187
1403637188.688318968,21.2875
1403637188.73831892,25.6324
1403637188.788319111,25.6836
1403637188.838319063,24.9823
1403637188.888319016,26.0027
1403637188.938318968,26.327
1403637188.98831892,22.36
1403637189.038319111,25.3629
1403637189.088319063,26.6512
1403637189.138319016,22.2371
1403637189.188318968,24.3565
1403637189.23831892,25.1196
1403637189.288319111,23.2092
1403637189.338319063,25.5326
1403637189.388319016,24.6569
1403637189.438318968,22.5177
1403637189.48831892,28.0384
1403637189.538319111,28.0245
1403637189.588319063,21.1889
1403637189.638319016,24.1477
1403637189.688318968,26.6007
1403637189.73831892,23.1366
1403637189.788319111,24.457
1403637189.838319063,27.4352
1403637189.888319016,22.6392
1403637189.938318968,26.1236
1403637189.98831892,25.2611
1403637190.038319111,21.4189
1403637190.088319063,26.201
1403637190.138319016,24.7598
1403637190.188318968,24.4995
1403637190.23831892,24.7513
1403637190.288319111,26.939
1403637190.338319063,22.3905
1403637190.388319016,24.605
1403637190.438318968,25.1458
1403637190.48831892,20.6163
1403637190.538319111,24.7575
1403637190.588319063,24.2745
1403637190.638319016,23.5156
1403637190.688318968,26.6894
1403637190.73831892,26.3014
1403637190.788319111,24.7224
1403637190.838319063,27.8455
1403637190.888319016,24.7176
1403637190.938318968,21.7373
1403637190.98831892,27.1214
1403637191.038319111,25.1761
1403637191.088319063,21.4884
1403637191.138319016,26.9833
1403637191.188318968,27.278
1403637191.23831892,21.6104
1403637191.288319111,25.8126
1403637191.338319063,25.5443
1403637191.388319016,22.2654
1403637191.438318968,25.1688
1403637191.48831892,24.8159
1403637191.538319111,20.1146
1403637191.588319063,24.7327
1403637191.638319016,24.0229
1403637191.688318968,20.7075
1403637191.73831892,24.5301
1403637191.788319111,23.6518
1403637191.838319063,21.7468
1403637191.888319016,24.2959
1403637191.938318968,23.1386
1403637191.98831892,20.0562
1403637192.038319111,24.0565
1403637192.088319063,24.6469
1403637192.138319016,20.911
1403637192.188318968,23.424
1403637192.23831892,22.5706
1403637192.288319111,22.3627
1403637192.338319063,26.1751
1403637192.388319016,26.9786
1403637192.438318968,20.7811
1403637192.48831892,24.8869
1403637192.538319111,27.239
1403637192.588319063,20.4421
1403637192.638319016,24.3367
1403637192.688318968,24.6025
1403637192.73831892,20.5706
1403637192.788319111,26.3786
1403637192.838319063,25.3049
1403637192.888319016,20.603
1403637192.938318968,24.3511
1403637192.98831892,26.9938
1403637193.038319111,21.1792
1403637193.088319063,24.107
1403637193.138319016,24.6108
1403637193.188318968,20.882
1403637193.23831892,25.7348
1403637193.288319111,24.8423
1403637193.338319063,21.182
1403637193.388319016,25.1952
1403637193.438318968,24.513
1403637193.48831892,23.2523
1403637193.538319111,24.7189
1403637193.588319063,24.6435
1403637193.638319016,20.4713
1403637193.688318968,25.4883
1403637193.73831892,25.655
1403637193.788319111,24.8159
1403637193.838319063,24.9029
1403637193.888319016,25.1109
1403637193.938318968,20.3945
1403637193.98831892,26.7314
1403637194.038319111,24.2648
1403637194.088319063,20.2689
1403637194.138319016,26.5355
1403637194.188318968,25.1698
1403637194.23831892,21.1086
1403637194.288319111,24.2678
1403637194.338319063,25.4432
1403637194.388319016,20.7341
1403637194.438318968,24.2114
1403637194.48831892,26.5932
1403637194.538319111,20.1735
1403637194.588319063,23.0717
1403637194.638319016,24.4365
1403637194.688318968,20.2245
1403637194.73831892,25.6848
1403637194.788319111,23.5899
1403637194.838319063,19.9289
1403637194.888319016,26.399
1403637194.938318968,22.2707
1403637194.98831892,19.2217
1403637195.038319111,22.4113
1403637195.088319063,23.2157
1403637195.138319016,19.0045
1403637195.188318968,24.1473
1403637195.23831892,24.8592
1403637195.288319111,19.2527
1403637195.338319063,25.2852
1403637195.388319016,23.5997
1403637195.438318968,19.6881
1403637195.48831892,24.2993
1403637195.538319111,21.9088
1403637195.588319063,18.8607
1403637195.638319016,24.8
1403637195.688318968,24.8337
1403637195.73831892,19.5768
1403637195.788319111,22.3318
1403637195.838319063,23.7308
1403637195.888319016,19.6553
1403637195.938318968,23.2204
1403637195.98831892,23.3153
1403637196.038319111,19.3718
1403637196.088319063,25.1046
1403637196.138319016,24.0592
1403637196.188318968,19.0734
1403637196.23831892,21.3522
1403637196.288319111,23.3205
1403637196.338319063,17.3979
1403637196.388319016,23.2557
1403637196.438318968,20.6478
1403637196.48831892,16.9352
1403637196.538319111,21.7307
1403637196.588319063,24.0068
1403637196.638319016,17.9451
1403637196.688318968,21.1258
1403637196.73831892,24.2699
1403637196.788319111,19.1577
1403637196.838319063,22.7008
1403637196.888319016,22.2862
1403637196.938318968,19.4235
1403637196.98831892,23.3982
1403637197.038319111,21.3259
1403637197.088319063,20.5843
1403637197.138319016,24.0626
1403637197.188318968,21.4553
1403637197.23831892,19.4497
1403637197.288319111,25.3431
1403637197.338319063,22.6208
1403637197.388319016,19.8357
1403637197.438318968,23.5627
1403637197.48831892,23.8374
1403637197.538319111,19.8537
1403637197.588319063,23.7365
1403637197.638319016,24.1489
1403637197.688318968,20.4243
1403637197.73831892,26.0342
1403637197.788319111,24.3025
1403637197.838319063,21.09
1403637197.888319016,23.7912
1403637197.938318968,22.0211
1403637197.98831892,20.404
1403637198.038319111,23.5433
1403637198.088319063,23.1715
1403637198.138319016,19.6064
1403637198.188318968,23.7278
1403637198.23831892,23.2798
1403637198.288319111,20.1508
1403637198.338319063,22.8334
1403637198.388319016,24.9683
1403637198.438318968,17.8415
1403637198.48831892,22.3512
1403637198.538319111,21.3895
1403637198.588319063,20.8367
1403637198.638319016,25.0248
1403637198.688318968,22.6734
1403637198.73831892,19.6881
1403637198.788319111,25.0407
1403637198.838319063,20.6107
1403637198.888319016,20.2146
1403637198.938318968,20.6546
1403637198.98831892,21.6876
1403637199.038319111,17.64
1403637199.088319063,20.6392
1403637199.138319016,23.2279
1403637199.188318968,18.7805
1403637199.23831892,21.7637
1403637199.288319111,21.7654
1403637199.338319063,17.9216
1403637199.388319016,23.9601
1403637199.438318968,20.2894
1403637199.48831892,18.1896
1403637199.538319111,20.9483
1403637199.588319063,21.1128
1403637199.638319016,18.5473
1403637199.688318968,24.6664
1403637199.73831892,22.2613
1403637199.788319111,20.1769
1403637199.838319063,22.6367
1403637199.888319016,23.5042
1403637199.938318968,20.6041
1403637199.98831892,22.4794
1403637200.038319111,21.5879
1403637200.088319063,17.4677
1403637200.138319016,20.7533
1403637200.188318968,21.8519
1403637200.23831892,17.0604
1403637200.288319111,18.8642
1403637200.338319063,20.3349
1403637200.388319016,16.1561
1403637200.438318968,20.0574
1403637200.48831892,18.9657
1403637200.538319111,18.74
1403637200.588319063,20.4393
1403637200.638319016,19.8675
1403637200.688318968,20.9633
1403637200.73831892,22.7009
1403637200.788319111,20.6429
1403637200.838319063,20.2507
1403637200.888319016,21.5652
1403637200.938318968,21.6744
1403637200.98831892,21.6928
1403637201.038319111,22.8428
1403637201.088319063,23.1274
1403637201.138319016,21.1852
1403637201.188318968,22.883
1403637201.23831892,22.7409
1403637201.288319111,19.2773
1403637201.338319063,22.8517
1403637201.388319016,23.1049
1403637201.438318968,19.1773
1403637201.48831892,23.0889
1403637201.538319111,25.5417
1403637201.588319063,19.8196
1403637201.638319016,24.4237
1403637201.688318968,23.784
1403637201.73831892,20.2854
1403637201.788319111,28.0963
1403637201.838319063,23.9649
1403637201.888319016,20.8479
1403637201.938318968,27.3795
1403637201.98831892,25.5891
1403637202.038319111,20.9704
1403637202.088319063,24.7654
1403637202.138319016,26.8651
1403637202.188318968,20.5918
1403637202.23831892,27.0142
1403637202.288319111,25.4406
1403637202.338319063,21.3078
1403637202.388319016,27.1979
1403637202.438318968,25.068
1403637202.48831892,21.6318
1403637202.538319111,26.1191
1403637202.588319063,28.405
1403637202.638319016,21.3539
1403637202.688318968,27.0158
1403637202.73831892,24.3076
1403637202.788319111,21.3626
1403637202.838319063,25.707
1403637202.888319016,25.4778
1403637202.938318968,21.7002
1403637202.98831892,28.2042
1403637203.038319111,27.9492
1403637203.088319063,24.3091
1403637203.138319016,26.1185
1403637203.188318968,25.8921
1403637203.23831892,21.4654
1403637203.288319111,28.8629
1403637203.338319063,25.7996
1403637203.388319016,22.1856
1403637203.438318968,28.1522
1403637203.48831892,25.7334
1403637203.538319111,22.8279
1403637203.588319063,28.4922
1403637203.638319016,28.2246
1403637203.688318968,21.8261
1403637203.73831892,26.4489
1403637203.788319111,26.5937
1403637203.838319063,22.5805
1403637203.888319016,26.958
1403637203.938318968,25.7058
1403637203.98831892,22.6398
1403637204.038319111,26.3467
1403637204.088319063,28.2324
1403637204.138319016,22.3652
1403637204.188318968,29.8276
1403637204.23831892,26.1129
1403637204.288319111,22.675
1403637204.338319063,29.615
1403637204.388319016,27.8762
1403637204.438318968,23.6861
1403637204.48831892,25.343
1403637204.538319111,27.8687
1403637204.588319063,22.6408
1403637204.638319016,29.858
1403637204.688318968,26.5632
1403637204.73831892,24.5609
1403637204.788319111,26.7437
1403637204.838319063,26.3811
1403637204.888319016,22.8949
1403637204.938318968,27.1407
1403637204.98831892,26.7136
1403637205.038319111,23.6313
1403637205.088319063,27.3926
1403637205.138319016,28.3092
1403637205.188318968,22.8551
1403637205.23831892,26.9443
1403637205.288319111,26.2317
1403637205.338319063,22.7247
1403637205.388319016,26.7607
1403637205.438318968,26.2554
1403637205.48831892,23.4073
1403637205.538319111,26.8367
1403637205.588319063,27.1541
1403637205.638319016,22.8933
1403637205.688318968,26.549
1403637205.73831892,26.9875
1403637205.788319111,22.3808
1403637205.838319063,26.819
1403637205.888319016,29.4956
1403637205.938318968,26.9559
1403637205.98831892,30.0187
1403637206.038319111,26.8978
1403637206.088319063,22.7889
1403637206.138319016,26.1251
1403637206.188318968,28.7455
1403637206.23831892,22.6013
1403637206.288319111,26.1347
1403637206.338319063,26.9582
1403637206.388319016,22.8441
1403637206.438318968,29.0547
1403637206.48831892,25.8935
1403637206.538319111,23.2048
1403637206.588319063,28.0618
1403637206.638319016,29.2546
1403637206.688318968,22.8853
1403637206.73831892,28.4454
1403637206.788319111,27.0014
1403637206.838319063,22.6762
1403637206.888319016,28.0755
1403637206.938318968,27.862
1403637206.98831892,23.5162
1403637207.038319111,24.9675
1403637207.088319063,28.7365
1403637207.138319016,22.621
1403637207.188318968,26.2369
1403637207.23831892,26.1728
1403637207.288319111,22.901
1403637207.338319063,27.8804
1403637207.388319016,29.7795
1403637207.438318968,22.9269
1403637207.48831892,25.6746
1403637207.538319111,27.1004
1403637207.588319063,22.6682
1403637207.638319016,26.5541
1403637207.688318968,25.9276
1403637207.73831892,22.0082
1403637207.788319111,26.7483
1403637207.838319063,26.9381
1403637207.888319016,22.8853
1403637207.938318968,29.7183
1403637207.98831892,27.7781
1403637208.038319111,22.8039
1403637208.088319063,29.5991
1403637208.138319016,27.1224
1403637208.188318968,24.017
1403637208.23831892,28.0724
1403637208.288319111,28.2574
1403637208.338319063,23.6979
1403637208.388319016,26.1451
1403637208.438318968,28.0329
1403637208.48831892,23.0876
1403637208.538319111,27.5709
1403637208.588319063,28.5814
1403637208.638319016,23.025
1403637208.688318968,29.4796
1403637208.73831892,26.9905
1403637208.788319111,23.4119
1403637208.838319063,29.7264
1403637208.888319016,26.3933
1403637208.938318968,23.9571
1403637208.98831892,25.9011
1403637209.038319111,28.1824
1403637209.088319063,22.4738
1403637209.138319016,27.7982
1403637209.188318968,29.6679
1403637209.23831892,25.1496
1403637209.288319111,26.8585
1403637209.338319063,26.6797
1403637209.388319016,22.2134
1403637209.438318968,29.4116
1403637209.48831892,29.6145
1403637209.538319111,23.3999
1403637209.588319063,24.302
1403637209.638319016,25.9498
1403637209.688318968,24.6697
1403637209.73831892,24.3258
1403637209.788319111,25.4746
1403637209.838319063,21.8532
1403637209.888319016,25.9196
1403637209.938318968,26.8277
1403637209.98831892,22.4583
1403637210.038319111,25.1502
1403637210.088319063,24.9014
1403637210.138319016,21.3882
1403637210.188318968,24.1383
1403637210.23831892,27.2164
1403637210.288319111,22.4977
1403637210.338319063,24.5849
1403637210.388319016,26.2249
1403637210.438318968,20.3763
1403637210.48831892,25.1601
1403637210.538319111,24.2989
1403637210.588319063,21.6503
1403637210.638319016,23.5054
1403637210.688318968,24.3188
1403637210.73831892,21.0272
1403637210.788319111,23.2127
1403637210.838319063,23.8785
1403637210.888319016,19.8439
1403637210.938318968,26.0109
1403637210.98831892,24.5579
1403637211.038319111,21.0107
1403637211.088319063,26.1997
1403637211.138319016,24.8052
1403637211.188318968,21.4556
1403637211.23831892,24.024
1403637211.288319111,26.8022
1403637211.338319063,20.3926
1403637211.388319016,21.962
1403637211.438318968,22.7775
1403637211.48831892,20.9244
1403637211.538319111,23.9388
1403637211.588319063,24.8719
1403637211.638319016,20.4718
1403637211.688318968,20.9832
1403637211.73831892,22.5308
1403637211.788319111,21.6363
1403637211.838319063,21.7847
1403637211.888319016,24.1095
1403637211.938318968,20.0121
1403637211.98831892,20.2728
1403637212.038319111,21.9953
1403637212.088319063,19.1186
1403637212.138319016,22.1332
1403637212.188318968,23.4378
1403637212.23831892,18.8153
1403637212.288319111,23.1066
1403637212.338319063,22.5589
1403637212.388319016,18.4405
1403637212.438318968,19.1771
1403637212.48831892,22.168
1403637212.538319111,18.4593
1403637212.588319063,22.2936
1403637212.638319016,24.5152
1403637212.688318968,17.2107
1403637212.73831892,23.7916
1403637212.788319111,19.9033
1403637212.838319063,18.094
1403637212.888319016,21.1998
1403637212.938318968,21.3938
1403637212.98831892,17.8921
1403637213.038319111,22.5288
1403637213.088319063,21.8513
1403637213.138319016,17.0439
1403637213.188318968,20.9166
1403637213.23831892,20.5679
1403637213.288319111,17.5499
1403637213.338319063,23.2428
1403637213.388319016,20.9168
1403637213.438318968,16.7901
1403637213.48831892,20.6473
1403637213.538319111,20.7335
1403637213.588319063,17.1303
1403637213.638319016,23.8792
1403637213.688318968,20.7099
1403637213.73831892,17.2343
1403637213.788319111,23.4813
1403637213.838319063,23.1946
1403637213.888319016,19.9444
1403637213.938318968,20.6552
1403637213.98831892,21.0912
1403637214.038319111,17.3212
1403637214.088319063,21.6239
1403637214.138319016,21.6561
1403637214.188318968,18.7899
1403637214.23831892,24.2246
1403637214.288319111,22.0102
1403637214.338319063,17.8079
1403637214.388319016,21.7577
1403637214.438318968,24.0802
1403637214.48831892,20.8408
1403637214.538319111,22.1017
1403637214.588319063,21.9575
1403637214.638319016,17.8672
1403637214.688318968,24.2923
1403637214.73831892,21.7946
1403637214.788319111,18.7433
1403637214.838319063,24.8459
1403637214.888319016,24.4209
1403637214.938318968,19.2918
1403637214.98831892,24.7873
1403637215.038319111,22.3811
1403637215.088319063,18.3273
1403637215.138319016,22.0873
1403637215.188318968,20.8369
1403637215.23831892,18.492
1403637215.288319111,25.1724
1403637215.338319063,24.4254
1403637215.388319016,20.6204
1403637215.438318968,23.2854
1403637215.48831892,22.268
1403637215.538319111,17.6567
1403637215.588319063,21.9819
1403637215.638319016,21.8567
1403637215.688318968,17.9776
1403637215.73831892,24.1386
1403637215.788319111,21.0554
1403637215.838319063,17.9874
1403637215.888319016,22.7598
1403637215.938318968,21.5096
1403637215.98831892,18.6772
1403637216.038319111,22.1751
1403637216.088319063,24.1511
1403637216.138319016,23.6869
1403637216.188318968,24.8756
1403637216.23831892,22.6084
1403637216.288319111,19.2196
1403637216.338319063,22.7526
1403637216.388319016,23.964
1403637216.438318968,19.174
1403637216.48831892,24.2157
1403637216.538319111,23.2406
1403637216.588319063,19.5657
1403637216.638319016,23.7861
1403637216.688318968,25.0165
1403637216.73831892,19.8279
1403637216.788319111,23.403
1403637216.838319063,23.3861
1403637216.888319016,20.4145
1403637216.938318968,24.8905
1403637216.98831892,26.2431
1403637217.038319111,21.053
1403637217.088319063,24.5282
1403637217.138319016,25.7132
1403637217.188318968,22.5849
1403637217.23831892,23.0409
1403637217.288319111,24.2782
1403637217.338319063,20.924
1403637217.388319016,22.9145
1403637217.438318968,25.9831
1403637217.48831892,23.9387
1403637217.538319111,27.5514
1403637217.588319063,25.0442
1403637217.638319016,20.7049
1403637217.688318968,26.9594
1403637217.73831892,24.2602
1403637217.788319111,22.1972
1403637217.838319063,26.4883
1403637217.888319016,24.1229
1403637217.938318968,22.6321
1403637217.98831892,22.3321
1403637218.038319111,24.5923
1403637218.088319063,20.151
1403637218.138319016,23.3325
1403637218.188318968,23.0674
1403637218.23831892,20.8494
1403637218.288319111,20.8008
1403637218.338319063,23.5571
1403637218.388319016,25.0628
1403637218.438318968,24.5898
1403637218.48831892,22.6406
1403637218.538319111,18.8188
1403637218.588319063,22.8102
1403637218.638319016,23.1198
1403637218.688318968,21.092
1403637218.73831892,22.6277
1403637218.788319111,25.4157
1403637218.838319063,20.767
1403637218.888319016,22.405
1403637218.938318968,23.7196
1403637218.98831892,21.616
1403637219.038319111,22.3675
1403637219.088319063,22.5769
1403637219.138319016,23.8014
1403637219.188318968,24.207
1403637219.23831892,25.3849
1403637219.288319111,20.9367
1403637219.338319063,24.1981
1403637219.388319016,24.6482
1403637219.438318968,18.8281
1403637219.48831892,21.8942
1403637219.538319111,25.254
1403637219.588319063,22.624
1403637219.638319016,26.1437
1403637219.688318968,22.9544
1403637219.73831892,19.6675
1403637219.788319111,25.5479
1403637219.838319063,23.4457
1403637219.888319016,20.0682
1403637219.938318968,23.64
1403637219.98831892,26.408
1403637220.038319111,21.6922
1403637220.088319063,27.4809
1403637220.138319016,23.9713
1403637220.188318968,22.1713
1403637220.23831892,28.3984
1403637220.288319111,27.1657
1403637220.338319063,22.6214
1403637220.388319016,24.9276
1403637220.438318968,27.4478
1403637220.48831892,23.2727
1403637220.538319111,26.7357
1403637220.588319063,25.5794
1403637220.638319016,24.4086
1403637220.688318968,24.3603
1403637220.73831892,26.5596
1403637220.788319111,21.7144
1403637220.838319063,24.8243
1403637220.888319016,24.9518
1403637220.938318968,21.0999
1403637220.98831892,24.9633
1403637221.038319111,26.7257
1403637221.088319063,20.8366
1403637221.138319016,25.0175
1403637221.188318968,23.656
1403637221.23831892,19.8525
1403637221.288319111,23.9301
1403637221.338319063,22.0104
1403637221.388319016,19.3874
1403637221.438318968,23.1509
1403637221.48831892,22.8186
1403637221.538319111,19.2053
1403637221.588319063,22.9692
1403637221.638319016,20.5911
1403637221.688318968,20.0712
1403637221.73831892,22.3359
1403637221.788319111,23.4557
1403637221.838319063,23.4981
1403637221.888319016,25.0962
1403637221.938318968,21.9414
1403637221.98831892,18.8474
1403637222.038319111,22.6831
1403637222.088319063,22.7541
1403637222.138319016,18.8982
1403637222.188318968,23.1409
1403637222.23831892,23.0001
1403637222.288319111,19.6352
1403637222.338319063,26.1101
1403637222.388319016,23.6393
1403637222.438318968,21.1555
1403637222.48831892,23.3958
1403637222.538319111,23.3212
1403637222.588319063,20.2042
1403637222.638319016,25.5735
1403637222.688318968,24.0278
1403637222.73831892,20.8525
1403637222.788319111,27.1042
1403637222.838319063,23.5745
1403637222.888319016,20.6533
1403637222.938318968,24.4086
1403637222.98831892,24.3124
1403637223.038319111,20.4577
1403637223.088319063,26.5524
1403637223.138319016,24.2211
1403637223.188318968,21.0107
1403637223.23831892,25.5378
1403637223.288319111,23.6277
1403637223.338319063,21.4858
1403637223.388319016,25.0197
1403637223.438318968,25.6048
1403637223.48831892,22.6901
1403637223.538319111,24.3491
1403637223.588319063,23.2907
1403637223.638319016,23.379
1403637223.688318968,23.8532
1403637223.73831892,24.619
1403637223.788319111,21.8587
1403637223.838319063,23.9637
1403637223.888319016,25.7934
1403637223.938318968,22.0989
1403637223.98831892,23.931
1403637224.038319111,24.6755
1403637224.088319063,22.4306
1403637224.138319016,27.1517
1403637224.188318968,28.7588
1403637224.23831892,21.3924
1403637224.288319111,25.4431
1403637224.338319063,25.3729
1403637224.388319016,21.5239
1403637224.438318968,28.0276
1403637224.48831892,25.3623
1403637224.538319111,22.8658
1403637224.588319063,25.8574
1403637224.638319016,25.7077
1403637224.688318968,22.4705
1403637224.73831892,25.0316
1403637224.788319111,26.809
1403637224.838319063,21.6349
1403637224.888319016,23.2912
1403637224.938318968,28.4488
1403637224.98831892,21.6253
1403637225.038319111,23.9554
1403637225.088319063,24.5063
1403637225.138319016,21.1032
1403637225.188318968,25.3583
1403637225.23831892,25.6395
1403637225.288319111,21.4836
1403637225.338319063,28.056
1403637225.388319016,24.8149
1403637225.438318968,22.318
1403637225.48831892,26.3395
1403637225.538319111,26.3545
1403637225.588319063,21.641
1403637225.638319016,25.7607
1403637225.688318968,24.3399
1403637225.73831892,21.7906
1403637225.788319111,24.1536
1403637225.838319063,24.8052
1403637225.888319016,21.0486
1403637225.938318968,25.467
1403637225.98831892,27.7454
1403637226.038319111,22.9995
1403637226.088319063,25.722
1403637226.138319016,25.4397
1403637226.188318968,22.358
1403637226.23831892,24.2737
1403637226.288319111,25.0494
1403637226.338319063,21.7589
1403637226.388319016,25.7065
1403637226.438318968,27.4309
1403637226.48831892,22.222
1403637226.538319111,24.392
1403637226.588319063,22.0137
1403637226.638319016,20.9423
1403637226.688318968,25.8308
1403637226.73831892,24.9549
1403637226.788319111,21.863
1403637226.838319063,24.2276
1403637226.888319016,25.8011
1403637226.938318968,21.0744
1403637226.98831892,25.2964
1403637227.038319111,25.5079
1403637227.088319063,22.7452
1403637227.138319016,27.4198
1403637227.188318968,25.5679
1403637227.23831892,21.9062
1403637227.288319111,29.2428
1403637227.338319063,27.1477
1403637227.388319016,23.4143
1403637227.438318968,27.3354
1403637227.48831892,29.4917
1403637227.538319111,23.1822
1403637227.588319063,25.3098
1403637227.638319016,25.9804
1403637227.688318968,22.7429
1403637227.73831892,24.0032
1403637227.788319111,25.7186
1403637227.838319063,23.2023
1403637227.888319016,26.5916
1403637227.938318968,26.0836
1403637227.98831892,22.7398
1403637228.038319111,24.7675
1403637228.088319063,28.4148
1403637228.138319016,22.7263
1403637228.188318968,24.3493
1403637228.23831892,27.8188
1403637228.288319111,23.2935
1403637228.338319063,26.0451
1403637228.388319016,25.7331
1403637228.438318968,22.0729
1403637228.48831892,27.9932
1403637228.538319111,26.1164
1403637228.588319063,23.5096
1403637228.638319016,24.7307
1403637228.688318968,22.5415
1403637228.73831892,23.2084
1403637228.788319111,26.8399
1403637228.838319063,27.6482
1403637228.888319016,24.1602
1403637228.938318968,24.8748
1403637228.98831892,26.6247
1403637229.038319111,25.1312
1403637229.088319063,27.704
1403637229.138319016,26.3474
1403637229.188318968,24.2187
1403637229.23831892,25.8712
1403637229.288319111,29.1169
1403637229.338319063,23.5709
1403637229.388319016,26.5058
1403637229.438318968,25.8467
1403637229.48831892,23.6166
1403637229.538319111,25.3189
1403637229.588319063,27.597
1403637229.638319016,24.0619
1403637229.688318968,25.5843
1403637229.73831892,25.1629
1403637229.788319111,22.8576
1403637229.838319063,24.2393
1403637229.888319016,25.794
1403637229.938318968,22.9358
1403637229.98831892,25.6242
1403637230.038319111,24.9708
1403637230.088319063,21.8312
1403637230.138319016,24.7309
1403637230.188318968,24.827
1403637230.23831892,22.0812
1403637230.288319111,24.0441
1403637230.338319063,25.5994
1403637230.388319016,20.8133
1403637230.438318968,26.7203
1403637230.48831892,25.9031
1403637230.538319111,21.1154
1403637230.588319063,26.2506
1403637230.638319016,25.0085
1403637230.688318968,21.379
1403637230.73831892,27.6428
1403637230.788319111,24.8425
1403637230.838319063,21.4054
1403637230.888319016,27.1676
1403637230.938318968,25.7063
1403637230.98831892,22.1487
1403637231.038319111,23.7822
1403637231.088319063,24.6087
1403637231.138319016,21.4001
1403637231.188318968,25.1366
1403637231.23831892,25.9349
1403637231.288319111,21.99
1403637231.338319063,26.6645
1403637231.388319016,26.9367
1403637231.438318968,22.0447
1403637231.48831892,23.3141
1403637231.538319111,24.6204
1403637231.588319063,22.6862
1403637231.638319016,23.46
1403637231.688318968,25.4066
1403637231.73831892,23.0256
1403637231.788319111,28.5021
1403637231.838319063,27.122
1403637231.888319016,24.5933
1403637231.938318968,27.0363
1403637231.98831892,31.0348
1403637232.038319111,27.4176
1403637232.088319063,25.966
1403637232.138319016,30.8737
1403637232.188318968,25.8275
1403637232.23831892,28.6503
1403637232.288319111,30.698
1403637232.338319063,24.6595
1403637232.388319016,28.9928
1403637232.438318968,28.8547
1403637232.48831892,25.8151
1403637232.538319111,27.9385
1403637232.588319063,30.2812
1403637232.638319016,25.3814
1403637232.688318968,28.423
1403637232.73831892,27.7121
1403637232.788319111,24.8804
1403637232.838319063,29.1616
1403637232.888319016,30.7389
1403637232.938318968,24.6601
1403637232.98831892,28.5243
1403637233.038319111,27.9782
1403637233.088319063,24.7506
1403637233.138319016,23.6776
1403637233.188318968,26.4281
1403637233.23831892,24.0887
1403637233.288319111,25.7146
1403637233.338319063,29.039
1403637233.388319016,24.5891
1403637233.438318968,25.7024
1403637233.48831892,28.5191
1403637233.538319111,23.6378
1403637233.588319063,24.5624
1403637233.638319016,27.9601
1403637233.688318968,24.14
1403637233.73831892,26.686
1403637233.788319111,27.7081
1403637233.838319063,23.5354
1403637233.888319016,27.6551
1403637233.938318968,26.5385
1403637233.98831892,24.2353
1403637234.038319111,27.0104
1403637234.088319063,27.7667
1403637234.138319016,24.7959
1403637234.188318968,27.4296
1403637234.23831892,26.392
1403637234.288319111,24.0588
1403637234.338319063,26.2023
1403637234.388319016,26.275
1403637234.438318968,23.1688
1403637234.48831892,27.0302
1403637234.538319111,25.0444
1403637234.588319063,23.4076
1403637234.638319016,25.6318
1403637234.688318968,25.8628
1403637234.73831892,23.0932
1403637234.788319111,27.089
1403637234.838319063,26.076
1403637234.888319016,23.7244
1403637234.938318968,24.6081
1403637234.98831892,28.0458
1403637235.038319111,24.0639
1403637235.088319063,27.1561
1403637235.138319016,27.0283
1403637235.188318968,24.2657
1403637235.23831892,26.1932
1403637235.288319111,27.6063
1403637235.338319063,23.7872
1403637235.388319016,27.6001
1403637235.438318968,26.16
1403637235.48831892,24.2698
1403637235.538319111,26.4226
1403637235.588319063,25.9198
1403637235.638319016,23.7334
1403637235.688318968,25.3961
1403637235.73831892,28.4832
1403637235.788319111,23.5312
1403637235.838319063,27.2528
1403637235.888319016,26.1202
1403637235.938318968,23.8879
1403637235.98831892,26.8704
1403637236.038319111,25.5874
1403637236.088319063,22.5
1403637236.138319016,25.569
1403637236.188318968,24.8465
1403637236.23831892,23.05
1403637236.288319111,23.5028
1403637236.338319063,26.4735
1403637236.388319016,21.6906
1403637236.438318968,23.1183
1403637236.48831892,25.6672
1403637236.538319111,22.6668
1403637236.588319063,23.5134
1403637236.638319016,25.0212
1403637236.688318968,21.5027
1403637236.73831892,25.9888
1403637236.788319111,24.4706
1403637236.838319063,20.5449
1403637236.888319016,23.4639
1403637236.938318968,23.2652
1403637236.98831892,20.188
1403637237.038319111,21.5234
1403637237.088319063,22.5021
1403637237.138319016,20.8132
1403637237.188318968,22.6553
1403637237.23831892,23.7199
1403637237.288319111,21.4616
1403637237.338319063,21.7534
1403637237.388319016,23.0396
1403637237.438318968,21.4304
1403637237.48831892,22.8742
1403637237.538319111,21.9114
1403637237.588319063,21.5322
1403637237.638319016,24.8892
1403637237.688318968,22.2566
1403637237.73831892,20.6838
1403637237.788319111,21.8391
1403637237.838319063,24.7772
1403637237.888319016,20.6215
1403637237.938318968,25.011
1403637237.98831892,23.0337
1403637238.038319111,20.9094
1403637238.088319063,21.6576
1403637238.138319016,23.7676
1403637238.188318968,22.6611
1403637238.23831892,21.9188
1403637238.288319111,22.1762
1403637238.338319063,20.8037
1403637238.388319016,22.8806
1403637238.438318968,23.4494
1403637238.48831892,22.6849
1403637238.538319111,23.1691
1403637238.588319063,26.9052
1403637238.638319016,22.3
1403637238.688318968,25.4093
1403637238.73831892,24.6638
1403637238.788319111,23.3708
1403637238.838319063,25.5565
1403637238.888319016,26.1909
1403637238.938318968,23.0126
1403637238.98831892,26.1847
1403637239.038319111,25.5899
1403637239.088319063,25.0948
1403637239.138319016,26.245
1403637239.188318968,27.5681
1403637239.23831892,25.0459
1403637239.288319111,26.9037
1403637239.338319063,29.7152
1403637239.388319016,24.9862
1403637239.438318968,25.6663
1403637239.48831892,28.3724
1403637239.538319111,25.0963
1403637239.588319063,27.7622
1403637239.638319016,27.4136
1403637239.688318968,24.8215
1403637239.73831892,26.2895
1403637239.788319111,26.8596
1403637239.838319063,23.1297
1403637239.888319016,28.3997
1403637239.938318968,26.325
1403637239.98831892,21.9742
1403637240.038319111,26.07
1403637240.088319063,27.6828
1403637240.138319016,22.5862
1403637240.188318968,28.2091
1403637240.23831892,25.1667
1403637240.288319111,22.1628
1403637240.338319063,26.6515
1403637240.388319016,28.2231
1403637240.438318968,24.2926
1403637240.48831892,26.1591
1403637240.538319111,27.4294
1403637240.588319063,23.4288
1403637240.638319016,24.7276
1403637240.688318968,28.3882
1403637240.73831892,23.1891
1403637240.788319111,24.0232
1403637240.838319063,26.8773
1403637240.888319016,23.8185
1403637240.938318968,28.8486
1403637240.98831892,25.5846
1403637241.038319111,22.3125
1403637241.088319063,25.6115
1403637241.138319016,26.2947
1403637241.188318968,23.5798
1403637241.23831892,24.4467
1403637241.288319111,26.4166
1403637241.338319063,22.1171
1403637241.388319016,23.0836
1403637241.438318968,25.8212
1403637241.48831892,23.5248
1403637241.538319111,23.3078
1403637241.588319063,24.7167
1403637241.638319016,23.1105
1403637241.688318968,22.979
1403637241.73831892,25.2237
1403637241.788319111,22.2813
1403637241.838319063,24.2784
1403637241.888319016,24.5731
1403637241.938318968,23.2382
1403637241.98831892,23.6218
1403637242.038319111,26.6529
1403637242.088319063,22.1056
1403637242.138319016,25.7587
1403637242.188318968,24.4781
1403637242.23831892,20.7239
1403637242.288319111,23.5503
1403637242.338319063,24.1646
1403637242.388319016,21.1543
1403637242.438318968,22.1163
1403637242.48831892,20.7709
1403637242.538319111,20.0187
1403637242.588319063,25.4516
1403637242.638319016,24.1066
1403637242.688318968,19.5395
1403637242.73831892,23.7969
1403637242.788319111,22.7288
1403637242.838319063,19.0079
1403637242.888319016,25.4684
1403637242.938318968,23.5943
1403637242.98831892,19.9531
1403637243.038319111,26.1197
1403637243.088319063,23.9726
1403637243.138319016,20.122
1403637243.188318968,24.159
1403637243.23831892,25.9423
1403637243.288319111,20.9791
1403637243.338319063,26.6766
1403637243.388319016,24.7034
1403637243.438318968,20.5351
1403637243.48831892,25.752
1403637243.538319111,25.0745
1403637243.588319063,23.0599
1403637243.638319016,21.2207
1403637243.688318968,26.566
1403637243.73831892,22.0287
1403637243.788319111,22.8967
1403637243.838319063,23.7859
1403637243.888319016,21.0566
1403637243.938318968,23.726
1403637243.98831892,23.9108
1403637244.038319111,22.1057
1403637244.088319063,25.9666
1403637244.138319016,25.9914
1403637244.188318968,20.6608
1403637244.23831892,24.6125
1403637244.288319111,26.518
1403637244.338319063,22.8681
1403637244.388319016,23.506
1403637244.438318968,26.8278
1403637244.48831892,23.9853
1403637244.538319111,23.9081
1403637244.588319063,21.8489
1403637244.638319016,25.4182
1403637244.688318968,23.6919
1403637244.73831892,25.2301
1403637244.788319111,24.3762
1403637244.838319063,27.0945
1403637244.888319016,27.2172
1403637244.938318968,23.9173
1403637244.98831892,25.0882
1403637245.038319111,26.4432
1403637245.088319063,23.0793
1403637245.138319016,27.0161
1403637245.188318968,26.8947
1403637245.23831892,24.0534
1403637245.288319111,26.0207
1403637245.338319063,27.1241
1403637245.388319016,23.8251
1403637245.438318968,27.3419
1403637245.48831892,27.7126
1403637245.538319111,23.6271
1403637245.588319063,26.4046
1403637245.638319016,26.0255
1403637245.688318968,23.051
1403637245.73831892,27.9663
1403637245.788319111,24.7012
1403637245.838319063,22.8106
1403637245.888319016,27.0998
1403637245.938318968,24.3719
1403637245.98831892,21.7557
1403637246.038319111,24.9064
1403637246.088319063,25.8027
1403637246.138319016,20.3632
1403637246.188318968,22.0244
1403637246.23831892,23.2666
1403637246.288319111,21.8939
1403637246.338319063,25.2237
1403637246.388319016,23.8693
1403637246.438318968,21.2307
1403637246.48831892,21.6185
1403637246.538319111,23.2639
1403637246.588319063,20.54
1403637246.638319016,21.4968
1403637246.688318968,22.7108
1403637246.73831892,21.6533
1403637246.788319111,23.3379
1403637246.838319063,24.0131
1403637246.888319016,21.203
1403637246.938318968,21.7811
1403637246.98831892,22.7882
1403637247.038319111,20.8387
1403637247.088319063,24.0417
1403637247.138319016,22.4147
1403637247.188318968,21.5658
1403637247.23831892,26.9263
1403637247.288319111,25.3262
1403637247.338319063,23.3103
1403637247.388319016,23.3415
1403637247.438318968,25.6243
1403637247.48831892,23.5396
1403637247.538319111,26.8635
1403637247.588319063,28.1074
1403637247.638319016,23.3547
1403637247.688318968,27.2011
1403637247.73831892,27.8004
1403637247.788319111,21.8414
1403637247.838319063,25.5144
1403637247.888319016,27.0434
1403637247.938318968,21.9757
1403637247.98831892,27.4339
1403637248.038319111,25.6084
1403637248.088319063,21.3688
1403637248.138319016,27.6434
1403637248.188318968,24.8802
1403637248.23831892,21.849
1403637248.288319111,24.4801
1403637248.338319063,24.5418
1403637248.388319016,23.8851
1403637248.438318968,25.3488
1403637248.48831892,27.057
1403637248.538319111,23.6736
1403637248.588319063,24.3462
1403637248.638319016,26.1103
1403637248.688318968,23.6803
1403637248.73831892,27.218
1403637248.788319111,24.6519
1403637248.838319063,23.6939
1403637248.888319016,26.7466
1403637248.938318968,26.9297
1403637248.98831892,24.8902
1403637249.038319111,25.4477
1403637249.088319063,27.055
1403637249.138319016,24.5508
1403637249.188318968,27.9283
1403637249.23831892,27.3165
1403637249.288319111,25.5861
1403637249.338319063,25.7323
1403637249.388319016,26.1923
1403637249.438318968,24.4163
1403637249.48831892,28.3217
1403637249.538319111,27.5874
1403637249.588319063,24.7104
1403637249.638319016,28.4507
1403637249.688318968,29.2552
1403637249.73831892,23.2591
1403637249.788319111,26.6487
1403637249.838319063,28.2205
1403637249.888319016,24.4454
1403637249.938318968,24.9396
1403637249.98831892,28.0341
1403637250.038319111,24.2612
1403637250.088319063,26.8663
1403637250.138319016,28.3931
1403637250.188318968,24.604
1403637250.23831892,26.0299
1403637250.288319111,29.4551
1403637250.338319063,24.7485
1403637250.388319016,26.7161
1403637250.438318968,28.7642
1403637250.48831892,24.6962
1403637250.538319111,25.6291
1403637250.588319063,29.2797
1403637250.638319016,24.5339
1403637250.688318968,26.2583
1403637250.73831892,28.8923
1403637250.788319111,24.0588
1403637250.838319063,28.128
1403637250.888319016,27.1763
1403637250.938318968,24.6905
1403637250.98831892,26.8282
1403637251.038319111,27.6088
1403637251.088319063,24.372
1403637251.138319016,26.1972
1403637251.188318968,27.0971
1403637251.23831892,24.4535
1403637251.288319111,26.4154
1403637251.338319063,27.5381
1403637251.388319016,24.4512
1403637251.438318968,27.3917
1403637251.48831892,27.5392
1403637251.538319111,24.1264
1403637251.588319063,26.3315
1403637251.638319016,27.4595
1403637251.688318968,25.7499
1403637251.73831892,27.7294
1403637251.788319111,28.2102
1403637251.838319063,24.5885
1403637251.888319016,28.0027
1403637251.938318968,28.9218
1403637251.98831892,24.1418
1403637252.038319111,25.6199
1403637252.088319063,28.0117
1403637252.138319016,24.0119
1403637252.188318968,25.3233
1403637252.23831892,26.7425
1403637252.288319111,24.0967
1403637252.338319063,25.9556
1403637252.388319016,26.9333
1403637252.438318968,24.5852
1403637252.48831892,27.799
1403637252.538319111,23.5109
1403637252.588319063,23.753
1403637252.638319016,25.7438
1403637252.688318968,28.9086
1403637252.73831892,24.7609
1403637252.788319111,28.0378
1403637252.838319063,29.4167
1403637252.888319016,24.9449
1403637252.938318968,26.9975
1403637252.98831892,28.9242
1403637253.038319111,25.1013
1403637253.088319063,26.5109
1403637253.138319016,26.2028
1403637253.188318968,24.5327
1403637253.23831892,29.0587
1403637253.288319111,28.0117
1403637253.338319063,24.9581
1403637253.388319016,26.4352
1403637253.438318968,27.1001
1403637253.48831892,25.6686
1403637253.538319111,27.0594
1403637253.588319063,29.9884
1403637253.638319016,25.3153
1403637253.688318968,29.0366
1403637253.73831892,29.7957
1403637253.788319111,25.7489
1403637253.838319063,28.1683
1403637253.888319016,29.7454
1403637253.938318968,25.8052
1403637253.98831892,26.194
1403637254.038319111,30.8322
1403637254.088319063,25.3792
1403637254.138319016,26.5719
1403637254.188318968,28.1731
1403637254.23831892,25.0947
1403637254.288319111,26.2948
1403637254.338319063,27.677
1403637254.388319016,26.0754
1403637254.438318968,24.9078
1403637254.48831892,26.52
1403637254.538319111,25.0018
1403637254.588319063,28.2872
1403637254.638319016,28.6933
1403637254.688318968,25.9426
1403637254.73831892,27.9154
1403637254.788319111,28.2925
1403637254.838319063,24.788
1403637254.888319016,28.6941
1403637254.938318968,28.4915
1403637254.98831892,25.663
1403637255.038319111,27.3196
1403637255.088319063,28.0313
1403637255.138319016,24.9573
1403637255.188318968,27.9482
1403637255.23831892,27.9238
1403637255.288319111,25.0563
1403637255.338319063,27.9763
1403637255.388319016,28.0309
1403637255.438318968,25.0871
1403637255.48831892,27.2346
1403637255.538319111,28.1332
1403637255.588319063,25.0786
1403637255.638319016,25.21
1403637255.688318968,28.1047
1403637255.73831892,24.1499
1403637255.788319111,25.5261
1403637255.838319063,28.6566
1403637255.888319016,23.5456
1403637255.938318968,27.9029
1403637255.98831892,25.9092
1403637256.038319111,22.2085
1403637256.088319063,25.9699
1403637256.138319016,25.5735
1403637256.188318968,23.4962
1403637256.23831892,24.0796
1403637256.288319111,25.1662
1403637256.338319063,24.0878
1403637256.388319016,27.8062
1403637256.438318968,27.9305
1403637256.48831892,23.5595
1403637256.538319111,26.5877
1403637256.588319063,25.7301
1403637256.638319016,23.0283
1403637256.688318968,26.1266
1403637256.73831892,25.3215
1403637256.788319111,22.9122
1403637256.838319063,24.4528
1403637256.888319016,26.2031
1403637256.938318968,22.4516
1403637256.98831892,23.0889
1403637257.038319111,24.4045
1403637257.088319063,21.012
1403637257.138319016,22.4735
1403637257.188318968,26.3704
1403637257.23831892,21.2648
1403637257.288319111,24.0858
1403637257.338319063,26.207
1403637257.388319016,20.969
1403637257.438318968,25.3077
1403637257.48831892,21.9919
1403637257.538319111,21.1046
1403637257.588319063,23.175
1403637257.638319016,26.5731
1403637257.688318968,21.3544
1403637257.73831892,24.7423
1403637257.788319111,23.1824
1403637257.838319063,21.5534
1403637257.888319016,24.1481
1403637257.938318968,25.7836
1403637257.98831892,20.3519
1403637258.038319111,22.8963
1403637258.088319063,22.8265
1403637258.138319016,20.422
1403637258.188318968,23.351
1403637258.23831892,23.1653
1403637258.288319111,19.9654
1403637258.338319063,21.4678
1403637258.388319016,23.0502
1403637258.438318968,20.7667
1403637258.48831892,21.9153
1403637258.538319111,25.7105
1403637258.588319063,19.9571
1403637258.638319016,20.997
1403637258.688318968,24.4451
1403637258.73831892,20.0524
1403637258.788319111,20.5863
1403637258.838319063,24.2496
1403637258.888319016,19.6112
1403637258.938318968,19.7709
1403637258.98831892,22.0483
1403637259.038319111,19.2504
1403637259.088319063,21.5558
1403637259.138319016,20.8432
1403637259.188318968,19.9999
1403637259.23831892,19.828
1403637259.288319111,21.2201
1403637259.338319063,19.924
1403637259.388319016,22.2341
1403637259.438318968,24.1005
1403637259.48831892,19.1451
1403637259.538319111,20.7338
1403637259.588319063,22.3824
1403637259.638319016,18.4765
1403637259.688318968,22.2651
1403637259.73831892,21.723
1403637259.788319111,17.9203
1403637259.838319063,21.8544
1403637259.888319016,22.7828
1403637259.938318968,21.0436
1403637259.98831892,21.875
1403637260.038319111,24.1437
1403637260.088319063,18.123
1403637260.138319016,18.6881
1403637260.188318968,22.557
1403637260.23831892,17.5337
1403637260.288319111,19.098
1403637260.338319063,21.2363
1403637260.388319016,16.9028
1403637260.438318968,20.1876
1403637260.48831892,19.5716
1403637260.538319111,16.4019
1403637260.588319063,19.9716
1403637260.638319016,18.9007
1403637260.688318968,15.8193
1403637260.73831892,19.3596
1403637260.788319111,19.9323
1403637260.838319063,17.5586
1403637260.888319016,19.4739
1403637260.938318968,19.0551
1403637260.98831892,15.7931
1403637261.038319111,19.2896
1403637261.088319063,20.5866
1403637261.138319016,14.8312
1403637261.188318968,17.565
1403637261.23831892,20.3343
1403637261.288319111,15.5491
1403637261.338319063,16.007
1403637261.388319016,17.242
1403637261.438318968,12.5118
1403637261.48831892,17.6204
1403637261.538319111,16.505
1403637261.588319063,17.458
1403637261.638319016,19.0483
1403637261.688318968,16.4121
1403637261.73831892,11.4827
1403637261.788319111,17.0796
1403637261.838319063,17.5928
1403637261.888319016,13.77
1403637261.938318968,17.5455
1403637261.98831892,16.0055
1403637262.038319111,11.3359
1403637262.088319063,18.2376
1403637262.138319016,17.4723
1403637262.188318968,10.7272
1403637262.23831892,15.2959
1403637262.288319111,16.8863
1403637262.338319063,10.9585
1403637262.388319016,17.1615
1403637262.438318968,15.1512
1403637262.48831892,14.1795
1403637262.538319111,18.0276
1403637262.588319063,16.6051
1403637262.638319016,11.8202
1403637262.688318968,15.7085
1403637262.73831892,16.0334
1403637262.788319111,11.4617
1403637262.838319063,17.5142
1403637262.888319016,18.3356
1403637262.938318968,14.402
1403637262.98831892,18.1584
1403637263.038319111,15.8292
1403637263.088319063,11.9479
1403637263.138319016,15.9436
1403637263.188318968,16.066
1403637263.23831892,11.5013
1403637263.288319111,15.427
1403637263.338319063,16.3623
1403637263.388319016,16.9921
1403637263.438318968,15.8982
1403637263.48831892,14.913
1403637263.538319111,13.6694
1403637263.588319063,18.4865
1403637263.638319016,17.1672
1403637263.688318968,14.4812
1403637263.73831892,16.1043
1403637263.788319111,16.096
1403637263.838319063,11.3662
1403637263.888319016,19.236
1403637263.938318968,15.7538
1403637263.98831892,12.2342
1403637264.038319111,15.0937
1403637264.088319063,16.207
1403637264.138319016,15.1587
1403637264.188318968,17.0935
1403637264.23831892,19.134
1403637264.288319111,14.347
1403637264.338319063,14.7471
1403637264.388319016,16.1143
1403637264.438318968,16.4069
1403637264.48831892,18.4851
1403637264.538319111,18.2412
1403637264.588319063,13.8317
1403637264.638319016,18.0919
1403637264.688318968,15.0095
1403637264.73831892,12.5151
1403637264.788319111,15.2176
1403637264.838319063,16.5773
1403637264.888319016,15.8835
1403637264.938318968,15.8949
1403637264.98831892,18.3508
1403637265.038319111,11.2241
1403637265.088319063,15.0309
1403637265.138319016,16.426
1403637265.188318968,14.2259
1403637265.23831892,16.0943
1403637265.288319111,17.7921
1403637265.338319063,15.4745
1403637265.388319016,15.4012
1403637265.438318968,16.1555
1403637265.48831892,15.5579
