1.40364e+09,4.01969
1.40364e+09,4.44466
1.40364e+09,4.59934
1.40364e+09,5.15087
1.40364e+09,3.76981
1.40364e+09,16.4494
1.40364e+09,10.8941
1.40364e+09,9.0649
1.40364e+09,10.7053
1.40364e+09,10.6528
1.40364e+09,9.33874
1.40364e+09,9.43098
1.40364e+09,10.7756
1.40364e+09,8.06764
1.40364e+09,8.06265
1.40364e+09,10.4336
1.40364e+09,11.1523
1.40364e+09,10.5534
1.40364e+09,12.0611
1.40364e+09,9.99422
1.40364e+09,9.44212
1.40364e+09,11.557
1.40364e+09,11.6789
1.40364e+09,11.153
1.40364e+09,12.3691
1.40364e+09,9.96608
1.40364e+09,9.96553
1.40364e+09,12.0706
1.40364e+09,9.07407
1.40364e+09,12.4049
1.40364e+09,8.55739
1.40364e+09,11.0644
1.40364e+09,10.5523
1.40364e+09,10.9424
1.40364e+09,11.3731
1.40364e+09,7.86214
1.40364e+09,10.5757
1.40364e+09,11.345
1.40364e+09,10.3433
1.40364e+09,11.4342
1.40364e+09,11.3238
1.40364e+09,12.2569
1.40364e+09,9.53123
1.40364e+09,10.0645
1.40364e+09,7.97394
1.40364e+09,10.5794
1.40364e+09,7.1706
1.40364e+09,13.0494
1.40364e+09,11.2106
1.40364e+09,11.7973
1.40364e+09,7.06939
1.40364e+09,13.053
1.40364e+09,11.6126
1.40364e+09,13.031
1.40364e+09,13.2915
1.40364e+09,11.5345
1.40364e+09,8.16787
1.40364e+09,11.4215
1.40364e+09,10.0979
1.40364e+09,10.1158
1.40364e+09,12.2477
1.40364e+09,3.03618
1.40364e+09,8.47655
1.40364e+09,5.45689
1.40364e+09,16.3588
1.40364e+09,11.5834
1.40364e+09,11.2391
1.40364e+09,10.7765
1.40364e+09,13.3432
1.40364e+09,14.6899
1.40364e+09,13.31
1.40364e+09,14.117
1.40364e+09,13.6178
1.40364e+09,16.8166
1.40364e+09,17.3965
1.40364e+09,16.2004
1.40364e+09,14.929
1.40364e+09,13.8566
1.40364e+09,17.2477
1.40364e+09,16.2993
1.40364e+09,17.0808
1.40364e+09,17.3485
1.40364e+09,17.036
1.40364e+09,19.379
1.40364e+09,17.545
1.40364e+09,16.5599
1.40364e+09,18.1554
1.40364e+09,13.7843
1.40364e+09,14.5325
1.40364e+09,11.1643
1.40364e+09,14.1712
1.40364e+09,16.1648
1.40364e+09,11.763
1.40364e+09,13.0478
1.40364e+09,9.72896
1.40364e+09,8.98198
1.40364e+09,13.3092
1.40364e+09,14.6387
1.40364e+09,14.6341
1.40364e+09,13.4615
1.40364e+09,15.6016
1.40364e+09,15.9657
1.40364e+09,16.0543
1.40364e+09,16.578
1.40364e+09,16.5952
1.40364e+09,20.0149
1.40364e+09,17.9599
1.40364e+09,17.6665
1.40364e+09,19.0091
1.40364e+09,17.2003
1.40364e+09,13.8847
1.40364e+09,18.2515
1.40364e+09,21.5258
1.40364e+09,19.6626
1.40364e+09,18.3015
1.40364e+09,13.3348
1.40364e+09,17.6551
1.40364e+09,12.5018
1.40364e+09,14.5369
1.40364e+09,10.8092
1.40364e+09,14.6188
1.40364e+09,9.77464
1.40364e+09,12.7416
1.40364e+09,10.2396
1.40364e+09,14.3906
1.40364e+09,11.0114
1.40364e+09,15.2928
1.40364e+09,19.4149
1.40364e+09,13.4446
1.40364e+09,17.9364
1.40364e+09,19.1157
1.40364e+09,15.0177
1.40364e+09,17.9778
1.40364e+09,15.8489
1.40364e+09,16.7797
1.40364e+09,16.8108
1.40364e+09,15.8818
1.40364e+09,22.3368
1.40364e+09,19.2093
1.40364e+09,22.6597
1.40364e+09,20.1297
1.40364e+09,21.7761
1.40364e+09,20.7796
1.40364e+09,19.7079
1.40364e+09,16.31
1.40364e+09,13.6649
1.40364e+09,14.087
1.40364e+09,12.6903
1.40364e+09,11.6284
1.40364e+09,10.5656
1.40364e+09,12.991
1.40364e+09,11.6531
1.40364e+09,14.2912
1.40364e+09,12.0327
1.40364e+09,14.9283
1.40364e+09,13.654
1.40364e+09,13.747
1.40364e+09,20.6585
1.40364e+09,19.6037
1.40364e+09,21.2831
1.40364e+09,21.5624
1.40364e+09,18.9028
1.40364e+09,20.6652
1.40364e+09,18.9278
1.40364e+09,16.201
1.40364e+09,17.8948
1.40364e+09,18.3865
1.40364e+09,21.7238
1.40364e+09,18.7923
1.40364e+09,21.5387
1.40364e+09,21.4985
1.40364e+09,19.4398
1.40364e+09,18.219
1.40364e+09,17.7384
1.40364e+09,13.7133
1.40364e+09,14.8267
1.40364e+09,11.1058
1.40364e+09,11.7658
1.40364e+09,11.053
1.40364e+09,10.8949
1.40364e+09,13.3322
1.40364e+09,10.8512
1.40364e+09,10.9136
1.40364e+09,13.7069
1.40364e+09,10.9041
1.40364e+09,11.576
1.40364e+09,2.89816
1.40364e+09,8.52274
1.40364e+09,5.84262
1.40364e+09,17.5328
1.40364e+09,10.8405
1.40364e+09,10.6951
1.40364e+09,9.29702
1.40364e+09,8.57172
1.40364e+09,8.70803
1.40364e+09,10.6458
1.40364e+09,10.1315
1.40364e+09,11.4949
1.40364e+09,10.9577
1.40364e+09,11.6134
1.40364e+09,10.6161
1.40364e+09,9.78928
1.40364e+09,10.8955
1.40364e+09,9.79776
1.40364e+09,9.1647
1.40364e+09,11.9061
1.40364e+09,10.9519
1.40364e+09,12.3242
1.40364e+09,11.5893
1.40364e+09,10.1564
1.40364e+09,11.0276
1.40364e+09,9.3901
1.40364e+09,10.4072
1.40364e+09,11.227
1.40364e+09,12.3839
1.40364e+09,9.77365
1.40364e+09,11.3484
1.40364e+09,14.1252
1.40364e+09,10.2235
1.40364e+09,12.084
1.40364e+09,10.391
1.40364e+09,12.2702
1.40364e+09,10.6846
1.40364e+09,11.0326
1.40364e+09,11.9843
1.40364e+09,11.7079
1.40364e+09,10.2501
1.40364e+09,11.8639
1.40364e+09,9.65568
1.40364e+09,11.7782
1.40364e+09,10.122
1.40364e+09,11.7993
1.40364e+09,13.7266
1.40364e+09,9.41563
1.40364e+09,7.41702
1.40364e+09,10.4603
1.40364e+09,10.1976
1.40364e+09,11.3209
1.40364e+09,9.28657
1.40364e+09,10.9885
1.40364e+09,10.0642
1.40364e+09,13.5226
1.40364e+09,9.49009
1.40364e+09,10.8943
1.40364e+09,9.16421
1.40364e+09,12.725
1.40364e+09,11.5427
1.40364e+09,11.0857
1.40364e+09,13.692
1.40364e+09,12.8501
1.40364e+09,11.22
1.40364e+09,9.99349
1.40364e+09,14.5893
1.40364e+09,13.4304
1.40364e+09,3.31706
1.40364e+09,10.4722
1.40364e+09,4.85276
1.40364e+09,3.87831
1.40364e+09,4.60981
1.40364e+09,4.92642
1.40364e+09,4.78351
1.40364e+09,5.17039
1.40364e+09,3.72014
1.40364e+09,3.73416
1.40364e+09,5.07463
1.40364e+09,4.80979
1.40364e+09,3.46676
1.40364e+09,4.8957
1.40364e+09,5.03874
1.40364e+09,3.95134
1.40364e+09,4.86977
1.40364e+09,5.77385
1.40364e+09,5.17958
1.40364e+09,4.73169
1.40364e+09,3.37294
1.40364e+09,5.15651
1.40364e+09,4.89704
1.40364e+09,4.69084
1.40364e+09,3.44836
1.40364e+09,5.16923
1.40364e+09,5.1193
1.40364e+09,3.69865
1.40364e+09,4.26676
1.40364e+09,16.465
1.40364e+09,10.5775
1.40364e+09,8.56531
1.40364e+09,11.7599
1.40364e+09,10.4761
1.40364e+09,11.5171
1.40364e+09,10.7741
1.40364e+09,10.4186
1.40364e+09,10.1181
1.40364e+09,11.4668
1.40364e+09,11.5076
1.40364e+09,8.71403
1.40364e+09,12.5941
1.40364e+09,12.8818
1.40364e+09,9.68641
1.40364e+09,11.4068
1.40364e+09,13.6579
1.40364e+09,10.6597
1.40364e+09,11.9762
1.40364e+09,8.86133
1.40364e+09,12.6638
1.40364e+09,11.6455
1.40364e+09,10.6106
1.40364e+09,10.7284
1.40364e+09,11.0626
1.40364e+09,9.20353
1.40364e+09,11.425
1.40364e+09,11.191
1.40364e+09,10.2645
1.40364e+09,10.3176
1.40364e+09,12.7135
1.40364e+09,12.424
1.40364e+09,10.2542
1.40364e+09,11.3051
1.40364e+09,13.3477
1.40364e+09,13.7857
1.40364e+09,11.0805
1.40364e+09,11.4436
1.40364e+09,12.5246
1.40364e+09,9.88786
1.40364e+09,8.35599
1.40364e+09,9.9802
1.40364e+09,13.9237
1.40364e+09,12.2922
1.40364e+09,11.3237
1.40364e+09,7.64367
1.40364e+09,9.12155
1.40364e+09,13.942
1.40364e+09,14.9463
1.40364e+09,9.51188
1.40364e+09,12.6074
1.40364e+09,14.8001
1.40364e+09,12.0433
1.40364e+09,13.3633
1.40364e+09,14.7132
1.40364e+09,10.309
1.40364e+09,12.2124
1.40364e+09,15.3461
1.40364e+09,14.2548
1.40364e+09,11.1266
1.40364e+09,12.0237
1.40364e+09,12.0392
1.40364e+09,12.6509
1.40364e+09,9.82506
1.40364e+09,12.3429
1.40364e+09,3.35633
1.40364e+09,9.58785
1.40364e+09,3.4728
1.40364e+09,4.75889
1.40364e+09,4.91309
1.40364e+09,5.40056
1.40364e+09,4.81811
1.40364e+09,4.62883
1.40364e+09,5.1777
1.40364e+09,4.59455
1.40364e+09,3.38129
1.40364e+09,3.93066
1.40364e+09,5.17679
1.40364e+09,5.03928
1.40364e+09,5.72747
1.40364e+09,4.63561
1.40364e+09,4.67282
1.40364e+09,4.93705
1.40364e+09,4.62327
1.40364e+09,4.20089
1.40364e+09,5.23207
1.40364e+09,4.91387
1.40364e+09,5.44442
1.40364e+09,4.1309
1.40364e+09,3.5157
1.40364e+09,4.7389
1.40364e+09,3.39604
1.40364e+09,4.99908
1.40364e+09,4.45067
1.40364e+09,3.48069
1.40364e+09,4.74953
1.40364e+09,3.6664
1.40364e+09,4.28744
1.40364e+09,4.81037
1.40364e+09,4.78174
1.40364e+09,5.29628
1.40364e+09,5.8358
1.40364e+09,16.6748
1.40364e+09,7.95948
1.40364e+09,8.97191
1.40364e+09,8.90761
1.40364e+09,8.9544
1.40364e+09,9.30536
1.40364e+09,8.99058
1.40364e+09,6.47142
1.40364e+09,9.51473
1.40364e+09,6.59035
1.40364e+09,12.6416
1.40364e+09,12.1297
1.40364e+09,10.2601
1.40364e+09,10.9114
1.40364e+09,12.9062
1.40364e+09,14.8962
1.40364e+09,15.1888
1.40364e+09,11.6995
1.40364e+09,12.387
1.40364e+09,10.8926
1.40364e+09,16.6409
1.40364e+09,17.0395
1.40364e+09,14.7648
1.40364e+09,16.0511
1.40364e+09,15.6755
1.40364e+09,15.0899
1.40364e+09,16.951
1.40364e+09,17.3961
1.40364e+09,16.4135
1.40364e+09,15.5937
1.40364e+09,17.5798
1.40364e+09,17.0035
1.40364e+09,17.379
1.40364e+09,16.5384
1.40364e+09,17.3694
1.40364e+09,15.6783
1.40364e+09,19.9894
1.40364e+09,16.9485
1.40364e+09,18.4174
1.40364e+09,18.3324
1.40364e+09,14.0471
1.40364e+09,18.7752
1.40364e+09,18.5365
1.40364e+09,16.3858
1.40364e+09,17.8089
1.40364e+09,15.0378
1.40364e+09,13.0832
1.40364e+09,18.8795
1.40364e+09,17.5762
1.40364e+09,17.132
1.40364e+09,18.6268
1.40364e+09,15.1745
1.40364e+09,20.2742
1.40364e+09,19.1032
1.40364e+09,20.5257
1.40364e+09,16.6782
1.40364e+09,17.289
1.40364e+09,17.9103
1.40364e+09,19.074
1.40364e+09,18.435
1.40364e+09,15.6274
1.40364e+09,16.0724
1.40364e+09,20.176
1.40364e+09,18.1399
1.40364e+09,22.5242
1.40364e+09,21.7726
1.40364e+09,20.3114
1.40364e+09,18.0843
1.40364e+09,16.2124
1.40364e+09,19.0751
1.40364e+09,19.4179
1.40364e+09,22.3075
1.40364e+09,19.66
1.40364e+09,19.0094
1.40364e+09,21.3032
1.40364e+09,20.8297
1.40364e+09,21.5165
1.40364e+09,22.4688
1.40364e+09,16.5138
1.40364e+09,15.2418
1.40364e+09,19.9742
1.40364e+09,20.5179
1.40364e+09,22.3547
1.40364e+09,21.1494
1.40364e+09,22.0878
1.40364e+09,21.5565
1.40364e+09,18.6898
1.40364e+09,21.3188
1.40364e+09,17.3711
1.40364e+09,21.4231
1.40364e+09,20.7335
1.40364e+09,19.8702
1.40364e+09,21.345
1.40364e+09,20.2558
1.40364e+09,23.5646
1.40364e+09,22.6896
1.40364e+09,21.2641
1.40364e+09,20.6268
1.40364e+09,17.4871
1.40364e+09,16.6265
1.40364e+09,21.0216
1.40364e+09,19.4301
1.40364e+09,16.7679
1.40364e+09,15.9561
1.40364e+09,16.552
1.40364e+09,18.2444
1.40364e+09,23.2454
1.40364e+09,20.9179
1.40364e+09,18.8201
1.40364e+09,22.5667
1.40364e+09,22.4866
1.40364e+09,21.9416
1.40364e+09,17.0437
1.40364e+09,16.1664
1.40364e+09,21.1074
1.40364e+09,22.9314
1.40364e+09,21.8719
1.40364e+09,22.0692
1.40364e+09,21.9607
1.40364e+09,17.6359
1.40364e+09,19.0321
1.40364e+09,19.3587
1.40364e+09,20.43
1.40364e+09,21.7633
1.40364e+09,17.4686
1.40364e+09,17.1847
1.40364e+09,19.361
1.40364e+09,22.3615
1.40364e+09,19.7326
1.40364e+09,17.3293
1.40364e+09,18.2033
1.40364e+09,21.644
1.40364e+09,23.0503
1.40364e+09,17.4781
1.40364e+09,17.6618
1.40364e+09,16.5608
1.40364e+09,22.0676
1.40364e+09,22.8663
1.40364e+09,17.6187
1.40364e+09,17.3299
1.40364e+09,18.4913
1.40364e+09,20.2165
1.40364e+09,19.3075
1.40364e+09,18.2294
1.40364e+09,18.0353
1.40364e+09,19.229
1.40364e+09,21.5618
1.40364e+09,20.9507
1.40364e+09,18.7933
1.40364e+09,19.1922
1.40364e+09,18.8011
1.40364e+09,21.951
1.40364e+09,24.3031
1.40364e+09,21.5875
1.40364e+09,21.6048
1.40364e+09,18.8911
1.40364e+09,18.74
1.40364e+09,18.997
1.40364e+09,17.9727
1.40364e+09,20.7963
1.40364e+09,21.963
1.40364e+09,24.9629
1.40364e+09,23.8537
1.40364e+09,19.0767
1.40364e+09,18.805
1.40364e+09,22.1397
1.40364e+09,19.9396
1.40364e+09,20.3175
1.40364e+09,20.5865
1.40364e+09,20.3248
1.40364e+09,20.4258
1.40364e+09,18.5709
1.40364e+09,19.9033
1.40364e+09,19.8092
1.40364e+09,18.9531
1.40364e+09,19.8425
1.40364e+09,20.2498
1.40364e+09,19.3516
1.40364e+09,20.1215
1.40364e+09,20.1316
1.40364e+09,19.2979
1.40364e+09,21.392
1.40364e+09,18.7381
1.40364e+09,19.1621
1.40364e+09,18.3166
1.40364e+09,19.2533
1.40364e+09,22.5296
1.40364e+09,18.6875
1.40364e+09,19.2601
1.40364e+09,17.9237
1.40364e+09,23.2117
1.40364e+09,22.2008
1.40364e+09,20.0702
1.40364e+09,20.259
1.40364e+09,21.2509
1.40364e+09,24.8852
1.40364e+09,24.3109
1.40364e+09,20.2232
1.40364e+09,20.0663
1.40364e+09,21.3032
1.40364e+09,21.4888
1.40364e+09,20.5023
1.40364e+09,20.4819
1.40364e+09,19.5138
1.40364e+09,23.3202
1.40364e+09,19.9272
1.40364e+09,19.6858
1.40364e+09,18.3773
1.40364e+09,24.3268
1.40364e+09,19.4433
1.40364e+09,19.0951
1.40364e+09,17.1087
1.40364e+09,21.1981
1.40364e+09,19.0266
1.40364e+09,18.1525
1.40364e+09,17.3537
1.40364e+09,18.2289
1.40364e+09,18.1333
1.40364e+09,17.8647
1.40364e+09,16.6616
1.40364e+09,19.3782
1.40364e+09,17.7898
1.40364e+09,17.9245
1.40364e+09,20.7114
1.40364e+09,18.5231
1.40364e+09,18.2501
1.40364e+09,17.1205
1.40364e+09,22.2286
1.40364e+09,20.8763
1.40364e+09,18.1782
1.40364e+09,18.6172
1.40364e+09,16.8923
1.40364e+09,23.3901
1.40364e+09,18.2602
1.40364e+09,18.4622
1.40364e+09,18.0664
1.40364e+09,21.255
1.40364e+09,18.5009
1.40364e+09,18.5765
1.40364e+09,16.6974
1.40364e+09,21.0913
1.40364e+09,18.2937
1.40364e+09,18.2007
1.40364e+09,16.1031
1.40364e+09,23.0445
1.40364e+09,17.4769
1.40364e+09,17.0451
1.40364e+09,15.4366
1.40364e+09,22.466
1.40364e+09,17.959
1.40364e+09,18.1982
1.40364e+09,19.8453
1.40364e+09,19.5576
1.40364e+09,20.6381
1.40364e+09,23.2228
1.40364e+09,18.7489
1.40364e+09,19.2718
1.40364e+09,19.2753
1.40364e+09,18.6396
1.40364e+09,22.122
1.40364e+09,18.0854
1.40364e+09,18.3539
1.40364e+09,19.0573
1.40364e+09,21.5895
1.40364e+09,18.8926
1.40364e+09,18.5974
1.40364e+09,20.3318
1.40364e+09,18.7961
1.40364e+09,18.4045
1.40364e+09,18.0929
1.40364e+09,16.5891
1.40364e+09,20.3969
1.40364e+09,19.5158
1.40364e+09,18.4876
1.40364e+09,16.786
1.40364e+09,21.0818
1.40364e+09,19.0579
1.40364e+09,18.827
1.40364e+09,17.1133
1.40364e+09,20.606
1.40364e+09,19.2581
1.40364e+09,18.57
1.40364e+09,19.5315
1.40364e+09,22.2947
1.40364e+09,18.9828
1.40364e+09,19.2266
1.40364e+09,17.1539
1.40364e+09,20.8008
1.40364e+09,19.3141
1.40364e+09,18.999
1.40364e+09,16.9536
1.40364e+09,21.6114
1.40364e+09,19.1499
1.40364e+09,18.676
1.40364e+09,17.4005
1.40364e+09,19.7056
1.40364e+09,19.7235
1.40364e+09,17.8283
1.40364e+09,21.9692
1.40364e+09,18.1457
1.40364e+09,17.9937
1.40364e+09,16.3735
1.40364e+09,19.3322
1.40364e+09,18.2785
1.40364e+09,17.5116
1.40364e+09,16.1881
1.40364e+09,13.687
1.40364e+09,13.6908
1.40364e+09,13.4575
1.40364e+09,13.3668
1.40364e+09,12.8493
1.40364e+09,15.5163
1.40364e+09,14.6723
1.40364e+09,15.3074
1.40364e+09,17.8657
1.40364e+09,18.7509
1.40364e+09,15.3206
1.40364e+09,14.9089
1.40364e+09,14.8201
1.40364e+09,18.427
1.40364e+09,15.6298
1.40364e+09,15.4786
1.40364e+09,13.9346
1.40364e+09,16.5456
1.40364e+09,16.1355
1.40364e+09,15.2583
1.40364e+09,17.6476
1.40364e+09,17.1251
1.40364e+09,18.8824
1.40364e+09,18.0815
1.40364e+09,17.9191
1.40364e+09,17.6069
1.40364e+09,17.3195
1.40364e+09,17.3171
1.40364e+09,17.5165
1.40364e+09,17.7489
1.40364e+09,17.35
1.40364e+09,19.4341
1.40364e+09,17.7559
1.40364e+09,18.5869
1.40364e+09,18.818
1.40364e+09,18.4144
1.40364e+09,18.4191
1.40364e+09,19.6335
1.40364e+09,18.7157
1.40364e+09,19.293
1.40364e+09,18.4387
1.40364e+09,21.362
1.40364e+09,20.6242
1.40364e+09,21.7367
1.40364e+09,22.1993
1.40364e+09,22.8901
1.40364e+09,18.2691
1.40364e+09,18.8589
1.40364e+09,17.0944
1.40364e+09,21.4535
1.40364e+09,18.1422
1.40364e+09,18.3774
1.40364e+09,16.7921
1.40364e+09,23.2007
1.40364e+09,18.1078
1.40364e+09,18.2702
1.40364e+09,17.07
1.40364e+09,18.7661
1.40364e+09,18.7742
1.40364e+09,19.7439
1.40364e+09,19.512
1.40364e+09,19.8374
1.40364e+09,19.2665
1.40364e+09,19.0322
1.40364e+09,19.2493
1.40364e+09,18.8814
1.40364e+09,19.0166
1.40364e+09,19.2465
1.40364e+09,18.0955
1.40364e+09,23.3388
1.40364e+09,19.5279
1.40364e+09,19.0822
1.40364e+09,17.6041
1.40364e+09,21.7548
1.40364e+09,18.9657
1.40364e+09,19.5347
1.40364e+09,20.238
1.40364e+09,20.4631
1.40364e+09,19.4333
1.40364e+09,19.9481
1.40364e+09,18.4069
1.40364e+09,23.7049
1.40364e+09,19.6315
1.40364e+09,19.5236
1.40364e+09,17.8403
1.40364e+09,18.7332
1.40364e+09,20.1425
1.40364e+09,20.7905
1.40364e+09,18.8695
1.40364e+09,23.5559
1.40364e+09,20.009
1.40364e+09,20.7981
1.40364e+09,19.007
1.40364e+09,21.8033
1.40364e+09,19.2946
1.40364e+09,19.9605
1.40364e+09,20.2572
1.40364e+09,20.9178
1.40364e+09,21.0702
1.40364e+09,19.1551
1.40364e+09,19.7914
1.40364e+09,21.4361
1.40364e+09,21.4403
1.40364e+09,18.7774
1.40364e+09,19.3032
1.40364e+09,17.3137
1.40364e+09,22.1834
1.40364e+09,17.9468
1.40364e+09,19.4865
1.40364e+09,17.9311
1.40364e+09,20.3064
1.40364e+09,17.8292
1.40364e+09,17.1382
1.40364e+09,16.5362
1.40364e+09,16.5899
1.40364e+09,17.3876
1.40364e+09,17.2685
1.40364e+09,18.0548
1.40364e+09,20.4924
1.40364e+09,17.8929
1.40364e+09,18.0242
1.40364e+09,17.4594
1.40364e+09,19.6359
1.40364e+09,19.7255
1.40364e+09,19.916
1.40364e+09,19.6134
1.40364e+09,20.8545
1.40364e+09,20.3102
1.40364e+09,20.503
1.40364e+09,19.8328
1.40364e+09,21.9816
1.40364e+09,20.7306
1.40364e+09,20.8618
1.40364e+09,20.4603
1.40364e+09,22.3717
1.40364e+09,20.4276
1.40364e+09,21.0825
1.40364e+09,20.5592
1.40364e+09,19.8551
1.40364e+09,20.8837
1.40364e+09,21.1982
1.40364e+09,20.4385
1.40364e+09,22.1744
1.40364e+09,21.033
1.40364e+09,20.7866
1.40364e+09,19.9736
1.40364e+09,19.9821
1.40364e+09,19.94
1.40364e+09,19.5337
1.40364e+09,19.2559
1.40364e+09,21.0241
1.40364e+09,19.5794
1.40364e+09,19.6448
1.40364e+09,20.0564
1.40364e+09,21.5215
1.40364e+09,19.5434
1.40364e+09,18.9917
1.40364e+09,17.8631
1.40364e+09,19.6044
1.40364e+09,18.3367
1.40364e+09,18.0167
1.40364e+09,17.716
1.40364e+09,17.8482
1.40364e+09,20.0114
1.40364e+09,16.8333
1.40364e+09,18.0574
1.40364e+09,17.5441
1.40364e+09,17.9155
1.40364e+09,18.9052
1.40364e+09,18.1789
1.40364e+09,17.7517
1.40364e+09,19.7122
1.40364e+09,18.7154
1.40364e+09,19.2426
1.40364e+09,18.6792
1.40364e+09,20.9279
1.40364e+09,17.7347
1.40364e+09,18.1245
1.40364e+09,18.0997
1.40364e+09,18.2239
1.40364e+09,19.4006
1.40364e+09,18.9041
1.40364e+09,19.818
1.40364e+09,21.1196
1.40364e+09,22.3372
1.40364e+09,21.262
1.40364e+09,19.0469
1.40364e+09,20.5046
1.40364e+09,19.3376
1.40364e+09,19.7972
1.40364e+09,23.928
1.40364e+09,19.5549
1.40364e+09,20.3027
1.40364e+09,19.9989
1.40364e+09,20.0687
1.40364e+09,20.5803
1.40364e+09,21.3616
1.40364e+09,20.6046
1.40364e+09,22.0831
1.40364e+09,20.6443
1.40364e+09,21.194
1.40364e+09,20.3967
1.40364e+09,20.6054
1.40364e+09,21.3106
1.40364e+09,21.5051
1.40364e+09,21.1363
1.40364e+09,21.7455
1.40364e+09,21.0007
1.40364e+09,21.5609
1.40364e+09,21.3634
1.40364e+09,23.1486
1.40364e+09,20.8697
1.40364e+09,21.8093
1.40364e+09,21.3707
1.40364e+09,20.3674
1.40364e+09,21.9666
1.40364e+09,21.8896
1.40364e+09,21.6504
1.40364e+09,21.5953
1.40364e+09,20.972
1.40364e+09,21.6092
1.40364e+09,21.8626
1.40364e+09,21.1685
1.40364e+09,21.3922
1.40364e+09,21.9955
1.40364e+09,21.9677
1.40364e+09,21.0604
1.40364e+09,25.1889
1.40364e+09,21.5567
1.40364e+09,22.2626
1.40364e+09,21.8262
1.40364e+09,20.2441
1.40364e+09,21.1774
1.40364e+09,21.8505
1.40364e+09,21.5495
1.40364e+09,19.2733
1.40364e+09,24.231
1.40364e+09,21.5879
1.40364e+09,22.4647
1.40364e+09,21.9368
1.40364e+09,19.404
1.40364e+09,23.4361
1.40364e+09,21.4723
1.40364e+09,21.1002
1.40364e+09,20.832
1.40364e+09,19.579
1.40364e+09,23.5571
1.40364e+09,20.9633
1.40364e+09,21.5756
1.40364e+09,22.1045
1.40364e+09,19.7608
1.40364e+09,25.0851
1.40364e+09,25.7864
1.40364e+09,21.307
1.40364e+09,21.3399
1.40364e+09,21.2377
1.40364e+09,19.7949
1.40364e+09,25.2461
1.40364e+09,24.8475
1.40364e+09,21.0003
1.40364e+09,20.7345
1.40364e+09,20.0912
1.40364e+09,18.5293
1.40364e+09,25.8137
1.40364e+09,20.3007
1.40364e+09,20.3953
1.40364e+09,20.2354
1.40364e+09,18.7343
1.40364e+09,23.5384
1.40364e+09,19.9915
1.40364e+09,20.6524
1.40364e+09,21.5557
1.40364e+09,19.2777
1.40364e+09,20.59
1.40364e+09,21.1755
1.40364e+09,20.405
1.40364e+09,20.515
1.40364e+09,20.6174
1.40364e+09,20.9379
1.40364e+09,20.4572
1.40364e+09,19.0673
1.40364e+09,25.074
1.40364e+09,20.5174
1.40364e+09,20.6863
1.40364e+09,20.8809
1.40364e+09,19.3449
1.40364e+09,23.9363
1.40364e+09,26.428
1.40364e+09,21.4105
1.40364e+09,21.3345
1.40364e+09,20.907
1.40364e+09,19.919
1.40364e+09,23.8784
1.40364e+09,20.7547
1.40364e+09,21.2813
1.40364e+09,20.7924
1.40364e+09,19.6833
1.40364e+09,24.5136
1.40364e+09,19.7089
1.40364e+09,20.2378
1.40364e+09,20.0681
1.40364e+09,18.4392
1.40364e+09,23.6672
1.40364e+09,19.864
1.40364e+09,21.0266
1.40364e+09,20.7548
1.40364e+09,18.5676
1.40364e+09,23.4895
1.40364e+09,19.3758
1.40364e+09,19.5227
1.40364e+09,19.2837
1.40364e+09,18.184
1.40364e+09,22.3245
1.40364e+09,19.7909
1.40364e+09,19.7371
1.40364e+09,19.738
1.40364e+09,18.4218
1.40364e+09,21.2322
1.40364e+09,19.362
1.40364e+09,19.617
1.40364e+09,19.2362
1.40364e+09,17.4234
1.40364e+09,23.3947
1.40364e+09,19.601
1.40364e+09,19.2029
1.40364e+09,18.7325
1.40364e+09,17.8588
1.40364e+09,22.5039
1.40364e+09,20.1875
1.40364e+09,21.2167
1.40364e+09,20.3682
1.40364e+09,21.2194
1.40364e+09,23.5833
1.40364e+09,21.7021
1.40364e+09,21.888
1.40364e+09,21.8594
1.40364e+09,21.8118
1.40364e+09,21.3671
1.40364e+09,21.5787
1.40364e+09,22.469
1.40364e+09,21.6845
1.40364e+09,19.9091
1.40364e+09,23.784
1.40364e+09,20.4987
1.40364e+09,21.0133
1.40364e+09,20.4918
1.40364e+09,21.0694
1.40364e+09,20.5825
1.40364e+09,20.7415
1.40364e+09,21.5231
1.40364e+09,21.2758
1.40364e+09,22.5579
1.40364e+09,20.3158
1.40364e+09,20.2956
1.40364e+09,20.7061
1.40364e+09,20.8433
1.40364e+09,19.584
1.40364e+09,22.8591
1.40364e+09,22.4841
1.40364e+09,21.179
1.40364e+09,21.3925
1.40364e+09,21.0339
1.40364e+09,19.3062
1.40364e+09,23.9274
1.40364e+09,25.2285
1.40364e+09,23.9568
1.40364e+09,21.0154
1.40364e+09,21.4758
1.40364e+09,21.0084
1.40364e+09,19.8955
1.40364e+09,24.1421
1.40364e+09,24.2989
1.40364e+09,22.0263
1.40364e+09,22.0679
1.40364e+09,22.1242
1.40364e+09,21.4363
1.40364e+09,21.7873
1.40364e+09,26.3692
1.40364e+09,21.2955
1.40364e+09,22.0791
1.40364e+09,21.8605
1.40364e+09,21.5938
1.40364e+09,21.6251
1.40364e+09,26.9263
1.40364e+09,25.5154
1.40364e+09,21.9736
1.40364e+09,22.0906
1.40364e+09,21.7302
1.40364e+09,23.5211
1.40364e+09,21.2704
1.40364e+09,21.8179
1.40364e+09,23.2985
1.40364e+09,22.6209
1.40364e+09,21.2813
1.40364e+09,25.4128
1.40364e+09,23.9419
1.40364e+09,23.1183
1.40364e+09,22.1883
1.40364e+09,22.5585
1.40364e+09,22.6729
1.40364e+09,22.9065
1.40364e+09,24.5721
1.40364e+09,23.6717
1.40364e+09,22.0387
1.40364e+09,25.1428
1.40364e+09,26.7375
1.40364e+09,23.2158
1.40364e+09,24.3558
1.40364e+09,23.7046
1.40364e+09,24.4093
1.40364e+09,21.4841
1.40364e+09,27.3315
1.40364e+09,26.035
1.40364e+09,25.5468
1.40364e+09,28.5943
1.40364e+09,26.7715
1.40364e+09,23.9838
1.40364e+09,25.4849
1.40364e+09,24.7264
1.40364e+09,25.1827
1.40364e+09,22.1964
1.40364e+09,25.3606
1.40364e+09,23.8822
1.40364e+09,24.852
1.40364e+09,24.6094
1.40364e+09,24.1422
1.40364e+09,24.3451
1.40364e+09,24.6169
1.40364e+09,24.6063
1.40364e+09,24.6543
1.40364e+09,24.0571
1.40364e+09,22.99
1.40364e+09,26.6813
1.40364e+09,23.8426
1.40364e+09,24.2336
1.40364e+09,24.6068
1.40364e+09,22.7524
1.40364e+09,27.8219
1.40364e+09,28.4003
1.40364e+09,27.1184
1.40364e+09,23.5914
1.40364e+09,24.0484
1.40364e+09,23.7992
1.40364e+09,25.0542
1.40364e+09,23.1496
1.40364e+09,22.8714
1.40364e+09,24.1514
1.40364e+09,23.9849
1.40364e+09,22.176
1.40364e+09,22.4468
1.40364e+09,27.0988
1.40364e+09,23.0954
1.40364e+09,23.816
1.40364e+09,23.4217
1.40364e+09,21.7864
1.40364e+09,27.7972
1.40364e+09,26.8856
1.40364e+09,26.8812
1.40364e+09,22.5409
1.40364e+09,22.9475
1.40364e+09,23.1245
1.40364e+09,23.1424
1.40364e+09,22.2427
1.40364e+09,25.0972
1.40364e+09,25.0825
1.40364e+09,25.4237
1.40364e+09,24.1135
1.40364e+09,25.1647
1.40364e+09,21.8366
1.40364e+09,22.3935
1.40364e+09,22.3446
1.40364e+09,20.9681
1.40364e+09,23.9981
1.40364e+09,26.2666
1.40364e+09,26.7195
1.40364e+09,26.9335
1.40364e+09,22.2438
1.40364e+09,22.5945
1.40364e+09,21.6261
1.40364e+09,22.7687
1.40364e+09,20.8177
1.40364e+09,22.8425
1.40364e+09,25.7364
1.40364e+09,23.8238
1.40364e+09,26.4344
1.40364e+09,23.8858
1.40364e+09,21.7111
1.40364e+09,22.5147
1.40364e+09,22.2281
1.40364e+09,20.4298
1.40364e+09,21.7731
1.40364e+09,24.4455
1.40364e+09,25.3012
1.40364e+09,24.863
1.40364e+09,23.9611
1.40364e+09,24.7433
1.40364e+09,21.626
1.40364e+09,22.4025
1.40364e+09,22.115
1.40364e+09,20.6801
1.40364e+09,26.0696
1.40364e+09,26.262
1.40364e+09,24.9455
1.40364e+09,24.001
1.40364e+09,21.4475
1.40364e+09,21.5623
1.40364e+09,20.758
1.40364e+09,20.7993
1.40364e+09,20.6067
1.40364e+09,21.0136
1.40364e+09,21.6737
1.40364e+09,21.6869
1.40364e+09,19.6013
1.40364e+09,23.8778
1.40364e+09,23.2309
1.40364e+09,21.0802
1.40364e+09,21.7191
1.40364e+09,21.6257
1.40364e+09,21.9407
1.40364e+09,21.7758
1.40364e+09,24.1694
1.40364e+09,21.7108
1.40364e+09,21.9249
1.40364e+09,21.7872
1.40364e+09,21.76
1.40364e+09,21.4033
1.40364e+09,25.3254
1.40364e+09,20.8387
1.40364e+09,21.3252
1.40364e+09,20.7986
1.40364e+09,21.2242
1.40364e+09,20.4977
1.40364e+09,20.2038
1.40364e+09,20.2074
1.40364e+09,20.9018
1.40364e+09,19.0344
1.40364e+09,22.4617
1.40364e+09,19.9931
1.40364e+09,20.6835
1.40364e+09,20.0304
1.40364e+09,18.6443
1.40364e+09,22.7443
1.40364e+09,21.011
1.40364e+09,21.5654
1.40364e+09,21.2258
1.40364e+09,20.5357
1.40364e+09,21.323
1.40364e+09,24.8546
1.40364e+09,23.2388
1.40364e+09,25.6078
1.40364e+09,24.917
1.40364e+09,24.1916
1.40364e+09,20.7857
1.40364e+09,21.3968
1.40364e+09,21.008
1.40364e+09,21.3457
1.40364e+09,20.9444
1.40364e+09,21.1787
1.40364e+09,23.6062
1.40364e+09,24.643
1.40364e+09,25.9901
1.40364e+09,20.7548
1.40364e+09,21.5994
1.40364e+09,21.035
1.40364e+09,20.8618
1.40364e+09,20.5202
1.40364e+09,23.2924
1.40364e+09,20.8446
1.40364e+09,21.6344
1.40364e+09,21.4364
1.40364e+09,20.3633
1.40364e+09,20.4891
1.40364e+09,20.8285
1.40364e+09,21.5895
1.40364e+09,20.7387
1.40364e+09,20.8905
1.40364e+09,20.0968
1.40364e+09,20.6882
1.40364e+09,21.4215
1.40364e+09,21.0028
1.40364e+09,20.9275
1.40364e+09,19.3114
1.40364e+09,20.3807
1.40364e+09,20.8259
1.40364e+09,20.5292
1.40364e+09,19.0032
1.40364e+09,22.6338
1.40364e+09,26.053
1.40364e+09,20.1835
1.40364e+09,20.506
1.40364e+09,20.2205
1.40364e+09,19.3589
1.40364e+09,19.1794
1.40364e+09,20.2136
1.40364e+09,20.5141
1.40364e+09,20.1349
1.40364e+09,19.4792
1.40364e+09,18.2633
1.40364e+09,18.7412
1.40364e+09,19.5253
1.40364e+09,19.3867
1.40364e+09,19.5487
1.40364e+09,19.1616
1.40364e+09,18.8738
1.40364e+09,19.2855
1.40364e+09,19.3496
1.40364e+09,19.4127
1.40364e+09,19.3591
1.40364e+09,18.6465
1.40364e+09,19.7853
1.40364e+09,19.7157
1.40364e+09,18.5082
1.40364e+09,20.2521
1.40364e+09,19.1997
1.40364e+09,19.5721
1.40364e+09,20.9879
1.40364e+09,18.6281
1.40364e+09,18.4038
1.40364e+09,18.9941
1.40364e+09,19.5391
1.40364e+09,19.4852
1.40364e+09,19.1215
1.40364e+09,19.301
1.40364e+09,18.5131
1.40364e+09,18.5392
1.40364e+09,18.3256
1.40364e+09,19.6347
1.40364e+09,16.9078
1.40364e+09,17.7998
1.40364e+09,18.2827
1.40364e+09,17.6692
1.40364e+09,16.3869
1.40364e+09,20.5097
1.40364e+09,18.4069
1.40364e+09,18.9429
1.40364e+09,18.2909
1.40364e+09,18.1565
1.40364e+09,19.0703
1.40364e+09,19.0971
1.40364e+09,19.0444
1.40364e+09,19.207
1.40364e+09,19.3754
1.40364e+09,19.8869
1.40364e+09,19.0683
1.40364e+09,19.5635
1.40364e+09,19.2188
1.40364e+09,18.2972
1.40364e+09,19.0048
1.40364e+09,19.2441
1.40364e+09,20.2566
1.40364e+09,19.908
1.40364e+09,19.2824
1.40364e+09,21.2182
1.40364e+09,20.4802
1.40364e+09,20.4917
1.40364e+09,20.1291
1.40364e+09,19.1459
1.40364e+09,20.5882
1.40364e+09,19.6984
1.40364e+09,19.7268
1.40364e+09,19.093
1.40364e+09,17.3624
1.40364e+09,24.4324
1.40364e+09,18.6936
1.40364e+09,19.016
1.40364e+09,19.0786
1.40364e+09,16.4728
1.40364e+09,21.3189
1.40364e+09,17.4511
1.40364e+09,17.988
1.40364e+09,17.5317
1.40364e+09,15.8765
1.40364e+09,21.9657
1.40364e+09,18.06
1.40364e+09,17.906
1.40364e+09,17.2841
1.40364e+09,15.6401
1.40364e+09,19.4655
1.40364e+09,16.7602
1.40364e+09,16.9029
1.40364e+09,16.6574
1.40364e+09,16.2672
1.40364e+09,17.4702
1.40364e+09,17.7142
1.40364e+09,17.0125
1.40364e+09,15.9581
1.40364e+09,19.9255
1.40364e+09,17.927
1.40364e+09,17.1555
1.40364e+09,16.9361
1.40364e+09,16.3775
1.40364e+09,18.3293
1.40364e+09,18.1934
1.40364e+09,17.667
1.40364e+09,16.4988
1.40364e+09,18.1542
1.40364e+09,17.5599
1.40364e+09,16.6853
1.40364e+09,16.8275
1.40364e+09,17.0565
1.40364e+09,16.1072
1.40364e+09,15.5821
1.40364e+09,16.6002
1.40364e+09,15.0147
1.40364e+09,14.8419
1.40364e+09,16.4138
1.40364e+09,16.1557
1.40364e+09,16.6018
1.40364e+09,16.3142
1.40364e+09,17.7298
1.40364e+09,17.1042
1.40364e+09,17.0757
1.40364e+09,16.6818
1.40364e+09,18.0857
1.40364e+09,18.8691
1.40364e+09,17.8642
1.40364e+09,17.6892
1.40364e+09,18.4308
1.40364e+09,17.4019
1.40364e+09,18.8085
1.40364e+09,18.6642
1.40364e+09,18.4555
1.40364e+09,19.5641
1.40364e+09,25.0815
1.40364e+09,18.2453
1.40364e+09,18.9754
1.40364e+09,18.3813
1.40364e+09,18.7703
1.40364e+09,19.2939
1.40364e+09,19.6079
1.40364e+09,18.8443
1.40364e+09,19.7532
1.40364e+09,23.9338
1.40364e+09,20.4338
1.40364e+09,20.0582
1.40364e+09,20.6191
1.40364e+09,20.1751
1.40364e+09,20.367
1.40364e+09,23.3819
1.40364e+09,22.4325
1.40364e+09,22.4397
1.40364e+09,22.6072
1.40364e+09,23.5491
1.40364e+09,25.4765
1.40364e+09,20.1862
1.40364e+09,20.9033
1.40364e+09,20.3101
1.40364e+09,19.6018
1.40364e+09,23.6016
1.40364e+09,25.4901
1.40364e+09,23.1254
1.40364e+09,24.8307
1.40364e+09,24.2714
1.40364e+09,22.2695
1.40364e+09,21.2731
1.40364e+09,22.2563
1.40364e+09,21.3624
1.40364e+09,20.9498
1.40364e+09,25.4626
1.40364e+09,24.4094
1.40364e+09,26.6942
1.40364e+09,27.4442
1.40364e+09,25.4879
1.40364e+09,24.5351
1.40364e+09,22.161
1.40364e+09,23.1275
1.40364e+09,22.5103
1.40364e+09,20.9313
1.40364e+09,24.6861
1.40364e+09,25.3131
1.40364e+09,25.6497
1.40364e+09,26.9045
1.40364e+09,24.3858
1.40364e+09,21.8207
1.40364e+09,22.6607
1.40364e+09,22.3777
1.40364e+09,21.0955
1.40364e+09,24.8011
1.40364e+09,24.6482
1.40364e+09,25.7841
1.40364e+09,25.3115
1.40364e+09,21.8135
1.40364e+09,22.5201
1.40364e+09,22.3479
1.40364e+09,21.1959
1.40364e+09,24.6029
1.40364e+09,25.7678
1.40364e+09,27.1558
1.40364e+09,25.0252
1.40364e+09,27.0766
1.40364e+09,27.7419
1.40364e+09,23.21
1.40364e+09,23.5235
1.40364e+09,23.7759
1.40364e+09,21.863
1.40364e+09,23.5068
1.40364e+09,28.8214
1.40364e+09,28.064
1.40364e+09,27.097
1.40364e+09,25.5836
1.40364e+09,25.9105
1.40364e+09,23.2061
1.40364e+09,23.7224
1.40364e+09,23.9074
1.40364e+09,22.5568
1.40364e+09,26.751
1.40364e+09,26.2232
1.40364e+09,29.0854
1.40364e+09,28.3855
1.40364e+09,27.6909
1.40364e+09,27.1702
1.40364e+09,22.8663
1.40364e+09,23.391
1.40364e+09,23.888
1.40364e+09,22.0655
1.40364e+09,24.147
1.40364e+09,25.9305
1.40364e+09,26.5353
1.40364e+09,26.0179
1.40364e+09,27.539
1.40364e+09,26.0552
1.40364e+09,22.7734
1.40364e+09,23.397
1.40364e+09,23.5053
1.40364e+09,21.862
1.40364e+09,23.7046
1.40364e+09,25.1154
1.40364e+09,26.3809
1.40364e+09,27.1165
1.40364e+09,28.3466
1.40364e+09,26.063
1.40364e+09,23.25
1.40364e+09,24.0178
1.40364e+09,23.7809
1.40364e+09,23.5358
1.40364e+09,23.786
1.40364e+09,27.9118
1.40364e+09,27.5661
1.40364e+09,26.3034
1.40364e+09,27.8603
1.40364e+09,26.2741
1.40364e+09,22.8516
1.40364e+09,23.3173
1.40364e+09,23.221
1.40364e+09,24.745
1.40364e+09,24.7069
1.40364e+09,27.4815
1.40364e+09,27.6645
1.40364e+09,25.285
1.40364e+09,27.7861
1.40364e+09,27.2406
1.40364e+09,22.4079
1.40364e+09,23.4668
1.40364e+09,23.1099
1.40364e+09,22.8486
1.40364e+09,21.5771
1.40364e+09,29.8625
1.40364e+09,25.9533
1.40364e+09,27.3307
1.40364e+09,25.4591
1.40364e+09,26.7786
1.40364e+09,23.2435
1.40364e+09,24.057
1.40364e+09,23.7118
1.40364e+09,23.5325
1.40364e+09,23.7812
1.40364e+09,27.7316
1.40364e+09,27.8722
1.40364e+09,26.1549
1.40364e+09,28.1338
1.40364e+09,28.632
1.40364e+09,23.5065
1.40364e+09,24.1757
1.40364e+09,24.0827
1.40364e+09,23.5055
1.40364e+09,24.5066
1.40364e+09,27.5853
1.40364e+09,27.7199
1.40364e+09,29.1595
1.40364e+09,27.8486
1.40364e+09,26.9415
1.40364e+09,23.0426
1.40364e+09,23.574
1.40364e+09,23.5735
1.40364e+09,23.3131
1.40364e+09,21.4823
1.40364e+09,25.1178
1.40364e+09,25.4815
1.40364e+09,26.8592
1.40364e+09,21.9907
1.40364e+09,22.1408
1.40364e+09,21.9243
1.40364e+09,21.8464
1.40364e+09,20.5533
1.40364e+09,26.5245
1.40364e+09,22.0232
1.40364e+09,22.8465
1.40364e+09,21.9152
1.40364e+09,21.7587
1.40364e+09,20.5964
1.40364e+09,23.9258
1.40364e+09,23.1817
1.40364e+09,25.0982
1.40364e+09,23.5536
1.40364e+09,25.4177
1.40364e+09,21.2223
1.40364e+09,22.0216
1.40364e+09,20.8497
1.40364e+09,21.3732
1.40364e+09,19.7432
1.40364e+09,25.4106
1.40364e+09,24.0658
1.40364e+09,25.4557
1.40364e+09,23.778
1.40364e+09,24.7325
1.40364e+09,21.2028
1.40364e+09,21.2854
1.40364e+09,20.8974
1.40364e+09,20.8878
1.40364e+09,19.684
1.40364e+09,22.8322
1.40364e+09,24.936
1.40364e+09,25.8509
1.40364e+09,20.3917
1.40364e+09,20.345
1.40364e+09,20.4132
1.40364e+09,20.5409
1.40364e+09,18.5577
1.40364e+09,24.4625
1.40364e+09,20.0719
1.40364e+09,20.1153
1.40364e+09,19.3694
1.40364e+09,19.325
1.40364e+09,17.8164
1.40364e+09,19.2571
1.40364e+09,19.4218
1.40364e+09,19.3229
1.40364e+09,18.6113
1.40364e+09,18.5462
1.40364e+09,16.7942
1.40364e+09,22.8922
1.40364e+09,17.7903
1.40364e+09,18.105
1.40364e+09,17.5237
1.40364e+09,16.8792
1.40364e+09,15.3433
1.40364e+09,19.9566
1.40364e+09,18.0114
1.40364e+09,17.6549
1.40364e+09,16.5928
1.40364e+09,16.4845
1.40364e+09,17.4379
1.40364e+09,16.9346
1.40364e+09,17.4408
1.40364e+09,16.6475
1.40364e+09,16.1873
1.40364e+09,15.0045
1.40364e+09,19.1799
1.40364e+09,16.0901
1.40364e+09,16.85
1.40364e+09,15.9185
1.40364e+09,16.1573
1.40364e+09,15.0409
1.40364e+09,17.1548
1.40364e+09,17.1109
1.40364e+09,16.4205
1.40364e+09,16.8151
1.40364e+09,16.8625
1.40364e+09,16.4804
1.40364e+09,16.6081
1.40364e+09,16.1039
1.40364e+09,15.5098
1.40364e+09,17.0498
1.40364e+09,16.8055
1.40364e+09,17.3543
1.40364e+09,16.2049
1.40364e+09,16.1119
1.40364e+09,16.4551
1.40364e+09,17.3627
1.40364e+09,17.1075
1.40364e+09,16.574
1.40364e+09,15.4245
1.40364e+09,22.0294
1.40364e+09,17.1501
1.40364e+09,17.8977
1.40364e+09,17.4407
1.40364e+09,17.123
1.40364e+09,17.8352
1.40364e+09,17.457
1.40364e+09,17.8396
1.40364e+09,17.7856
1.40364e+09,16.0476
1.40364e+09,19.2668
1.40364e+09,17.3911
1.40364e+09,17.7638
1.40364e+09,18.138
1.40364e+09,17.5803
1.40364e+09,19.8547
1.40364e+09,18.3745
1.40364e+09,18.3191
1.40364e+09,18.0139
1.40364e+09,16.6561
1.40364e+09,17.627
1.40364e+09,23.092
1.40364e+09,22.805
1.40364e+09,18.9511
1.40364e+09,17.8745
1.40364e+09,17.3264
1.40364e+09,16.4213
1.40364e+09,20.0727
1.40364e+09,17.1915
1.40364e+09,17.42
1.40364e+09,17.659
1.40364e+09,15.5731
1.40364e+09,20.5806
1.40364e+09,17.5773
1.40364e+09,17.652
1.40364e+09,17.0273
1.40364e+09,17.2801
1.40364e+09,17.7378
1.40364e+09,17.7626
1.40364e+09,17.6165
1.40364e+09,17.1274
1.40364e+09,15.654
1.40364e+09,19.8237
1.40364e+09,17.6619
1.40364e+09,17.9192
1.40364e+09,17.6208
1.40364e+09,15.9311
1.40364e+09,21.1986
1.40364e+09,18.7269
1.40364e+09,18.6584
1.40364e+09,18.9984
1.40364e+09,19.1015
1.40364e+09,18.2488
1.40364e+09,23.4519
1.40364e+09,19.4174
1.40364e+09,19.1033
1.40364e+09,19.1672
1.40364e+09,21.0695
1.40364e+09,17.7048
1.40364e+09,23.3985
1.40364e+09,18.8629
1.40364e+09,19.5685
1.40364e+09,19.1675
1.40364e+09,18.3584
1.40364e+09,22.7142
1.40364e+09,22.7729
1.40364e+09,21.9293
1.40364e+09,20.1443
1.40364e+09,20.3577
1.40364e+09,20.5014
1.40364e+09,20.9966
1.40364e+09,18.2309
1.40364e+09,23.8536
1.40364e+09,22.9061
1.40364e+09,19.8408
1.40364e+09,19.7715
1.40364e+09,19.4664
1.40364e+09,18.6649
1.40364e+09,19.7153
1.40364e+09,21.5347
1.40364e+09,19.0363
1.40364e+09,18.5385
1.40364e+09,18.1673
1.40364e+09,17.3799
1.40364e+09,20.7838
1.40364e+09,18.872
1.40364e+09,18.3528
1.40364e+09,17.2059
1.40364e+09,16.0921
1.40364e+09,20.7884
1.40364e+09,18.5486
1.40364e+09,18.8457
1.40364e+09,18.5554
1.40364e+09,17.6413
1.40364e+09,19.5928
1.40364e+09,19.1887
1.40364e+09,19.232
1.40364e+09,17.5119
1.40364e+09,17.2914
1.40364e+09,18.506
1.40364e+09,18.9981
1.40364e+09,18.2769
1.40364e+09,17.1946
1.40364e+09,24.2034
1.40364e+09,18.6423
1.40364e+09,18.5705
1.40364e+09,18.1685
1.40364e+09,17.8013
1.40364e+09,18.2523
1.40364e+09,18.7391
1.40364e+09,19.3657
1.40364e+09,19.0045
1.40364e+09,18.183
1.40364e+09,20.3502
1.40364e+09,19.9964
1.40364e+09,20.4622
1.40364e+09,20.1337
1.40364e+09,18.7374
1.40364e+09,24.0947
1.40364e+09,25.1628
1.40364e+09,26.1441
1.40364e+09,21.9044
1.40364e+09,22.3449
1.40364e+09,21.4577
1.40364e+09,21.8736
1.40364e+09,19.2022
1.40364e+09,24.0993
1.40364e+09,25.8406
1.40364e+09,26.1376
1.40364e+09,24.226
1.40364e+09,26.2605
1.40364e+09,21.1825
1.40364e+09,21.1967
1.40364e+09,20.2457
1.40364e+09,19.8331
1.40364e+09,20.5452
1.40364e+09,23.7579
1.40364e+09,26.1005
1.40364e+09,20.5756
1.40364e+09,20.7038
1.40364e+09,19.8857
1.40364e+09,19.2842
1.40364e+09,19.0354
1.40364e+09,21.3808
1.40364e+09,24.1126
1.40364e+09,18.7442
1.40364e+09,19.1206
1.40364e+09,19.0256
1.40364e+09,19.1716
1.40364e+09,19.7111
1.40364e+09,20.6982
1.40364e+09,23.1499
1.40364e+09,24.0018
1.40364e+09,17.5365
1.40364e+09,18.4134
1.40364e+09,18.0295
1.40364e+09,18.0463
1.40364e+09,17.754
1.40364e+09,23.6369
1.40364e+09,18.623
1.40364e+09,18.952
1.40364e+09,18.9545
1.40364e+09,18.9055
1.40364e+09,20.0057
1.40364e+09,19.5017
1.40364e+09,20.5173
1.40364e+09,19.6892
1.40364e+09,18.5359
1.40364e+09,20.3654
1.40364e+09,19.6915
1.40364e+09,19.8104
1.40364e+09,19.6751
1.40364e+09,18.6951
1.40364e+09,21.744
1.40364e+09,23.8071
1.40364e+09,23.6846
1.40364e+09,21.911
1.40364e+09,18.8955
1.40364e+09,20.1907
1.40364e+09,20.0667
1.40364e+09,20.1598
1.40364e+09,21.7659
1.40364e+09,26.1422
1.40364e+09,25.5276
1.40364e+09,25.0083
1.40364e+09,25.405
1.40364e+09,26.2466
1.40364e+09,20.9411
1.40364e+09,21.3872
1.40364e+09,20.9476
1.40364e+09,22.365
1.40364e+09,19.5399
1.40364e+09,24.0945
1.40364e+09,26.0569
1.40364e+09,25.8341
1.40364e+09,23.4818
1.40364e+09,24.5806
1.40364e+09,20.9887
1.40364e+09,21.727
1.40364e+09,21.5941
1.40364e+09,21.1805
1.40364e+09,22.5847
1.40364e+09,24.6229
1.40364e+09,26.1592
1.40364e+09,26.3809
1.40364e+09,26.8228
1.40364e+09,26.8084
1.40364e+09,21.4987
1.40364e+09,21.7629
1.40364e+09,21.9735
1.40364e+09,21.9596
1.40364e+09,19.9239
1.40364e+09,23.1612
1.40364e+09,25.9037
1.40364e+09,26.4673
1.40364e+09,24.1581
1.40364e+09,25.2811
1.40364e+09,20.9477
1.40364e+09,21.9406
1.40364e+09,21.5385
1.40364e+09,22.1385
1.40364e+09,20.9584
1.40364e+09,24.6022
1.40364e+09,27.6973
1.40364e+09,24.2384
1.40364e+09,27.0721
1.40364e+09,20.9
1.40364e+09,21.3636
1.40364e+09,21.361
1.40364e+09,21.5649
1.40364e+09,20.0189
1.40364e+09,24.8676
1.40364e+09,23.1345
1.40364e+09,26.5851
1.40364e+09,25.7907
1.40364e+09,25.8135
1.40364e+09,21.0745
1.40364e+09,21.7094
1.40364e+09,21.1384
1.40364e+09,20.8393
1.40364e+09,20.4498
1.40364e+09,20.8004
1.40364e+09,21.7368
1.40364e+09,21.8373
1.40364e+09,23.3155
1.40364e+09,19.892
1.40364e+09,20.3855
1.40364e+09,21.6927
1.40364e+09,20.9505
1.40364e+09,20.993
1.40364e+09,20.5954
1.40364e+09,20.5332
1.40364e+09,21.2558
1.40364e+09,21.7882
1.40364e+09,21.0144
1.40364e+09,22.0613
1.40364e+09,23.8094
1.40364e+09,24.9147
1.40364e+09,21.3451
1.40364e+09,21.7404
1.40364e+09,21.3396
1.40364e+09,20.8144
1.40364e+09,19.9725
1.40364e+09,25.9592
1.40364e+09,25.0467
1.40364e+09,26.1986
1.40364e+09,25.41
1.40364e+09,26.2957
1.40364e+09,21.3525
1.40364e+09,21.4098
1.40364e+09,21.5278
1.40364e+09,21.132
1.40364e+09,19.9451
1.40364e+09,24.8878
1.40364e+09,21.8252
1.40364e+09,20.8458
1.40364e+09,24.1158
1.40364e+09,25.6887
1.40364e+09,21.2509
1.40364e+09,21.714
1.40364e+09,21.1202
1.40364e+09,21.0123
1.40364e+09,20.2116
1.40364e+09,27.5444
1.40364e+09,24.1515
1.40364e+09,24.5882
1.40364e+09,25.1353
1.40364e+09,26.4707
1.40364e+09,21.6522
1.40364e+09,21.9876
1.40364e+09,22.2214
1.40364e+09,21.787
1.40364e+09,20.6338
1.40364e+09,23.5172
1.40364e+09,22.3013
1.40364e+09,25.6829
1.40364e+09,25.0759
1.40364e+09,24.8048
1.40364e+09,21.6255
1.40364e+09,22.3274
1.40364e+09,21.7331
1.40364e+09,21.8103
1.40364e+09,20.629
1.40364e+09,24.921
1.40364e+09,25.5458
1.40364e+09,24.7861
1.40364e+09,20.9801
1.40364e+09,22.0104
1.40364e+09,20.8906
1.40364e+09,21.4731
1.40364e+09,19.5662
1.40364e+09,24.3382
1.40364e+09,21.5316
1.40364e+09,22.4712
1.40364e+09,22.1138
1.40364e+09,21.6738
1.40364e+09,20.7763
1.40364e+09,23.197
1.40364e+09,21.1759
1.40364e+09,21.5635
1.40364e+09,21.0632
1.40364e+09,21.0327
1.40364e+09,20.0207
1.40364e+09,25.9922
1.40364e+09,20.9671
1.40364e+09,22.2832
1.40364e+09,21.829
1.40364e+09,21.8544
1.40364e+09,20.6899
1.40364e+09,26.1318
1.40364e+09,26.449
1.40364e+09,21.839
1.40364e+09,22.2082
1.40364e+09,22.2118
1.40364e+09,22.02
1.40364e+09,21.349
1.40364e+09,27.8032
1.40364e+09,22.347
1.40364e+09,22.6267
1.40364e+09,23.3045
1.40364e+09,21.695
1.40364e+09,21.7661
1.40364e+09,19.6981
1.40364e+09,26.041
1.40364e+09,21.126
1.40364e+09,23.5084
1.40364e+09,21.3732
1.40364e+09,21.3404
1.40364e+09,20.1589
1.40364e+09,22.6494
1.40364e+09,21.4702
1.40364e+09,22.9132
1.40364e+09,22.7367
1.40364e+09,22.6353
1.40364e+09,21.6374
1.40364e+09,27.3961
1.40364e+09,28.6924
1.40364e+09,27.5957
1.40364e+09,23.3308
1.40364e+09,24.2239
1.40364e+09,24.9854
1.40364e+09,23.9347
1.40364e+09,22.9417
1.40364e+09,26.0739
1.40364e+09,23.71
1.40364e+09,24.457
1.40364e+09,23.1532
1.40364e+09,23.8966
1.40364e+09,21.9711
1.40364e+09,25.177
1.40364e+09,23.2138
1.40364e+09,23.7261
1.40364e+09,23.003
1.40364e+09,22.9475
1.40364e+09,22.0927
1.40364e+09,26.2421
1.40364e+09,23.5743
1.40364e+09,23.9093
1.40364e+09,23.1263
1.40364e+09,22.5567
1.40364e+09,22.1752
1.40364e+09,22.9042
1.40364e+09,23.5537
1.40364e+09,22.6497
1.40364e+09,22.7353
1.40364e+09,21.3986
1.40364e+09,27.2279
1.40364e+09,22.3812
1.40364e+09,22.9327
1.40364e+09,23.1532
1.40364e+09,22.4539
1.40364e+09,21.2379
1.40364e+09,21.9835
1.40364e+09,22.1649
1.40364e+09,23.1168
1.40364e+09,22.3612
1.40364e+09,22.6425
1.40364e+09,21.1023
1.40364e+09,27.5264
1.40364e+09,22.9828
1.40364e+09,23.0745
1.40364e+09,22.6416
1.40364e+09,23.4584
1.40364e+09,21.2683
1.40364e+09,23.4845
1.40364e+09,22.1065
1.40364e+09,22.9829
1.40364e+09,22.333
1.40364e+09,22.1188
1.40364e+09,20.8858
1.40364e+09,24.8807
1.40364e+09,21.8354
1.40364e+09,22.157
1.40364e+09,21.5276
1.40364e+09,22.3381
1.40364e+09,20.7391
1.40364e+09,25.798
1.40364e+09,22.2114
1.40364e+09,22.7476
1.40364e+09,23.1382
1.40364e+09,22.8201
1.40364e+09,21.6644
1.40364e+09,21.8412
1.40364e+09,22.6826
1.40364e+09,23.3745
1.40364e+09,22.0887
1.40364e+09,22.5143
1.40364e+09,20.8859
1.40364e+09,20.7571
1.40364e+09,21.7776
1.40364e+09,22.0925
1.40364e+09,21.7681
1.40364e+09,21.4436
1.40364e+09,20.5052
1.40364e+09,24.2601
1.40364e+09,21.6315
1.40364e+09,22.7069
1.40364e+09,21.7964
1.40364e+09,21.5164
1.40364e+09,19.8735
1.40364e+09,22.8983
1.40364e+09,21.313
1.40364e+09,21.0804
1.40364e+09,20.9448
1.40364e+09,19.9095
1.40364e+09,17.8911
1.40364e+09,19.7848
1.40364e+09,20.4732
1.40364e+09,21.0783
1.40364e+09,20.049
1.40364e+09,19.7119
1.40364e+09,18.2763
1.40364e+09,24.5399
1.40364e+09,19.429
1.40364e+09,19.4136
1.40364e+09,19.2366
1.40364e+09,18.3207
1.40364e+09,16.8947
1.40364e+09,17.3543
1.40364e+09,18.5987
1.40364e+09,18.982
1.40364e+09,18.4559
1.40364e+09,19.3035
1.40364e+09,16.709
1.40364e+09,21.7368
1.40364e+09,19.9722
1.40364e+09,20.5025
1.40364e+09,18.6941
1.40364e+09,18.8256
1.40364e+09,17.3056
1.40364e+09,20.1863
1.40364e+09,19.4111
1.40364e+09,19.9549
1.40364e+09,19.4416
1.40364e+09,19.6586
1.40364e+09,18.3736
1.40364e+09,18.3245
1.40364e+09,19.5444
1.40364e+09,19.3643
1.40364e+09,18.8882
1.40364e+09,18.7767
1.40364e+09,17.6479
1.40364e+09,21.2089
1.40364e+09,18.4879
1.40364e+09,19.1225
1.40364e+09,18.7506
1.40364e+09,18.5863
1.40364e+09,17.5188
1.40364e+09,19.6155
1.40364e+09,19.5476
1.40364e+09,20.2664
1.40364e+09,19.956
1.40364e+09,20.1313
1.40364e+09,19.0034
1.40364e+09,23.8662
1.40364e+09,24.6632
1.40364e+09,21.6337
1.40364e+09,21.8396
1.40364e+09,22.2062
1.40364e+09,22.4923
1.40364e+09,21.3528
1.40364e+09,22.835
1.40364e+09,23.5121
1.40364e+09,23.0285
1.40364e+09,23.4831
1.40364e+09,21.739
1.40364e+09,24.762
1.40364e+09,23.2834
1.40364e+09,23.5257
1.40364e+09,23.8061
1.40364e+09,22.7231
1.40364e+09,21.7665
1.40364e+09,25.8371
1.40364e+09,23.2843
1.40364e+09,22.8906
1.40364e+09,22.5372
1.40364e+09,22.3458
1.40364e+09,20.7997
1.40364e+09,21.3329
1.40364e+09,21.7442
1.40364e+09,23.272
1.40364e+09,23.0335
1.40364e+09,22.3735
1.40364e+09,22.9343
1.40364e+09,22.0463
1.40364e+09,21.1309
1.40364e+09,25.3712
1.40364e+09,27.2305
1.40364e+09,22.5689
1.40364e+09,22.9755
1.40364e+09,23.23
1.40364e+09,23.3264
1.40364e+09,22.5565
1.40364e+09,21.1902
1.40364e+09,22.9112
1.40364e+09,22.296
1.40364e+09,22.9444
1.40364e+09,21.8583
1.40364e+09,21.6637
1.40364e+09,20.8223
1.40364e+09,26.4237
1.40364e+09,22.2777
1.40364e+09,22.5335
1.40364e+09,21.9578
1.40364e+09,21.0343
1.40364e+09,19.6935
1.40364e+09,22.1334
1.40364e+09,21.1436
1.40364e+09,21.2465
1.40364e+09,20.4943
1.40364e+09,20.2862
1.40364e+09,18.8986
1.40364e+09,25.5994
1.40364e+09,20.006
1.40364e+09,20.4427
1.40364e+09,19.9616
1.40364e+09,20.065
1.40364e+09,18.9929
1.40364e+09,23.9989
1.40364e+09,20.7804
1.40364e+09,20.9951
1.40364e+09,20.3168
1.40364e+09,20.5642
1.40364e+09,18.8281
1.40364e+09,19.5243
1.40364e+09,21.2304
1.40364e+09,20.0693
1.40364e+09,20.0715
1.40364e+09,18.7537
1.40364e+09,23.1693
1.40364e+09,23.1474
1.40364e+09,19.8636
1.40364e+09,20.2257
1.40364e+09,19.4479
1.40364e+09,19.6255
1.40364e+09,18.6829
1.40364e+09,21.4871
1.40364e+09,20.1251
1.40364e+09,20.4568
1.40364e+09,20.1036
1.40364e+09,20.0589
1.40364e+09,19.1378
1.40364e+09,20.2974
1.40364e+09,20.7499
1.40364e+09,20.2563
1.40364e+09,19.8539
1.40364e+09,19.6272
1.40364e+09,20.4294
1.40364e+09,20.8064
1.40364e+09,20.3004
1.40364e+09,20.1217
1.40364e+09,19.7699
1.40364e+09,20.6633
1.40364e+09,20.5894
1.40364e+09,20.892
1.40364e+09,20.357
1.40364e+09,19.5297
1.40364e+09,24.2678
1.40364e+09,21.3255
1.40364e+09,22.2385
1.40364e+09,21.3119
1.40364e+09,21.1883
1.40364e+09,20.1381
1.40364e+09,25.4127
1.40364e+09,21.6206
1.40364e+09,21.909
1.40364e+09,21.2931
1.40364e+09,20.992
1.40364e+09,20.3287
1.40364e+09,24.4
1.40364e+09,21.7605
1.40364e+09,21.9501
1.40364e+09,22.121
1.40364e+09,22.1856
1.40364e+09,21.1172
1.40364e+09,23.5584
1.40364e+09,22.7528
1.40364e+09,23.3639
1.40364e+09,23.0178
1.40364e+09,23.4678
1.40364e+09,21.9244
1.40364e+09,24.6335
1.40364e+09,23.0216
1.40364e+09,23.0466
1.40364e+09,23.2861
1.40364e+09,22.6023
1.40364e+09,21.6194
1.40364e+09,25.7763
1.40364e+09,22.3621
1.40364e+09,22.1743
1.40364e+09,22.7428
1.40364e+09,21.7409
1.40364e+09,20.1564
1.40364e+09,22.419
1.40364e+09,20.8005
1.40364e+09,20.3135
1.40364e+09,20.4218
1.40364e+09,18.9691
1.40364e+09,17.6121
1.40364e+09,21.3472
1.40364e+09,18.9671
1.40364e+09,19.502
1.40364e+09,18.6927
1.40364e+09,18.3289
1.40364e+09,16.9892
1.40364e+09,21.3724
1.40364e+09,18.3541
1.40364e+09,19.0598
1.40364e+09,17.649
1.40364e+09,17.3239
1.40364e+09,15.8358
1.40364e+09,20.3902
1.40364e+09,17.2518
1.40364e+09,18.1189
1.40364e+09,17.1146
1.40364e+09,16.9345
1.40364e+09,16.4197
1.40364e+09,22.1064
1.40364e+09,19.6868
1.40364e+09,19.9812
1.40364e+09,19.7043
1.40364e+09,19.4388
1.40364e+09,17.7388
1.40364e+09,23.9694
1.40364e+09,23.7435
1.40364e+09,24.6297
1.40364e+09,24.6997
1.40364e+09,20.1519
1.40364e+09,20.9691
1.40364e+09,21.1309
1.40364e+09,20.4298
1.40364e+09,18.5341
1.40364e+09,22.9069
1.40364e+09,24.8021
1.40364e+09,25.5582
1.40364e+09,21.4904
1.40364e+09,21.5355
1.40364e+09,21.3001
1.40364e+09,21.3595
1.40364e+09,20.1948
1.40364e+09,24.0712
1.40364e+09,21.8137
1.40364e+09,22.076
1.40364e+09,21.8798
1.40364e+09,21.6184
1.40364e+09,21.0437
1.40364e+09,21.971
1.40364e+09,22.8646
1.40364e+09,22.441
1.40364e+09,22.6154
1.40364e+09,21.0125
1.40364e+09,25.0674
1.40364e+09,22.7601
1.40364e+09,23.6271
1.40364e+09,23.1683
1.40364e+09,22.3759
1.40364e+09,21.759
1.40364e+09,22.9477
1.40364e+09,24.1574
1.40364e+09,23.5555
1.40364e+09,22.8059
1.40364e+09,21.6288
1.40364e+09,28.3678
1.40364e+09,23.4794
1.40364e+09,23.7274
1.40364e+09,23.9472
1.40364e+09,23.2531
1.40364e+09,22.5028
1.40364e+09,22.6472
1.40364e+09,21.7167
1.40364e+09,26.2944
1.40364e+09,22.6623
1.40364e+09,23.3056
1.40364e+09,22.7558
1.40364e+09,22.6809
1.40364e+09,22.3139
1.40364e+09,23.1974
1.40364e+09,23.4429
1.40364e+09,22.7415
1.40364e+09,23.0218
1.40364e+09,22.0452
1.40364e+09,27.487
1.40364e+09,22.7428
1.40364e+09,23.3726
1.40364e+09,23.0939
1.40364e+09,22.6846
1.40364e+09,22.0132
1.40364e+09,25.7517
1.40364e+09,22.5587
1.40364e+09,23.3799
1.40364e+09,23.3432
1.40364e+09,22.7393
1.40364e+09,21.9691
1.40364e+09,25.7213
1.40364e+09,23.0267
1.40364e+09,23.5581
1.40364e+09,23.5049
1.40364e+09,23.2878
1.40364e+09,23.2989
1.40364e+09,23.1992
1.40364e+09,22.3073
1.40364e+09,23.5698
1.40364e+09,23.7908
1.40364e+09,23.7498
1.40364e+09,23.1848
1.40364e+09,21.9071
1.40364e+09,25.8254
1.40364e+09,23.0149
1.40364e+09,23.3645
1.40364e+09,23.2
1.40364e+09,23.4814
1.40364e+09,22.7007
1.40364e+09,21.7173
1.40364e+09,27.0836
1.40364e+09,22.2535
1.40364e+09,22.5541
1.40364e+09,22.5021
1.40364e+09,22.115
1.40364e+09,21.1642
1.40364e+09,23.7097
1.40364e+09,27.6718
1.40364e+09,21.5062
1.40364e+09,22.1404
1.40364e+09,22.358
1.40364e+09,22.2029
1.40364e+09,23.3603
1.40364e+09,21.3582
1.40364e+09,25.2372
1.40364e+09,25.6546
1.40364e+09,23.3393
1.40364e+09,23.1277
1.40364e+09,23.5412
1.40364e+09,23.0343
1.40364e+09,23.1338
1.40364e+09,22.1766
1.40364e+09,26.2827
1.40364e+09,27.3169
1.40364e+09,27.7679
1.40364e+09,23.8945
1.40364e+09,23.3651
1.40364e+09,23.5947
1.40364e+09,23.9309
1.40364e+09,23.7707
1.40364e+09,25.3513
1.40364e+09,23.0892
1.40364e+09,24.4826
1.40364e+09,25.6772
1.40364e+09,28.6894
1.40364e+09,27.473
1.40364e+09,24.1599
1.40364e+09,24.4568
1.40364e+09,24.4881
1.40364e+09,24.5748
1.40364e+09,23.8775
1.40364e+09,22.97
1.40364e+09,28.6212
1.40364e+09,25.1157
1.40364e+09,30.5258
1.40364e+09,27.7607
1.40364e+09,24.1781
1.40364e+09,24.444
1.40364e+09,24.1901
1.40364e+09,24.0628
1.40364e+09,23.6158
1.40364e+09,22.5185
1.40364e+09,28.6729
1.40364e+09,27.2621
1.40364e+09,23.7767
1.40364e+09,24.2489
1.40364e+09,24.1555
1.40364e+09,24.3175
1.40364e+09,23.7966
1.40364e+09,23.004
1.40364e+09,25.5274
1.40364e+09,28.3902
1.40364e+09,27.6595
1.40364e+09,27.7957
1.40364e+09,24.2821
1.40364e+09,24.0148
1.40364e+09,23.9721
1.40364e+09,24.6285
1.40364e+09,23.7069
1.40364e+09,22.8597
1.40364e+09,27.2137
1.40364e+09,23.735
1.40364e+09,24.3356
1.40364e+09,24.2583
1.40364e+09,24.1167
1.40364e+09,23.3148
1.40364e+09,22.4333
1.40364e+09,27.1483
1.40364e+09,22.836
1.40364e+09,23.0255
1.40364e+09,22.5263
1.40364e+09,22.4887
1.40364e+09,21.6625
1.40364e+09,20.9358
1.40364e+09,25.282
1.40364e+09,22.1893
1.40364e+09,22.0873
1.40364e+09,22.226
1.40364e+09,22.5034
1.40364e+09,22.1734
1.40364e+09,21.0967
1.40364e+09,27.9643
1.40364e+09,22.56
1.40364e+09,23.0149
1.40364e+09,22.8887
1.40364e+09,23.0199
1.40364e+09,22.1276
1.40364e+09,21.2142
1.40364e+09,25.2432
1.40364e+09,22.0159
1.40364e+09,21.6883
1.40364e+09,21.4238
1.40364e+09,21.5934
1.40364e+09,20.533
1.40364e+09,19.5917
1.40364e+09,23.99
1.40364e+09,20.9291
1.40364e+09,20.8644
1.40364e+09,20.5652
1.40364e+09,20.2872
1.40364e+09,20.0642
1.40364e+09,19.0103
1.40364e+09,24.0006
1.40364e+09,19.9305
1.40364e+09,20.189
1.40364e+09,21.2845
1.40364e+09,20.0028
1.40364e+09,20.6904
1.40364e+09,19.109
1.40364e+09,20.1998
1.40364e+09,20.3242
1.40364e+09,19.5853
1.40364e+09,19.3206
1.40364e+09,19.076
1.40364e+09,19.119
1.40364e+09,17.9731
1.40364e+09,17.7822
1.40364e+09,16.2315
1.40364e+09,21.3896
1.40364e+09,19.4114
1.40364e+09,18.7577
1.40364e+09,18.0971
1.40364e+09,18.0229
1.40364e+09,18.5424
1.40364e+09,16.3158
1.40364e+09,20.6032
1.40364e+09,18.3202
1.40364e+09,18.6309
1.40364e+09,18.1784
1.40364e+09,17.5884
1.40364e+09,16.3011
1.40364e+09,20.3159
1.40364e+09,17.9968
1.40364e+09,18.1163
1.40364e+09,17.7608
1.40364e+09,17.0034
1.40364e+09,15.606
1.40364e+09,20.2406
1.40364e+09,16.1712
1.40364e+09,17.1493
1.40364e+09,16.5255
1.40364e+09,16.8994
1.40364e+09,15.3772
1.40364e+09,20.7694
1.40364e+09,17.2736
1.40364e+09,17.9645
1.40364e+09,17.4642
1.40364e+09,17.4986
1.40364e+09,16.0239
1.40364e+09,19.0812
1.40364e+09,22.9555
1.40364e+09,22.3868
1.40364e+09,21.1333
1.40364e+09,21.283
1.40364e+09,16.5341
1.40364e+09,17.4615
1.40364e+09,16.6835
1.40364e+09,17.1345
1.40364e+09,15.3013
1.40364e+09,17.9965
1.40364e+09,16.0183
1.40364e+09,16.2582
1.40364e+09,15.9489
1.40364e+09,14.7611
1.40364e+09,16.0571
1.40364e+09,14.8169
1.40364e+09,14.9807
1.40364e+09,14.7115
1.40364e+09,14.2129
1.40364e+09,12.9421
1.40364e+09,19.974
1.40364e+09,14.4229
1.40364e+09,14.7981
1.40364e+09,14.4408
1.40364e+09,14.3537
1.40364e+09,12.9448
1.40364e+09,18.1633
1.40364e+09,13.9375
1.40364e+09,13.8334
1.40364e+09,13.3159
1.40364e+09,12.8884
1.40364e+09,13.5345
1.40364e+09,13.2269
1.40364e+09,12.8767
1.40364e+09,12.8893
1.40364e+09,11.998
1.40364e+09,12.3632
1.40364e+09,12.4763
1.40364e+09,12.1383
1.40364e+09,13.8578
1.40364e+09,12.6491
1.40364e+09,12.6247
1.40364e+09,12.4359
1.40364e+09,13.1562
1.40364e+09,10.8701
1.40364e+09,16.891
1.40364e+09,11.6401
1.40364e+09,11.3927
1.40364e+09,11.4113
1.40364e+09,10.2712
1.40364e+09,16.9854
1.40364e+09,12.0669
1.40364e+09,11.2822
1.40364e+09,11.4213
1.40364e+09,10.6972
1.40364e+09,15.4655
1.40364e+09,11.8818
1.40364e+09,11.4826
1.40364e+09,12.2689
1.40364e+09,10.8246
1.40364e+09,13.6228
1.40364e+09,11.7573
1.40364e+09,12.1158
1.40364e+09,10.9533
1.40364e+09,15.9022
1.40364e+09,12.918
1.40364e+09,15.2997
1.40364e+09,16.943
1.40364e+09,17.296
1.40364e+09,14.8235
1.40364e+09,15.7209
1.40364e+09,11.5927
1.40364e+09,11.8922
1.40364e+09,11.8778
1.40364e+09,17.8849
1.40364e+09,15.0198
1.40364e+09,15.0039
1.40364e+09,19.4602
1.40364e+09,17.5244
1.40364e+09,18.6277
1.40364e+09,17.7544
1.40364e+09,12.3323
1.40364e+09,12.2092
1.40364e+09,11.3348
1.40364e+09,16.8522
1.40364e+09,16.9492
1.40364e+09,18.155
1.40364e+09,18.0866
1.40364e+09,17.0421
1.40364e+09,15.8942
1.40364e+09,15.8618
1.40364e+09,12.3302
1.40364e+09,12.0059
1.40364e+09,12.1948
1.40364e+09,14.1187
1.40364e+09,15.5298
1.40364e+09,16.3784
1.40364e+09,15.7652
1.40364e+09,15.4308
1.40364e+09,17.4362
1.40364e+09,15.8765
1.40364e+09,11.7322
1.40364e+09,12.322
1.40364e+09,10.8059
1.40364e+09,14.2892
1.40364e+09,18.2206
1.40364e+09,15.5971
1.40364e+09,15.6695
1.40364e+09,16.1211
1.40364e+09,15.7282
1.40364e+09,14.8745
1.40364e+09,12.1374
1.40364e+09,12.596
1.40364e+09,11.011
