1403637130.538319111,3.98687
1403637130.588319063,5.09426
1403637130.638319016,4.81187
1403637130.688318968,3.82932
1403637130.73831892,5.03411
1403637130.788319111,18.4682
1403637130.838319063,11.5845
1403637130.888319016,10.9243
1403637130.938318968,11.0301
1403637130.98831892,13.2216
1403637131.038319111,11.1558
1403637131.088319063,9.67623
1403637131.138319016,10.138
1403637131.188318968,10.8665
1403637131.23831892,7.73156
1403637131.288319111,11.7694
1403637131.338319063,10.8425
1403637131.388319016,10.9699
1403637131.438318968,12.9038
1403637131.48831892,12.8328
1403637131.538319111,11.3231
1403637131.588319063,9.25371
1403637131.638319016,8.7387
1403637131.688318968,13.3859
1403637131.73831892,14.9557
1403637131.788319111,10.6612
1403637131.838319063,11.0387
1403637131.888319016,12.677
1403637131.938318968,10.2173
1403637131.98831892,12.6761
1403637132.038319111,9.10638
1403637132.088319063,11.8227
1403637132.138319016,11.3034
1403637132.188318968,9.30614
1403637132.23831892,9.07805
1403637132.288319111,11.8141
1403637132.338319063,9.5036
1403637132.388319016,11.5334
1403637132.438318968,10.9008
1403637132.48831892,8.98682
1403637132.538319111,10.3294
1403637132.588319063,11.4074
1403637132.638319016,9.50223
1403637132.688318968,10.6901
1403637132.73831892,10.8468
1403637132.788319111,9.36298
1403637132.838319063,8.70122
1403637132.888319016,10.8965
1403637132.938318968,11.6769
1403637132.98831892,12.1845
1403637133.038319111,12.6636
1403637133.088319063,9.7876
1403637133.138319016,12.4763
1403637133.188318968,12.2612
1403637133.23831892,9.89612
1403637133.288319111,11.9732
1403637133.338319063,10.1438
1403637133.388319016,10.1231
1403637133.438318968,12.3478
1403637133.48831892,11.6507
1403637133.538319111,14.1304
1403637133.588319063,11.1299
1403637133.638319016,11.1358
1403637133.688318968,9.79392
1403637133.73831892,10.9756
1403637133.788319111,9.88395
1403637133.838319063,12.7831
1403637133.888319016,10.9243
1403637133.938318968,15.6269
1403637133.98831892,13.8222
1403637134.038319111,13.2726
1403637134.088319063,17.543
1403637134.138319016,17.1458
1403637134.188318968,16.2655
1403637134.23831892,16.266
1403637134.288319111,19.7996
1403637134.338319063,16.28
1403637134.388319016,17.9682
1403637134.438318968,21.026
1403637134.48831892,20.1598
1403637134.538319111,18.7292
1403637134.588319063,19.0302
1403637134.638319016,18.4651
1403637134.688318968,18.5355
1403637134.73831892,21.0477
1403637134.788319111,17.3366
1403637134.838319063,16.5071
1403637134.888319016,16.4024
1403637134.938318968,16.3955
1403637134.98831892,16.0771
1403637135.038319111,17.0743
1403637135.088319063,16.1687
1403637135.138319016,14.4256
1403637135.188318968,14.9184
1403637135.23831892,10.9649
1403637135.288319111,12.7658
1403637135.338319063,12.3686
1403637135.388319016,16.1005
1403637135.438318968,14.8122
1403637135.48831892,17.8232
1403637135.538319111,16.8924
1403637135.588319063,20.0027
1403637135.638319016,18.2007
1403637135.688318968,20.8766
1403637135.73831892,18.3413
1403637135.788319111,18.4716
1403637135.838319063,19.8265
1403637135.888319016,18.8109
1403637135.938318968,23.7519
1403637135.98831892,22.2954
1403637136.038319111,20.0616
1403637136.088319063,21.6887
1403637136.138319016,19.8943
1403637136.188318968,19.0943
1403637136.23831892,19.3159
1403637136.288319111,18.1601
1403637136.338319063,18.5964
1403637136.388319016,17.0373
1403637136.438318968,16.2759
1403637136.48831892,14.1006
1403637136.538319111,13.3196
1403637136.588319063,14.97
1403637136.638319016,13.8029
1403637136.688318968,14.3301
1403637136.73831892,12.4802
1403637136.788319111,14.6589
1403637136.838319063,17.0612
1403637136.888319016,16.3549
1403637136.938318968,17.5774
1403637136.98831892,20.0412
1403637137.038319111,17.4016
1403637137.088319063,21.8208
1403637137.138319016,20.953
1403637137.188318968,19.5454
1403637137.23831892,21.818
1403637137.288319111,21.7952
1403637137.338319063,22.7711
1403637137.388319016,21.8186
1403637137.438318968,19.9674
1403637137.48831892,18.8734
1403637137.538319111,22.8743
1403637137.588319063,21.7062
1403637137.638319016,21.313
1403637137.688318968,18.939
1403637137.73831892,17.3346
1403637137.788319111,16.9198
1403637137.838319063,17.6419
1403637137.888319016,15.9167
1403637137.938318968,15.4218
1403637137.98831892,14.1336
1403637138.038319111,15.2253
1403637138.088319063,14.3951
1403637138.138319016,13.9833
1403637138.188318968,14.4913
1403637138.23831892,16.8746
1403637138.288319111,17.1442
1403637138.338319063,18.1546
1403637138.388319016,18.465
1403637138.438318968,20.7243
1403637138.48831892,21.9397
1403637138.538319111,19.6668
1403637138.588319063,19.6981
1403637138.638319016,20.4969
1403637138.688318968,23.4546
1403637138.73831892,20.8642
1403637138.788319111,22.6599
1403637138.838319063,18.9189
1403637138.888319016,19.8038
1403637138.938318968,21.6739
1403637138.98831892,19.9748
1403637139.038319111,19.4965
1403637139.088319063,18.0333
1403637139.138319016,20.6984
1403637139.188318968,19.3511
1403637139.23831892,20.1056
1403637139.288319111,17.4912
1403637139.338319063,18.5994
1403637139.388319016,15.8828
1403637139.438318968,16.6832
1403637139.48831892,15.6847
1403637139.538319111,14.6263
1403637139.588319063,16.4737
1403637139.638319016,15.5152
1403637139.688318968,13.2944
1403637139.73831892,15.1496
1403637139.788319111,12.5561
1403637139.838319063,14.3899
1403637139.888319016,13.9179
1403637139.938318968,15.6104
1403637139.98831892,17.0971
1403637140.038319111,15.0992
1403637140.088319063,14.3194
1403637140.138319016,15.5419
1403637140.188318968,15.4982
1403637140.23831892,14.8886
1403637140.288319111,14.9473
1403637140.338319063,15.0798
1403637140.388319016,17.6636
1403637140.438318968,16.0582
1403637140.48831892,15.8027
1403637140.538319111,14.9613
1403637140.588319063,15.3765
1403637140.638319016,13.8895
1403637140.688318968,14.6076
1403637140.73831892,15.028
1403637140.788319111,15.6296
1403637140.838319063,13.8979
1403637140.888319016,14.7805
1403637140.938318968,15.6377
1403637140.98831892,15.6104
1403637141.038319111,15.4586
1403637141.088319063,15.5693
1403637141.138319016,14.9457
1403637141.188318968,16.205
1403637141.23831892,15.7624
1403637141.288319111,17.9357
1403637141.338319063,15.8628
1403637141.388319016,16.0248
1403637141.438318968,18.2757
1403637141.48831892,14.0345
1403637141.538319111,17.4962
1403637141.588319063,15.4542
1403637141.638319016,15.946
1403637141.688318968,15.3065
1403637141.73831892,16.5624
1403637141.788319111,14.3157
1403637141.838319063,17.2507
1403637141.888319016,12.3995
1403637141.938318968,16.9046
1403637141.98831892,15.6036
1403637142.038319111,18.4883
1403637142.088319063,18.3812
1403637142.138319016,16.0526
1403637142.188318968,15.6256
1403637142.23831892,15.9391
1403637142.288319111,15.7963
1403637142.338319063,14.6383
1403637142.388319016,17.7169
1403637142.438318968,15.5012
1403637142.48831892,15.5313
1403637142.538319111,18.4195
1403637142.588319063,15.2196
1403637142.638319016,18.3752
1403637142.688318968,15.9214
1403637142.73831892,17.3403
1403637142.788319111,17.1409
1403637142.838319063,18.5774
1403637142.888319016,18.5069
1403637142.938318968,19.1782
1403637142.98831892,12.3079
1403637143.038319111,18.3758
1403637143.088319063,15.2068
1403637143.138319016,15.5609
1403637143.188318968,17.8999
1403637143.23831892,15.2867
1403637143.288319111,16.59
1403637143.338319063,18.2704
1403637143.388319016,19.0556
1403637143.438318968,15.3854
1403637143.48831892,16.417
1403637143.538319111,18.0075
1403637143.588319063,15.2327
1403637143.638319016,16.1933
1403637143.688318968,14.1876
1403637143.73831892,19.0184
1403637143.788319111,17.9088
1403637143.838319063,17.5326
1403637143.888319016,14.6306
1403637143.938318968,17.8793
1403637143.98831892,16.4669
1403637144.038319111,15.3696
1403637144.088319063,11.7598
1403637144.138319016,16.3213
1403637144.188318968,17.2644
1403637144.23831892,14.5364
1403637144.288319111,15.2567
1403637144.338319063,14.5466
1403637144.388319016,17.5193
1403637144.438318968,15.2137
1403637144.48831892,14.9404
1403637144.538319111,17.1851
1403637144.588319063,15.4872
1403637144.638319016,15.8614
1403637144.688318968,17.0553
1403637144.73831892,16.6882
1403637144.788319111,15.3589
1403637144.838319063,17.8065
1403637144.888319016,17.7735
1403637144.938318968,18.0677
1403637144.98831892,15.8731
1403637145.038319111,16.8008
1403637145.088319063,14.825
1403637145.138319016,13.8431
1403637145.188318968,14.3519
1403637145.23831892,15.0532
1403637145.288319111,15.4491
1403637145.338319063,15.3916
1403637145.388319016,15.9528
1403637145.438318968,17.7019
1403637145.48831892,17.8064
1403637145.538319111,15.1771
1403637145.588319063,14.201
1403637145.638319016,17.4716
1403637145.688318968,15.5577
1403637145.73831892,17.447
1403637145.788319111,14.7828
1403637145.838319063,14.0057
1403637145.888319016,17.6815
1403637145.938318968,14.562
1403637145.98831892,15.9466
1403637146.038319111,16.1888
1403637146.088319063,17.3218
1403637146.138319016,15.2461
1403637146.188318968,18.3698
1403637146.23831892,14.4793
1403637146.288319111,17.7999
1403637146.338319063,15.9177
1403637146.388319016,16.2567
1403637146.438318968,15.9029
1403637146.48831892,13.2998
1403637146.538319111,17.8239
1403637146.588319063,15.3666
1403637146.638319016,16.4142
1403637146.688318968,15.1231
1403637146.73831892,15.1096
1403637146.788319111,13.7583
1403637146.838319063,15.1708
1403637146.888319016,17.577
1403637146.938318968,15.0683
1403637146.98831892,15.4577
1403637147.038319111,14.6873
1403637147.088319063,16.2812
1403637147.138319016,18.4372
1403637147.188318968,17.5851
1403637147.23831892,15.2578
1403637147.288319111,16.1293
1403637147.338319063,17.3947
1403637147.388319016,15.2751
1403637147.438318968,15.7768
1403637147.48831892,14.6318
1403637147.538319111,15.5155
1403637147.588319063,14.29
1403637147.638319016,15.4348
1403637147.688318968,17.579
1403637147.73831892,14.0075
1403637147.788319111,12.6284
1403637147.838319063,14.6441
1403637147.888319016,15.0971
1403637147.938318968,16.2344
1403637147.98831892,14.2182
1403637148.038319111,17.6681
1403637148.088319063,13.7385
1403637148.138319016,15.9077
1403637148.188318968,18
1403637148.23831892,17.3
1403637148.288319111,13.9109
1403637148.338319063,14.6868
1403637148.388319016,14.0859
1403637148.438318968,14.2212
1403637148.48831892,15.1679
1403637148.538319111,16.7557
1403637148.588319063,15.0664
1403637148.638319016,16.9176
1403637148.688318968,16.8698
1403637148.73831892,16.7117
1403637148.788319111,15.9937
1403637148.838319063,15.7795
1403637148.888319016,14.2473
1403637148.938318968,15.0847
1403637148.98831892,14.0884
1403637149.038319111,16.8289
1403637149.088319063,17.4957
1403637149.138319016,14.6812
1403637149.188318968,13.4865
1403637149.23831892,17.0091
1403637149.288319111,18.0715
1403637149.338319063,16.1362
1403637149.388319016,15.4998
1403637149.438318968,16.9673
1403637149.48831892,12.9496
1403637149.538319111,13.4249
1403637149.588319063,16.3236
1403637149.638319016,13.1193
1403637149.688318968,14.4462
1403637149.73831892,14.8188
1403637149.788319111,16.0751
1403637149.838319063,15.9567
1403637149.888319016,13.4542
1403637149.938318968,11.922
1403637149.98831892,12.0002
1403637150.038319111,12.7332
1403637150.088319063,14.4596
1403637150.138319016,13.7928
1403637150.188318968,13.5875
1403637150.23831892,15.011
1403637150.288319111,17.0598
1403637150.338319063,14.2389
1403637150.388319016,16.6938
1403637150.438318968,19.7135
1403637150.48831892,16.4242
1403637150.538319111,16.2332
1403637150.588319063,17.3131
1403637150.638319016,16.8415
1403637150.688318968,17.3198
1403637150.73831892,21.1338
1403637150.788319111,17.1839
1403637150.838319063,17.6042
1403637150.888319016,17.9665
1403637150.938318968,20.5659
1403637150.98831892,16.7575
1403637151.038319111,18.6582
1403637151.088319063,19.1071
1403637151.138319016,20.4092
1403637151.188318968,21.6647
1403637151.23831892,19.6456
1403637151.288319111,19.582
1403637151.338319063,21.5636
1403637151.388319016,21.8421
1403637151.438318968,19.2401
1403637151.48831892,16.5773
1403637151.538319111,19.1
1403637151.588319063,21.7535
1403637151.638319016,18.74
1403637151.688318968,19.6888
1403637151.73831892,18.8351
1403637151.788319111,21.6704
1403637151.838319063,19.0279
1403637151.888319016,18.7786
1403637151.938318968,19.5202
1403637151.98831892,18.9859
1403637152.038319111,19.5685
1403637152.088319063,19.4479
1403637152.138319016,18.5797
1403637152.188318968,19.5082
1403637152.23831892,19.4575
1403637152.288319111,23.4277
1403637152.338319063,19.4008
1403637152.388319016,21.1655
1403637152.438318968,19.7537
1403637152.48831892,20.73
1403637152.538319111,19.6026
1403637152.588319063,22.4332
1403637152.638319016,19.6744
1403637152.688318968,19.5518
1403637152.73831892,19.1387
1403637152.788319111,22.2235
1403637152.838319063,19.9285
1403637152.888319016,20.2217
1403637152.938318968,21.2645
1403637152.98831892,23.3173
1403637153.038319111,19.8419
1403637153.088319063,19.0324
1403637153.138319016,22.7377
1403637153.188318968,20.0722
1403637153.23831892,22.415
1403637153.288319111,21.7886
1403637153.338319063,21.9232
1403637153.388319016,24.5622
1403637153.438318968,16.7448
1403637153.48831892,22.6997
1403637153.538319111,22.3733
1403637153.588319063,22.7678
1403637153.638319016,19.5586
1403637153.688318968,20.8436
1403637153.73831892,20.3757
1403637153.788319111,18.966
1403637153.838319063,21.2586
1403637153.888319016,23.6252
1403637153.938318968,24.444
1403637153.98831892,21.2489
1403637154.038319111,22.1716
1403637154.088319063,22.1658
1403637154.138319016,21.7816
1403637154.188318968,21.8934
1403637154.23831892,20.6802
1403637154.288319111,21.3036
1403637154.338319063,21.6115
1403637154.388319016,21.6101
1403637154.438318968,21.3096
1403637154.48831892,21.1741
1403637154.538319111,20.626
1403637154.588319063,20.9892
1403637154.638319016,21.5876
1403637154.688318968,21.6029
1403637154.73831892,20.3969
1403637154.788319111,20.5827
1403637154.838319063,20.3004
1403637154.888319016,21.2922
1403637154.938318968,20.9687
1403637154.98831892,21.1051
1403637155.038319111,21.6619
1403637155.088319063,24.2044
1403637155.138319016,19.6246
1403637155.188318968,24.2821
1403637155.23831892,23.047
1403637155.288319111,21.064
1403637155.338319063,21.2159
1403637155.388319016,22.309
1403637155.438318968,20.8928
1403637155.48831892,21.6219
1403637155.538319111,21.3075
1403637155.588319063,21.3605
1403637155.638319016,21.4138
1403637155.688318968,21.74
1403637155.73831892,23.5038
1403637155.788319111,21.3792
1403637155.838319063,20.7647
1403637155.888319016,21.396
1403637155.938318968,23.8265
1403637155.98831892,20.8554
1403637156.038319111,20.6454
1403637156.088319063,22.7614
1403637156.138319016,22.028
1403637156.188318968,22.9185
1403637156.23831892,23.7409
1403637156.288319111,24.0036
1403637156.338319063,19.034
1403637156.388319016,24.0949
1403637156.438318968,22.2944
1403637156.48831892,23.7437
1403637156.538319111,24.7842
1403637156.588319063,22.0379
1403637156.638319016,23.0831
1403637156.688318968,22.2289
1403637156.73831892,23.8027
1403637156.788319111,24.0541
1403637156.838319063,21.6133
1403637156.888319016,22.3666
1403637156.938318968,23.5062
1403637156.98831892,24.8077
1403637157.038319111,22.0305
1403637157.088319063,22.7266
1403637157.138319016,23.1761
1403637157.188318968,22.8351
1403637157.23831892,23.0733
1403637157.288319111,22.6753
1403637157.338319063,25.7449
1403637157.388319016,24.9416
1403637157.438318968,22.7477
1403637157.48831892,23.6785
1403637157.538319111,25.4838
1403637157.588319063,24.7919
1403637157.638319016,25.6282
1403637157.688318968,24.8605
1403637157.73831892,23.9427
1403637157.788319111,25.0433
1403637157.838319063,25.9468
1403637157.888319016,23.0883
1403637157.938318968,24.7575
1403637157.98831892,22.8723
1403637158.038319111,23.1706
1403637158.088319063,22.7978
1403637158.138319016,23.0828
1403637158.188318968,24.8288
1403637158.23831892,24.2654
1403637158.288319111,25.35
1403637158.338319063,23.3261
1403637158.388319016,23.048
1403637158.438318968,23.6856
1403637158.48831892,21.7606
1403637158.538319111,23.6509
1403637158.588319063,26.6706
1403637158.638319016,23.6851
1403637158.688318968,26.0679
1403637158.73831892,26.5182
1403637158.788319111,22.2037
1403637158.838319063,25.5573
1403637158.888319016,21.929
1403637158.938318968,25.1227
1403637158.98831892,24.5787
1403637159.038319111,25.2622
1403637159.088319063,22.667
1403637159.138319016,25.3137
1403637159.188318968,24.6003
1403637159.23831892,24.4999
1403637159.288319111,23.5
1403637159.338319063,24.5375
1403637159.388319016,24.4128
1403637159.438318968,26.3841
1403637159.48831892,23.4673
1403637159.538319111,27.3079
1403637159.588319063,26.783
1403637159.638319016,26.305
1403637159.688318968,20.7532
1403637159.73831892,28.1324
1403637159.788319111,22.8539
1403637159.838319063,23.8811
1403637159.888319016,25.0902
1403637159.938318968,23.3697
1403637159.98831892,25.8465
1403637160.038319111,24.9309
1403637160.088319063,23.6288
1403637160.138319016,24.2328
1403637160.188318968,19.0059
1403637160.23831892,23.1161
1403637160.288319111,23.4833
1403637160.338319063,22.3786
1403637160.388319016,24.5067
1403637160.438318968,24.0685
1403637160.48831892,18.8534
1403637160.538319111,23.1505
1403637160.588319063,24.9897
1403637160.638319016,25.0272
1403637160.688318968,23.2732
1403637160.73831892,20.9838
1403637160.788319111,22.2678
1403637160.838319063,24.0496
1403637160.888319016,21.9366
1403637160.938318968,24.3988
1403637160.98831892,23.7452
1403637161.038319111,22.5012
1403637161.088319063,24.6629
1403637161.138319016,25.1024
1403637161.188318968,21.9055
1403637161.23831892,22.9489
1403637161.288319111,22.4675
1403637161.338319063,22.7464
1403637161.388319016,23.4924
1403637161.438318968,22.9971
1403637161.48831892,21.3671
1403637161.538319111,24.0705
1403637161.588319063,21.4316
1403637161.638319016,22.7399
1403637161.688318968,24.5639
1403637161.73831892,24.9428
1403637161.788319111,23.8448
1403637161.838319063,22.7768
1403637161.888319016,23.2521
1403637161.938318968,21.3119
1403637161.98831892,22.1278
1403637162.038319111,22.4389
1403637162.088319063,22.5202
1403637162.138319016,22.0732
1403637162.188318968,24.3558
1403637162.23831892,22.5158
1403637162.288319111,24.7415
1403637162.338319063,23.909
1403637162.388319016,22.2094
1403637162.438318968,24.2477
1403637162.48831892,21.363
1403637162.538319111,25.6067
1403637162.588319063,22.7927
1403637162.638319016,23.8406
1403637162.688318968,23.055
1403637162.73831892,23.8304
1403637162.788319111,22.402
1403637162.838319063,22.3978
1403637162.888319016,22.7433
1403637162.938318968,21.5199
1403637162.98831892,25.5434
1403637163.038319111,22.8152
1403637163.088319063,23.7567
1403637163.138319016,22.4709
1403637163.188318968,23.8638
1403637163.23831892,24.8055
1403637163.288319111,22.7121
1403637163.338319063,23.8746
1403637163.388319016,22.994
1403637163.438318968,23.3977
1403637163.48831892,23.0728
1403637163.538319111,24.7314
1403637163.588319063,23.6693
1403637163.638319016,25.7882
1403637163.688318968,25.1155
1403637163.73831892,23.3894
1403637163.788319111,25.5762
1403637163.838319063,22.5613
1403637163.888319016,23.2532
1403637163.938318968,25.7202
1403637163.98831892,23.1531
1403637164.038319111,25.7265
1403637164.088319063,22.2285
1403637164.138319016,23.1138
1403637164.188318968,24.4755
1403637164.23831892,22.729
1403637164.288319111,22.2438
1403637164.338319063,22.7401
1403637164.388319016,22.5613
1403637164.438318968,25.656
1403637164.48831892,23.2869
1403637164.538319111,23.5182
1403637164.588319063,25.3256
1403637164.638319016,22.7525
1403637164.688318968,25.3075
1403637164.73831892,25.3729
1403637164.788319111,18.3697
1403637164.838319063,23.9725
1403637164.888319016,22.1648
1403637164.938318968,22.1164
1403637164.98831892,22.1051
1403637165.038319111,24.1864
1403637165.088319063,22.972
1403637165.138319016,23.3643
1403637165.188318968,24.306
1403637165.23831892,22.8146
1403637165.288319111,22.4829
1403637165.338319063,21.7589
1403637165.388319016,23.1608
1403637165.438318968,21.6609
1403637165.48831892,24.3179
1403637165.538319111,24.042
1403637165.588319063,24.9842
1403637165.638319016,24.3692
1403637165.688318968,19.0049
1403637165.73831892,24.2607
1403637165.788319111,22.0933
1403637165.838319063,24.5042
1403637165.888319016,22.2199
1403637165.938318968,24.2453
1403637165.98831892,22.4399
1403637166.038319111,24.0064
1403637166.088319063,23.1556
1403637166.138319016,22.5636
1403637166.188318968,23.1795
1403637166.23831892,24.944
1403637166.288319111,21.7023
1403637166.338319063,24.7491
1403637166.388319016,23.5343
1403637166.438318968,21.3005
1403637166.48831892,20.7912
1403637166.538319111,21.848
1403637166.588319063,22.4186
1403637166.638319016,21.9355
1403637166.688318968,21.7867
1403637166.73831892,22.4349
1403637166.788319111,23.6574
1403637166.838319063,21.7662
1403637166.888319016,25.8573
1403637166.938318968,23.4914
1403637166.98831892,23.6049
1403637167.038319111,23.6021
1403637167.088319063,21.9629
1403637167.138319016,25.9607
1403637167.188318968,21.8615
1403637167.23831892,25.7537
1403637167.288319111,23.7768
1403637167.338319063,24.6882
1403637167.388319016,22.8302
1403637167.438318968,22.7214
1403637167.48831892,25.0674
1403637167.538319111,23.4381
1403637167.588319063,19.1004
1403637167.638319016,22.7179
1403637167.688318968,23.677
1403637167.73831892,25.2137
1403637167.788319111,24.5265
1403637167.838319063,24.0987
1403637167.888319016,23.7084
1403637167.938318968,23.6144
1403637167.98831892,25.1835
1403637168.038319111,24.4951
1403637168.088319063,25.2032
1403637168.138319016,24.7358
1403637168.188318968,25.0288
1403637168.23831892,26.4515
1403637168.288319111,25.0375
1403637168.338319063,23.8879
1403637168.388319016,24.0004
1403637168.438318968,26.4215
1403637168.48831892,23.4714
1403637168.538319111,24.3304
1403637168.588319063,23.7145
1403637168.638319016,26.6605
1403637168.688318968,25.2741
1403637168.73831892,24.3082
1403637168.788319111,24.0979
1403637168.838319063,23.9385
1403637168.888319016,25.9341
1403637168.938318968,24.781
1403637168.98831892,26.8657
1403637169.038319111,24.2464
1403637169.088319063,27.1258
1403637169.138319016,24.3743
1403637169.188318968,25.1649
1403637169.23831892,24.5263
1403637169.288319111,26.738
1403637169.338319063,27.1868
1403637169.388319016,21.7547
1403637169.438318968,24.9034
1403637169.48831892,25.5713
1403637169.538319111,25.3312
1403637169.588319063,24.7976
1403637169.638319016,28.0625
1403637169.688318968,28.4956
1403637169.73831892,24.5155
1403637169.788319111,24.8521
1403637169.838319063,24.2953
1403637169.888319016,23.8812
1403637169.938318968,25.0994
1403637169.98831892,26.0146
1403637170.038319111,17.4349
1403637170.088319063,24.4868
1403637170.138319016,21.8019
1403637170.188318968,23.1133
1403637170.23831892,22.6438
1403637170.288319111,20.8542
1403637170.338319063,22.8754
1403637170.388319016,23.0626
1403637170.438318968,22.5509
1403637170.48831892,23.9003
1403637170.538319111,22.3598
1403637170.588319063,22.8449
1403637170.638319016,23.7709
1403637170.688318968,23.5621
1403637170.73831892,21.1771
1403637170.788319111,20.6348
1403637170.838319063,23.6477
1403637170.888319016,23.6555
1403637170.938318968,21.9705
1403637170.98831892,22.1547
1403637171.038319111,23.9999
1403637171.088319063,23.2946
1403637171.138319016,24.5466
1403637171.188318968,24.268
1403637171.23831892,24.9926
1403637171.288319111,25.5951
1403637171.338319063,24.3029
1403637171.388319016,24.5993
1403637171.438318968,26.7784
1403637171.48831892,24.5562
1403637171.538319111,26.0034
1403637171.588319063,24.0788
1403637171.638319016,24.3391
1403637171.688318968,24.3947
1403637171.73831892,25.2259
1403637171.788319111,27.1258
1403637171.838319063,24.7062
1403637171.888319016,26.6379
1403637171.938318968,26.5454
1403637171.98831892,26.0925
1403637172.038319111,26.5969
1403637172.088319063,23.7759
1403637172.138319016,26.1132
1403637172.188318968,25.5423
1403637172.23831892,25.3748
1403637172.288319111,24.6165
1403637172.338319063,25.3219
1403637172.388319016,23.7988
1403637172.438318968,23.3792
1403637172.48831892,22.648
1403637172.538319111,24.8417
1403637172.588319063,22.6736
1403637172.638319016,24.906
1403637172.688318968,23.3809
1403637172.73831892,23.6995
1403637172.788319111,24.6052
1403637172.838319063,24.0153
1403637172.888319016,22.3576
1403637172.938318968,21.1579
1403637172.98831892,22.526
1403637173.038319111,24.2521
1403637173.088319063,23.0454
1403637173.138319016,22.9315
1403637173.188318968,21.8947
1403637173.23831892,22.602
1403637173.288319111,20.6664
1403637173.338319063,21.1151
1403637173.388319016,22.8369
1403637173.438318968,21.9895
1403637173.48831892,23.9932
1403637173.538319111,22.2846
1403637173.588319063,22.5393
1403637173.638319016,20.8596
1403637173.688318968,23.6236
1403637173.73831892,23.8798
1403637173.788319111,21.0578
1403637173.838319063,21.3635
1403637173.888319016,23.6875
1403637173.938318968,22.7501
1403637173.98831892,20.9306
1403637174.038319111,23.3536
1403637174.088319063,22.5491
1403637174.138319016,23.6247
1403637174.188318968,24.3725
1403637174.23831892,21.8813
1403637174.288319111,25.3835
1403637174.338319063,24.4496
1403637174.388319016,25.1834
1403637174.438318968,25.2877
1403637174.48831892,24.768
1403637174.538319111,23.5164
1403637174.588319063,22.4687
1403637174.638319016,23.0861
1403637174.688318968,25.8602
1403637174.73831892,24.3816
1403637174.788319111,25.3479
1403637174.838319063,23.5839
1403637174.888319016,26.2831
1403637174.938318968,21.7731
1403637174.98831892,25.8573
1403637175.038319111,26.6671
1403637175.088319063,24.9997
1403637175.138319016,23.6526
1403637175.188318968,25.2153
1403637175.23831892,24.8743
1403637175.288319111,23.7592
1403637175.338319063,23.9254
1403637175.388319016,25.0238
1403637175.438318968,25.7638
1403637175.48831892,26.6058
1403637175.538319111,24.666
1403637175.588319063,23.2566
1403637175.638319016,23.1103
1403637175.688318968,23.2557
1403637175.73831892,25.7618
1403637175.788319111,28.5843
1403637175.838319063,25.3076
1403637175.888319016,23.2589
1403637175.938318968,24.3082
1403637175.98831892,27.0441
1403637176.038319111,24.205
1403637176.088319063,23.8136
1403637176.138319016,26.1204
1403637176.188318968,22.7918
1403637176.23831892,27.1495
1403637176.288319111,25.8159
1403637176.338319063,24.7989
1403637176.388319016,23.4598
1403637176.438318968,23.5975
1403637176.48831892,26.1732
1403637176.538319111,24.8832
1403637176.588319063,23.6724
1403637176.638319016,22.6529
1403637176.688318968,26.5574
1403637176.73831892,22.5934
1403637176.788319111,27.206
1403637176.838319063,23.797
1403637176.888319016,23.749
1403637176.938318968,24.4295
1403637176.98831892,25.4262
1403637177.038319111,24.6172
1403637177.088319063,24.5048
1403637177.138319016,23.5395
1403637177.188318968,23.6641
1403637177.23831892,23.8939
1403637177.288319111,24.0199
1403637177.338319063,23.751
1403637177.388319016,23.1153
1403637177.438318968,25.6306
1403637177.48831892,23.8225
1403637177.538319111,24.439
1403637177.588319063,24.763
1403637177.638319016,26.5259
1403637177.688318968,23.0718
1403637177.73831892,24.052
1403637177.788319111,23.4938
1403637177.838319063,25.9497
1403637177.888319016,26.7162
1403637177.938318968,25.7705
1403637177.98831892,23.4531
1403637178.038319111,25.6791
1403637178.088319063,26.184
1403637178.138319016,23.7837
1403637178.188318968,23.0063
1403637178.23831892,25.1095
1403637178.288319111,22.9876
1403637178.338319063,22.1001
1403637178.388319016,25.2064
1403637178.438318968,24.2786
1403637178.48831892,22.2443
1403637178.538319111,25.1891
1403637178.588319063,22.2038
1403637178.638319016,26.4981
1403637178.688318968,23.7079
1403637178.73831892,22.0235
1403637178.788319111,25.3014
1403637178.838319063,24.3626
1403637178.888319016,25.3702
1403637178.938318968,23.1799
1403637178.98831892,25.2939
1403637179.038319111,25.6039
1403637179.088319063,23.8669
1403637179.138319016,24.975
1403637179.188318968,25.2429
1403637179.23831892,22.6249
1403637179.288319111,24.957
1403637179.338319063,21.7457
1403637179.388319016,24.4459
1403637179.438318968,22.3063
1403637179.48831892,23.3577
1403637179.538319111,23.3217
1403637179.588319063,24.9194
1403637179.638319016,24.4019
1403637179.688318968,23.0043
1403637179.73831892,25.4727
1403637179.788319111,22.8975
1403637179.838319063,23.2776
1403637179.888319016,26.0225
1403637179.938318968,25.3949
1403637179.98831892,22.5605
1403637180.038319111,24.3036
1403637180.088319063,22.2882
1403637180.138319016,24.5387
1403637180.188318968,20.4328
1403637180.23831892,22.0157
1403637180.288319111,22.9753
1403637180.338319063,23.555
1403637180.388319016,22.3893
1403637180.438318968,23.0858
1403637180.48831892,25.817
1403637180.538319111,24.6592
1403637180.588319063,24.9931
1403637180.638319016,23.3613
1403637180.688318968,22.908
1403637180.73831892,22.7199
1403637180.788319111,25.948
1403637180.838319063,23.7693
1403637180.888319016,23.2604
1403637180.938318968,23.1852
1403637180.98831892,24.7044
1403637181.038319111,25.1295
1403637181.088319063,23.5126
1403637181.138319016,24.534
1403637181.188318968,21.694
1403637181.23831892,23.7647
1403637181.288319111,21.4789
1403637181.338319063,22.5321
1403637181.388319016,22.1627
1403637181.438318968,22.6967
1403637181.48831892,25.7472
1403637181.538319111,22.6334
1403637181.588319063,26.1787
1403637181.638319016,23.8149
1403637181.688318968,22.9982
1403637181.73831892,22.7598
1403637181.788319111,23.9785
1403637181.838319063,24.0694
1403637181.888319016,24.1697
1403637181.938318968,26.8375
1403637181.98831892,27.1748
1403637182.038319111,23.6395
1403637182.088319063,25.0545
1403637182.138319016,23.7109
1403637182.188318968,26.9191
1403637182.23831892,22.8963
1403637182.288319111,26.2542
1403637182.338319063,23.6778
1403637182.388319016,22.5302
1403637182.438318968,24.6167
1403637182.48831892,25.88
1403637182.538319111,26.4146
1403637182.588319063,22.6901
1403637182.638319016,22.9441
1403637182.688318968,25.732
1403637182.73831892,26.0105
1403637182.788319111,23.6403
1403637182.838319063,24.3535
1403637182.888319016,22.2093
1403637182.938318968,23.2604
1403637182.98831892,25.7518
1403637183.038319111,22.7216
1403637183.088319063,23.4313
1403637183.138319016,23.4947
1403637183.188318968,23.3303
1403637183.23831892,25.101
1403637183.288319111,27.3486
1403637183.338319063,24.0197
1403637183.388319016,26.3466
1403637183.438318968,24.6687
1403637183.48831892,25.3602
1403637183.538319111,25.9162
1403637183.588319063,24.3966
1403637183.638319016,26.8987
1403637183.688318968,27.3499
1403637183.73831892,24.0097
1403637183.788319111,24.0749
1403637183.838319063,26.8925
1403637183.888319016,22.7448
1403637183.938318968,23.9061
1403637183.98831892,26.1989
1403637184.038319111,23.7681
1403637184.088319063,25.3518
1403637184.138319016,25.0518
1403637184.188318968,26.0841
1403637184.23831892,24.5998
1403637184.288319111,24.0612
1403637184.338319063,25.6834
1403637184.388319016,25.9622
1403637184.438318968,23.5346
1403637184.48831892,26.7803
1403637184.538319111,25.5191
1403637184.588319063,24.8625
1403637184.638319016,27.7615
1403637184.688318968,26.4226
1403637184.73831892,26.993
1403637184.788319111,25.8296
1403637184.838319063,26.7018
1403637184.888319016,26.1473
1403637184.938318968,26.3685
1403637184.98831892,26.3534
1403637185.038319111,27.1095
1403637185.088319063,24.3091
1403637185.138319016,25.6188
1403637185.188318968,26.7933
1403637185.23831892,25.365
1403637185.288319111,25.089
1403637185.338319063,25.0232
1403637185.388319016,26.7021
1403637185.438318968,24.9231
1403637185.48831892,28.0187
1403637185.538319111,26.5355
1403637185.588319063,24.2465
1403637185.638319016,27.5034
1403637185.688318968,25.4539
1403637185.73831892,27.1651
1403637185.788319111,25.5009
1403637185.838319063,25.7325
1403637185.888319016,28.004
1403637185.938318968,27.1588
1403637185.98831892,26.0518
1403637186.038319111,28.1597
1403637186.088319063,25.4717
1403637186.138319016,27.7056
1403637186.188318968,26.1899
1403637186.23831892,25.8579
1403637186.288319111,26.765
1403637186.338319063,28.4358
1403637186.388319016,25.4492
1403637186.438318968,27.8887
1403637186.48831892,26.1156
1403637186.538319111,28.2706
1403637186.588319063,27.1281
1403637186.638319016,27.5895
1403637186.688318968,28.3625
1403637186.73831892,26.0325
1403637186.788319111,27.9819
1403637186.838319063,28.6525
1403637186.888319016,25.9616
1403637186.938318968,27.9017
1403637186.98831892,27.8174
1403637187.038319111,27.5854
1403637187.088319063,26.8493
1403637187.138319016,25.0979
1403637187.188318968,26.7455
1403637187.23831892,27.3002
1403637187.288319111,24.8031
1403637187.338319063,22.341
1403637187.388319016,24.8179
1403637187.438318968,26.833
1403637187.48831892,27.6897
1403637187.538319111,27.502
1403637187.588319063,28.0608
1403637187.638319016,26.2061
1403637187.688318968,28.5303
1403637187.73831892,25.7311
1403637187.788319111,25.3497
1403637187.838319063,28.2073
1403637187.888319016,27.683
1403637187.938318968,26.5333
1403637187.98831892,24.6861
1403637188.038319111,22.5266
1403637188.088319063,26.1406
1403637188.138319016,27.0306
1403637188.188318968,26.5973
1403637188.23831892,25.1187
1403637188.288319111,27.7382
1403637188.338319063,23.5339
1403637188.388319016,24.0349
1403637188.438318968,26.3009
1403637188.48831892,24.0712
1403637188.538319111,27.1426
1403637188.588319063,26.8818
1403637188.638319016,26.2494
1403637188.688318968,24.5679
1403637188.73831892,24.2939
1403637188.788319111,24.4382
1403637188.838319063,22.8693
1403637188.888319016,24.5417
1403637188.938318968,25.9739
1403637188.98831892,25.8709
1403637189.038319111,26.1928
1403637189.088319063,23.4907
1403637189.138319016,23.4202
1403637189.188318968,27.0451
1403637189.23831892,23.5054
1403637189.288319111,27.193
1403637189.338319063,26.4927
1403637189.388319016,23.5584
1403637189.438318968,24.061
1403637189.48831892,24.6814
1403637189.538319111,23.8709
1403637189.588319063,26.397
1403637189.638319016,23.2799
1403637189.688318968,24.3903
1403637189.73831892,24.4829
1403637189.788319111,24.9032
1403637189.838319063,24.6569
1403637189.888319016,25.3503
1403637189.938318968,26.8483
1403637189.98831892,24.2635
1403637190.038319111,25.3858
1403637190.088319063,23.5896
1403637190.138319016,23.7116
1403637190.188318968,23.8698
1403637190.23831892,24.3104
1403637190.288319111,23.8102
1403637190.338319063,24.0991
1403637190.388319016,23.6678
1403637190.438318968,26.6029
1403637190.48831892,23.1716
1403637190.538319111,23.5457
1403637190.588319063,25.6816
1403637190.638319016,22.1983
1403637190.688318968,23.5911
1403637190.73831892,23.3398
1403637190.788319111,27.0847
1403637190.838319063,24.2265
1403637190.888319016,24.0624
1403637190.938318968,24.1546
1403637190.98831892,24.285
1403637191.038319111,24.0113
1403637191.088319063,23.8194
1403637191.138319016,23.1278
1403637191.188318968,26.016
1403637191.23831892,24.8848
1403637191.288319111,23.1201
1403637191.338319063,24.2422
1403637191.388319016,26.7075
1403637191.438318968,25.47
1403637191.48831892,23.4029
1403637191.538319111,23.6639
1403637191.588319063,23.6669
1403637191.638319016,22.1618
1403637191.688318968,21.7099
1403637191.73831892,24.3733
1403637191.788319111,20.7489
1403637191.838319063,20.2814
1403637191.888319016,24.6581
1403637191.938318968,22.2997
1403637191.98831892,24.2426
1403637192.038319111,25.8031
1403637192.088319063,23.447
1403637192.138319016,19.5512
1403637192.188318968,27.3786
1403637192.23831892,24.0727
1403637192.288319111,23.3314
1403637192.338319063,25.5865
1403637192.388319016,24.035
1403637192.438318968,23.7111
1403637192.48831892,24.8669
1403637192.538319111,23.5852
1403637192.588319063,24.1094
1403637192.638319016,26.1536
1403637192.688318968,23.3935
1403637192.73831892,22.5891
1403637192.788319111,25.5708
1403637192.838319063,24.8909
1403637192.888319016,23.7035
1403637192.938318968,26.6616
1403637192.98831892,24.0902
1403637193.038319111,25.9511
1403637193.088319063,22.7823
1403637193.138319016,24.4192
1403637193.188318968,24.9292
1403637193.23831892,23.9361
1403637193.288319111,24.3268
1403637193.338319063,24.3417
1403637193.388319016,25.4853
1403637193.438318968,23.3829
1403637193.48831892,25.4539
1403637193.538319111,25.985
1403637193.588319063,23.7121
1403637193.638319016,23.3929
1403637193.688318968,25.0075
1403637193.73831892,26.7717
1403637193.788319111,25.2401
1403637193.838319063,23.7082
1403637193.888319016,26.6382
1403637193.938318968,24.6037
1403637193.98831892,23.5043
1403637194.038319111,23.1408
1403637194.088319063,23.4406
1403637194.138319016,23.3127
1403637194.188318968,24.0978
1403637194.23831892,24.6407
1403637194.288319111,22.9313
1403637194.338319063,22.3198
1403637194.388319016,23.6468
1403637194.438318968,24.5034
1403637194.48831892,23.3917
1403637194.538319111,23.8277
1403637194.588319063,22.8416
1403637194.638319016,23.491
1403637194.688318968,23.5787
1403637194.73831892,24.0166
1403637194.788319111,24.3711
1403637194.838319063,25.2987
1403637194.888319016,23.592
1403637194.938318968,25.6192
1403637194.98831892,22.014
1403637195.038319111,23.1678
1403637195.088319063,23.9808
1403637195.138319016,22.5283
1403637195.188318968,25.2524
1403637195.23831892,23.619
1403637195.288319111,24.0044
1403637195.338319063,23.9772
1403637195.388319016,23.2316
1403637195.438318968,25.1628
1403637195.48831892,22.741
1403637195.538319111,23.3106
1403637195.588319063,25.255
1403637195.638319016,23.2447
1403637195.688318968,22.4772
1403637195.73831892,22.6028
1403637195.788319111,24.9937
1403637195.838319063,24.1603
1403637195.888319016,25.0296
1403637195.938318968,23.7577
1403637195.98831892,24.8842
1403637196.038319111,22.9696
1403637196.088319063,22.8331
1403637196.138319016,21.4594
1403637196.188318968,23.3042
1403637196.23831892,24.3442
1403637196.288319111,22.2166
1403637196.338319063,20.5819
1403637196.388319016,23.6737
1403637196.438318968,21.0222
1403637196.48831892,21.6777
1403637196.538319111,22.4875
1403637196.588319063,22.4728
1403637196.638319016,22.2427
1403637196.688318968,23.3224
1403637196.73831892,22.5055
1403637196.788319111,24.5631
1403637196.838319063,23.9025
1403637196.888319016,25.6204
1403637196.938318968,24.436
1403637196.98831892,23.6749
1403637197.038319111,21.7977
1403637197.088319063,23.8225
1403637197.138319016,22.4657
1403637197.188318968,25.3419
1403637197.23831892,24.2228
1403637197.288319111,25.0184
1403637197.338319063,23.6622
1403637197.388319016,25.6256
1403637197.438318968,26.5326
1403637197.48831892,25.3956
1403637197.538319111,23.6164
1403637197.588319063,24.8109
1403637197.638319016,25.0263
1403637197.688318968,23.35
1403637197.73831892,24.0081
1403637197.788319111,24.0441
1403637197.838319063,23.9425
1403637197.888319016,24.2945
1403637197.938318968,24.0895
1403637197.98831892,24.2166
1403637198.038319111,21.5633
1403637198.088319063,22.8337
1403637198.138319016,22.2934
1403637198.188318968,22.5349
1403637198.23831892,22.8306
1403637198.288319111,24.3051
1403637198.338319063,24.622
1403637198.388319016,21.4635
1403637198.438318968,24.753
1403637198.48831892,22.7323
1403637198.538319111,22.9803
1403637198.588319063,22.194
1403637198.638319016,22.6946
1403637198.688318968,23.0964
1403637198.73831892,23.1239
1403637198.788319111,21.6079
1403637198.838319063,22.6473
1403637198.888319016,24.5848
1403637198.938318968,23.3322
1403637198.98831892,23.7454
1403637199.038319111,20.8918
1403637199.088319063,21.2544
1403637199.138319016,22.5027
1403637199.188318968,25.1006
1403637199.23831892,23.7151
1403637199.288319111,22.2166
1403637199.338319063,22.7492
1403637199.388319016,23.465
1403637199.438318968,22.4945
1403637199.48831892,24.0063
1403637199.538319111,22.2279
1403637199.588319063,24.6475
1403637199.638319016,24.1563
1403637199.688318968,25.7418
1403637199.73831892,25.411
1403637199.788319111,24.7599
1403637199.838319063,20.9103
1403637199.888319016,22.242
1403637199.938318968,23.9053
1403637199.98831892,21.9301
1403637200.038319111,22.8218
1403637200.088319063,23.4633
1403637200.138319016,22.0976
1403637200.188318968,19.4171
1403637200.23831892,23.0397
1403637200.288319111,20.6926
1403637200.338319063,19.8163
1403637200.388319016,21.0532
1403637200.438318968,22.109
1403637200.48831892,20.5023
1403637200.538319111,22.6404
1403637200.588319063,21.7862
1403637200.638319016,21.447
1403637200.688318968,21.1406
1403637200.73831892,24.8733
1403637200.788319111,23.2834
1403637200.838319063,22.7918
1403637200.888319016,25.6121
1403637200.938318968,24.3837
1403637200.98831892,26.1962
1403637201.038319111,24.448
1403637201.088319063,24.5053
1403637201.138319016,23.8254
1403637201.188318968,24.5163
1403637201.23831892,23.5908
1403637201.288319111,23.3689
1403637201.338319063,23.6258
1403637201.388319016,25.4837
1403637201.438318968,23.1275
1403637201.48831892,24.9753
1403637201.538319111,26.5834
1403637201.588319063,27.5625
1403637201.638319016,24.04
1403637201.688318968,25.1677
1403637201.73831892,24.2784
1403637201.788319111,25.1041
1403637201.838319063,26.4453
1403637201.888319016,24.2366
1403637201.938318968,25.1156
1403637201.98831892,24.3644
1403637202.038319111,23.8342
1403637202.088319063,27.3564
1403637202.138319016,23.0282
1403637202.188318968,26.0195
1403637202.23831892,20.4852
1403637202.288319111,24.1096
1403637202.338319063,23.6518
1403637202.388319016,27.3219
1403637202.438318968,24.6016
1403637202.48831892,25.3795
1403637202.538319111,28.0713
1403637202.588319063,27.7305
1403637202.638319016,25.6321
1403637202.688318968,26.3216
1403637202.73831892,26.4394
1403637202.788319111,25.7278
1403637202.838319063,28.2779
1403637202.888319016,29.3665
1403637202.938318968,26.6463
1403637202.98831892,28.3878
1403637203.038319111,25.9232
1403637203.088319063,28.6843
1403637203.138319016,26.6981
1403637203.188318968,29.1369
1403637203.23831892,25.9859
1403637203.288319111,26.4367
1403637203.338319063,26.2105
1403637203.388319016,26.645
1403637203.438318968,26.938
1403637203.48831892,28.5665
1403637203.538319111,26.3479
1403637203.588319063,28.434
1403637203.638319016,27.2317
1403637203.688318968,28.2746
1403637203.73831892,26.2023
1403637203.788319111,25.3122
1403637203.838319063,25.8764
1403637203.888319016,26.3664
1403637203.938318968,26.0915
1403637203.98831892,28.1326
1403637204.038319111,26.5346
1403637204.088319063,26.3872
1403637204.138319016,26.6411
1403637204.188318968,25.9782
1403637204.23831892,25.9153
1403637204.288319111,28.5283
1403637204.338319063,28.7563
1403637204.388319016,27.3347
1403637204.438318968,26.5898
1403637204.48831892,29.1477
1403637204.538319111,28.4478
1403637204.588319063,28.9384
1403637204.638319016,26.8626
1403637204.688318968,28.9548
1403637204.73831892,29.4691
1403637204.788319111,26.5497
1403637204.838319063,28.6016
1403637204.888319016,29.0275
1403637204.938318968,28.0787
1403637204.98831892,27.986
1403637205.038319111,27.0349
1403637205.088319063,26.4395
1403637205.138319016,29.151
1403637205.188318968,26.9628
1403637205.23831892,29.3994
1403637205.288319111,27.137
1403637205.338319063,25.6371
1403637205.388319016,26.87
1403637205.438318968,26.7264
1403637205.48831892,25.8769
1403637205.538319111,27.8047
1403637205.588319063,26.3255
1403637205.638319016,27.7092
1403637205.688318968,28.301
1403637205.73831892,28.9264
1403637205.788319111,27.5719
1403637205.838319063,27.045
1403637205.888319016,28.6004
1403637205.938318968,27.207
1403637205.98831892,26.8247
1403637206.038319111,24.1803
1403637206.088319063,27.8898
1403637206.138319016,26.1189
1403637206.188318968,26.4477
1403637206.23831892,26.9566
1403637206.288319111,26.8949
1403637206.338319063,26.8861
1403637206.388319016,27.0341
1403637206.438318968,26.8286
1403637206.48831892,28.1125
1403637206.538319111,27.4204
1403637206.588319063,28.7655
1403637206.638319016,28.0297
1403637206.688318968,27.1811
1403637206.73831892,27.0977
1403637206.788319111,28.0938
1403637206.838319063,28.1393
1403637206.888319016,26.7512
1403637206.938318968,27.5792
1403637206.98831892,26.1916
1403637207.038319111,26.3199
1403637207.088319063,25.8452
1403637207.138319016,26.9393
1403637207.188318968,29.3605
1403637207.23831892,26.343
1403637207.288319111,28.4627
1403637207.338319063,28.1101
1403637207.388319016,29.7689
1403637207.438318968,27.7976
1403637207.48831892,27.1827
1403637207.538319111,25.7335
1403637207.588319063,26.4187
1403637207.638319016,26.0859
1403637207.688318968,26.0348
1403637207.73831892,28.2742
1403637207.788319111,27.1433
1403637207.838319063,26.1576
1403637207.888319016,26.5181
1403637207.938318968,28.5627
1403637207.98831892,26.5941
1403637208.038319111,28.297
1403637208.088319063,30.1027
1403637208.138319016,27.1784
1403637208.188318968,26.7866
1403637208.23831892,29.1209
1403637208.288319111,27.9804
1403637208.338319063,28.0047
1403637208.388319016,27.3982
1403637208.438318968,27.2641
1403637208.48831892,28.1497
1403637208.538319111,28.076
1403637208.588319063,29.2096
1403637208.638319016,27.8297
1403637208.688318968,28.7075
1403637208.73831892,27.1789
1403637208.788319111,27.8209
1403637208.838319063,30.1181
1403637208.888319016,29.9667
1403637208.938318968,28.9707
1403637208.98831892,27.2536
1403637209.038319111,29.0791
1403637209.088319063,27.4422
1403637209.138319016,27.3889
1403637209.188318968,26.6778
1403637209.23831892,26.7288
1403637209.288319111,26.5814
1403637209.338319063,26.9617
1403637209.388319016,27.0325
1403637209.438318968,27.5373
1403637209.48831892,28.5791
1403637209.538319111,25.8699
1403637209.588319063,25.5835
1403637209.638319016,25.5231
1403637209.688318968,27.4219
1403637209.73831892,25.9983
1403637209.788319111,25.8311
1403637209.838319063,27.3935
1403637209.888319016,27.8659
1403637209.938318968,28.6206
1403637209.98831892,25.1592
1403637210.038319111,27.8077
1403637210.088319063,26.0902
1403637210.138319016,26.1283
1403637210.188318968,27.2728
1403637210.23831892,24.2512
1403637210.288319111,24.7523
1403637210.338319063,23.8837
1403637210.388319016,23.8535
1403637210.438318968,25.1838
1403637210.48831892,23.7525
1403637210.538319111,24.6493
1403637210.588319063,25.3611
1403637210.638319016,27.1048
1403637210.688318968,23.1395
1403637210.73831892,25.4342
1403637210.788319111,24.794
1403637210.838319063,24.5781
1403637210.888319016,25.5343
1403637210.938318968,23.7216
1403637210.98831892,25.4446
1403637211.038319111,22.8959
1403637211.088319063,23.962
1403637211.138319016,25.7995
1403637211.188318968,25.0587
1403637211.23831892,23.2968
1403637211.288319111,26.6894
1403637211.338319063,20.1857
1403637211.388319016,25.777
1403637211.438318968,25.2933
1403637211.48831892,24.2392
1403637211.538319111,22.2332
1403637211.588319063,24.0193
1403637211.638319016,23.1098
1403637211.688318968,25.5308
1403637211.73831892,24.4079
1403637211.788319111,23.5029
1403637211.838319063,25.195
1403637211.888319016,23.003
1403637211.938318968,24.9473
1403637211.98831892,23.307
1403637212.038319111,21.1541
1403637212.088319063,22.1306
1403637212.138319016,23.4673
1403637212.188318968,21.8537
1403637212.23831892,25.7108
1403637212.288319111,21.3617
1403637212.338319063,22.5095
1403637212.388319016,23.6517
1403637212.438318968,22.602
1403637212.48831892,21.5423
1403637212.538319111,23.2252
1403637212.588319063,23.2272
1403637212.638319016,24.3044
1403637212.688318968,23.9295
1403637212.73831892,21.48
1403637212.788319111,23.6485
1403637212.838319063,22.4556
1403637212.888319016,22.0041
1403637212.938318968,23.9233
1403637212.98831892,24.2132
1403637213.038319111,20.1741
1403637213.088319063,21.6496
1403637213.138319016,21.6605
1403637213.188318968,22.0332
1403637213.23831892,23.9876
1403637213.288319111,21.4604
1403637213.338319063,23.2128
1403637213.388319016,21.0369
1403637213.438318968,21.3316
1403637213.48831892,20.4647
1403637213.538319111,20.393
1403637213.588319063,21.5612
1403637213.638319016,23.3584
1403637213.688318968,23.6051
1403637213.73831892,21.935
1403637213.788319111,21.2168
1403637213.838319063,20.8894
1403637213.888319016,23.174
1403637213.938318968,21.5943
1403637213.98831892,21.371
1403637214.038319111,23.9724
1403637214.088319063,21.6612
1403637214.138319016,23.1058
1403637214.188318968,23.5708
1403637214.23831892,24.9413
1403637214.288319111,21.4748
1403637214.338319063,21.667
1403637214.388319016,24.7576
1403637214.438318968,22.107
1403637214.48831892,21.6487
1403637214.538319111,24.2747
1403637214.588319063,24.3691
1403637214.638319016,23.6407
1403637214.688318968,22.6986
1403637214.73831892,26.4144
1403637214.788319111,23.4611
1403637214.838319063,21.8398
1403637214.888319016,22.1555
1403637214.938318968,22.4838
1403637214.98831892,23.3785
1403637215.038319111,19.7255
1403637215.088319063,22.4243
1403637215.138319016,23.6521
1403637215.188318968,24.0575
1403637215.23831892,21.6407
1403637215.288319111,24.1374
1403637215.338319063,22.8701
1403637215.388319016,22.9024
1403637215.438318968,22.9433
1403637215.48831892,24.4376
1403637215.538319111,22.6407
1403637215.588319063,22.3964
1403637215.638319016,21.9007
1403637215.688318968,23.2847
1403637215.73831892,24.336
1403637215.788319111,24.7175
1403637215.838319063,23.424
1403637215.888319016,22.3496
1403637215.938318968,23.5009
1403637215.98831892,24.2597
1403637216.038319111,23.6043
1403637216.088319063,21.1697
1403637216.138319016,25.0882
1403637216.188318968,25.7511
1403637216.23831892,22.9809
1403637216.288319111,22.8509
1403637216.338319063,26.1015
1403637216.388319016,23.7807
1403637216.438318968,23.434
1403637216.48831892,23.1133
1403637216.538319111,25.5989
1403637216.588319063,25.9449
1403637216.638319016,21.5349
1403637216.688318968,23.8494
1403637216.73831892,26.641
1403637216.788319111,25.2627
1403637216.838319063,23.5093
1403637216.888319016,26.7618
1403637216.938318968,26.406
1403637216.98831892,27.2287
1403637217.038319111,25.1121
1403637217.088319063,24.529
1403637217.138319016,25.8346
1403637217.188318968,23.3698
1403637217.23831892,25.9729
1403637217.288319111,23.9569
1403637217.338319063,26.0738
1403637217.388319016,25.8651
1403637217.438318968,25.1336
1403637217.48831892,27.3956
1403637217.538319111,25.3681
1403637217.588319063,26.902
1403637217.638319016,25.1462
1403637217.688318968,25.3261
1403637217.73831892,26.5615
1403637217.788319111,21.0483
1403637217.838319063,24.5448
1403637217.888319016,24.7924
1403637217.938318968,24.7578
1403637217.98831892,24.372
1403637218.038319111,26.6937
1403637218.088319063,26.7494
1403637218.138319016,25.0104
1403637218.188318968,26.148
1403637218.23831892,24.4798
1403637218.288319111,22.9641
1403637218.338319063,24.2273
1403637218.388319016,25.3634
1403637218.438318968,25.6902
1403637218.48831892,24.6639
1403637218.538319111,22.333
1403637218.588319063,24.8912
1403637218.638319016,24.2979
1403637218.688318968,22.7523
1403637218.73831892,24.9775
1403637218.788319111,25.7221
1403637218.838319063,24.8691
1403637218.888319016,24.2111
1403637218.938318968,26.0891
1403637218.98831892,22.635
1403637219.038319111,24.4145
1403637219.088319063,23.6203
1403637219.138319016,23.4442
1403637219.188318968,26.7051
1403637219.23831892,23.3205
1403637219.288319111,26.2998
1403637219.338319063,23.0432
1403637219.388319016,25.1091
1403637219.438318968,25.8707
1403637219.48831892,25.4271
1403637219.538319111,24.6787
1403637219.588319063,24.7387
1403637219.638319016,25.8246
1403637219.688318968,23.6953
1403637219.73831892,25.4445
1403637219.788319111,27.1578
1403637219.838319063,24.767
1403637219.888319016,27.9997
1403637219.938318968,28.2159
1403637219.98831892,26.2543
1403637220.038319111,26.8971
1403637220.088319063,27.3333
1403637220.138319016,25.0266
1403637220.188318968,25.6408
1403637220.23831892,27.5745
1403637220.288319111,25.48
1403637220.338319063,26.4991
1403637220.388319016,27.7813
1403637220.438318968,24.7844
1403637220.48831892,27.5884
1403637220.538319111,26.3856
1403637220.588319063,24.8814
1403637220.638319016,27.2219
1403637220.688318968,26.0702
1403637220.73831892,25.7255
1403637220.788319111,29.2486
1403637220.838319063,27.0222
1403637220.888319016,26.1195
1403637220.938318968,26.7706
1403637220.98831892,26.3158
1403637221.038319111,23.3668
1403637221.088319063,27.0742
1403637221.138319016,27.0986
1403637221.188318968,24.2679
1403637221.23831892,22.3553
1403637221.288319111,24.3327
1403637221.338319063,24.1175
1403637221.388319016,24.6598
1403637221.438318968,22.9783
1403637221.48831892,23.8675
1403637221.538319111,22.9035
1403637221.588319063,22.2104
1403637221.638319016,25.3876
1403637221.688318968,22.1541
1403637221.73831892,25.115
1403637221.788319111,22.0329
1403637221.838319063,19.578
1403637221.888319016,21.4426
1403637221.938318968,21.8713
1403637221.98831892,22.1608
1403637222.038319111,23.0743
1403637222.088319063,25.4202
1403637222.138319016,24.6387
1403637222.188318968,23.6254
1403637222.23831892,21.8077
1403637222.288319111,24.452
1403637222.338319063,23.3958
1403637222.388319016,27.0862
1403637222.438318968,23.19
1403637222.48831892,23.3785
1403637222.538319111,23.7072
1403637222.588319063,27.1273
1403637222.638319016,25.1703
1403637222.688318968,25.0279
1403637222.73831892,25.8599
1403637222.788319111,24.4626
1403637222.838319063,23.4311
1403637222.888319016,23.9321
1403637222.938318968,24.3913
1403637222.98831892,23.0714
1403637223.038319111,21.8811
1403637223.088319063,22.8265
1403637223.138319016,23.4926
1403637223.188318968,22.0513
1403637223.23831892,23.3775
1403637223.288319111,24.3308
1403637223.338319063,23.8269
1403637223.388319016,27.2224
1403637223.438318968,24.01
1403637223.48831892,24.1771
1403637223.538319111,24.6554
1403637223.588319063,24.438
1403637223.638319016,24.2953
1403637223.688318968,25.5219
1403637223.73831892,26.7247
1403637223.788319111,24.1379
1403637223.838319063,24.0285
1403637223.888319016,27.9671
1403637223.938318968,24.7901
1403637223.98831892,26.1333
1403637224.038319111,24.4192
1403637224.088319063,26.4459
1403637224.138319016,27.3387
1403637224.188318968,24.4722
1403637224.23831892,25.0377
1403637224.288319111,25.1726
1403637224.338319063,29.1322
1403637224.388319016,24.4381
1403637224.438318968,27.0371
1403637224.48831892,27.3853
1403637224.538319111,24.9682
1403637224.588319063,24.7105
1403637224.638319016,26.3718
1403637224.688318968,26.4532
1403637224.73831892,27.8999
1403637224.788319111,24.2659
1403637224.838319063,24.1607
1403637224.888319016,28.1164
1403637224.938318968,24.8089
1403637224.98831892,27.1451
1403637225.038319111,27.693
1403637225.088319063,24.5795
1403637225.138319016,25.621
1403637225.188318968,28.304
1403637225.23831892,25.7109
1403637225.288319111,27.4932
1403637225.338319063,28.0174
1403637225.388319016,27.3751
1403637225.438318968,26.0111
1403637225.48831892,25.3483
1403637225.538319111,24.8078
1403637225.588319063,25.2125
1403637225.638319016,27.384
1403637225.688318968,26.2419
1403637225.73831892,27.0179
1403637225.788319111,28.4264
1403637225.838319063,24.4861
1403637225.888319016,27.4645
1403637225.938318968,24.4401
1403637225.98831892,24.9434
1403637226.038319111,25.4054
1403637226.088319063,24.9679
1403637226.138319016,25.7806
1403637226.188318968,24.6797
1403637226.23831892,27.317
1403637226.288319111,28.0151
1403637226.338319063,26.4802
1403637226.388319016,24.1963
1403637226.438318968,24.5356
1403637226.48831892,24.5071
1403637226.538319111,23.7451
1403637226.588319063,27.4297
1403637226.638319016,24.706
1403637226.688318968,27.6533
1403637226.73831892,25.581
1403637226.788319111,24.2448
1403637226.838319063,25.9869
1403637226.888319016,25.05
1403637226.938318968,26.2194
1403637226.98831892,26.9335
1403637227.038319111,25.8859
1403637227.088319063,25.1843
1403637227.138319016,28.3088
1403637227.188318968,24.9219
1403637227.23831892,25.1452
1403637227.288319111,25.4041
1403637227.338319063,26.2572
1403637227.388319016,29.0321
1403637227.438318968,26.2482
1403637227.48831892,24.6737
1403637227.538319111,27.5164
1403637227.588319063,28.4764
1403637227.638319016,29.382
1403637227.688318968,26.9551
1403637227.73831892,23.7946
1403637227.788319111,24.2423
1403637227.838319063,27.6323
1403637227.888319016,27.39
1403637227.938318968,27.3943
1403637227.98831892,26.4543
1403637228.038319111,25.3418
1403637228.088319063,27.8467
1403637228.138319016,27.6592
1403637228.188318968,27.298
1403637228.23831892,25.845
1403637228.288319111,25.6131
1403637228.338319063,27.0063
1403637228.388319016,25.9706
1403637228.438318968,28.504
1403637228.48831892,27.9689
1403637228.538319111,28.5791
1403637228.588319063,25.9289
1403637228.638319016,27.4631
1403637228.688318968,26.3151
1403637228.73831892,28.0519
1403637228.788319111,24.8359
1403637228.838319063,25.0594
1403637228.888319016,22.7221
1403637228.938318968,25.5497
1403637228.98831892,24.8854
1403637229.038319111,26.5304
1403637229.088319063,26.0421
1403637229.138319016,25.7378
1403637229.188318968,25.7496
1403637229.23831892,27.1109
1403637229.288319111,26.1974
1403637229.338319063,27.5562
1403637229.388319016,25.5906
1403637229.438318968,24.7648
1403637229.48831892,25.9189
1403637229.538319111,27.8522
1403637229.588319063,26.1105
1403637229.638319016,27.4431
1403637229.688318968,23.9299
1403637229.73831892,26.461
1403637229.788319111,28.8965
1403637229.838319063,24.6906
1403637229.888319016,25.4336
1403637229.938318968,27.5063
1403637229.98831892,24.2472
1403637230.038319111,24.1716
1403637230.088319063,24.4923
1403637230.138319016,26.1753
1403637230.188318968,25.3278
1403637230.23831892,25.6313
1403637230.288319111,25.5195
1403637230.338319063,26.0164
1403637230.388319016,25.2714
1403637230.438318968,25.286
1403637230.48831892,24.0883
1403637230.538319111,24.2658
1403637230.588319063,24.4989
1403637230.638319016,26.9551
1403637230.688318968,24.2401
1403637230.73831892,23.7817
1403637230.788319111,26.7975
1403637230.838319063,26.1567
1403637230.888319016,25.7995
1403637230.938318968,23.8204
1403637230.98831892,26.5806
1403637231.038319111,24.976
1403637231.088319063,26.1298
1403637231.138319016,26.8972
1403637231.188318968,27.0197
1403637231.23831892,25.7946
1403637231.288319111,23.12
1403637231.338319063,23.4921
1403637231.388319016,24.6957
1403637231.438318968,23.903
1403637231.48831892,23.9126
1403637231.538319111,24.1405
1403637231.588319063,26.9352
1403637231.638319016,24.1463
1403637231.688318968,27.5086
1403637231.73831892,26.8081
1403637231.788319111,25.3891
1403637231.838319063,26.5316
1403637231.888319016,27.8151
1403637231.938318968,28.2079
1403637231.98831892,25.6431
1403637232.038319111,26.4867
1403637232.088319063,25.9775
1403637232.138319016,27.1369
1403637232.188318968,26.6557
1403637232.23831892,26.1411
1403637232.288319111,26.1347
1403637232.338319063,27.8926
1403637232.388319016,28.9044
1403637232.438318968,29.1768
1403637232.48831892,26.6229
1403637232.538319111,25.9148
1403637232.588319063,27.167
1403637232.638319016,26.1719
1403637232.688318968,26.449
1403637232.73831892,25.5564
1403637232.788319111,27.3903
1403637232.838319063,28.1677
1403637232.888319016,25.9718
1403637232.938318968,27.8011
1403637232.98831892,25.6718
1403637233.038319111,26.1282
1403637233.088319063,26.4618
1403637233.138319016,29.1754
1403637233.188318968,25.3989
1403637233.23831892,26.4538
1403637233.288319111,25.3988
1403637233.338319063,24.9748
1403637233.388319016,27.086
1403637233.438318968,28.2164
1403637233.48831892,25.8754
1403637233.538319111,27.6543
1403637233.588319063,23.867
1403637233.638319016,26.9371
1403637233.688318968,28.1097
1403637233.73831892,25.5873
1403637233.788319111,27.3675
1403637233.838319063,28.1051
1403637233.888319016,27.0101
1403637233.938318968,26.558
1403637233.98831892,27.7376
1403637234.038319111,25.3937
1403637234.088319063,26.2396
1403637234.138319016,25.3684
1403637234.188318968,27.6094
1403637234.23831892,28.0814
1403637234.288319111,25.086
1403637234.338319063,23.7234
1403637234.388319016,24.6783
1403637234.438318968,25.3387
1403637234.48831892,26.4274
1403637234.538319111,26.5303
1403637234.588319063,25.7237
1403637234.638319016,27.8691
1403637234.688318968,27.3251
1403637234.73831892,25.2354
1403637234.788319111,24.7373
1403637234.838319063,27.5195
1403637234.888319016,24.3512
1403637234.938318968,25.5094
1403637234.98831892,28.5214
1403637235.038319111,26.6918
1403637235.088319063,27.6691
1403637235.138319016,27.6585
1403637235.188318968,27.012
1403637235.23831892,25.9814
1403637235.288319111,26.9221
1403637235.338319063,28.2288
1403637235.388319016,27.0178
1403637235.438318968,27.2021
1403637235.48831892,25.0719
1403637235.538319111,25.26
1403637235.588319063,24.6089
1403637235.638319016,23.0846
1403637235.688318968,24.8702
1403637235.73831892,27.158
1403637235.788319111,25.2261
1403637235.838319063,26.1523
1403637235.888319016,26.744
1403637235.938318968,26.8628
1403637235.98831892,25.2469
1403637236.038319111,25.3936
1403637236.088319063,25.1192
1403637236.138319016,24.7834
1403637236.188318968,26.6179
1403637236.23831892,27.3463
1403637236.288319111,25.3665
1403637236.338319063,24.2141
1403637236.388319016,23.2546
1403637236.438318968,23.0782
1403637236.48831892,26.0816
1403637236.538319111,25.5155
1403637236.588319063,21.6312
1403637236.638319016,24.4627
1403637236.688318968,23.4123
1403637236.73831892,26.0361
1403637236.788319111,25.075
1403637236.838319063,26.0726
1403637236.888319016,25.2894
1403637236.938318968,24.2899
1403637236.98831892,25.5356
1403637237.038319111,22.2374
1403637237.088319063,21.476
1403637237.138319016,23.6919
1403637237.188318968,22.8813
1403637237.23831892,24.0683
1403637237.288319111,25.2891
1403637237.338319063,25.3992
1403637237.388319016,24.6148
1403637237.438318968,24.1447
1403637237.48831892,24.5383
1403637237.538319111,25.9133
1403637237.588319063,24.171
1403637237.638319016,24.3846
1403637237.688318968,24.1894
1403637237.73831892,26.5874
1403637237.788319111,25.7823
1403637237.838319063,26.6928
1403637237.888319016,22.9492
1403637237.938318968,26.0036
1403637237.98831892,25.1797
1403637238.038319111,25.9901
1403637238.088319063,23.3357
1403637238.138319016,26.4957
1403637238.188318968,23.8096
1403637238.23831892,25.0336
1403637238.288319111,25.4744
1403637238.338319063,24.7901
1403637238.388319016,25.4659
1403637238.438318968,22.9384
1403637238.48831892,23.3427
1403637238.538319111,26.1443
1403637238.588319063,23.2934
1403637238.638319016,23.1066
1403637238.688318968,23.8132
1403637238.73831892,27.479
1403637238.788319111,25.9704
1403637238.838319063,26.4263
1403637238.888319016,24.5986
1403637238.938318968,26.0267
1403637238.98831892,24.3699
1403637239.038319111,26.5892
1403637239.088319063,26.0692
1403637239.138319016,29.526
1403637239.188318968,29.4889
1403637239.23831892,26.8949
1403637239.288319111,27.8124
1403637239.338319063,24.9335
1403637239.388319016,25.9724
1403637239.438318968,24.9191
1403637239.48831892,27.4016
1403637239.538319111,27.6942
1403637239.588319063,26.7793
1403637239.638319016,26.1503
1403637239.688318968,29.5453
1403637239.73831892,26.6249
1403637239.788319111,26.7175
1403637239.838319063,27.8297
1403637239.888319016,28.2453
1403637239.938318968,25.536
1403637239.98831892,26.131
1403637240.038319111,26.6027
1403637240.088319063,27.4075
1403637240.138319016,25.1807
1403637240.188318968,27.9056
1403637240.23831892,25.5289
1403637240.288319111,25.4503
1403637240.338319063,28.6989
1403637240.388319016,25.7984
1403637240.438318968,28.5544
1403637240.48831892,25.4944
1403637240.538319111,26.7684
1403637240.588319063,24.7688
1403637240.638319016,26.5444
1403637240.688318968,25.6117
1403637240.73831892,27.3071
1403637240.788319111,27.0148
1403637240.838319063,26.4087
1403637240.888319016,26.5319
1403637240.938318968,23.2503
1403637240.98831892,24.738
1403637241.038319111,25.8898
1403637241.088319063,26.8404
1403637241.138319016,25.9026
1403637241.188318968,25.2094
1403637241.23831892,24.4772
1403637241.288319111,23.1495
1403637241.338319063,26.6092
1403637241.388319016,23.1462
1403637241.438318968,25.9273
1403637241.48831892,23.8497
1403637241.538319111,23.8659
1403637241.588319063,23.7078
1403637241.638319016,25.5547
1403637241.688318968,25.2774
1403637241.73831892,23.4513
1403637241.788319111,25.1428
1403637241.838319063,24.5349
1403637241.888319016,23.6175
1403637241.938318968,25.8543
1403637241.98831892,23.2398
1403637242.038319111,22.9912
1403637242.088319063,23.5555
1403637242.138319016,24.9544
1403637242.188318968,22.8487
1403637242.23831892,23.7817
1403637242.288319111,23.5421
1403637242.338319063,25.6265
1403637242.388319016,26.3053
1403637242.438318968,25.5614
1403637242.48831892,23.2867
1403637242.538319111,25.2798
1403637242.588319063,23.0014
1403637242.638319016,21.0449
1403637242.688318968,24.3951
1403637242.73831892,23.9284
1403637242.788319111,22.4952
1403637242.838319063,23.7002
1403637242.888319016,23.2158
1403637242.938318968,25.0035
1403637242.98831892,22.8203
1403637243.038319111,22.2608
1403637243.088319063,22.8712
1403637243.138319016,25.7
1403637243.188318968,23.516
1403637243.23831892,26.5434
1403637243.288319111,23.8565
1403637243.338319063,25.2965
1403637243.388319016,26.2968
1403637243.438318968,23.5961
1403637243.48831892,24.1526
1403637243.538319111,23.8855
1403637243.588319063,25.0398
1403637243.638319016,23.3508
1403637243.688318968,25.8454
1403637243.73831892,24.3385
1403637243.788319111,25.4177
1403637243.838319063,23.4685
1403637243.888319016,24.4994
1403637243.938318968,25.2875
1403637243.98831892,26.4471
1403637244.038319111,25.8141
1403637244.088319063,23.5441
1403637244.138319016,25.0869
1403637244.188318968,26.7379
1403637244.23831892,26.6107
1403637244.288319111,25.2337
1403637244.338319063,26.2296
1403637244.388319016,26.2214
1403637244.438318968,25.6641
1403637244.48831892,26.9313
1403637244.538319111,27.3753
1403637244.588319063,26.8243
1403637244.638319016,27.0184
1403637244.688318968,26.4529
1403637244.73831892,27.6685
1403637244.788319111,27.0747
1403637244.838319063,25.1451
1403637244.888319016,27.8455
1403637244.938318968,26.4482
1403637244.98831892,24.527
1403637245.038319111,25.6281
1403637245.088319063,27.5285
1403637245.138319016,27.6433
1403637245.188318968,26.2069
1403637245.23831892,25.3345
1403637245.288319111,26.1272
1403637245.338319063,25.2567
1403637245.388319016,27.276
1403637245.438318968,25.4661
1403637245.48831892,27.8351
1403637245.538319111,27.8185
1403637245.588319063,27.5074
1403637245.638319016,23.767
1403637245.688318968,27.8285
1403637245.73831892,26.727
1403637245.788319111,24.8555
1403637245.838319063,23.6638
1403637245.888319016,23.2198
1403637245.938318968,23.6922
1403637245.98831892,23.4855
1403637246.038319111,19.8052
1403637246.088319063,25.5848
1403637246.138319016,23.8477
1403637246.188318968,23.2663
1403637246.23831892,21.6861
1403637246.288319111,21.3731
1403637246.338319063,22.2775
1403637246.388319016,22.0046
1403637246.438318968,22.6635
1403637246.48831892,23.6585
1403637246.538319111,23.0443
1403637246.588319063,22.2752
1403637246.638319016,22.0853
1403637246.688318968,22.2553
1403637246.73831892,24.4042
1403637246.788319111,23.979
1403637246.838319063,23.2425
1403637246.888319016,22.4745
1403637246.938318968,22.8435
1403637246.98831892,23.3509
1403637247.038319111,25.359
1403637247.088319063,24.5034
1403637247.138319016,25.2447
1403637247.188318968,25.8438
1403637247.23831892,24.3717
1403637247.288319111,25.1507
1403637247.338319063,25.6731
1403637247.388319016,26.0872
1403637247.438318968,23.9953
1403637247.48831892,23.9628
1403637247.538319111,23.4304
1403637247.588319063,24.5561
1403637247.638319016,25.5853
1403637247.688318968,25.391
1403637247.73831892,27.3103
1403637247.788319111,24.6284
1403637247.838319063,24.3976
1403637247.888319016,27.3922
1403637247.938318968,24.4499
1403637247.98831892,23.8748
1403637248.038319111,24.0606
1403637248.088319063,27.6619
1403637248.138319016,26.4144
1403637248.188318968,24.5863
1403637248.23831892,24.8011
1403637248.288319111,25.8593
1403637248.338319063,26.7973
1403637248.388319016,27.3372
1403637248.438318968,26.9639
1403637248.48831892,25.5903
1403637248.538319111,25.7169
1403637248.588319063,26.8284
1403637248.638319016,26.3126
1403637248.688318968,27.9631
1403637248.73831892,26.5056
1403637248.788319111,27.4574
1403637248.838319063,24.711
1403637248.888319016,25.0523
1403637248.938318968,27.9876
1403637248.98831892,26.12
1403637249.038319111,26.477
1403637249.088319063,25.6183
1403637249.138319016,25.5192
1403637249.188318968,26.3433
1403637249.23831892,27.2197
1403637249.288319111,26.6199
1403637249.338319063,26.4327
1403637249.388319016,26.9594
1403637249.438318968,26.7368
1403637249.48831892,29.1735
1403637249.538319111,27.0583
1403637249.588319063,26.3871
1403637249.638319016,25.4249
1403637249.688318968,25.9355
1403637249.73831892,27.0274
1403637249.788319111,26.8182
1403637249.838319063,28.3071
1403637249.888319016,28.355
1403637249.938318968,27.6661
1403637249.98831892,26.1506
1403637250.038319111,27.9811
1403637250.088319063,25.7406
1403637250.138319016,27.6841
1403637250.188318968,27.8388
1403637250.23831892,28.5787
1403637250.288319111,28.6283
1403637250.338319063,26.5308
1403637250.388319016,28.2545
1403637250.438318968,27.225
1403637250.48831892,26.1533
1403637250.538319111,26.9927
1403637250.588319063,26.47
1403637250.638319016,28.0999
1403637250.688318968,26.756
1403637250.73831892,26.5251
1403637250.788319111,27.1533
1403637250.838319063,29.4796
1403637250.888319016,25.7063
1403637250.938318968,28.0812
1403637250.98831892,26.126
1403637251.038319111,26.138
1403637251.088319063,27.7042
1403637251.138319016,25.8077
1403637251.188318968,27.3533
1403637251.23831892,26.2222
1403637251.288319111,27.5524
1403637251.338319063,27.8542
1403637251.388319016,25.5614
1403637251.438318968,25.7477
1403637251.48831892,26.2765
1403637251.538319111,26.1406
1403637251.588319063,27.4556
1403637251.638319016,26.2232
1403637251.688318968,25.3484
1403637251.73831892,28.4297
1403637251.788319111,25.7177
1403637251.838319063,26.2852
1403637251.888319016,25.6188
1403637251.938318968,25.1393
1403637251.98831892,27.8544
1403637252.038319111,25.2912
1403637252.088319063,25.1907
1403637252.138319016,28.0571
1403637252.188318968,29.2637
1403637252.23831892,26.3329
1403637252.288319111,28.0985
1403637252.338319063,24.8267
1403637252.388319016,25.1602
1403637252.438318968,28.5676
1403637252.48831892,25.0169
1403637252.538319111,27.0012
1403637252.588319063,28.1681
1403637252.638319016,28.6577
1403637252.688318968,28.9388
1403637252.73831892,25.4664
1403637252.788319111,26.3863
1403637252.838319063,26.1173
1403637252.888319016,30.1487
1403637252.938318968,26.6756
1403637252.98831892,28.5957
1403637253.038319111,25.4668
1403637253.088319063,25.9662
1403637253.138319016,29.0551
1403637253.188318968,25.9883
1403637253.23831892,26.5308
1403637253.288319111,26.5633
1403637253.338319063,26.1268
1403637253.388319016,28.5092
1403637253.438318968,27.3695
1403637253.48831892,25.7225
1403637253.538319111,26.4851
1403637253.588319063,26.099
1403637253.638319016,29.2917
1403637253.688318968,26.6326
1403637253.73831892,25.4841
1403637253.788319111,26.6427
1403637253.838319063,24.6322
1403637253.888319016,27.6512
1403637253.938318968,25.2576
1403637253.98831892,29.245
1403637254.038319111,28.7197
1403637254.088319063,28.9449
1403637254.138319016,27.4664
1403637254.188318968,27.4236
1403637254.23831892,29.2873
1403637254.288319111,26.9173
1403637254.338319063,26.2002
1403637254.388319016,28.4423
1403637254.438318968,28.9367
1403637254.48831892,27.1116
1403637254.538319111,28.9309
1403637254.588319063,26.7117
1403637254.638319016,29.0853
1403637254.688318968,29.1937
1403637254.73831892,29.0239
1403637254.788319111,27.7855
1403637254.838319063,28.5709
1403637254.888319016,29.4636
1403637254.938318968,28.117
1403637254.98831892,28.0603
1403637255.038319111,29.6977
1403637255.088319063,28.1415
1403637255.138319016,29.0482
1403637255.188318968,28.9792
1403637255.23831892,27.9471
1403637255.288319111,29.9351
1403637255.338319063,26.8176
1403637255.388319016,29.2653
1403637255.438318968,27.9205
1403637255.48831892,29.4214
1403637255.538319111,29.1186
1403637255.588319063,29.3239
1403637255.638319016,27.6741
1403637255.688318968,27.4071
1403637255.73831892,25.9782
1403637255.788319111,27.436
1403637255.838319063,26.9566
1403637255.888319016,28.5226
1403637255.938318968,25.7911
1403637255.98831892,24.9084
1403637256.038319111,25.0956
1403637256.088319063,27.5394
1403637256.138319016,26.8305
1403637256.188318968,25.3584
1403637256.23831892,27.4078
1403637256.288319111,27.6194
1403637256.338319063,25.7186
1403637256.388319016,28.0702
1403637256.438318968,24.7987
1403637256.48831892,27.1994
1403637256.538319111,25.7334
1403637256.588319063,27.3347
1403637256.638319016,28.4789
1403637256.688318968,23.8953
1403637256.73831892,27.2244
1403637256.788319111,26.0791
1403637256.838319063,24.4326
1403637256.888319016,24.0277
1403637256.938318968,24.2421
1403637256.98831892,23.216
1403637257.038319111,22.1821
1403637257.088319063,26.7261
1403637257.138319016,22.9068
1403637257.188318968,26.1906
1403637257.23831892,23.8238
1403637257.288319111,25.4034
1403637257.338319063,25.3396
1403637257.388319016,22.7245
1403637257.438318968,26.7079
1403637257.48831892,22.4079
1403637257.538319111,25.0667
1403637257.588319063,25.5995
1403637257.638319016,25.4732
1403637257.688318968,23.4733
1403637257.73831892,23.3899
1403637257.788319111,22.2714
1403637257.838319063,25.5488
1403637257.888319016,23.9646
1403637257.938318968,23.0616
1403637257.98831892,24.9194
1403637258.038319111,24.2009
1403637258.088319063,24.4493
1403637258.138319016,22.9626
1403637258.188318968,22.2036
1403637258.23831892,25.141
1403637258.288319111,24.6014
1403637258.338319063,23.3278
1403637258.388319016,22.1737
1403637258.438318968,23.1411
1403637258.48831892,24.8142
1403637258.538319111,22.9714
1403637258.588319063,21.9935
1403637258.638319016,25.2998
1403637258.688318968,22.2652
1403637258.73831892,22.2396
1403637258.788319111,23.8911
1403637258.838319063,22.0698
1403637258.888319016,20.9214
1403637258.938318968,20.3824
1403637258.98831892,23.1419
1403637259.038319111,22.4875
1403637259.088319063,21.1113
1403637259.138319016,23.1386
1403637259.188318968,20.2706
1403637259.23831892,19.5641
1403637259.288319111,20.6769
1403637259.338319063,20.1167
1403637259.388319016,21.9311
1403637259.438318968,20.8214
1403637259.48831892,21.3396
1403637259.538319111,21.4502
1403637259.588319063,17.0936
1403637259.638319016,21.1136
1403637259.688318968,23.6146
1403637259.73831892,24.1404
1403637259.788319111,20.5327
1403637259.838319063,23.0431
1403637259.888319016,20.5697
1403637259.938318968,19.6988
1403637259.98831892,22.9984
1403637260.038319111,19.8996
1403637260.088319063,22.2749
1403637260.138319016,20.7444
1403637260.188318968,19.7671
1403637260.23831892,23.0469
1403637260.288319111,19.5957
1403637260.338319063,19.8551
1403637260.388319016,21.746
1403637260.438318968,19.3562
1403637260.48831892,20.4476
1403637260.538319111,19.0152
1403637260.588319063,20.8798
1403637260.638319016,19.5899
1403637260.688318968,19.9449
1403637260.73831892,20.5562
1403637260.788319111,18.3094
1403637260.838319063,18.1534
1403637260.888319016,19.3455
1403637260.938318968,19.0103
1403637260.98831892,18.104
1403637261.038319111,20.7534
1403637261.088319063,17.9803
1403637261.138319016,16.8101
1403637261.188318968,17.176
1403637261.23831892,17.2181
1403637261.288319111,15.958
1403637261.338319063,16.0697
1403637261.388319016,16.1038
1403637261.438318968,19.3684
1403637261.48831892,15.5869
1403637261.538319111,16.6869
1403637261.588319063,18.1636
1403637261.638319016,14.2913
1403637261.688318968,14.9999
1403637261.73831892,17.2196
1403637261.788319111,17.914
1403637261.838319063,17.1436
1403637261.888319016,16.6503
1403637261.938318968,15.0445
1403637261.98831892,17.502
1403637262.038319111,14.344
1403637262.088319063,17.0902
1403637262.138319016,11.2433
1403637262.188318968,15.0551
1403637262.23831892,15.7063
1403637262.288319111,12.0273
1403637262.338319063,13.0548
1403637262.388319016,15.1363
1403637262.438318968,15.7648
1403637262.48831892,14.6878
1403637262.538319111,16.2151
1403637262.588319063,15.2101
1403637262.638319016,17.8752
1403637262.688318968,14.802
1403637262.73831892,14.0303
1403637262.788319111,18.2749
1403637262.838319063,18.0978
1403637262.888319016,14.712
1403637262.938318968,16.1206
1403637262.98831892,14.0238
1403637263.038319111,14.633
1403637263.088319063,14.1531
1403637263.138319016,14.5452
1403637263.188318968,15.0634
1403637263.23831892,15.1663
1403637263.288319111,17.0527
1403637263.338319063,13.7897
1403637263.388319016,14.2452
1403637263.438318968,16.0425
1403637263.48831892,12.9408
1403637263.538319111,14.811
1403637263.588319063,14.7763
1403637263.638319016,17.235
1403637263.688318968,16.6265
1403637263.73831892,14.8737
1403637263.788319111,15.9602
1403637263.838319063,14.7983
1403637263.888319016,15.3626
1403637263.938318968,14.7924
1403637263.98831892,15.97
1403637264.038319111,14.2556
1403637264.088319063,14.7335
1403637264.138319016,15.1094
1403637264.188318968,17.0073
1403637264.23831892,14.1906
1403637264.288319111,14.8663
1403637264.338319063,13.9458
1403637264.388319016,16.9252
1403637264.438318968,14.635
1403637264.48831892,16.1819
1403637264.538319111,14.8846
1403637264.588319063,16.9294
1403637264.638319016,14.3327
1403637264.688318968,14.4339
1403637264.73831892,12.998
1403637264.788319111,14.4716
1403637264.838319063,16.287
1403637264.888319016,14.8519
1403637264.938318968,14.4929
1403637264.98831892,16.4149
1403637265.038319111,16.0645
1403637265.088319063,14.3611
1403637265.138319016,14.526
1403637265.188318968,13.2041
1403637265.23831892,16.4588
1403637265.288319111,13.1574
1403637265.338319063,15.884
1403637265.388319016,14.3097
1403637265.438318968,16.1807
1403637265.48831892,14.0508
