1403636858.651666403,3.56157
1403636858.701666594,3.20714
1403636858.751666546,15.8833
1403636858.801666498,8.47847
1403636858.851666451,7.89964
1403636858.901666403,8.16013
1403636858.951666594,9.7186
1403636859.001666546,8.50767
1403636859.051666498,10.4333
1403636859.101666451,7.95504
1403636859.151666403,8.21692
1403636859.201666594,9.96357
1403636859.251666546,12.2264
1403636859.301666498,10.5305
1403636859.351666451,14.418
1403636859.401666403,10.9439
1403636859.451666594,12.8505
1403636859.501666546,15.1619
1403636859.551666498,15.1597
1403636859.601666451,12.5658
1403636859.651666403,17.7476
1403636859.701666594,14.4857
1403636859.751666546,14.4239
1403636859.801666498,18.0286
1403636859.851666451,17.2061
1403636859.901666403,15.403
1403636859.951666594,15.8121
1403636860.001666546,15.8685
1403636860.051666498,16.0767
1403636860.101666451,15.4336
1403636860.151666403,15.4092
1403636860.201666594,16.0783
1403636860.251666546,14.8658
1403636860.301666498,16.0224
1403636860.351666451,17.0906
1403636860.401666403,16.4154
1403636860.451666594,11.4841
1403636860.501666546,14.5285
1403636860.551666498,14.075
1403636860.601666451,14.7585
1403636860.651666403,16.764
1403636860.701666594,14.2351
1403636860.751666546,12.3591
1403636860.801666498,10.844
1403636860.851666451,12.1424
1403636860.901666403,12.7015
1403636860.951666594,17.5118
1403636861.001666546,12.7127
1403636861.051666498,15.2306
1403636861.101666451,15.4636
1403636861.151666403,14.1859
1403636861.201666594,17.7977
1403636861.251666546,19.8848
1403636861.301666498,16.7406
1403636861.351666451,16.532
1403636861.401666403,17.2139
1403636861.451666594,16.9661
1403636861.501666546,18.0814
1403636861.551666498,17.7671
1403636861.601666451,19.6392
1403636861.651666403,18.5048
1403636861.701666594,20.9153
1403636861.751666546,18.0624
1403636861.801666498,18.5049
1403636861.851666451,18.5985
1403636861.901666403,16.3171
1403636861.951666594,20.1858
1403636862.001666546,19.9012
1403636862.051666498,15.17
1403636862.101666451,16.4492
1403636862.151666403,16.1742
1403636862.201666594,14.4969
1403636862.251666546,16.8674
1403636862.301666498,13.2457
1403636862.351666451,13.3876
1403636862.401666403,16.6282
1403636862.451666594,17.1504
1403636862.501666546,17.2292
1403636862.551666498,14.9544
1403636862.601666451,17.46
1403636862.651666403,16.1612
1403636862.701666594,19.2131
1403636862.751666546,18.6273
1403636862.801666498,17.1713
1403636862.851666451,20.4597
1403636862.901666403,18.1612
1403636862.951666594,18.1043
1403636863.001666546,20.6849
1403636863.051666498,18.2945
1403636863.101666451,20.5917
1403636863.151666403,19.7158
1403636863.201666594,20.0385
1403636863.251666546,21.1539
1403636863.301666498,21.5757
1403636863.351666451,21.4177
1403636863.401666403,20.7032
1403636863.451666594,22.4561
1403636863.501666546,20.7564
1403636863.551666498,19.8178
1403636863.601666451,18.5615
1403636863.651666403,14.4041
1403636863.701666594,16.6679
1403636863.751666546,16.3312
1403636863.801666498,17.1482
1403636863.851666451,11.9817
1403636863.901666403,10.9467
1403636863.951666594,16.1637
1403636864.001666546,15.242
1403636864.051666498,16.6446
1403636864.101666451,16.1926
1403636864.151666403,16.6536
1403636864.201666594,21.5955
1403636864.251666546,17.7027
1403636864.301666498,18.1208
1403636864.351666451,20.4331
1403636864.401666403,19.4358
1403636864.451666594,19.5095
1403636864.501666546,18.8255
1403636864.551666498,19.1091
1403636864.601666451,17.5461
1403636864.651666403,19.2157
1403636864.701666594,19.5903
1403636864.751666546,20.5749
1403636864.801666498,19.9243
1403636864.851666451,20.3319
1403636864.901666403,18.4912
1403636864.951666594,19.6878
1403636865.001666546,21.5637
1403636865.051666498,20.5013
1403636865.101666451,17.4043
1403636865.151666403,17.7802
1403636865.201666594,15.9597
1403636865.251666546,17.3747
1403636865.301666498,19.072
1403636865.351666451,19.5072
1403636865.401666403,19.4922
1403636865.451666594,17.1256
1403636865.501666546,18.858
1403636865.551666498,16.5684
1403636865.601666451,16.4988
1403636865.651666403,15.9296
1403636865.701666594,17.3105
1403636865.751666546,17.3614
1403636865.801666498,16.9358
1403636865.851666451,20.5375
1403636865.901666403,21.5026
1403636865.951666594,17.9514
1403636866.001666546,19.2781
1403636866.051666498,22.8288
1403636866.101666451,18.5374
1403636866.151666403,19.7165
1403636866.201666594,17.6678
1403636866.251666546,19.2495
1403636866.301666498,22.9719
1403636866.351666451,21.2418
1403636866.401666403,19.8609
1403636866.451666594,23.4753
1403636866.501666546,20.586
1403636866.551666498,18.8994
1403636866.601666451,19.9621
1403636866.651666403,19.97
1403636866.701666594,20.9659
1403636866.751666546,19.7549
1403636866.801666498,20.2937
1403636866.851666451,20.1807
1403636866.901666403,18.7156
1403636866.951666594,17.6008
1403636867.001666546,16.6134
1403636867.051666498,19.5105
1403636867.101666451,17.0593
1403636867.151666403,18.34
1403636867.201666594,15.0526
1403636867.251666546,18.7956
1403636867.301666498,18.1534
1403636867.351666451,19.4543
1403636867.401666403,16.7087
1403636867.451666594,18.3492
1403636867.501666546,16.7037
1403636867.551666498,17.4801
1403636867.601666451,14.8816
1403636867.651666403,16.0126
1403636867.701666594,13.3074
1403636867.751666546,18.0036
1403636867.801666498,14.4429
1403636867.851666451,12.2043
1403636867.901666403,13.7283
1403636867.951666594,14.2254
1403636868.001666546,13.0209
1403636868.051666498,18.0497
1403636868.101666451,18.8064
1403636868.151666403,16.1857
1403636868.201666594,15.9356
1403636868.251666546,16.3559
1403636868.301666498,16.4799
1403636868.351666451,15.4906
1403636868.401666403,18.0194
1403636868.451666594,15.5704
1403636868.501666546,18.2657
1403636868.551666498,19.8688
1403636868.601666451,18.943
1403636868.651666403,15.9592
1403636868.701666594,16.9398
1403636868.751666546,16.8064
1403636868.801666498,15.8658
1403636868.851666451,18.753
1403636868.901666403,17.9583
1403636868.951666594,17.806
1403636869.001666546,16.7518
1403636869.051666498,17.0102
1403636869.101666451,18.1691
1403636869.151666403,19.0863
1403636869.201666594,17.0656
1403636869.251666546,16.5829
1403636869.301666498,20.3327
1403636869.351666451,18.1039
1403636869.401666403,15.4507
1403636869.451666594,17.7373
1403636869.501666546,17.768
1403636869.551666498,15.1218
1403636869.601666451,20.0221
1403636869.651666403,14.6991
1403636869.701666594,12.4267
1403636869.751666546,19.5272
1403636869.801666498,16.8331
1403636869.851666451,17.9737
1403636869.901666403,15.5417
1403636869.951666594,16.9575
1403636870.001666546,16.7066
1403636870.051666498,20.1515
1403636870.101666451,18.1898
1403636870.151666403,15.9268
1403636870.201666594,14.9102
1403636870.251666546,19.1041
1403636870.301666498,18.8628
1403636870.351666451,17.4105
1403636870.401666403,17.7841
1403636870.451666594,16.8148
1403636870.501666546,20.0463
1403636870.551666498,15.8045
1403636870.601666451,18.4697
1403636870.651666403,16.8564
1403636870.701666594,17.8724
1403636870.751666546,17.3671
1403636870.801666498,16.8652
1403636870.851666451,17.6527
1403636870.901666403,16.7756
1403636870.951666594,17.6661
1403636871.001666546,19.9716
1403636871.051666498,18.8112
1403636871.101666451,17.9963
1403636871.151666403,18.5967
1403636871.201666594,17.3814
1403636871.251666546,20.7234
1403636871.301666498,20.4391
1403636871.351666451,19.8656
1403636871.401666403,20.8542
1403636871.451666594,17.624
1403636871.501666546,15.6589
1403636871.551666498,20.2853
1403636871.601666451,18.2724
1403636871.651666403,19.2038
1403636871.701666594,18.3754
1403636871.751666546,17.8811
1403636871.801666498,20.2339
1403636871.851666451,15.9426
1403636871.901666403,18.2866
1403636871.951666594,17.4473
1403636872.001666546,20.7423
1403636872.051666498,17.5308
1403636872.101666451,17.1348
1403636872.151666403,19.1809
1403636872.201666594,17.9349
1403636872.251666546,16.2013
1403636872.301666498,16.7894
1403636872.351666451,17.6782
1403636872.401666403,17.6254
1403636872.451666594,15.7444
1403636872.501666546,13.5885
1403636872.551666498,16.7364
1403636872.601666451,12.9004
1403636872.651666403,19.4483
1403636872.701666594,16.0085
1403636872.751666546,17.955
1403636872.801666498,19.1058
1403636872.851666451,15.4509
1403636872.901666403,14.5329
1403636872.951666594,18.0951
1403636873.001666546,18.509
1403636873.051666498,17.44
1403636873.101666451,17.3478
1403636873.151666403,17.3561
1403636873.201666594,20.8053
1403636873.251666546,20.5436
1403636873.301666498,19.6024
1403636873.351666451,20.4376
1403636873.401666403,20.3512
1403636873.451666594,18.5571
1403636873.501666546,18.5352
1403636873.551666498,18.4427
1403636873.601666451,16.5046
1403636873.651666403,18.3267
1403636873.701666594,20.5147
1403636873.751666546,19.6426
1403636873.801666498,18.1496
1403636873.851666451,18.1835
1403636873.901666403,19.3643
1403636873.951666594,18.4426
1403636874.001666546,18.1671
1403636874.051666498,17.544
1403636874.101666451,18.1804
1403636874.151666403,18.3242
1403636874.201666594,18.3066
1403636874.251666546,16.3341
1403636874.301666498,18.98
1403636874.351666451,19.4498
1403636874.401666403,16.9651
1403636874.451666594,14.5402
1403636874.501666546,16.91
1403636874.551666498,18.4923
1403636874.601666451,18.4438
1403636874.651666403,16.4568
1403636874.701666594,18.1411
1403636874.751666546,18.106
1403636874.801666498,17.5205
1403636874.851666451,18.494
1403636874.901666403,17.2704
1403636874.951666594,16.0125
1403636875.001666546,15.5941
1403636875.051666498,18.5009
1403636875.101666451,15.7195
1403636875.151666403,15.7935
1403636875.201666594,16.1292
1403636875.251666546,18.5172
1403636875.301666498,20.1142
1403636875.351666451,16.1449
1403636875.401666403,16.1715
1403636875.451666594,16.7918
1403636875.501666546,16.3242
1403636875.551666498,16.9609
1403636875.601666451,17.6609
1403636875.651666403,16.0868
1403636875.701666594,17.0087
1403636875.751666546,12.837
1403636875.801666498,19.0451
1403636875.851666451,17.6438
1403636875.901666403,14.9111
1403636875.951666594,16.4315
1403636876.001666546,18.1718
1403636876.051666498,17.8062
1403636876.101666451,19.8013
1403636876.151666403,14.7548
1403636876.201666594,17.3769
1403636876.251666546,16.6307
1403636876.301666498,17.5474
1403636876.351666451,20.9018
1403636876.401666403,18.778
1403636876.451666594,20.984
1403636876.501666546,20.7636
1403636876.551666498,18.5155
1403636876.601666451,20.2988
1403636876.651666403,19.1901
1403636876.701666594,19.9885
1403636876.751666546,19.4657
1403636876.801666498,16.6218
1403636876.851666451,17.5433
1403636876.901666403,16.7956
1403636876.951666594,16.8615
1403636877.001666546,17.3339
1403636877.051666498,17.9383
1403636877.101666451,15.7675
1403636877.151666403,15.8149
1403636877.201666594,15.1299
1403636877.251666546,16.4043
1403636877.301666498,17.2701
1403636877.351666451,16.9191
1403636877.401666403,16.7631
1403636877.451666594,17.5146
1403636877.501666546,14.6488
1403636877.551666498,15.4281
1403636877.601666451,12.8033
1403636877.651666403,15.6784
1403636877.701666594,13.8334
1403636877.751666546,14.5516
1403636877.801666498,14.0948
1403636877.851666451,14.2453
1403636877.901666403,14.9992
1403636877.951666594,11.8111
1403636878.001666546,15.0108
1403636878.051666498,15.862
1403636878.101666451,14.5668
1403636878.151666403,15.7385
1403636878.201666594,16.3001
1403636878.251666546,17.1291
1403636878.301666498,18.371
1403636878.351666451,16.3796
1403636878.401666403,15.594
1403636878.451666594,17.1338
1403636878.501666546,20.4491
1403636878.551666498,17.5304
1403636878.601666451,17.2224
1403636878.651666403,17.4269
1403636878.701666594,19.7531
1403636878.751666546,18.4569
1403636878.801666498,17.7193
1403636878.851666451,19.7581
1403636878.901666403,20.9881
1403636878.951666594,19.5601
1403636879.001666546,18.4055
1403636879.051666498,20.0471
1403636879.101666451,19.3683
1403636879.151666403,18.6485
1403636879.201666594,17.2491
1403636879.251666546,18.4124
1403636879.301666498,15.4099
1403636879.351666451,16.3722
1403636879.401666403,16.8706
1403636879.451666594,15.8195
1403636879.501666546,17.1288
1403636879.551666498,17.1585
1403636879.601666451,19.1985
1403636879.651666403,16.4302
1403636879.701666594,19.7828
1403636879.751666546,14.6177
1403636879.801666498,16.8414
1403636879.851666451,15.0688
1403636879.901666403,17.4261
1403636879.951666594,16.2119
1403636880.001666546,16.5796
1403636880.051666498,16.4009
1403636880.101666451,16.9134
1403636880.151666403,16.9222
1403636880.201666594,19.6076
1403636880.251666546,17.313
1403636880.301666498,17.3772
1403636880.351666451,17.279
1403636880.401666403,17.2067
1403636880.451666594,18.5733
1403636880.501666546,20.4102
1403636880.551666498,21.6447
1403636880.601666451,19.5777
1403636880.651666403,19.3785
1403636880.701666594,21.6235
1403636880.751666546,18.869
1403636880.801666498,18.359
1403636880.851666451,18.5775
1403636880.901666403,19.4962
1403636880.951666594,19.2448
1403636881.001666546,21.2324
1403636881.051666498,18.8834
1403636881.101666451,20.9414
1403636881.151666403,17.9269
1403636881.201666594,17.929
1403636881.251666546,18.4528
1403636881.301666498,20.1991
1403636881.351666451,21.2849
1403636881.401666403,17.3266
1403636881.451666594,18.4397
1403636881.501666546,16.7662
1403636881.551666498,17.8371
1403636881.601666451,21.0129
1403636881.651666403,19.3922
1403636881.701666594,17.4632
1403636881.751666546,18.1628
1403636881.801666498,19.2476
1403636881.851666451,16.9375
1403636881.901666403,18.4826
1403636881.951666594,13.7159
1403636882.001666546,19.4109
1403636882.051666498,18.0064
1403636882.101666451,18.6235
1403636882.151666403,16.0947
1403636882.201666594,17.8464
1403636882.251666546,20.6751
1403636882.301666498,17.1769
1403636882.351666451,20.1079
1403636882.401666403,18.218
1403636882.451666594,18.443
1403636882.501666546,20.0234
1403636882.551666498,18.4077
1403636882.601666451,15.2085
1403636882.651666403,13.7513
1403636882.701666594,15.5046
1403636882.751666546,17.5123
1403636882.801666498,17.924
1403636882.851666451,16.5476
1403636882.901666403,16.1601
1403636882.951666594,17.9961
1403636883.001666546,18.6293
1403636883.051666498,15.7991
1403636883.101666451,16.2725
1403636883.151666403,16.2568
1403636883.201666594,14.3628
1403636883.251666546,15.2239
1403636883.301666498,15.4886
1403636883.351666451,13.6084
1403636883.401666403,14.6025
1403636883.451666594,14.7651
1403636883.501666546,12.1492
1403636883.551666498,16.9414
1403636883.601666451,13.6784
1403636883.651666403,13.0828
1403636883.701666594,14.0967
1403636883.751666546,14.0547
1403636883.801666498,14.8011
1403636883.851666451,14.5767
1403636883.901666403,14.3208
1403636883.951666594,14.1207
1403636884.001666546,15.98
1403636884.051666498,13.9768
1403636884.101666451,12.2365
1403636884.151666403,13.32
1403636884.201666594,14.4746
1403636884.251666546,16.6709
1403636884.301666498,13.5908
1403636884.351666451,16.3404
1403636884.401666403,14.3895
1403636884.451666594,14.481
1403636884.501666546,14.449
1403636884.551666498,13.5798
1403636884.601666451,14.5345
1403636884.651666403,14.9531
1403636884.701666594,12.7315
1403636884.751666546,11.0272
1403636884.801666498,16.8578
1403636884.851666451,16.1894
1403636884.901666403,16.9326
1403636884.951666594,14.6998
1403636885.001666546,13.8742
1403636885.051666498,15.41
1403636885.101666451,17.571
1403636885.151666403,13.7019
1403636885.201666594,15.0715
1403636885.251666546,15.0519
1403636885.301666498,13.0391
1403636885.351666451,13.7808
1403636885.401666403,16.5092
1403636885.451666594,13.5792
1403636885.501666546,14.7438
1403636885.551666498,15.516
1403636885.601666451,13.3463
1403636885.651666403,16.736
1403636885.701666594,15.441
1403636885.751666546,14.5357
1403636885.801666498,14.5527
1403636885.851666451,15.6626
1403636885.901666403,15.8757
1403636885.951666594,14.3769
1403636886.001666546,15.1056
1403636886.051666498,14.0266
1403636886.101666451,14.5165
1403636886.151666403,14.8229
1403636886.201666594,14.2936
1403636886.251666546,14.4033
1403636886.301666498,15.1651
1403636886.351666451,13.7306
1403636886.401666403,16.8809
1403636886.451666594,15.0247
1403636886.501666546,16.2021
1403636886.551666498,17.8325
1403636886.601666451,14.7665
1403636886.651666403,12.8626
1403636886.701666594,17.2586
1403636886.751666546,14.3639
1403636886.801666498,9.83525
1403636886.851666451,15.0249
1403636886.901666403,16.1199
1403636886.951666594,10.8518
1403636887.001666546,14.2247
1403636887.051666498,15.1397
1403636887.101666451,13.8594
1403636887.151666403,17.9217
1403636887.201666594,14.7481
1403636887.251666546,10.0645
1403636887.301666498,15.1597
1403636887.351666451,15.1177
1403636887.401666403,13.8195
1403636887.451666594,15.3304
1403636887.501666546,14.9722
1403636887.551666498,14.0635
1403636887.601666451,14.0063
1403636887.651666403,15.109
1403636887.701666594,13.1564
1403636887.751666546,15.5421
1403636887.801666498,18.5274
1403636887.851666451,15.9377
1403636887.901666403,15.3884
1403636887.951666594,17.3607
1403636888.001666546,13.0052
1403636888.051666498,14.5861
1403636888.101666451,13.7463
1403636888.151666403,13.4038
1403636888.201666594,17.8302
1403636888.251666546,14.3938
1403636888.301666498,14.0281
1403636888.351666451,14.914
1403636888.401666403,15.5352
1403636888.451666594,12.3193
1403636888.501666546,17.3002
1403636888.551666498,14.8691
1403636888.601666451,13.5863
1403636888.651666403,14.7935
1403636888.701666594,17.1042
1403636888.751666546,14.1495
1403636888.801666498,15.1522
1403636888.851666451,15.1626
1403636888.901666403,13.9629
1403636888.951666594,14.8716
1403636889.001666546,15.3981
1403636889.051666498,12.4859
1403636889.101666451,14.7116
1403636889.151666403,14.965
1403636889.201666594,13.9055
1403636889.251666546,17.7975
1403636889.301666498,17.1667
1403636889.351666451,13.254
1403636889.401666403,15.0794
1403636889.451666594,15.2006
1403636889.501666546,11.8527
1403636889.551666498,15.4931
1403636889.601666451,17.5055
1403636889.651666403,14.5317
1403636889.701666594,14.5193
1403636889.751666546,14.1272
1403636889.801666498,13.8192
1403636889.851666451,12.7513
1403636889.901666403,16.5863
1403636889.951666594,12.0019
1403636890.001666546,17.1561
1403636890.051666498,12.8902
1403636890.101666451,13.862
1403636890.151666403,14.8481
1403636890.201666594,14.5249
1403636890.251666546,13.701
1403636890.301666498,13.8993
1403636890.351666451,15.4852
1403636890.401666403,14.6274
1403636890.451666594,14.5442
1403636890.501666546,15.0788
1403636890.551666498,12.767
1403636890.601666451,13.3192
1403636890.651666403,15.1803
1403636890.701666594,11.2899
1403636890.751666546,14.8708
1403636890.801666498,15.1049
1403636890.851666451,12.4137
1403636890.901666403,14.3367
1403636890.951666594,14.2965
1403636891.001666546,12.7633
1403636891.051666498,14.7198
1403636891.101666451,16.263
1403636891.151666403,14.3795
1403636891.201666594,16.7895
1403636891.251666546,14.1549
1403636891.301666498,10.8657
1403636891.351666451,16.5698
1403636891.401666403,15.8208
1403636891.451666594,13.7335
1403636891.501666546,16.4057
1403636891.551666498,15.8321
1403636891.601666451,14.6148
1403636891.651666403,12.3386
1403636891.701666594,15.3539
1403636891.751666546,13.0928
1403636891.801666498,15.4952
1403636891.851666451,17.9734
1403636891.901666403,12.9614
1403636891.951666594,14.7838
1403636892.001666546,15.9019
1403636892.051666498,13.9878
1403636892.101666451,15.0226
1403636892.151666403,13.3382
1403636892.201666594,12.8979
1403636892.251666546,16.0997
1403636892.301666498,13.4339
1403636892.351666451,14.1536
1403636892.401666403,12.956
1403636892.451666594,15.8942
1403636892.501666546,11.7859
1403636892.551666498,16.9717
1403636892.601666451,17.2575
1403636892.651666403,12.3842
1403636892.701666594,17.7911
1403636892.751666546,14.9052
1403636892.801666498,12.7509
1403636892.851666451,16.3422
1403636892.901666403,15.1007
1403636892.951666594,15.2639
1403636893.001666546,15.5161
1403636893.051666498,15.0399
1403636893.101666451,12.8611
1403636893.151666403,14.996
1403636893.201666594,16.1144
1403636893.251666546,12.4657
1403636893.301666498,13.188
1403636893.351666451,14.37
1403636893.401666403,16.3573
1403636893.451666594,13.9448
1403636893.501666546,14.9599
1403636893.551666498,11.8399
1403636893.601666451,15.3991
1403636893.651666403,13.4333
1403636893.701666594,12.9654
1403636893.751666546,17.461
1403636893.801666498,13.4349
1403636893.851666451,13.9282
1403636893.901666403,14.808
1403636893.951666594,15.275
1403636894.001666546,13.4933
1403636894.051666498,14.9042
1403636894.101666451,15.0876
1403636894.151666403,13.1027
1403636894.201666594,15.812
1403636894.251666546,17.0257
1403636894.301666498,14.4372
1403636894.351666451,17.4109
1403636894.401666403,15.4202
1403636894.451666594,13.2645
1403636894.501666546,15.0162
1403636894.551666498,17.8586
1403636894.601666451,13.0537
1403636894.651666403,12.3517
1403636894.701666594,15.054
1403636894.751666546,13.5827
1403636894.801666498,13.6178
1403636894.851666451,17.8134
1403636894.901666403,14.233
1403636894.951666594,15.507
1403636895.001666546,15.0839
1403636895.051666498,16.2905
1403636895.101666451,14.1021
1403636895.151666403,12.8749
1403636895.201666594,15.7781
1403636895.251666546,17.5539
1403636895.301666498,15.0858
1403636895.351666451,14.2775
1403636895.401666403,14.9017
1403636895.451666594,15.7539
1403636895.501666546,13.6897
1403636895.551666498,13.9341
1403636895.601666451,15.2882
1403636895.651666403,13.9696
1403636895.701666594,14.8321
1403636895.751666546,13.648
1403636895.801666498,11.4987
1403636895.851666451,16.5124
1403636895.901666403,14.4553
1403636895.951666594,16.026
1403636896.001666546,14.6491
1403636896.051666498,16.345
1403636896.101666451,12.8008
1403636896.151666403,14.5199
1403636896.201666594,13.7729
1403636896.251666546,13.2507
1403636896.301666498,14.3698
1403636896.351666451,14.9
1403636896.401666403,15.9618
1403636896.451666594,14.6175
1403636896.501666546,16.2648
1403636896.551666498,14.3178
1403636896.601666451,13.9794
1403636896.651666403,14.2753
1403636896.701666594,13.0999
1403636896.751666546,13.9452
1403636896.801666498,11.7329
1403636896.851666451,11.9128
1403636896.901666403,17.3362
1403636896.951666594,14.2492
1403636897.001666546,12.9995
1403636897.051666498,17.1989
1403636897.101666451,15.9857
1403636897.151666403,12.7867
1403636897.201666594,14.8357
1403636897.251666546,14.8052
1403636897.301666498,12.5331
1403636897.351666451,17.0684
1403636897.401666403,14.7415
1403636897.451666594,13.8512
1403636897.501666546,17.2244
1403636897.551666498,13.7455
1403636897.601666451,16.599
1403636897.651666403,14.8744
1403636897.701666594,11.116
1403636897.751666546,13.406
1403636897.801666498,12.8029
1403636897.851666451,13.6836
1403636897.901666403,15.0132
1403636897.951666594,15.3944
1403636898.001666546,14.1548
1403636898.051666498,15.8342
1403636898.101666451,16.4909
1403636898.151666403,16.6828
1403636898.201666594,18.5263
1403636898.251666546,18.0718
1403636898.301666498,19.0048
1403636898.351666451,15.8957
1403636898.401666403,16.834
1403636898.451666594,16.7282
1403636898.501666546,20.1596
1403636898.551666498,21.4302
1403636898.601666451,19.2184
1403636898.651666403,18.8128
1403636898.701666594,15.6744
1403636898.751666546,15.433
1403636898.801666498,15.5483
1403636898.851666451,16.7486
1403636898.901666403,16.3549
1403636898.951666594,15.2361
1403636899.001666546,15.5597
1403636899.051666498,18.294
1403636899.101666451,15.6779
1403636899.151666403,15.9266
1403636899.201666594,16.517
1403636899.251666546,16.0943
1403636899.301666498,19.3939
1403636899.351666451,20.1993
1403636899.401666403,17.8354
1403636899.451666594,19.8409
1403636899.501666546,18.1694
1403636899.551666498,18.032
1403636899.601666451,21.8483
1403636899.651666403,21.6423
1403636899.701666594,18.3068
1403636899.751666546,18.8302
1403636899.801666498,18.2122
1403636899.851666451,19.7611
1403636899.901666403,20.6726
1403636899.951666594,23.6395
1403636900.001666546,22.3153
1403636900.051666498,20.5016
1403636900.101666451,19.4747
1403636900.151666403,18.9815
1403636900.201666594,20.307
1403636900.251666546,23.137
1403636900.301666498,20.994
1403636900.351666451,21.2164
1403636900.401666403,19.9022
1403636900.451666594,18.9669
1403636900.501666546,21.7076
1403636900.551666498,20.3005
1403636900.601666451,22.9958
1403636900.651666403,24.155
1403636900.701666594,21.701
1403636900.751666546,22.3986
1403636900.801666498,21.5617
1403636900.851666451,23.0656
1403636900.901666403,23.7604
1403636900.951666594,20.6609
1403636901.001666546,21.9013
1403636901.051666498,19.8093
1403636901.101666451,20.3701
1403636901.151666403,24.6124
1403636901.201666594,14.971
1403636901.251666546,19.307
1403636901.301666498,18.9
1403636901.351666451,18.2682
1403636901.401666403,21.4715
1403636901.451666594,21.0704
1403636901.501666546,18.6506
1403636901.551666498,19.7877
1403636901.601666451,19.577
1403636901.651666403,18.4403
1403636901.701666594,19.482
1403636901.751666546,18.5462
1403636901.801666498,19.7967
1403636901.851666451,22.9482
1403636901.901666403,20.5742
1403636901.951666594,18.8657
1403636902.001666546,20.4753
1403636902.051666498,20.7742
1403636902.101666451,22.932
1403636902.151666403,23.8796
1403636902.201666594,24.1717
1403636902.251666546,20.6077
1403636902.301666498,17.4019
1403636902.351666451,24.1329
1403636902.401666403,20.3512
1403636902.451666594,20.5652
1403636902.501666546,21.8842
1403636902.551666498,22.8912
1403636902.601666451,21.4261
1403636902.651666403,21.1567
1403636902.701666594,23.7012
1403636902.751666546,20.5227
1403636902.801666498,21.2695
1403636902.851666451,23.4365
1403636902.901666403,21.761
1403636902.951666594,23.0199
1403636903.001666546,21.117
1403636903.051666498,22.652
1403636903.101666451,21.7856
1403636903.151666403,20.9549
1403636903.201666594,20.8525
1403636903.251666546,23.4999
1403636903.301666498,21.6523
1403636903.351666451,22.2942
1403636903.401666403,22.5244
1403636903.451666594,23.6446
1403636903.501666546,25.7465
1403636903.551666498,22.3212
1403636903.601666451,22.1812
1403636903.651666403,25.469
1403636903.701666594,24.5961
1403636903.751666546,26.2267
1403636903.801666498,22.2851
1403636903.851666451,25.3641
1403636903.901666403,21.726
1403636903.951666594,23.9939
1403636904.001666546,22.8941
1403636904.051666498,22.6528
1403636904.101666451,22.4835
1403636904.151666403,22.759
1403636904.201666594,24.6105
1403636904.251666546,24.2136
1403636904.301666498,26.0878
1403636904.351666451,22.2795
1403636904.401666403,21.5728
1403636904.451666594,22.7201
1403636904.501666546,24.8066
1403636904.551666498,21.8958
1403636904.601666451,21.8787
1403636904.651666403,23.7311
1403636904.701666594,24.282
1403636904.751666546,21.532
1403636904.801666498,23.8535
1403636904.851666451,22.2183
1403636904.901666403,22.3153
1403636904.951666594,21.1776
1403636905.001666546,21.0678
1403636905.051666498,21.6884
1403636905.101666451,21.4962
1403636905.151666403,24.6384
1403636905.201666594,22.6442
1403636905.251666546,22.941
1403636905.301666498,22.1931
1403636905.351666451,24.0226
1403636905.401666403,23.0019
1403636905.451666594,23.2328
1403636905.501666546,23.8212
1403636905.551666498,24.1527
1403636905.601666451,25.3055
1403636905.651666403,22.9139
1403636905.701666594,24.8651
1403636905.751666546,23.9879
1403636905.801666498,23.417
1403636905.851666451,26.0439
1403636905.901666403,23.301
1403636905.951666594,26.4229
1403636906.001666546,25.0626
1403636906.051666498,26.1002
1403636906.101666451,22.0913
1403636906.151666403,25.3098
1403636906.201666594,23.5609
1403636906.251666546,23.9236
1403636906.301666498,22.2534
1403636906.351666451,22.4831
1403636906.401666403,23.4431
1403636906.451666594,25.1371
1403636906.501666546,22.5534
1403636906.551666498,22.5466
1403636906.601666451,22.112
1403636906.651666403,23.7186
1403636906.701666594,22.9988
1403636906.751666546,18.436
1403636906.801666498,22.7314
1403636906.851666451,21.0318
1403636906.901666403,22.0651
1403636906.951666594,23.6793
1403636907.001666546,23.5985
1403636907.051666498,24.3232
1403636907.101666451,24.5773
1403636907.151666403,24.5864
1403636907.201666594,24.7233
1403636907.251666546,23.2551
1403636907.301666498,25.4264
1403636907.351666451,21.8464
1403636907.401666403,23.7053
1403636907.451666594,22.4026
1403636907.501666546,21.2167
1403636907.551666498,23.0527
1403636907.601666451,22.3653
1403636907.651666403,21.3043
1403636907.701666594,22.6392
1403636907.751666546,21.6547
1403636907.801666498,21.9068
1403636907.851666451,23.2268
1403636907.901666403,23.4751
1403636907.951666594,20.4218
1403636908.001666546,24.1671
1403636908.051666498,23.9414
1403636908.101666451,20.9475
1403636908.151666403,21.3526
1403636908.201666594,22.7822
1403636908.251666546,23.5068
1403636908.301666498,24.218
1403636908.351666451,21.4638
1403636908.401666403,22.656
1403636908.451666594,22.1293
1403636908.501666546,23.189
1403636908.551666498,24.7098
1403636908.601666451,24.7229
1403636908.651666403,22.3955
1403636908.701666594,21.4782
1403636908.751666546,21.8554
1403636908.801666498,22.5377
1403636908.851666451,20.4649
1403636908.901666403,22.4977
1403636908.951666594,22.9784
1403636909.001666546,22.4048
1403636909.051666498,23.6307
1403636909.101666451,24.3011
1403636909.151666403,20.8055
1403636909.201666594,21.3803
1403636909.251666546,22.2591
1403636909.301666498,22.9274
1403636909.351666451,23.4663
1403636909.401666403,22.6873
1403636909.451666594,20.959
1403636909.501666546,21.7864
1403636909.551666498,21.3881
1403636909.601666451,21.2265
1403636909.651666403,23.3847
1403636909.701666594,23.7644
1403636909.751666546,21.2275
1403636909.801666498,21.1643
1403636909.851666451,23.1357
1403636909.901666403,21.7551
1403636909.951666594,23.6436
1403636910.001666546,22.536
1403636910.051666498,23.8811
1403636910.101666451,23.9606
1403636910.151666403,22.3046
1403636910.201666594,20.6607
1403636910.251666546,21.2349
1403636910.301666498,22.3445
1403636910.351666451,22.9096
1403636910.401666403,23.397
1403636910.451666594,21.2056
1403636910.501666546,19.3986
1403636910.551666498,24.1636
1403636910.601666451,20.2505
1403636910.651666403,22.7643
1403636910.701666594,21.4071
1403636910.751666546,22.8797
1403636910.801666498,19.3709
1403636910.851666451,21.0726
1403636910.901666403,22.1652
1403636910.951666594,20.6759
1403636911.001666546,20.9552
1403636911.051666498,22.4555
1403636911.101666451,16.5848
1403636911.151666403,20.9179
1403636911.201666594,21.2367
1403636911.251666546,20.8302
1403636911.301666498,23.4694
1403636911.351666451,19.7054
1403636911.401666403,21.4719
1403636911.451666594,23.2946
1403636911.501666546,24.1021
1403636911.551666498,19.8829
1403636911.601666451,23.5248
1403636911.651666403,21.5381
1403636911.701666594,21.0434
1403636911.751666546,21.4037
1403636911.801666498,21.556
1403636911.851666451,19.3776
1403636911.901666403,23.1841
1403636911.951666594,21.3934
1403636912.001666546,19.9487
1403636912.051666498,22.6146
1403636912.101666451,21.5183
1403636912.151666403,21.5547
1403636912.201666594,23.6152
1403636912.251666546,19.8789
1403636912.301666498,21.1563
1403636912.351666451,21.8791
1403636912.401666403,21.4227
1403636912.451666594,22.4091
1403636912.501666546,20.9531
1403636912.551666498,21.1462
1403636912.601666451,20.0295
1403636912.651666403,21.9432
1403636912.701666594,20.9276
1403636912.751666546,21.1747
1403636912.801666498,22.2176
1403636912.851666451,21.3556
1403636912.901666403,20.699
1403636912.951666594,21.6402
1403636913.001666546,23.2754
1403636913.051666498,21.2265
1403636913.101666451,22.501
1403636913.151666403,23.2373
1403636913.201666594,23.9439
1403636913.251666546,23.2901
1403636913.301666498,21.6915
1403636913.351666451,20.8415
1403636913.401666403,21.8608
1403636913.451666594,22.2159
1403636913.501666546,21.3292
1403636913.551666498,22.4336
1403636913.601666451,25.3303
1403636913.651666403,19.7813
1403636913.701666594,21.4329
1403636913.751666546,22.2774
1403636913.801666498,23.8724
1403636913.851666451,22.3541
1403636913.901666403,22.9274
1403636913.951666594,22.8403
1403636914.001666546,21.5884
1403636914.051666498,22.4479
1403636914.101666451,23.8233
1403636914.151666403,23.0457
1403636914.201666594,21.684
1403636914.251666546,21.048
1403636914.301666498,21.9084
1403636914.351666451,21.396
1403636914.401666403,21.3791
1403636914.451666594,24.5443
1403636914.501666546,24.4458
1403636914.551666498,22.8913
1403636914.601666451,24.1417
1403636914.651666403,24.5038
1403636914.701666594,21.4017
1403636914.751666546,24.882
1403636914.801666498,21.7529
1403636914.851666451,22.8153
1403636914.901666403,22.8803
1403636914.951666594,22.3978
1403636915.001666546,21.8108
1403636915.051666498,22.4625
1403636915.101666451,23.1209
1403636915.151666403,21.9883
1403636915.201666594,24.9436
1403636915.251666546,25.3267
1403636915.301666498,20.863
1403636915.351666451,22.4083
1403636915.401666403,22.4683
1403636915.451666594,19.2176
1403636915.501666546,23.0689
1403636915.551666498,24.6675
1403636915.601666451,18.8082
1403636915.651666403,24.7723
1403636915.701666594,18.8082
1403636915.751666546,22.2431
1403636915.801666498,23.4807
1403636915.851666451,22.1511
1403636915.901666403,18.5527
1403636915.951666594,24.2283
1403636916.001666546,23.4085
1403636916.051666498,23.0233
1403636916.101666451,23.6761
1403636916.151666403,24.9072
1403636916.201666594,22.1946
1403636916.251666546,22.7421
1403636916.301666498,25.7154
1403636916.351666451,23.4319
1403636916.401666403,25.452
1403636916.451666594,22.6723
1403636916.501666546,22.8252
1403636916.551666498,25.2404
1403636916.601666451,22.783
1403636916.651666403,23.6856
1403636916.701666594,24.934
1403636916.751666546,24.0239
1403636916.801666498,23.2732
1403636916.851666451,25.0102
1403636916.901666403,23.026
1403636916.951666594,24.3991
1403636917.001666546,25.2878
1403636917.051666498,27.4881
1403636917.101666451,21.257
1403636917.151666403,24.5389
1403636917.201666594,25.3674
1403636917.251666546,22.0094
1403636917.301666498,23.6632
1403636917.351666451,22.9504
1403636917.401666403,20.8093
1403636917.451666594,22.3644
1403636917.501666546,22.671
1403636917.551666498,21.0809
1403636917.601666451,23.8026
1403636917.651666403,22.6247
1403636917.701666594,18.5942
1403636917.751666546,24.0715
1403636917.801666498,25.9381
1403636917.851666451,23.3846
1403636917.901666403,25.2012
1403636917.951666594,23.4005
1403636918.001666546,23.9236
1403636918.051666498,22.0099
1403636918.101666451,22.7236
1403636918.151666403,19.0416
1403636918.201666594,25.1157
1403636918.251666546,24.4148
1403636918.301666498,19.765
1403636918.351666451,24.0203
1403636918.401666403,22.791
1403636918.451666594,23.3431
1403636918.501666546,22.7224
1403636918.551666498,22.1483
1403636918.601666451,22.0075
1403636918.651666403,23.8431
1403636918.701666594,21.9371
1403636918.751666546,21.5716
1403636918.801666498,22.6482
1403636918.851666451,22.3791
1403636918.901666403,20.8759
1403636918.951666594,22.6006
1403636919.001666546,23.2034
1403636919.051666498,23.7181
1403636919.101666451,25.3455
1403636919.151666403,23.9608
1403636919.201666594,21.0964
1403636919.251666546,23.5264
1403636919.301666498,22.7006
1403636919.351666451,22.4324
1403636919.401666403,22.7095
1403636919.451666594,23.0183
1403636919.501666546,22.2699
1403636919.551666498,22.9066
1403636919.601666451,23.4915
1403636919.651666403,22.1929
1403636919.701666594,25.5233
1403636919.751666546,26.1841
1403636919.801666498,21.4131
1403636919.851666451,23.4258
1403636919.901666403,22.7286
1403636919.951666594,23.4631
1403636920.001666546,23.8993
1403636920.051666498,25.0616
1403636920.101666451,22.8117
1403636920.151666403,26.5934
1403636920.201666594,26.3702
1403636920.251666546,21.9225
1403636920.301666498,23.7607
1403636920.351666451,24.8746
1403636920.401666403,20.0043
1403636920.451666594,25.2735
1403636920.501666546,24.2555
1403636920.551666498,20.8404
1403636920.601666451,25.8885
1403636920.651666403,24.4398
1403636920.701666594,20.6262
1403636920.751666546,25.2718
1403636920.801666498,24.5545
1403636920.851666451,23.9996
1403636920.901666403,24.4835
1403636920.951666594,24.9314
1403636921.001666546,21.6261
1403636921.051666498,24.5919
1403636921.101666451,27.1955
1403636921.151666403,21.5996
1403636921.201666594,27.579
1403636921.251666546,28.1472
1403636921.301666498,22.064
1403636921.351666451,24.3518
1403636921.401666403,26.5552
1403636921.451666594,20.093
1403636921.501666546,24.7116
1403636921.551666498,28.0633
1403636921.601666451,21.5882
1403636921.651666403,26.5015
1403636921.701666594,23.0286
1403636921.751666546,24.5603
1403636921.801666498,24.1224
1403636921.851666451,27.8366
1403636921.901666403,20.7609
1403636921.951666594,26.2091
1403636922.001666546,25.6374
1403636922.051666498,20.9486
1403636922.101666451,26.1258
1403636922.151666403,25.0918
1403636922.201666594,21.0508
1403636922.251666546,24.8758
1403636922.301666498,24.2579
1403636922.351666451,20.9501
1403636922.401666403,25.8736
1403636922.451666594,24.6787
1403636922.501666546,19.9963
1403636922.551666498,25.1087
1403636922.601666451,25.1234
1403636922.651666403,25.1466
1403636922.701666594,23.6997
1403636922.751666546,24.4333
1403636922.801666498,20.1241
1403636922.851666451,26.3128
1403636922.901666403,27.2365
1403636922.951666594,19.8626
1403636923.001666546,23.7238
1403636923.051666498,25.9241
1403636923.101666451,20.4008
1403636923.151666403,26.4941
1403636923.201666594,22.9476
1403636923.251666546,21.2342
1403636923.301666498,25.4716
1403636923.351666451,26.2291
1403636923.401666403,19.5783
1403636923.451666594,24.8601
1403636923.501666546,23.1377
1403636923.551666498,20.0659
1403636923.601666451,23.4103
1403636923.651666403,26.255
1403636923.701666594,22.5893
1403636923.751666546,25.7905
1403636923.801666498,22.5064
1403636923.851666451,21.2471
1403636923.901666403,24.4294
1403636923.951666594,24.3064
1403636924.001666546,19.7103
1403636924.051666498,24.3979
1403636924.101666451,24.3345
1403636924.151666403,19.7739
1403636924.201666594,24.7213
1403636924.251666546,26.6479
1403636924.301666498,20.6249
1403636924.351666451,26.369
1403636924.401666403,24.9377
1403636924.451666594,20.2118
1403636924.501666546,24.3674
1403636924.551666498,23.9028
1403636924.601666451,19.8905
1403636924.651666403,24.1551
1403636924.701666594,25.9413
1403636924.751666546,20.3797
1403636924.801666498,26.2878
1403636924.851666451,23.1044
1403636924.901666403,20.1622
1403636924.951666594,23.39
1403636925.001666546,27.7303
1403636925.051666498,22.6063
1403636925.101666451,23.5961
1403636925.151666403,23.457
1403636925.201666594,22.2908
1403636925.251666546,23.4047
1403636925.301666498,22.9547
1403636925.351666451,19.3636
1403636925.401666403,23.7805
1403636925.451666594,24.4051
1403636925.501666546,19.7436
1403636925.551666498,23.4316
1403636925.601666451,23.359
1403636925.651666403,20.2294
1403636925.701666594,26.2964
1403636925.751666546,26.532
1403636925.801666498,19.6213
1403636925.851666451,24.7926
1403636925.901666403,22.6569
1403636925.951666594,19.282
1403636926.001666546,23.5303
1403636926.051666498,26.2244
1403636926.101666451,23.166
1403636926.151666403,23.4732
1403636926.201666594,23.4529
1403636926.251666546,19.5694
1403636926.301666498,25.6147
1403636926.351666451,25.6681
1403636926.401666403,19.9153
1403636926.451666594,25.5676
1403636926.501666546,22.9163
1403636926.551666498,24.1389
1403636926.601666451,21.4948
1403636926.651666403,25.657
1403636926.701666594,23.2167
1403636926.751666546,23.2018
1403636926.801666498,23.9224
1403636926.851666451,20.0135
1403636926.901666403,24.5983
1403636926.951666594,22.521
1403636927.001666546,22.3369
1403636927.051666498,23.0895
1403636927.101666451,25.4806
1403636927.151666403,22.4491
1403636927.201666594,23.5351
1403636927.251666546,23.371
1403636927.301666498,19.6907
1403636927.351666451,22.7166
1403636927.401666403,21.9272
1403636927.451666594,19.7757
1403636927.501666546,22.8199
1403636927.551666498,25.2181
1403636927.601666451,24.2353
1403636927.651666403,22.8253
1403636927.701666594,25.563
1403636927.751666546,19.4716
1403636927.801666498,24.5113
1403636927.851666451,22.7527
1403636927.901666403,20.2301
1403636927.951666594,24.8596
1403636928.001666546,24.1013
1403636928.051666498,18.9418
1403636928.101666451,23.8522
1403636928.151666403,24.5411
1403636928.201666594,19.3519
1403636928.251666546,26.5712
1403636928.301666498,23.6133
1403636928.351666451,21.4413
1403636928.401666403,21.445
1403636928.451666594,22.096
1403636928.501666546,19.9575
1403636928.551666498,25.1766
1403636928.601666451,24.9113
1403636928.651666403,20.5475
1403636928.701666594,23.5419
1403636928.751666546,23.8513
1403636928.801666498,19.7237
1403636928.851666451,25.5786
1403636928.901666403,24.8944
1403636928.951666594,20.5641
1403636929.001666546,25.445
1403636929.051666498,25.8883
1403636929.101666451,21.3921
1403636929.151666403,23.3456
1403636929.201666594,22.9245
1403636929.251666546,18.8452
1403636929.301666498,24.6593
1403636929.351666451,24.6175
1403636929.401666403,19.4181
1403636929.451666594,24.3879
1403636929.501666546,23.9731
1403636929.551666498,19.4256
1403636929.601666451,22.4999
1403636929.651666403,23.3745
1403636929.701666594,19.13
1403636929.751666546,22.946
1403636929.801666498,24.3314
1403636929.851666451,20.0569
1403636929.901666403,24.7151
1403636929.951666594,22.1445
1403636930.001666546,19.5522
1403636930.051666498,23.152
1403636930.101666451,24.0655
1403636930.151666403,23.1835
1403636930.201666594,23.0785
1403636930.251666546,25.1724
1403636930.301666498,19.9431
1403636930.351666451,25.3177
1403636930.401666403,23.0465
1403636930.451666594,19.4672
1403636930.501666546,24.2786
1403636930.551666498,24.8913
1403636930.601666451,19.6911
1403636930.651666403,22.7988
1403636930.701666594,25.8835
1403636930.751666546,20.3563
1403636930.801666498,24.6084
1403636930.851666451,23.3435
1403636930.901666403,19.4762
1403636930.951666594,22.7203
1403636931.001666546,24.1973
1403636931.051666498,19.7216
1403636931.101666451,23.1345
1403636931.151666403,22.6741
1403636931.201666594,20.149
1403636931.251666546,23.8244
1403636931.301666498,25.1261
1403636931.351666451,21.1124
1403636931.401666403,21.1187
1403636931.451666594,25.4591
1403636931.501666546,19.137
1403636931.551666498,21.3529
1403636931.601666451,22.2563
1403636931.651666403,21.7237
1403636931.701666594,22.7181
1403636931.751666546,26.6434
1403636931.801666498,20.4625
1403636931.851666451,21.8173
1403636931.901666403,26.1638
1403636931.951666594,19.4055
1403636932.001666546,23.5387
1403636932.051666498,23.6638
1403636932.101666451,21.7055
1403636932.151666403,26.0286
1403636932.201666594,24.474
1403636932.251666546,19.4068
1403636932.301666498,26.0104
1403636932.351666451,23.4136
1403636932.401666403,20.1546
1403636932.451666594,23.3232
1403636932.501666546,21.7328
1403636932.551666498,22.6938
1403636932.601666451,23.7158
1403636932.651666403,25.8269
1403636932.701666594,19.0971
1403636932.751666546,22.6007
1403636932.801666498,23.0426
1403636932.851666451,20.5044
1403636932.901666403,23.8863
1403636932.951666594,22.8939
1403636933.001666546,22.6077
1403636933.051666498,22.167
1403636933.101666451,23.1687
1403636933.151666403,22.2352
1403636933.201666594,22.0095
1403636933.251666546,22.6865
1403636933.301666498,21.2702
1403636933.351666451,22.5882
1403636933.401666403,22.509
1403636933.451666594,21.5406
1403636933.501666546,26.1483
1403636933.551666498,25.3953
1403636933.601666451,20.1756
1403636933.651666403,25.2785
1403636933.701666594,24.295
1403636933.751666546,20.6382
1403636933.801666498,23.4722
1403636933.851666451,25.6066
1403636933.901666403,20.5864
1403636933.951666594,24.4606
1403636934.001666546,26.9264
1403636934.051666498,21.2071
1403636934.101666451,23.4977
1403636934.151666403,23.39
1403636934.201666594,19.6758
1403636934.251666546,22.385
1403636934.301666498,23.6983
1403636934.351666451,18.5588
1403636934.401666403,22.1597
1403636934.451666594,21.7508
1403636934.501666546,18.9506
1403636934.551666498,22.4667
1403636934.601666451,22.1965
1403636934.651666403,21.0057
1403636934.701666594,22.1711
1403636934.751666546,21.888
1403636934.801666498,18.873
1403636934.851666451,20.1417
1403636934.901666403,23.0004
1403636934.951666594,21.1457
1403636935.001666546,23.6236
1403636935.051666498,22.6222
1403636935.101666451,21.2485
1403636935.151666403,23.7557
1403636935.201666594,22.1404
1403636935.251666546,21.2855
1403636935.301666498,21.9405
1403636935.351666451,24.5237
1403636935.401666403,22.4924
1403636935.451666594,25.1574
1403636935.501666546,25.7779
1403636935.551666498,21.3959
1403636935.601666451,24.5454
1403636935.651666403,23.1536
1403636935.701666594,21.3534
1403636935.751666546,24.4042
1403636935.801666498,22.5716
1403636935.851666451,22.3282
1403636935.901666403,24.012
1403636935.951666594,22.2004
1403636936.001666546,22.6475
1403636936.051666498,23.1394
1403636936.101666451,22.8841
1403636936.151666403,19.3731
1403636936.201666594,24.677
1403636936.251666546,23.4595
1403636936.301666498,23.8911
1403636936.351666451,23.4845
1403636936.401666403,22.976
1403636936.451666594,21.8419
1403636936.501666546,24.4515
1403636936.551666498,24.402
1403636936.601666451,21.1268
1403636936.651666403,24.9095
1403636936.701666594,21.8232
1403636936.751666546,22.6345
1403636936.801666498,22.6853
1403636936.851666451,22.1112
1403636936.901666403,19.5067
1403636936.951666594,25.4676
1403636937.001666546,24.5149
1403636937.051666498,19.6128
1403636937.101666451,23.4395
1403636937.151666403,26.3812
1403636937.201666594,22.0153
1403636937.251666546,25.4882
1403636937.301666498,22.3446
1403636937.351666451,21.2523
1403636937.401666403,24.3098
1403636937.451666594,25.4846
1403636937.501666546,21.6629
1403636937.551666498,24.4536
1403636937.601666451,25.8094
1403636937.651666403,21.6232
1403636937.701666594,25.5553
1403636937.751666546,21.2539
1403636937.801666498,23.1931
1403636937.851666451,24.1491
1403636937.901666403,22.6648
1403636937.951666594,22.4031
1403636938.001666546,22.1068
1403636938.051666498,25.1224
1403636938.101666451,20.4994
1403636938.151666403,23.0141
1403636938.201666594,22.1736
1403636938.251666546,21.5976
1403636938.301666498,22.3818
1403636938.351666451,22.8556
1403636938.401666403,21.198
1403636938.451666594,20.9606
1403636938.501666546,23.9001
1403636938.551666498,21.4626
1403636938.601666451,21.875
1403636938.651666403,21.8135
1403636938.701666594,19.0462
1403636938.751666546,23.6349
1403636938.801666498,19.9271
1403636938.851666451,17.8295
1403636938.901666403,21.6681
1403636938.951666594,23.8117
1403636939.001666546,21.8825
1403636939.051666498,24.2339
1403636939.101666451,21.849
1403636939.151666403,20.1419
1403636939.201666594,24.1938
1403636939.251666546,22.5306
1403636939.301666498,20.3429
1403636939.351666451,25.5893
1403636939.401666403,24.6519
1403636939.451666594,18.4467
1403636939.501666546,22.5551
1403636939.551666498,23.8552
1403636939.601666451,18.1879
1403636939.651666403,20.6937
1403636939.701666594,19.1817
1403636939.751666546,18.6646
1403636939.801666498,23.6047
1403636939.851666451,20.9206
1403636939.901666403,19.6984
1403636939.951666594,22.6126
1403636940.001666546,20.7338
1403636940.051666498,20.8028
1403636940.101666451,21.5206
1403636940.151666403,20.48
1403636940.201666594,19.461
1403636940.251666546,17.6832
1403636940.301666498,21.6321
1403636940.351666451,22.2759
1403636940.401666403,21.2856
1403636940.451666594,20.7599
1403636940.501666546,20.8318
1403636940.551666498,21.3099
1403636940.601666451,23.2744
1403636940.651666403,19.8904
1403636940.701666594,21.1352
1403636940.751666546,22.8567
1403636940.801666498,19.7805
1403636940.851666451,21.4749
1403636940.901666403,23.8291
1403636940.951666594,19.8026
1403636941.001666546,21.6151
1403636941.051666498,21.9
1403636941.101666451,19.6819
1403636941.151666403,25.2834
1403636941.201666594,20.9828
1403636941.251666546,23.6355
1403636941.301666498,23.947
1403636941.351666451,22.078
1403636941.401666403,20.6311
1403636941.451666594,24.4304
1403636941.501666546,24.0426
1403636941.551666498,21.162
1403636941.601666451,22.3963
1403636941.651666403,21.1918
1403636941.701666594,21.4471
1403636941.751666546,23.952
1403636941.801666498,23.8401
1403636941.851666451,23.6498
1403636941.901666403,23.6646
1403636941.951666594,21.5074
1403636942.001666546,23.4279
1403636942.051666498,23.1634
1403636942.101666451,20.9101
1403636942.151666403,20.9061
1403636942.201666594,22.1201
1403636942.251666546,23.6188
1403636942.301666498,21.4445
1403636942.351666451,24.2073
1403636942.401666403,22.0616
1403636942.451666594,22.563
1403636942.501666546,21.3209
1403636942.551666498,22.0077
1403636942.601666451,22.4364
1403636942.651666403,21.369
1403636942.701666594,21.1369
1403636942.751666546,21.7696
1403636942.801666498,21.4404
1403636942.851666451,20.7513
1403636942.901666403,20.5507
1403636942.951666594,21.6744
1403636943.001666546,21.0228
1403636943.051666498,20.3071
1403636943.101666451,20.7048
1403636943.151666403,20.4862
1403636943.201666594,20.6698
1403636943.251666546,21.1704
1403636943.301666498,18.9921
1403636943.351666451,20.0952
1403636943.401666403,21.4395
1403636943.451666594,21.0552
1403636943.501666546,21.3412
1403636943.551666498,21.48
1403636943.601666451,22.6486
1403636943.651666403,23.0687
1403636943.701666594,21.162
1403636943.751666546,21.1121
1403636943.801666498,21.7675
1403636943.851666451,23.6956
1403636943.901666403,23.0205
1403636943.951666594,22.1729
1403636944.001666546,21.553
1403636944.051666498,21.2433
1403636944.101666451,22.3909
1403636944.151666403,22.0169
1403636944.201666594,23.1196
1403636944.251666546,21.4892
1403636944.301666498,20.0623
1403636944.351666451,24.2025
1403636944.401666403,23.8936
1403636944.451666594,26.4948
1403636944.501666546,25.1937
1403636944.551666498,23.1708
1403636944.601666451,23.6949
1403636944.651666403,24.9565
1403636944.701666594,24.6098
1403636944.751666546,24.0935
1403636944.801666498,23.0399
1403636944.851666451,23.0327
1403636944.901666403,22.2799
1403636944.951666594,23.2764
1403636945.001666546,25.0207
1403636945.051666498,24.4708
1403636945.101666451,26.2172
1403636945.151666403,24.8574
1403636945.201666594,23.6411
1403636945.251666546,25.3384
1403636945.301666498,24.0488
1403636945.351666451,26.3905
1403636945.401666403,21.9043
1403636945.451666594,24.3898
1403636945.501666546,24.2783
1403636945.551666498,24.0761
1403636945.601666451,22.3851
1403636945.651666403,21.5061
1403636945.701666594,26.8106
1403636945.751666546,23.9828
1403636945.801666498,24.2046
1403636945.851666451,24.4625
1403636945.901666403,24.0633
1403636945.951666594,24.5533
1403636946.001666546,25.7697
1403636946.051666498,24.0207
1403636946.101666451,25.3823
1403636946.151666403,27.1355
1403636946.201666594,26.4776
1403636946.251666546,23.4789
1403636946.301666498,25.6568
1403636946.351666451,25.2064
1403636946.401666403,25.2007
1403636946.451666594,27.3781
1403636946.501666546,23.4456
1403636946.551666498,25.3056
1403636946.601666451,28.931
1403636946.651666403,25.4276
1403636946.701666594,27.2424
1403636946.751666546,24.881
1403636946.801666498,24.3984
1403636946.851666451,26.6916
1403636946.901666403,24.2318
1403636946.951666594,23.4926
1403636947.001666546,26.6693
1403636947.051666498,27.5033
1403636947.101666451,23.8999
1403636947.151666403,24.6526
1403636947.201666594,23.9388
1403636947.251666546,26.4339
1403636947.301666498,24.0514
1403636947.351666451,23.6848
1403636947.401666403,23.7671
1403636947.451666594,26.0682
1403636947.501666546,24.8678
1403636947.551666498,27.1878
1403636947.601666451,25.0654
1403636947.651666403,25.4509
1403636947.701666594,26.5248
1403636947.751666546,28.0605
1403636947.801666498,25.0049
1403636947.851666451,25.9128
1403636947.901666403,27.2903
1403636947.951666594,25.4294
1403636948.001666546,24.2589
1403636948.051666498,24.6756
1403636948.101666451,27.2532
1403636948.151666403,24.2576
1403636948.201666594,24.6231
1403636948.251666546,24.7336
1403636948.301666498,26.7498
1403636948.351666451,25.5535
1403636948.401666403,25.8644
1403636948.451666594,24.3617
1403636948.501666546,24.9239
1403636948.551666498,24.4347
1403636948.601666451,23.6884
1403636948.651666403,27.3424
1403636948.701666594,25.0765
1403636948.751666546,24.3559
1403636948.801666498,26.2283
1403636948.851666451,25.8474
1403636948.901666403,22.1522
1403636948.951666594,24.8279
1403636949.001666546,26.4965
1403636949.051666498,24.5784
1403636949.101666451,25.4285
1403636949.151666403,25.8374
1403636949.201666594,21.2442
1403636949.251666546,25.5002
1403636949.301666498,27.1162
1403636949.351666451,21.3522
1403636949.401666403,24.4618
1403636949.451666594,25.2063
1403636949.501666546,22.4993
1403636949.551666498,24.9514
1403636949.601666451,26.318
1403636949.651666403,25.4209
1403636949.701666594,24.5856
1403636949.751666546,24.9979
1403636949.801666498,25.7395
1403636949.851666451,24.73
1403636949.901666403,26.0154
1403636949.951666594,22.7649
1403636950.001666546,25.8222
1403636950.051666498,25.9606
1403636950.101666451,23.6968
1403636950.151666403,25.8236
1403636950.201666594,23.8073
1403636950.251666546,24.7396
1403636950.301666498,26.0637
1403636950.351666451,25.9062
1403636950.401666403,22.7977
1403636950.451666594,23.4751
1403636950.501666546,24.2004
1403636950.551666498,25.6947
1403636950.601666451,24.52
1403636950.651666403,26.2657
1403636950.701666594,23.8849
1403636950.751666546,25.7848
1403636950.801666498,23.9665
1403636950.851666451,22.7565
1403636950.901666403,24.0893
1403636950.951666594,24.2128
1403636951.001666546,23.451
1403636951.051666498,25.0737
1403636951.101666451,23.5729
1403636951.151666403,22.7483
1403636951.201666594,23.0679
1403636951.251666546,21.8918
1403636951.301666498,21.1929
1403636951.351666451,24.0445
1403636951.401666403,22.4832
1403636951.451666594,23.3133
1403636951.501666546,22.4411
1403636951.551666498,23.0914
1403636951.601666451,23.6557
1403636951.651666403,22.4199
1403636951.701666594,23.8035
1403636951.751666546,20.4907
1403636951.801666498,23.2962
1403636951.851666451,24.7089
1403636951.901666403,22.2969
1403636951.951666594,22.9933
1403636952.001666546,24.6007
1403636952.051666498,20.909
1403636952.101666451,23.4142
1403636952.151666403,24.6853
1403636952.201666594,24.4887
1403636952.251666546,23.7382
1403636952.301666498,23.6307
1403636952.351666451,22.8164
1403636952.401666403,26.0414
1403636952.451666594,24.1024
1403636952.501666546,21.3736
1403636952.551666498,22.8573
1403636952.601666451,22.5119
1403636952.651666403,21.5208
1403636952.701666594,21.863
1403636952.751666546,25.9375
1403636952.801666498,22.3023
1403636952.851666451,23.7049
1403636952.901666403,23.1854
1403636952.951666594,21.7404
1403636953.001666546,23.7951
1403636953.051666498,21.877
1403636953.101666451,24.4833
1403636953.151666403,22.725
1403636953.201666594,24.2598
1403636953.251666546,20.8214
1403636953.301666498,24.6591
1403636953.351666451,25.0391
1403636953.401666403,22.6124
1403636953.451666594,24.2863
1403636953.501666546,24.8648
1403636953.551666498,22.9047
1403636953.601666451,26.2781
1403636953.651666403,25.9742
1403636953.701666594,22.1489
1403636953.751666546,21.7443
1403636953.801666498,23.6944
1403636953.851666451,21.23
1403636953.901666403,23.872
1403636953.951666594,25.256
1403636954.001666546,19.7065
1403636954.051666498,24.9274
1403636954.101666451,26.411
1403636954.151666403,23.0506
1403636954.201666594,23.878
1403636954.251666546,26.131
1403636954.301666498,20.3749
1403636954.351666451,22.349
1403636954.401666403,23.7273
1403636954.451666594,20.7988
1403636954.501666546,24.5497
1403636954.551666498,25.3582
1403636954.601666451,22.1076
1403636954.651666403,24.0246
1403636954.701666594,25.7638
1403636954.751666546,22.2148
1403636954.801666498,23.7109
1403636954.851666451,24.1529
1403636954.901666403,18.5146
1403636954.951666594,23.9779
1403636955.001666546,22.3398
1403636955.051666498,23.1653
1403636955.101666451,22.7046
1403636955.151666403,22.8859
1403636955.201666594,22.5068
1403636955.251666546,22.7968
1403636955.301666498,25.2149
1403636955.351666451,20.4826
1403636955.401666403,22.3048
1403636955.451666594,22.2771
1403636955.501666546,21.888
1403636955.551666498,24.3467
1403636955.601666451,22.8063
1403636955.651666403,21.8954
1403636955.701666594,24.5492
1403636955.751666546,23.4104
1403636955.801666498,22.7835
1403636955.851666451,22.6496
1403636955.901666403,22.1175
1403636955.951666594,22.5925
1403636956.001666546,22.0886
1403636956.051666498,22.3376
1403636956.101666451,19.4371
1403636956.151666403,24.2619
1403636956.201666594,22.1406
1403636956.251666546,19.1568
1403636956.301666498,23.3531
1403636956.351666451,24.7664
1403636956.401666403,24.9036
1403636956.451666594,25.2555
1403636956.501666546,22.2711
1403636956.551666498,21.5628
1403636956.601666451,24.7286
1403636956.651666403,23.2143
1403636956.701666594,22.6845
1403636956.751666546,23.1219
1403636956.801666498,25.0962
1403636956.851666451,25.4731
1403636956.901666403,24.6932
1403636956.951666594,24.6835
1403636957.001666546,20.2634
1403636957.051666498,21.8038
1403636957.101666451,24.6153
1403636957.151666403,19.422
1403636957.201666594,24.2247
1403636957.251666546,21.4851
1403636957.301666498,24.9828
1403636957.351666451,19.6852
1403636957.401666403,23.9216
1403636957.451666594,21.8428
1403636957.501666546,24.2063
1403636957.551666498,26.1755
1403636957.601666451,20.5308
1403636957.651666403,23.7477
1403636957.701666594,26.5801
1403636957.751666546,19.9544
1403636957.801666498,23.569
1403636957.851666451,23.6302
1403636957.901666403,19.6114
1403636957.951666594,26.3983
1403636958.001666546,23.3049
1403636958.051666498,19.6239
1403636958.101666451,24.6773
1403636958.151666403,23.2006
1403636958.201666594,23.0833
1403636958.251666546,24.5014
1403636958.301666498,24.4202
1403636958.351666451,19.5019
1403636958.401666403,23.6767
1403636958.451666594,23.5065
1403636958.501666546,23.4922
1403636958.551666498,26.3027
1403636958.601666451,23.832
1403636958.651666403,22.8664
1403636958.701666594,25.3169
1403636958.751666546,25.8567
1403636958.801666498,20.9869
1403636958.851666451,23.9844
1403636958.901666403,24.4905
1403636958.951666594,23.2981
1403636959.001666546,23.8772
1403636959.051666498,24.4302
1403636959.101666451,21.7424
1403636959.151666403,26.1554
1403636959.201666594,26.9739
1403636959.251666546,24.2276
1403636959.301666498,27.264
1403636959.351666451,24.9176
1403636959.401666403,20.8307
1403636959.451666594,24.7757
1403636959.501666546,27.087
1403636959.551666498,20.4309
1403636959.601666451,26.697
1403636959.651666403,23.8745
1403636959.701666594,21.315
1403636959.751666546,25.9774
1403636959.801666498,23.5222
1403636959.851666451,20.8806
1403636959.901666403,27.1307
1403636959.951666594,26.1651
1403636960.001666546,20.166
1403636960.051666498,25.4834
1403636960.101666451,27.0732
1403636960.151666403,20.4385
1403636960.201666594,24.8229
1403636960.251666546,24.6776
1403636960.301666498,22.2827
1403636960.351666451,24.081
1403636960.401666403,24.0678
1403636960.451666594,20.9461
1403636960.501666546,25.0454
1403636960.551666498,24.7469
1403636960.601666451,20.8537
1403636960.651666403,24.4548
1403636960.701666594,24.79
1403636960.751666546,22.8621
1403636960.801666498,25.7363
1403636960.851666451,26.7316
1403636960.901666403,20.6922
1403636960.951666594,23.5157
1403636961.001666546,24.316
1403636961.051666498,19.6366
1403636961.101666451,22.9092
1403636961.151666403,23.6826
1403636961.201666594,20.6296
1403636961.251666546,25.9426
1403636961.301666498,25.252
1403636961.351666451,20.8013
1403636961.401666403,26.7573
1403636961.451666594,26.2673
1403636961.501666546,23.3385
1403636961.551666498,24.4172
1403636961.601666451,24.3459
1403636961.651666403,21.8858
1403636961.701666594,24.0561
1403636961.751666546,27.7419
1403636961.801666498,20.7051
1403636961.851666451,25.4338
1403636961.901666403,24.3926
1403636961.951666594,19.6288
1403636962.001666546,23.9957
1403636962.051666498,23.3905
1403636962.101666451,20.5743
1403636962.151666403,25.5042
1403636962.201666594,22.8023
1403636962.251666546,20.7328
1403636962.301666498,23.6113
1403636962.351666451,24.2946
1403636962.401666403,19.4764
1403636962.451666594,26.5425
1403636962.501666546,23.0699
1403636962.551666498,19.2526
1403636962.601666451,25.7957
1403636962.651666403,22.7763
1403636962.701666594,19.7132
1403636962.751666546,24.8038
1403636962.801666498,26.1685
1403636962.851666451,20.3498
1403636962.901666403,24.1288
1403636962.951666594,23.3492
1403636963.001666546,20.7793
1403636963.051666498,23.154
1403636963.101666451,26.1447
1403636963.151666403,21.182
1403636963.201666594,23.8929
1403636963.251666546,24.2936
1403636963.301666498,19.617
1403636963.351666451,25.5613
1403636963.401666403,22.9892
1403636963.451666594,22.0769
1403636963.501666546,22.7716
1403636963.551666498,23.4538
1403636963.601666451,19.5348
1403636963.651666403,25.0199
1403636963.701666594,22.9357
1403636963.751666546,20.2371
1403636963.801666498,23.9365
1403636963.851666451,24.1988
1403636963.901666403,21.3164
1403636963.951666594,22.6613
1403636964.001666546,22.2868
1403636964.051666498,22.8027
1403636964.101666451,25.2793
1403636964.151666403,26.0821
1403636964.201666594,19.7068
1403636964.251666546,24.3411
1403636964.301666498,22.4388
1403636964.351666451,20.1548
1403636964.401666403,25.3867
1403636964.451666594,24.9152
1403636964.501666546,20.8184
1403636964.551666498,25.3042
1403636964.601666451,26.7314
1403636964.651666403,20.4555
1403636964.701666594,23.4356
1403636964.751666546,22.8883
1403636964.801666498,20.1477
1403636964.851666451,22.5085
1403636964.901666403,24.6069
1403636964.951666594,20.8933
1403636965.001666546,25.0259
1403636965.051666498,22.7658
1403636965.101666451,21.4283
1403636965.151666403,24.5637
1403636965.201666594,22.1399
1403636965.251666546,19.1568
1403636965.301666498,24.4765
1403636965.351666451,20.7538
1403636965.401666403,18.5154
1403636965.451666594,22.6496
1403636965.501666546,22.671
1403636965.551666498,19.4596
1403636965.601666451,25.1572
1403636965.651666403,22.3059
1403636965.701666594,19.341
1403636965.751666546,26.2042
1403636965.801666498,24.7313
1403636965.851666451,19.7634
1403636965.901666403,24.8522
1403636965.951666594,24.3132
1403636966.001666546,21.093
1403636966.051666498,24.8205
1403636966.101666451,25.0632
1403636966.151666403,21.9519
1403636966.201666594,25.0204
1403636966.251666546,26.6459
1403636966.301666498,22.031
1403636966.351666451,25.4089
1403636966.401666403,23.5478
1403636966.451666594,20.5561
1403636966.501666546,26.2705
1403636966.551666498,24.9929
1403636966.601666451,22.0082
1403636966.651666403,25.2452
1403636966.701666594,25.3237
1403636966.751666546,21.7163
1403636966.801666498,27.2762
1403636966.851666451,24.5605
1403636966.901666403,22.3579
1403636966.951666594,26.3308
1403636967.001666546,25.3119
1403636967.051666498,20.8445
1403636967.101666451,27.6651
1403636967.151666403,25.8392
1403636967.201666594,21.3233
1403636967.251666546,25.442
1403636967.301666498,25.3932
1403636967.351666451,22.364
1403636967.401666403,24.2385
1403636967.451666594,27.2724
1403636967.501666546,21.5879
1403636967.551666498,27.0274
1403636967.601666451,25.8579
1403636967.651666403,22.2949
1403636967.701666594,25.6891
1403636967.751666546,24.4521
1403636967.801666498,21.6947
1403636967.851666451,26.9641
1403636967.901666403,27.511
1403636967.951666594,21.4626
1403636968.001666546,27.8844
1403636968.051666498,25.3286
1403636968.101666451,22.3083
1403636968.151666403,22.7747
1403636968.201666594,24.5127
1403636968.251666546,21.7531
1403636968.301666498,25.5348
1403636968.351666451,24.9492
1403636968.401666403,21.8318
1403636968.451666594,23.3071
1403636968.501666546,24.4818
1403636968.551666498,21.4376
1403636968.601666451,25.2821
1403636968.651666403,25.1453
1403636968.701666594,21.315
1403636968.751666546,26.2143
1403636968.801666498,26.6517
1403636968.851666451,21.1753
1403636968.901666403,24.3732
1403636968.951666594,24.7768
1403636969.001666546,24.2266
1403636969.051666498,24.6198
1403636969.101666451,24.4831
1403636969.151666403,19.8974
1403636969.201666594,23.713
1403636969.251666546,23.0948
1403636969.301666498,19.8151
1403636969.351666451,23.756
1403636969.401666403,25.8673
1403636969.451666594,20.4188
1403636969.501666546,23.97
1403636969.551666498,23.4925
1403636969.601666451,19.8115
1403636969.651666403,23.6011
1403636969.701666594,24.7166
1403636969.751666546,20.9922
1403636969.801666498,22.0675
1403636969.851666451,23.6399
1403636969.901666403,19.8487
1403636969.951666594,23.9497
1403636970.001666546,26.1135
1403636970.051666498,18.892
1403636970.101666451,24.9835
1403636970.151666403,23.772
1403636970.201666594,21.7152
1403636970.251666546,26.6812
1403636970.301666498,26.5724
1403636970.351666451,18.7748
1403636970.401666403,26.0478
1403636970.451666594,23.5469
1403636970.501666546,18.6032
1403636970.551666498,21.9614
1403636970.601666451,21.6576
1403636970.651666403,22.8705
1403636970.701666594,21.4638
1403636970.751666546,23.6431
1403636970.801666498,21.0643
1403636970.851666451,22.4377
1403636970.901666403,25.1469
1403636970.951666594,17.7365
1403636971.001666546,23.7607
1403636971.051666498,24.4468
1403636971.101666451,18.3792
1403636971.151666403,24.5404
1403636971.201666594,25.264
1403636971.251666546,18.1057
1403636971.301666498,24.0146
1403636971.351666451,23.0717
1403636971.401666403,17.5165
1403636971.451666594,21.8925
1403636971.501666546,21.8024
1403636971.551666498,18.0485
1403636971.601666451,22.5965
1403636971.651666403,21.8876
1403636971.701666594,18.0996
1403636971.751666546,21.3773
1403636971.801666498,22.3533
1403636971.851666451,18.3115
1403636971.901666403,24.8955
1403636971.951666594,24.5695
1403636972.001666546,22.4403
1403636972.051666498,18.7156
1403636972.101666451,20.6346
1403636972.151666403,21.1652
1403636972.201666594,21.6122
1403636972.251666546,20.0991
1403636972.301666498,20.0432
1403636972.351666451,24.7657
1403636972.401666403,24.0847
1403636972.451666594,19.8194
1403636972.501666546,25.1645
1403636972.551666498,25.0576
1403636972.601666451,20.9709
1403636972.651666403,22.6455
1403636972.701666594,25.0401
1403636972.751666546,18.9252
1403636972.801666498,23.1601
1403636972.851666451,25.0117
1403636972.901666403,21.8695
1403636972.951666594,23.1469
1403636973.001666546,25.7209
1403636973.051666498,22.9059
1403636973.101666451,23.0002
1403636973.151666403,23.0431
1403636973.201666594,22.4081
1403636973.251666546,25.9838
1403636973.301666498,24.6447
1403636973.351666451,25.979
1403636973.401666403,25.0083
1403636973.451666594,23.7185
1403636973.501666546,21.4921
1403636973.551666498,23.5962
1403636973.601666451,23.4429
1403636973.651666403,22.3358
1403636973.701666594,23.7799
1403636973.751666546,22.8038
1403636973.801666498,23.1277
1403636973.851666451,25.8359
1403636973.901666403,26.7609
1403636973.951666594,24.8076
1403636974.001666546,24.2753
1403636974.051666498,24.6467
1403636974.101666451,22.499
1403636974.151666403,25.9603
1403636974.201666594,24.1996
1403636974.251666546,24.5368
1403636974.301666498,23.9346
1403636974.351666451,24.3576
1403636974.401666403,21.7136
1403636974.451666594,24.3758
1403636974.501666546,24.3763
1403636974.551666498,20.3565
1403636974.601666451,26.3846
1403636974.651666403,27.0949
1403636974.701666594,23.5663
1403636974.751666546,24.6744
1403636974.801666498,26.7126
1403636974.851666451,26.1227
1403636974.901666403,25.9094
1403636974.951666594,24.7242
1403636975.001666546,23.1473
1403636975.051666498,25.2361
1403636975.101666451,25.249
1403636975.151666403,24.3603
1403636975.201666594,27.9996
1403636975.251666546,25.7181
1403636975.301666498,21.2938
1403636975.351666451,25.7104
1403636975.401666403,28.7347
1403636975.451666594,27.1268
1403636975.501666546,25.8657
1403636975.551666498,26.7597
1403636975.601666451,23.5327
1403636975.651666403,27.3808
1403636975.701666594,25.8146
1403636975.751666546,22.4545
1403636975.801666498,24.7699
1403636975.851666451,26.337
1403636975.901666403,25.5698
1403636975.951666594,25.6529
1403636976.001666546,25.9754
1403636976.051666498,26.3726
1403636976.101666451,24.5549
1403636976.151666403,26.4454
1403636976.201666594,25.1633
1403636976.251666546,24.8304
1403636976.301666498,28.4324
1403636976.351666451,23.148
1403636976.401666403,25.4615
1403636976.451666594,26.899
1403636976.501666546,24.507
1403636976.551666498,29.1623
1403636976.601666451,26.8371
1403636976.651666403,23.0987
1403636976.701666594,27.6304
1403636976.751666546,24.9308
1403636976.801666498,25.5281
1403636976.851666451,27.2516
1403636976.901666403,26.9497
1403636976.951666594,22.7905
1403636977.001666546,27.0044
1403636977.051666498,29.3348
1403636977.101666451,24.4548
1403636977.151666403,25.5615
1403636977.201666594,30.3831
1403636977.251666546,23.1365
1403636977.301666498,29.7637
1403636977.351666451,27.3785
1403636977.401666403,22.6848
1403636977.451666594,27.629
1403636977.501666546,23.7401
1403636977.551666498,27.2633
1403636977.601666451,28.1243
1403636977.651666403,27.4965
1403636977.701666594,25.766
1403636977.751666546,27.5401
1403636977.801666498,27.1893
1403636977.851666451,26.3334
1403636977.901666403,27.7503
1403636977.951666594,28.5606
1403636978.001666546,22.6509
1403636978.051666498,28.2751
1403636978.101666451,26.8093
1403636978.151666403,22.9203
1403636978.201666594,28.1751
1403636978.251666546,27.514
1403636978.301666498,23.184
1403636978.351666451,26.3875
1403636978.401666403,26.3577
1403636978.451666594,23.7894
1403636978.501666546,26.5144
1403636978.551666498,28.8302
1403636978.601666451,22.8859
1403636978.651666403,26.5984
1403636978.701666594,26.6631
1403636978.751666546,24.4305
1403636978.801666498,27.9684
1403636978.851666451,28.9163
1403636978.901666403,22.4886
1403636978.951666594,27.2721
1403636979.001666546,25.5314
1403636979.051666498,22.9215
1403636979.101666451,26.7286
1403636979.151666403,28.4186
1403636979.201666594,23.2936
1403636979.251666546,28.2677
1403636979.301666498,25.4143
1403636979.351666451,22.562
1403636979.401666403,27.694
1403636979.451666594,28.1659
1403636979.501666546,22.7877
1403636979.551666498,25.865
1403636979.601666451,27.9631
1403636979.651666403,23.4147
1403636979.701666594,25.6356
1403636979.751666546,26.1548
1403636979.801666498,26.0346
1403636979.851666451,26.9067
1403636979.901666403,27.6804
1403636979.951666594,22.6654
1403636980.001666546,27.7031
1403636980.051666498,27.6752
1403636980.101666451,24.8626
1403636980.151666403,25.0182
1403636980.201666594,26.2361
1403636980.251666546,22.4849
1403636980.301666498,24.5786
1403636980.351666451,25.8458
1403636980.401666403,23.0752
1403636980.451666594,24.8561
1403636980.501666546,28.0376
1403636980.551666498,22.6552
1403636980.601666451,27.312
1403636980.651666403,26.4958
1403636980.701666594,22.7238
1403636980.751666546,28.0433
1403636980.801666498,28.1398
1403636980.851666451,22.5798
1403636980.901666403,26.4744
1403636980.951666594,26.1985
1403636981.001666546,22.5131
1403636981.051666498,25.8977
1403636981.101666451,26.9382
1403636981.151666403,22.0496
1403636981.201666594,28.3413
1403636981.251666546,28.339
1403636981.301666498,23.967
1403636981.351666451,26.4696
1403636981.401666403,23.9825
1403636981.451666594,22.5726
1403636981.501666546,28.1504
1403636981.551666498,25.8528
1403636981.601666451,22.6612
1403636981.651666403,24.3047
1403636981.701666594,27.4994
1403636981.751666546,23.1278
1403636981.801666498,25.5551
1403636981.851666451,25.7762
1403636981.901666403,21.807
1403636981.951666594,26.3363
1403636982.001666546,24.9655
1403636982.051666498,21.4902
1403636982.101666451,27.9851
1403636982.151666403,27.0994
1403636982.201666594,21.2239
1403636982.251666546,27.4798
1403636982.301666498,28.065
1403636982.351666451,24.0228
1403636982.401666403,22.9938
1403636982.451666594,24.8257
1403636982.501666546,21.1416
1403636982.551666498,27.1219
1403636982.601666451,27.5535
1403636982.651666403,22.9662
1403636982.701666594,23.9104
1403636982.751666546,26.5949
1403636982.801666498,22.8419
1403636982.851666451,25.0464
1403636982.901666403,23.3912
1403636982.951666594,22.6702
1403636983.001666546,22.7006
1403636983.051666498,25.2798
1403636983.101666451,22.332
1403636983.151666403,25.2607
1403636983.201666594,26.4541
1403636983.251666546,24.3484
1403636983.301666498,26.2583
1403636983.351666451,29.0558
1403636983.401666403,21.9109
1403636983.451666594,24.9719
1403636983.501666546,25.2729
1403636983.551666498,22.3743
1403636983.601666451,23.0018
1403636983.651666403,23.5486
1403636983.701666594,20.5296
1403636983.751666546,23.7624
1403636983.801666498,24.5249
1403636983.851666451,20.18
1403636983.901666403,26.0249
1403636983.951666594,24.5357
1403636984.001666546,20.6022
1403636984.051666498,26.9416
1403636984.101666451,23.908
1403636984.151666403,20.4754
1403636984.201666594,25.5217
1403636984.251666546,27.0523
1403636984.301666498,21.6489
1403636984.351666451,25.0244
1403636984.401666403,25.1355
1403636984.451666594,20.6756
1403636984.501666546,27.7681
1403636984.551666498,23.4209
1403636984.601666451,20.816
1403636984.651666403,26.9806
1403636984.701666594,26.2512
1403636984.751666546,23.3571
1403636984.801666498,25.5816
1403636984.851666451,24.2909
1403636984.901666403,21.5965
1403636984.951666594,26.3334
1403636985.001666546,23.6956
1403636985.051666498,21.6273
1403636985.101666451,22.7279
1403636985.151666403,24.5164
1403636985.201666594,21.4176
1403636985.251666546,23.2225
1403636985.301666498,24.2672
1403636985.351666451,23.6081
1403636985.401666403,22.9193
1403636985.451666594,25.7264
1403636985.501666546,22.4867
1403636985.551666498,23.1339
1403636985.601666451,22.8021
1403636985.651666403,23.2133
1403636985.701666594,23.2733
1403636985.751666546,24.6208
1403636985.801666498,21.6734
1403636985.851666451,23.5268
1403636985.901666403,25.4139
1403636985.951666594,22.667
1403636986.001666546,21.4717
1403636986.051666498,24.7891
1403636986.101666451,23.831
1403636986.151666403,24.7926
1403636986.201666594,25.6686
1403636986.251666546,20.3838
1403636986.301666498,25.1924
1403636986.351666451,25.1258
1403636986.401666403,22.5991
1403636986.451666594,22.0191
1403636986.501666546,26.9617
1403636986.551666498,20.9299
1403636986.601666451,27.0261
1403636986.651666403,25.4842
1403636986.701666594,21.3129
1403636986.751666546,24.4958
1403636986.801666498,24.233
1403636986.851666451,20.9368
1403636986.901666403,27.2318
1403636986.951666594,25.8209
1403636987.001666546,20.4994
1403636987.051666498,25.0025
1403636987.101666451,27.3982
1403636987.151666403,20.3303
1403636987.201666594,24.7821
1403636987.251666546,26.2135
1403636987.301666498,20.9994
1403636987.351666451,23.6023
1403636987.401666403,26.6908
1403636987.451666594,21.4874
1403636987.501666546,24.7146
1403636987.551666498,24.5385
1403636987.601666451,23.1546
1403636987.651666403,23.0418
1403636987.701666594,24.8359
1403636987.751666546,21.2066
1403636987.801666498,23.6303
1403636987.851666451,24.7447
1403636987.901666403,21.1592
1403636987.951666594,22.4823
1403636988.001666546,25.1652
1403636988.051666498,22.2671
1403636988.101666451,23.7321
1403636988.151666403,24.4698
1403636988.201666594,21.7782
1403636988.251666546,28.2635
1403636988.301666498,27.7709
1403636988.351666451,23.0752
1403636988.401666403,24.9246
1403636988.451666594,25.0626
1403636988.501666546,21.8317
1403636988.551666498,25.6562
1403636988.601666451,27.1218
1403636988.651666403,22.6322
1403636988.701666594,28.4531
1403636988.751666546,28.0386
1403636988.801666498,23.6968
1403636988.851666451,24.5339
1403636988.901666403,27.8116
1403636988.951666594,21.1801
1403636989.001666546,28.1258
1403636989.051666498,28.1832
1403636989.101666451,22.9263
1403636989.151666403,26.3275
1403636989.201666594,26.5066
1403636989.251666546,25.2102
1403636989.301666498,27.257
1403636989.351666451,28.406
1403636989.401666403,23.5181
1403636989.451666594,26.4659
1403636989.501666546,26.3112
1403636989.551666498,24.3561
1403636989.601666451,26.6654
1403636989.651666403,27.5963
1403636989.701666594,23.9688
1403636989.751666546,27.4346
1403636989.801666498,29.4491
1403636989.851666451,23.9872
1403636989.901666403,24.0093
1403636989.951666594,28.0827
1403636990.001666546,24.7204
1403636990.051666498,26.7436
1403636990.101666451,27.547
1403636990.151666403,25.3428
1403636990.201666594,26.7846
1403636990.251666546,26.4371
1403636990.301666498,24.2894
1403636990.351666451,27.0966
1403636990.401666403,26.0505
1403636990.451666594,23.1485
1403636990.501666546,23.6775
1403636990.551666498,26.9554
1403636990.601666451,22.1706
1403636990.651666403,27.9199
1403636990.701666594,26.5197
1403636990.751666546,23.6665
1403636990.801666498,25.4054
1403636990.851666451,26.2018
1403636990.901666403,24.3326
1403636990.951666594,24.0946
1403636991.001666546,27.5748
1403636991.051666498,24.1625
1403636991.101666451,27.2026
1403636991.151666403,25.7562
1403636991.201666594,22.4741
1403636991.251666546,26.8253
1403636991.301666498,27.4727
1403636991.351666451,25.1168
1403636991.401666403,24.8142
1403636991.451666594,28.6913
1403636991.501666546,24.5179
1403636991.551666498,25.587
1403636991.601666451,26.794
1403636991.651666403,24.7239
1403636991.701666594,28.3337
1403636991.751666546,27.1063
1403636991.801666498,24.2191
1403636991.851666451,25.906
1403636991.901666403,26.6889
1403636991.951666594,22.4185
1403636992.001666546,24.9698
1403636992.051666498,27.1701
1403636992.101666451,24.5647
1403636992.151666403,26.2962
1403636992.201666594,27.2997
1403636992.251666546,25.7342
1403636992.301666498,26.6878
1403636992.351666451,29.8048
1403636992.401666403,25.2862
1403636992.451666594,27.957
1403636992.501666546,29.5591
1403636992.551666498,24.9483
1403636992.601666451,27.3498
1403636992.651666403,27.7466
1403636992.701666594,24.5596
1403636992.751666546,26.9534
1403636992.801666498,24.9097
1403636992.851666451,23.9325
1403636992.901666403,28.9394
1403636992.951666594,29.881
1403636993.001666546,24.4847
1403636993.051666498,27.4476
1403636993.101666451,28.9401
1403636993.151666403,24.6775
1403636993.201666594,28.9778
1403636993.251666546,29.6926
1403636993.301666498,24.0947
1403636993.351666451,28.069
1403636993.401666403,28.972
1403636993.451666594,25.8425
1403636993.501666546,29.1096
1403636993.551666498,27.2795
1403636993.601666451,26.8867
1403636993.651666403,25.573
1403636993.701666594,30.1545
1403636993.751666546,24.8784
1403636993.801666498,28.8363
1403636993.851666451,29.8121
1403636993.901666403,24.962
1403636993.951666594,26.901
1403636994.001666546,29.9752
1403636994.051666498,24.9564
1403636994.101666451,28.3261
1403636994.151666403,28.2178
1403636994.201666594,24.303
1403636994.251666546,28.8534
1403636994.301666498,28.1622
1403636994.351666451,24.4248
1403636994.401666403,30.022
1403636994.451666594,27.8144
1403636994.501666546,24.663
1403636994.551666498,30.5347
1403636994.601666451,29.4227
1403636994.651666403,25.0509
1403636994.701666594,29.8221
1403636994.751666546,29.5561
1403636994.801666498,23.9631
1403636994.851666451,29.202
1403636994.901666403,29.3801
1403636994.951666594,25.3625
1403636995.001666546,29.534
1403636995.051666498,30.9641
1403636995.101666451,25.3549
1403636995.151666403,28.6152
1403636995.201666594,30.0928
1403636995.251666546,25.3184
1403636995.301666498,27.4099
1403636995.351666451,30.5037
1403636995.401666403,25.4595
1403636995.451666594,28.4483
1403636995.501666546,28.1971
1403636995.551666498,25.6876
1403636995.601666451,27.3185
1403636995.651666403,25.4265
1403636995.701666594,25.9518
1403636995.751666546,27.8895
1403636995.801666498,28.7231
1403636995.851666451,26.0471
1403636995.901666403,27.9008
1403636995.951666594,28.5751
1403636996.001666546,26.2296
1403636996.051666498,28.7744
1403636996.101666451,28.5979
1403636996.151666403,25.8829
1403636996.201666594,27.8393
1403636996.251666546,28.3921
1403636996.301666498,27.6506
1403636996.351666451,27.8085
1403636996.401666403,30.7485
1403636996.451666594,25.4864
1403636996.501666546,27.7446
1403636996.551666498,30.8312
1403636996.601666451,25.6444
1403636996.651666403,29.0779
1403636996.701666594,30.0751
1403636996.751666546,25.57
1403636996.801666498,28.5708
1403636996.851666451,28.8853
1403636996.901666403,23.5485
1403636996.951666594,29.4766
1403636997.001666546,27.1831
1403636997.051666498,24.0734
1403636997.101666451,25.9903
1403636997.151666403,25.0546
1403636997.201666594,23.0636
1403636997.251666546,29.3921
1403636997.301666498,29.2963
1403636997.351666451,24.5511
1403636997.401666403,25.5495
1403636997.451666594,27.1272
1403636997.501666546,26.2913
1403636997.551666498,27.2334
1403636997.601666451,24.8757
1403636997.651666403,25.2758
1403636997.701666594,25.564
1403636997.751666546,29.2889
1403636997.801666498,24.7121
1403636997.851666451,26.563
1403636997.901666403,28.9679
1403636997.951666594,23.8606
1403636998.001666546,26.4621
1403636998.051666498,26.7239
1403636998.101666451,23.7302
1403636998.151666403,25.7302
1403636998.201666594,27.2873
1403636998.251666546,24.3341
1403636998.301666498,25.2904
1403636998.351666451,28.6734
1403636998.401666403,24.6249
1403636998.451666594,26.1037
1403636998.501666546,27.3169
1403636998.551666498,24.2777
1403636998.601666451,25.3528
1403636998.651666403,25.8183
1403636998.701666594,24.5807
1403636998.751666546,25.769
1403636998.801666498,25.9357
1403636998.851666451,22.9734
1403636998.901666403,27.1752
1403636998.951666594,26.1523
1403636999.001666546,24.8157
1403636999.051666498,28.8839
1403636999.101666451,27.333
1403636999.151666403,25.1787
1403636999.201666594,27.11
1403636999.251666546,29.8714
1403636999.301666498,25.9516
1403636999.351666451,26.6694
1403636999.401666403,30.9421
1403636999.451666594,26.3987
1403636999.501666546,27.1579
1403636999.551666498,28.5964
1403636999.601666451,27.326
1403636999.651666403,29.5095
1403636999.701666594,26.8946
1403636999.751666546,26.627
1403636999.801666498,29.7957
1403636999.851666451,28.5712
1403636999.901666403,25.7026
1403636999.951666594,27.7852
1403637000.001666546,27.1914
1403637000.051666498,26.1872
1403637000.101666451,28.9916
1403637000.151666403,27.9364
1403637000.201666594,25.223
1403637000.251666546,26.5001
1403637000.301666498,28.0178
1403637000.351666451,24.0332
1403637000.401666403,28.3656
1403637000.451666594,31.0129
1403637000.501666546,26.0176
1403637000.551666498,26.6518
1403637000.601666451,27.5817
1403637000.651666403,25.0591
1403637000.701666594,26.0588
1403637000.751666546,29.2914
1403637000.801666498,25.3628
1403637000.851666451,29.8801
1403637000.901666403,27.5393
1403637000.951666594,26.1861
1403637001.001666546,29.5751
1403637001.051666498,30.4072
1403637001.101666451,25.8102
1403637001.151666403,29.2859
1403637001.201666594,29.7723
1403637001.251666546,25.3349
1403637001.301666498,25.1859
1403637001.351666451,26.4418
1403637001.401666403,25.6208
1403637001.451666594,24.3664
1403637001.501666546,27.0651
1403637001.551666498,25.7216
1403637001.601666451,29.7962
1403637001.651666403,30.4073
1403637001.701666594,25.6135
1403637001.751666546,29.7139
1403637001.801666498,30.8453
1403637001.851666451,25.0242
1403637001.901666403,25.6339
1403637001.951666594,28.9728
1403637002.001666546,25.2444
1403637002.051666498,27.2978
1403637002.101666451,29.8661
1403637002.151666403,24.4251
1403637002.201666594,29.5976
1403637002.251666546,28.5073
1403637002.301666498,25.8072
1403637002.351666451,27.736
1403637002.401666403,27.6388
1403637002.451666594,25.7384
1403637002.501666546,26.2851
1403637002.551666498,29.1002
1403637002.601666451,24.8263
1403637002.651666403,28.4953
1403637002.701666594,27.4051
1403637002.751666546,24.6766
1403637002.801666498,26.7854
1403637002.851666451,26.3581
1403637002.901666403,24.9586
1403637002.951666594,26.1797
1403637003.001666546,28.1875
1403637003.051666498,25.8268
1403637003.101666451,26.3283
1403637003.151666403,28.1703
1403637003.201666594,24.984
1403637003.251666546,25.7228
1403637003.301666498,27.4651
1403637003.351666451,24.1477
1403637003.401666403,25.0777
1403637003.451666594,28.5214
1403637003.501666546,22.5044
1403637003.551666498,23.9094
1403637003.601666451,24.8083
1403637003.651666403,21.7528
1403637003.701666594,23.1262
1403637003.751666546,24.4952
1403637003.801666498,21.3033
1403637003.851666451,22.763
1403637003.901666403,23.9782
1403637003.951666594,21.1888
1403637004.001666546,21.5395
1403637004.051666498,23.5078
1403637004.101666451,20.9314
1403637004.151666403,22.9187
1403637004.201666594,23.3209
1403637004.251666546,20.5721
1403637004.301666498,23.5636
1403637004.351666451,22.1574
1403637004.401666403,19.3655
1403637004.451666594,25.6542
1403637004.501666546,23.1431
1403637004.551666498,21.5016
1403637004.601666451,24.4011
1403637004.651666403,25.7408
1403637004.701666594,21.3669
1403637004.751666546,25.8301
1403637004.801666498,23.9332
1403637004.851666451,22.109
1403637004.901666403,22.7829
1403637004.951666594,23.4236
1403637005.001666546,21.1353
1403637005.051666498,22.7634
1403637005.101666451,24.0405
1403637005.151666403,21.9316
1403637005.201666594,25.2569
1403637005.251666546,26.1878
1403637005.301666498,21.836
1403637005.351666451,23.2168
1403637005.401666403,23.8726
1403637005.451666594,21.541
1403637005.501666546,23.8026
1403637005.551666498,24.8846
1403637005.601666451,20.0032
1403637005.651666403,25.1828
1403637005.701666594,24.6236
1403637005.751666546,21.6576
1403637005.801666498,22.1359
1403637005.851666451,26.852
1403637005.901666403,21.0814
1403637005.951666594,24.7454
1403637006.001666546,26.0301
1403637006.051666498,20.4255
1403637006.101666451,26.3047
1403637006.151666403,23.8244
1403637006.201666594,22.9094
1403637006.251666546,25.0273
1403637006.301666498,24.4108
1403637006.351666451,19.9334
1403637006.401666403,24.8027
1403637006.451666594,23.3755
1403637006.501666546,22.744
1403637006.551666498,23.0856
1403637006.601666451,23.4896
1403637006.651666403,18.9554
1403637006.701666594,26.0497
1403637006.751666546,22.9199
1403637006.801666498,22.192
1403637006.851666451,23.7949
1403637006.901666403,22.7333
1403637006.951666594,20.1592
1403637007.001666546,20.905
1403637007.051666498,22.4684
1403637007.101666451,17.4265
1403637007.151666403,24.128
1403637007.201666594,21.3629
1403637007.251666546,18.2554
1403637007.301666498,20.1171
1403637007.351666451,21.2486
1403637007.401666403,16.8027
1403637007.451666594,19.6234
1403637007.501666546,21.1239
1403637007.551666498,16.9816
1403637007.601666451,21.4546
1403637007.651666403,21.5736
1403637007.701666594,16.2249
1403637007.751666546,22.2779
1403637007.801666498,19.357
1403637007.851666451,16.4308
1403637007.901666403,18.6977
1403637007.951666594,22.9871
1403637008.001666546,17.1538
1403637008.051666498,17.9638
1403637008.101666451,20.4662
1403637008.151666403,15.7387
1403637008.201666594,19.4549
1403637008.251666546,19.2591
1403637008.301666498,14.5427
1403637008.351666451,19.5081
1403637008.401666403,21.5066
1403637008.451666594,18.399
1403637008.501666546,20.0311
1403637008.551666498,19.5623
1403637008.601666451,18.1197
1403637008.651666403,19.8039
1403637008.701666594,20.0823
1403637008.751666546,18.3729
1403637008.801666498,19.084
1403637008.851666451,19.6454
1403637008.901666403,19.5245
1403637008.951666594,21.9543
1403637009.001666546,18.5142
1403637009.051666498,13.8713
1403637009.101666451,17.0775
1403637009.151666403,21.4912
1403637009.201666594,14.4543
1403637009.251666546,18.2831
1403637009.301666498,18.8974
1403637009.351666451,17.3866
1403637009.401666403,17.5556
1403637009.451666594,18.803
1403637009.501666546,16.744
1403637009.551666498,17.4497
1403637009.601666451,20.49
1403637009.651666403,17.428
1403637009.701666594,19.814
1403637009.751666546,17.5825
1403637009.801666498,18.3571
1403637009.851666451,17.6437
1403637009.901666403,21.1144
1403637009.951666594,14.7526
1403637010.001666546,21.446
1403637010.051666498,21.0205
1403637010.101666451,16.9694
1403637010.151666403,20.3483
1403637010.201666594,21.9776
1403637010.251666546,17.5311
1403637010.301666498,20.5656
1403637010.351666451,18.8399
1403637010.401666403,14.3501
1403637010.451666594,20.7756
1403637010.501666546,18.9793
1403637010.551666498,14.121
1403637010.601666451,21.2793
