1403638127.295097113,2870.78
1403638127.345097065,3080.08
1403638127.395097017,3252.8
1403638127.44509697,3406.81
1403638127.495096922,3559.51
1403638127.545097113,3703.57
1403638127.595097065,3867.11
1403638127.645097017,4019.93
1403638127.69509697,4150.23
1403638127.745096922,4320.76
1403638127.795097113,4469.2
1403638127.845097065,4614.29
1403638127.895097017,4797.05
1403638127.94509697,4968.68
1403638127.995096922,5117.41
1403638128.045097113,5289.57
1403638128.095097065,5429.39
1403638128.145097017,5567.89
1403638128.19509697,5730.53
1403638128.245096922,5868.21
1403638128.295097113,6008.69
1403638128.345097065,6194.91
1403638128.395097017,6340.09
1403638128.44509697,6487.04
1403638128.495096922,6632.27
1403638128.545097113,6782.97
1403638128.595097065,6932.5
1403638128.645097017,7078.45
1403638128.69509697,7224.41
1403638128.745096922,7360.93
1403638128.795097113,7521.55
1403638128.845097065,7668.28
1403638128.895097017,7827.31
1403638128.94509697,7983.29
1403638128.995096922,8136.59
1403638129.045097113,8279.56
1403638129.095097065,8456.66
1403638129.145097017,8600.6
1403638129.19509697,8729.78
1403638129.245096922,8900.21
1403638129.295097113,9048.91
1403638129.345097065,9172.88
1403638129.395097017,9336.21
1403638129.44509697,9489.61
1403638129.495096922,9620.92
1403638129.545097113,9775.48
1403638129.595097065,9917.07
1403638129.645097017,10063.6
1403638129.69509697,10206.5
1403638129.745096922,10357.8
1403638129.795097113,10529.1
1403638129.845097065,10659.3
1403638129.895097017,10826.3
1403638129.94509697,10970.3
1403638129.995096922,11112.1
1403638130.045097113,11257.6
1403638130.095097065,11402.2
1403638130.145097017,11538.8
1403638130.19509697,11696.1
1403638130.245096922,11828.9
1403638130.295097113,11990.2
1403638130.345097065,12142
1403638130.395097017,12292.4
1403638130.44509697,12446.8
1403638130.495096922,12599.9
1403638130.545097113,12764.9
1403638130.595097065,12914.7
1403638130.645097017,13083.1
1403638130.69509697,13233.2
1403638130.745096922,13389.6
1403638130.795097113,13548.3
1403638130.845097065,13691.1
1403638130.895097017,13854
1403638130.94509697,14011.6
1403638130.995096922,14145.1
1403638131.045097113,14289.2
1403638131.095097065,14441.8
1403638131.145097017,14583.7
1403638131.19509697,14728.1
1403638131.245096922,14881.4
1403638131.295097113,15036.4
1403638131.345097065,15172.1
1403638131.395097017,15332.1
1403638131.44509697,15486.9
1403638131.495096922,15642.2
1403638131.545097113,15790.9
1403638131.595097065,15924.3
1403638131.645097017,16102.2
1403638131.69509697,16259.9
1403638131.745096922,16417.3
1403638131.795097113,16573.4
1403638131.845097065,16707.9
1403638131.895097017,16868.3
1403638131.94509697,17022
1403638131.995096922,17171
1403638132.045097113,17326.1
1403638132.095097065,17495.3
1403638132.145097017,17622.7
1403638132.19509697,17789.5
1403638132.245096922,17928.1
1403638132.295097113,18101.4
1403638132.345097065,18242.6
1403638132.395097017,18390.3
1403638132.44509697,18528.8
1403638132.495096922,18667.8
1403638132.545097113,18840.6
1403638132.595097065,19009
1403638132.645097017,19158.8
1403638132.69509697,19319.8
1403638132.745096922,19446
1403638132.795097113,19623.4
1403638132.845097065,19757.6
1403638132.895097017,19926.4
1403638132.94509697,20077.2
1403638132.995096922,20271
1403638133.045097113,20427.3
1403638133.095097065,20573.3
1403638133.145097017,20725.4
1403638133.19509697,20909.2
1403638133.245096922,21039.8
1403638133.295097113,21191.2
1403638133.345097065,21347.2
1403638133.395097017,21489.8
1403638133.44509697,21641.7
1403638133.495096922,21803.9
1403638133.545097113,21953.3
1403638133.595097065,22132.9
1403638133.645097017,22267.4
1403638133.69509697,22434.1
1403638133.745096922,22584.9
1403638133.795097113,22714.9
1403638133.845097065,22870
1403638133.895097017,23024.3
1403638133.94509697,23165.2
1403638133.995096922,23332.8
1403638134.045097113,23498.1
1403638134.095097065,23630.2
1403638134.145097017,23791
1403638134.19509697,23961.4
1403638134.245096922,24102.3
1403638134.295097113,24258.6
1403638134.345097065,24419.5
1403638134.395097017,24575.8
1403638134.44509697,24733.1
1403638134.495096922,24893
1403638134.545097113,25048.8
1403638134.595097065,25201.6
1403638134.645097017,25364.2
1403638134.69509697,25495.9
1403638134.745096922,25642.9
1403638134.795097113,25832.2
1403638134.845097065,25959.6
1403638134.895097017,26139.8
1403638134.94509697,26280.4
1403638134.995096922,26430.9
1403638135.045097113,26593.1
1403638135.095097065,26775
1403638135.145097017,26938.1
1403638135.19509697,27093.5
1403638135.245096922,27258.5
1403638135.295097113,27410.3
1403638135.345097065,27568.2
1403638135.395097017,27728.2
1403638135.44509697,27890.9
1403638135.495096922,28039
1403638135.545097113,28204.7
1403638135.595097065,28359.5
1403638135.645097017,28494.9
1403638135.69509697,28694.3
1403638135.745096922,28833.4
1403638135.795097113,28959.8
1403638135.845097065,29135.6
1403638135.895097017,29273.3
1403638135.94509697,29435.6
1403638135.995096922,29578.7
1403638136.045097113,29726.6
1403638136.095097065,29888
1403638136.145097017,30046.5
1403638136.19509697,30186.3
1403638136.245096922,30360.8
1403638136.295097113,30503.5
1403638136.345097065,30649
1403638136.395097017,30817.3
1403638136.44509697,30960.9
1403638136.495096922,31120.2
1403638136.545097113,31260
1403638136.595097065,31410.9
1403638136.645097017,31561.5
1403638136.69509697,31734.8
1403638136.745096922,31892.5
1403638136.795097113,32054.8
1403638136.845097065,32188.5
1403638136.895097017,32349.5
1403638136.94509697,32514.6
1403638136.995096922,32668.2
1403638137.045097113,32833.8
1403638137.095097065,32982.1
1403638137.145097017,33150
1403638137.19509697,33302.5
1403638137.245096922,33470.4
1403638137.295097113,33630.5
1403638137.345097065,33783.1
1403638137.395097017,33951.5
1403638137.44509697,34104
1403638137.495096922,34262.9
1403638137.545097113,34396.1
1403638137.595097065,34552.4
1403638137.645097017,34706.6
1403638137.69509697,34869.8
1403638137.745096922,35032.4
1403638137.795097113,35193.6
1403638137.845097065,35333.4
1403638137.895097017,35478.3
1403638137.94509697,35638.4
1403638137.995096922,35787.9
1403638138.045097113,35937.9
1403638138.095097065,36094.9
1403638138.145097017,36235.8
1403638138.19509697,36388.1
1403638138.245096922,36526.3
1403638138.295097113,36685.8
1403638138.345097065,36830.1
1403638138.395097017,36989.1
1403638138.44509697,37135
1403638138.495096922,37294.4
1403638138.545097113,37442.4
1403638138.595097065,37609
1403638138.645097017,37776.7
1403638138.69509697,37943.1
1403638138.745096922,38116.4
1403638138.795097113,38266.4
1403638138.845097065,38407.4
1403638138.895097017,38565.8
1403638138.94509697,38706.4
1403638138.995096922,38868.2
1403638139.045097113,39010.9
1403638139.095097065,39154.1
1403638139.145097017,39288.7
1403638139.19509697,39453.6
1403638139.245096922,39601.1
1403638139.295097113,39775.3
1403638139.345097065,39932.8
1403638139.395097017,40097.4
1403638139.44509697,40239.5
1403638139.495096922,40407.1
1403638139.545097113,40548.5
1403638139.595097065,40708.4
1403638139.645097017,40832.6
1403638139.69509697,40974
1403638139.745096922,41132.4
1403638139.795097113,41283.5
1403638139.845097065,41439
1403638139.895097017,41606.6
1403638139.94509697,41747
1403638139.995096922,41903.8
1403638140.045097113,42096.1
1403638140.095097065,42238.8
1403638140.145097017,42395.3
1403638140.19509697,42562.4
1403638140.245096922,42709.1
1403638140.295097113,42853.9
1403638140.345097065,43007.6
1403638140.395097017,43161.5
1403638140.44509697,43307.5
1403638140.495096922,43459.9
1403638140.545097113,43612.8
1403638140.595097065,43759
1403638140.645097017,43925.8
1403638140.69509697,44093.4
1403638140.745096922,44216.7
1403638140.795097113,44387.5
1403638140.845097065,44541.9
1403638140.895097017,44677
1403638140.94509697,44852.2
1403638140.995096922,45001.1
1403638141.045097113,45150.7
1403638141.095097065,45307
1403638141.145097017,45456.1
1403638141.19509697,45605.9
1403638141.245096922,45766.5
1403638141.295097113,45900.2
1403638141.345097065,46068.4
1403638141.395097017,46226.5
1403638141.44509697,46366.8
1403638141.495096922,46527
1403638141.545097113,46667
1403638141.595097065,46824.3
1403638141.645097017,46954.8
1403638141.69509697,47131.9
1403638141.745096922,47267.8
1403638141.795097113,47435.9
1403638141.845097065,47611
1403638141.895097017,47740.2
1403638141.94509697,47906.7
1403638141.995096922,48062.8
1403638142.045097113,48220.1
1403638142.095097065,48365.3
1403638142.145097017,48530.6
1403638142.19509697,48675.4
1403638142.245096922,48820.5
1403638142.295097113,48983
1403638142.345097065,49146
1403638142.395097017,49293.2
1403638142.44509697,49440
1403638142.495096922,49612.9
1403638142.545097113,49747.7
1403638142.595097065,49916.1
1403638142.645097017,50044.1
1403638142.69509697,50211.8
1403638142.745096922,50366.3
1403638142.795097113,50521.9
1403638142.845097065,50693.9
1403638142.895097017,50863.1
1403638142.94509697,51016.5
1403638142.995096922,51177.5
1403638143.045097113,51344.3
1403638143.095097065,51487.6
1403638143.145097017,51644
1403638143.19509697,51811
1403638143.245096922,51960
1403638143.295097113,52092.5
1403638143.345097065,52252
1403638143.395097017,52419
1403638143.44509697,52573.9
1403638143.495096922,52718.8
1403638143.545097113,52883.9
1403638143.595097065,53017.3
1403638143.645097017,53182.9
1403638143.69509697,53335.7
1403638143.745096922,53507.6
1403638143.795097113,53670.7
1403638143.845097065,53815
1403638143.895097017,53948.3
1403638143.94509697,54133.4
1403638143.995096922,54275.6
1403638144.045097113,54449.6
1403638144.095097065,54608.3
1403638144.145097017,54759.5
1403638144.19509697,54892.6
1403638144.245096922,55071.1
1403638144.295097113,55195.9
1403638144.345097065,55336.1
1403638144.395097017,55530.7
1403638144.44509697,55684.2
1403638144.495096922,55858.1
1403638144.545097113,56026
1403638144.595097065,56168.9
1403638144.645097017,56313.7
1403638144.69509697,56485.1
1403638144.745096922,56621.8
1403638144.795097113,56801
1403638144.845097065,56946.8
1403638144.895097017,57111.5
1403638144.94509697,57267.4
1403638144.995096922,57435.7
1403638145.045097113,57597.1
1403638145.095097065,57741.2
1403638145.145097017,57884.5
1403638145.19509697,58052.9
1403638145.245096922,58208.2
1403638145.295097113,58357
1403638145.345097065,58513.7
1403638145.395097017,58679.2
1403638145.44509697,58814.6
1403638145.495096922,58963
1403638145.545097113,59121
1403638145.595097065,59296.9
1403638145.645097017,59450.3
1403638145.69509697,59593.6
1403638145.745096922,59744.8
1403638145.795097113,59901.2
1403638145.845097065,60050.2
1403638145.895097017,60220.1
1403638145.94509697,60362.6
1403638145.995096922,60516.9
1403638146.045097113,60690.7
1403638146.095097065,60833.9
1403638146.145097017,60979.3
1403638146.19509697,61128.2
1403638146.245096922,61273.2
1403638146.295097113,61420.5
1403638146.345097065,61583.5
1403638146.395097017,61740.1
1403638146.44509697,61872.4
1403638146.495096922,62046.3
1403638146.545097113,62199.7
1403638146.595097065,62323.7
1403638146.645097017,62497.7
1403638146.69509697,62660.4
1403638146.745096922,62832.4
1403638146.795097113,63005.3
1403638146.845097065,63156.4
1403638146.895097017,63303
1403638146.94509697,63481.1
1403638146.995096922,63606.4
1403638147.045097113,63768.9
1403638147.095097065,63929.9
1403638147.145097017,64090.4
1403638147.19509697,64252.9
1403638147.245096922,64411.8
1403638147.295097113,64562.8
1403638147.345097065,64713.3
1403638147.395097017,64873.4
1403638147.44509697,65018.5
1403638147.495096922,65175
1403638147.545097113,65318.4
1403638147.595097065,65474.7
1403638147.645097017,65603
1403638147.69509697,65778.9
1403638147.745096922,65931.8
1403638147.795097113,66066.7
1403638147.845097065,66243.4
1403638147.895097017,66391
1403638147.94509697,66542.7
1403638147.995096922,66690.4
1403638148.045097113,66857.5
1403638148.095097065,67012.3
1403638148.145097017,67163.9
1403638148.19509697,67315.6
1403638148.245096922,67454.2
1403638148.295097113,67626.9
1403638148.345097065,67777.4
1403638148.395097017,67937.3
1403638148.44509697,68096.2
1403638148.495096922,68242.1
1403638148.545097113,68403.3
1403638148.595097065,68573.3
1403638148.645097017,68739.5
1403638148.69509697,68872.4
1403638148.745096922,69061.6
1403638148.795097113,69221.8
1403638148.845097065,69352.5
1403638148.895097017,69520.8
1403638148.94509697,69685
1403638148.995096922,69818.6
1403638149.045097113,69975.2
1403638149.095097065,70115.4
1403638149.145097017,70257.3
1403638149.19509697,70404.4
1403638149.245096922,70572.8
1403638149.295097113,70713.5
1403638149.345097065,70871.8
1403638149.395097017,71035.7
1403638149.44509697,71169.1
1403638149.495096922,71342.8
1403638149.545097113,71506.3
1403638149.595097065,71653.8
1403638149.645097017,71809.6
1403638149.69509697,71956.2
1403638149.745096922,72085.9
1403638149.795097113,72281.8
1403638149.845097065,72445.8
1403638149.895097017,72582.2
1403638149.94509697,72725.8
1403638149.995096922,72872
1403638150.045097113,73072.5
1403638150.095097065,73220
1403638150.145097017,73390.8
1403638150.19509697,73527.4
1403638150.245096922,73688.5
1403638150.295097113,73823.9
1403638150.345097065,73988.1
1403638150.395097017,74142.8
1403638150.44509697,74289.1
1403638150.495096922,74436
1403638150.545097113,74604.9
1403638150.595097065,74750
1403638150.645097017,74895.5
1403638150.69509697,75047.7
1403638150.745096922,75212.7
1403638150.795097113,75372.5
1403638150.845097065,75517.4
1403638150.895097017,75692
1403638150.94509697,75845.9
1403638150.995096922,76007.3
1403638151.045097113,76165
1403638151.095097065,76317.7
1403638151.145097017,76502.6
1403638151.19509697,76644.5
1403638151.245096922,76791.6
1403638151.295097113,76995.5
1403638151.345097065,77150.9
1403638151.395097017,77285.4
1403638151.44509697,77451.5
1403638151.495096922,77603
1403638151.545097113,77755.6
1403638151.595097065,77918.5
1403638151.645097017,78064
1403638151.69509697,78204.2
1403638151.745096922,78415.3
1403638151.795097113,78562.1
1403638151.845097065,78711.5
1403638151.895097017,78896.4
1403638151.94509697,79034
1403638151.995096922,79175.1
1403638152.045097113,79340.5
1403638152.095097065,79499.2
1403638152.145097017,79650.9
1403638152.19509697,79794.2
1403638152.245096922,79949.3
1403638152.295097113,80114.6
1403638152.345097065,80278.9
1403638152.395097017,80427
1403638152.44509697,80566.4
1403638152.495096922,80748.3
1403638152.545097113,80867.7
1403638152.595097065,81013
1403638152.645097017,81205.4
1403638152.69509697,81340.4
1403638152.745096922,81509.4
1403638152.795097113,81663.5
1403638152.845097065,81825.1
1403638152.895097017,81976.1
1403638152.94509697,82136.6
1403638152.995096922,82282.4
1403638153.045097113,82415.7
1403638153.095097065,82605.1
1403638153.145097017,82754.5
1403638153.19509697,82897.8
1403638153.245096922,83090.4
1403638153.295097113,83239
1403638153.345097065,83392.4
1403638153.395097017,83549.9
1403638153.44509697,83678.4
1403638153.495096922,83852.1
1403638153.545097113,84012.8
1403638153.595097065,84144.3
1403638153.645097017,84316
1403638153.69509697,84475.4
1403638153.745096922,84636
1403638153.795097113,84786.5
1403638153.845097065,84948.6
1403638153.895097017,85100.6
1403638153.94509697,85253.5
1403638153.995096922,85422.4
1403638154.045097113,85573.1
1403638154.095097065,85702.6
1403638154.145097017,85868
1403638154.19509697,86030.3
1403638154.245096922,86177.5
1403638154.295097113,86363.2
1403638154.345097065,86522
1403638154.395097017,86675.4
1403638154.44509697,86840.8
1403638154.495096922,86997.2
1403638154.545097113,87151.8
1403638154.595097065,87307
1403638154.645097017,87477
1403638154.69509697,87623.4
1403638154.745096922,87782.6
1403638154.795097113,87932.4
1403638154.845097065,88100.8
1403638154.895097017,88253.2
1403638154.94509697,88419.4
1403638154.995096922,88571.1
1403638155.045097113,88709.8
1403638155.095097065,88872.5
1403638155.145097017,89015.1
1403638155.19509697,89207.3
1403638155.245096922,89364.6
1403638155.295097113,89502.7
1403638155.345097065,89656.8
1403638155.395097017,89825.8
1403638155.44509697,89963.3
1403638155.495096922,90126.9
1403638155.545097113,90289.6
1403638155.595097065,90416.2
1403638155.645097017,90574.6
1403638155.69509697,90751.3
1403638155.745096922,90898.5
1403638155.795097113,91054.7
1403638155.845097065,91205.2
1403638155.895097017,91352.8
1403638155.94509697,91514.4
1403638155.995096922,91692.3
1403638156.045097113,91853
1403638156.095097065,92011.2
1403638156.145097017,92160.9
1403638156.19509697,92310
1403638156.245096922,92493.6
1403638156.295097113,92688.5
1403638156.345097065,92840.2
1403638156.395097017,93004.2
1403638156.44509697,93142
1403638156.495096922,93309.3
1403638156.545097113,93479.1
1403638156.595097065,93623.8
1403638156.645097017,93784.2
1403638156.69509697,93943.7
1403638156.745096922,94100
1403638156.795097113,94241.5
1403638156.845097065,94434.3
1403638156.895097017,94579.7
1403638156.94509697,94727.9
1403638156.995096922,94907.5
1403638157.045097113,95055.5
1403638157.095097065,95212.7
1403638157.145097017,95394.2
1403638157.19509697,95571.6
1403638157.245096922,95718.9
1403638157.295097113,95895.3
1403638157.345097065,96038.7
1403638157.395097017,96172.3
1403638157.44509697,96382.8
1403638157.495096922,96545
1403638157.545097113,96695.1
1403638157.595097065,96859.5
1403638157.645097017,97001.7
1403638157.69509697,97156.2
1403638157.745096922,97324
1403638157.795097113,97472.2
1403638157.845097065,97625.5
1403638157.895097017,97807.9
1403638157.94509697,97976.8
1403638157.995096922,98105.9
1403638158.045097113,98309.4
1403638158.095097065,98469.2
1403638158.145097017,98612.3
1403638158.19509697,98802
1403638158.245096922,98966.3
1403638158.295097113,99108
1403638158.345097065,99283.8
1403638158.395097017,99428.5
1403638158.44509697,99588
1403638158.495096922,99781.5
1403638158.545097113,99912.9
1403638158.595097065,100059
1403638158.645097017,100262
1403638158.69509697,100406
1403638158.745096922,100557
1403638158.795097113,100718
1403638158.845097065,100871
1403638158.895097017,101032
1403638158.94509697,101236
1403638158.995096922,101440
1403638159.045097113,101583
1403638159.095097065,101770
1403638159.145097017,101926
1403638159.19509697,102071
1403638159.245096922,102239
1403638159.295097113,102391
1403638159.345097065,102524
1403638159.395097017,102697
1403638159.44509697,102839
1403638159.495096922,103005
1403638159.545097113,103170
1403638159.595097065,103317
1403638159.645097017,103474
1403638159.69509697,103660
1403638159.745096922,103800
1403638159.795097113,103952
1403638159.845097065,104129
1403638159.895097017,104306
1403638159.94509697,104464
1403638159.995096922,104653
1403638160.045097113,104831
1403638160.095097065,104982
1403638160.145097017,105144
1403638160.19509697,105312
1403638160.245096922,105466
1403638160.295097113,105643
1403638160.345097065,105795
1403638160.395097017,105973
1403638160.44509697,106141
1403638160.495096922,106292
1403638160.545097113,106473
1403638160.595097065,106596
1403638160.645097017,106767
1403638160.69509697,106921
1403638160.745096922,107071
1403638160.795097113,107252
1403638160.845097065,107393
1403638160.895097017,107558
1403638160.94509697,107700
1403638160.995096922,107858
1403638161.045097113,108027
1403638161.095097065,108174
1403638161.145097017,108316
1403638161.19509697,108500
1403638161.245096922,108644
1403638161.295097113,108799
1403638161.345097065,108966
1403638161.395097017,109118
1403638161.44509697,109268
1403638161.495096922,109425
1403638161.545097113,109574
1403638161.595097065,109725
1403638161.645097017,109911
1403638161.69509697,110085
1403638161.745096922,110235
1403638161.795097113,110402
1403638161.845097065,110556
1403638161.895097017,110703
1403638161.94509697,110868
1403638161.995096922,111018
1403638162.045097113,111175
1403638162.095097065,111359
1403638162.145097017,111503
1403638162.19509697,111652
1403638162.245096922,111824
1403638162.295097113,111994
1403638162.345097065,112143
1403638162.395097017,112315
1403638162.44509697,112480
1403638162.495096922,112618
1403638162.545097113,112812
1403638162.595097065,112963
1403638162.645097017,113117
1403638162.69509697,113298
1403638162.745096922,113429
1403638162.795097113,113569
1403638162.845097065,113759
1403638162.895097017,113895
1403638162.94509697,114054
1403638162.995096922,114225
1403638163.045097113,114364
1403638163.095097065,114528
1403638163.145097017,114699
1403638163.19509697,114850
1403638163.245096922,115010
1403638163.295097113,115180
1403638163.345097065,115330
1403638163.395097017,115482
1403638163.44509697,115675
1403638163.495096922,115840
1403638163.545097113,116057
1403638163.595097065,116206
1403638163.645097017,116343
1403638163.69509697,116500
1403638163.745096922,116683
1403638163.795097113,116813
1403638163.845097065,116977
1403638163.895097017,117150
1403638163.94509697,117303
1403638163.995096922,117458
1403638164.045097113,117625
1403638164.095097065,117782
1403638164.145097017,117947
1403638164.19509697,118123
1403638164.245096922,118291
1403638164.295097113,118437
1403638164.345097065,118597
1403638164.395097017,118733
1403638164.44509697,118894
1403638164.495096922,119063
1403638164.545097113,119219
1403638164.595097065,119373
1403638164.645097017,119544
1403638164.69509697,119684
1403638164.745096922,119842
1403638164.795097113,120010
1403638164.845097065,120162
1403638164.895097017,120323
1403638164.94509697,120495
1403638164.995096922,120664
1403638165.045097113,120813
1403638165.095097065,120992
1403638165.145097017,121155
1403638165.19509697,121312
1403638165.245096922,121479
1403638165.295097113,121634
1403638165.345097065,121782
1403638165.395097017,121964
1403638165.44509697,122123
1403638165.495096922,122275
1403638165.545097113,122457
1403638165.595097065,122606
1403638165.645097017,122738
1403638165.69509697,122947
1403638165.745096922,123098
1403638165.795097113,123239
1403638165.845097065,123434
1403638165.895097017,123597
1403638165.94509697,123744
1403638165.995096922,123922
1403638166.045097113,124088
1403638166.095097065,124238
1403638166.145097017,124417
1403638166.19509697,124573
1403638166.245096922,124723
1403638166.295097113,124916
1403638166.345097065,125074
1403638166.395097017,125212
1403638166.44509697,125384
1403638166.495096922,125532
1403638166.545097113,125676
1403638166.595097065,125839
1403638166.645097017,125991
1403638166.69509697,126137
1403638166.745096922,126301
1403638166.795097113,126444
1403638166.845097065,126615
1403638166.895097017,126794
1403638166.94509697,126966
1403638166.995096922,127118
1403638167.045097113,127294
1403638167.095097065,127431
1403638167.145097017,127586
1403638167.19509697,127769
1403638167.245096922,127919
1403638167.295097113,128081
1403638167.345097065,128246
1403638167.395097017,128395
1403638167.44509697,128557
1403638167.495096922,128732
1403638167.545097113,128879
1403638167.595097065,129043
1403638167.645097017,129210
1403638167.69509697,129372
1403638167.745096922,129511
1403638167.795097113,129704
1403638167.845097065,129832
1403638167.895097017,129997
1403638167.94509697,130180
1403638167.995096922,130340
1403638168.045097113,130493
1403638168.095097065,130673
1403638168.145097017,130839
1403638168.19509697,130995
1403638168.245096922,131159
1403638168.295097113,131302
1403638168.345097065,131440
1403638168.395097017,131639
1403638168.44509697,131806
1403638168.495096922,131977
1403638168.545097113,132159
1403638168.595097065,132336
1403638168.645097017,132511
1403638168.69509697,132681
1403638168.745096922,132840
1403638168.795097113,133006
1403638168.845097065,133176
1403638168.895097017,133329
1403638168.94509697,133492
1403638168.995096922,133675
1403638169.045097113,133816
1403638169.095097065,133961
1403638169.145097017,134128
1403638169.19509697,134277
1403638169.245096922,134425
1403638169.295097113,134591
1403638169.345097065,134769
1403638169.395097017,134900
1403638169.44509697,135078
1403638169.495096922,135237
1403638169.545097113,135392
1403638169.595097065,135561
1403638169.645097017,135724
1403638169.69509697,135886
1403638169.745096922,136090
1403638169.795097113,136246
1403638169.845097065,136397
1403638169.895097017,136554
1403638169.94509697,136710
1403638169.995096922,136878
1403638170.045097113,137050
1403638170.095097065,137206
1403638170.145097017,137356
1403638170.19509697,137528
1403638170.245096922,137672
1403638170.295097113,137811
1403638170.345097065,138009
1403638170.395097017,138173
1403638170.44509697,138330
1403638170.495096922,138497
1403638170.545097113,138662
1403638170.595097065,138815
1403638170.645097017,138989
1403638170.69509697,139178
1403638170.745096922,139337
1403638170.795097113,139518
1403638170.845097065,139670
1403638170.895097017,139823
1403638170.94509697,140018
1403638170.995096922,140172
1403638171.045097113,140316
1403638171.095097065,140494
1403638171.145097017,140660
1403638171.19509697,140804
1403638171.245096922,140989
1403638171.295097113,141136
1403638171.345097065,141290
1403638171.395097017,141463
1403638171.44509697,141625
1403638171.495096922,141773
1403638171.545097113,141934
1403638171.595097065,142082
1403638171.645097017,142237
1403638171.69509697,142413
1403638171.745096922,142599
1403638171.795097113,142754
1403638171.845097065,142926
1403638171.895097017,143092
1403638171.94509697,143231
1403638171.995096922,143449
1403638172.045097113,143600
1403638172.095097065,143755
1403638172.145097017,143941
1403638172.19509697,144109
1403638172.245096922,144265
1403638172.295097113,144434
1403638172.345097065,144587
1403638172.395097017,144716
1403638172.44509697,144927
1403638172.495096922,145061
1403638172.545097113,145222
1403638172.595097065,145392
1403638172.645097017,145556
1403638172.69509697,145708
1403638172.745096922,145886
1403638172.795097113,146030
1403638172.845097065,146172
1403638172.895097017,146346
1403638172.94509697,146514
1403638172.995096922,146659
1403638173.045097113,146837
1403638173.095097065,146987
1403638173.145097017,147134
1403638173.19509697,147306
1403638173.245096922,147459
1403638173.295097113,147614
1403638173.345097065,147788
1403638173.395097017,147962
1403638173.44509697,148105
1403638173.495096922,148268
1403638173.545097113,148424
1403638173.595097065,148581
1403638173.645097017,148755
1403638173.69509697,148911
1403638173.745096922,149060
1403638173.795097113,149233
1403638173.845097065,149386
1403638173.895097017,149540
1403638173.94509697,149714
1403638173.995096922,149868
1403638174.045097113,150029
1403638174.095097065,150209
1403638174.145097017,150363
1403638174.19509697,150496
1403638174.245096922,150680
1403638174.295097113,150848
1403638174.345097065,150967
1403638174.395097017,151154
1403638174.44509697,151312
1403638174.495096922,151471
1403638174.545097113,151645
1403638174.595097065,151786
1403638174.645097017,151951
1403638174.69509697,152138
1403638174.745096922,152315
1403638174.795097113,152473
1403638174.845097065,152653
1403638174.895097017,152822
1403638174.94509697,152971
1403638174.995096922,153141
1403638175.045097113,153292
1403638175.095097065,153421
1403638175.145097017,153613
1403638175.19509697,153757
1403638175.245096922,153906
1403638175.295097113,154072
1403638175.345097065,154226
1403638175.395097017,154375
1403638175.44509697,154543
1403638175.495096922,154705
1403638175.545097113,154841
1403638175.595097065,155019
1403638175.645097017,155184
1403638175.69509697,155349
1403638175.745096922,155520
1403638175.795097113,155666
1403638175.845097065,155817
1403638175.895097017,155986
1403638175.94509697,156124
1403638175.995096922,156293
1403638176.045097113,156491
1403638176.095097065,156636
1403638176.145097017,156786
1403638176.19509697,156954
1403638176.245096922,157107
1403638176.295097113,157237
1403638176.345097065,157419
1403638176.395097017,157552
1403638176.44509697,157709
1403638176.495096922,157915
1403638176.545097113,158061
1403638176.595097065,158224
1403638176.645097017,158411
1403638176.69509697,158562
1403638176.745096922,158695
1403638176.795097113,158883
1403638176.845097065,159023
1403638176.895097017,159191
1403638176.94509697,159363
1403638176.995096922,159508
1403638177.045097113,159646
1403638177.095097065,159867
1403638177.145097017,160031
1403638177.19509697,160174
1403638177.245096922,160335
1403638177.295097113,160522
1403638177.345097065,160685
1403638177.395097017,160872
1403638177.44509697,161005
1403638177.495096922,161165
1403638177.545097113,161338
1403638177.595097065,161468
1403638177.645097017,161631
1403638177.69509697,161812
1403638177.745096922,161946
1403638177.795097113,162130
1403638177.845097065,162302
1403638177.895097017,162428
1403638177.94509697,162602
1403638177.995096922,162771
1403638178.045097113,162931
1403638178.095097065,163086
1403638178.145097017,163255
1403638178.19509697,163405
1403638178.245096922,163557
1403638178.295097113,163738
1403638178.345097065,163870
1403638178.395097017,164039
1403638178.44509697,164212
1403638178.495096922,164360
1403638178.545097113,164516
1403638178.595097065,164693
1403638178.645097017,164842
1403638178.69509697,165011
1403638178.745096922,165175
1403638178.795097113,165311
1403638178.845097065,165496
1403638178.895097017,165661
1403638178.94509697,165804
1403638178.995096922,165950
1403638179.045097113,166147
1403638179.095097065,166297
1403638179.145097017,166432
1403638179.19509697,166623
1403638179.245096922,166771
1403638179.295097113,166923
1403638179.345097065,167064
1403638179.395097017,167262
1403638179.44509697,167411
1403638179.495096922,167579
1403638179.545097113,167731
1403638179.595097065,167874
1403638179.645097017,168058
1403638179.69509697,168227
1403638179.745096922,168363
1403638179.795097113,168589
1403638179.845097065,168770
1403638179.895097017,168914
1403638179.94509697,169093
1403638179.995096922,169223
1403638180.045097113,169394
1403638180.095097065,169563
1403638180.145097017,169707
1403638180.19509697,169860
1403638180.245096922,170049
1403638180.295097113,170192
1403638180.345097065,170324
1403638180.395097017,170508
1403638180.44509697,170640
1403638180.495096922,170806
1403638180.545097113,170984
1403638180.595097065,171152
1403638180.645097017,171300
1403638180.69509697,171462
1403638180.745096922,171611
1403638180.795097113,171766
1403638180.845097065,171938
1403638180.895097017,172076
1403638180.94509697,172242
1403638180.995096922,172433
1403638181.045097113,172591
1403638181.095097065,172738
1403638181.145097017,172899
1403638181.19509697,173091
1403638181.245096922,173250
1403638181.295097113,173426
1403638181.345097065,173583
1403638181.395097017,173736
1403638181.44509697,173908
1403638181.495096922,174130
1403638181.545097113,174284
1403638181.595097065,174458
1403638181.645097017,174610
1403638181.69509697,174744
1403638181.745096922,174928
1403638181.795097113,175068
1403638181.845097065,175220
1403638181.895097017,175424
1403638181.94509697,175577
1403638181.995096922,175734
1403638182.045097113,175907
1403638182.095097065,176084
1403638182.145097017,176241
1403638182.19509697,176433
1403638182.245096922,176567
1403638182.295097113,176727
1403638182.345097065,176905
1403638182.395097017,177046
1403638182.44509697,177184
1403638182.495096922,177347
1403638182.545097113,177493
1403638182.595097065,177637
1403638182.645097017,177806
1403638182.69509697,177953
1403638182.745096922,178097
1403638182.795097113,178295
1403638182.845097065,178445
1403638182.895097017,178584
1403638182.94509697,178770
1403638182.995096922,178921
1403638183.045097113,179072
1403638183.095097065,179253
1403638183.145097017,179406
1403638183.19509697,179558
1403638183.245096922,179702
1403638183.295097113,179882
1403638183.345097065,180025
1403638183.395097017,180178
1403638183.44509697,180359
1403638183.495096922,180507
1403638183.545097113,180685
1403638183.595097065,180822
1403638183.645097017,180969
1403638183.69509697,181123
1403638183.745096922,181319
1403638183.795097113,181468
1403638183.845097065,181599
1403638183.895097017,181773
1403638183.94509697,181918
1403638183.995096922,182120
1403638184.045097113,182263
1403638184.095097065,182393
1403638184.145097017,182565
1403638184.19509697,182738
1403638184.245096922,182882
1403638184.295097113,183057
1403638184.345097065,183221
1403638184.395097017,183373
1403638184.44509697,183562
1403638184.495096922,183712
1403638184.545097113,183878
1403638184.595097065,184067
1403638184.645097017,184210
1403638184.69509697,184353
1403638184.745096922,184545
1403638184.795097113,184696
1403638184.845097065,184884
1403638184.895097017,185090
1403638184.94509697,185237
1403638184.995096922,185383
1403638185.045097113,185567
1403638185.095097065,185719
1403638185.145097017,185871
1403638185.19509697,186047
1403638185.245096922,186202
1403638185.295097113,186349
1403638185.345097065,186546
1403638185.395097017,186701
1403638185.44509697,186862
1403638185.495096922,187041
1403638185.545097113,187188
1403638185.595097065,187333
1403638185.645097017,187500
1403638185.69509697,187687
1403638185.745096922,187817
1403638185.795097113,187947
1403638185.845097065,188147
1403638185.895097017,188302
1403638185.94509697,188446
1403638185.995096922,188633
1403638186.045097113,188789
1403638186.095097065,188934
1403638186.145097017,189113
1403638186.19509697,189258
1403638186.245096922,189474
1403638186.295097113,189599
1403638186.345097065,189785
1403638186.395097017,189992
1403638186.44509697,190171
1403638186.495096922,190314
1403638186.545097113,190506
1403638186.595097065,190675
1403638186.645097017,190820
1403638186.69509697,190989
1403638186.745096922,191169
1403638186.795097113,191314
1403638186.845097065,191504
1403638186.895097017,191632
1403638186.94509697,191778
1403638186.995096922,191947
1403638187.045097113,192098
1403638187.095097065,192254
1403638187.145097017,192441
1403638187.19509697,192579
1403638187.245096922,192733
1403638187.295097113,192946
1403638187.345097065,193079
1403638187.395097017,193246
1403638187.44509697,193410
1403638187.495096922,193579
1403638187.545097113,193729
1403638187.595097065,193895
1403638187.645097017,194059
1403638187.69509697,194202
1403638187.745096922,194338
1403638187.795097113,194517
1403638187.845097065,194687
1403638187.895097017,194886
1403638187.94509697,195015
1403638187.995096922,195184
1403638188.045097113,195366
1403638188.095097065,195509
1403638188.145097017,195656
1403638188.19509697,195836
1403638188.245096922,195985
1403638188.295097113,196133
1403638188.345097065,196321
1403638188.395097017,196466
1403638188.44509697,196605
1403638188.495096922,196795
1403638188.545097113,196931
1403638188.595097065,197077
1403638188.645097017,197294
1403638188.69509697,197427
1403638188.745096922,197589
1403638188.795097113,197783
1403638188.845097065,197940
1403638188.895097017,198092
1403638188.94509697,198288
1403638188.995096922,198416
1403638189.045097113,198565
1403638189.095097065,198782
1403638189.145097017,198910
1403638189.19509697,199082
1403638189.245096922,199274
1403638189.295097113,199408
1403638189.345097065,199556
1403638189.395097017,199741
1403638189.44509697,199879
1403638189.495096922,200017
1403638189.545097113,200237
1403638189.595097065,200386
1403638189.645097017,200536
1403638189.69509697,200673
1403638189.745096922,200850
1403638189.795097113,200996
1403638189.845097065,201166
1403638189.895097017,201341
1403638189.94509697,201463
1403638189.995096922,201653
1403638190.045097113,201816
1403638190.095097065,201965
1403638190.145097017,202135
1403638190.19509697,202262
1403638190.245096922,202456
1403638190.295097113,202595
1403638190.345097065,202766
1403638190.395097017,202915
1403638190.44509697,203112
1403638190.495096922,203259
1403638190.545097113,203412
1403638190.595097065,203588
1403638190.645097017,203741
1403638190.69509697,203883
1403638190.745096922,204076
1403638190.795097113,204206
1403638190.845097065,204374
1403638190.895097017,204551
1403638190.94509697,204696
1403638190.995096922,204837
1403638191.045097113,205030
1403638191.095097065,205179
1403638191.145097017,205335
1403638191.19509697,205471
1403638191.245096922,205653
1403638191.295097113,205796
1403638191.345097065,205972
1403638191.395097017,206117
1403638191.44509697,206244
1403638191.495096922,206439
1403638191.545097113,206587
1403638191.595097065,206733
1403638191.645097017,206901
1403638191.69509697,207051
1403638191.745096922,207200
1403638191.795097113,207361
1403638191.845097065,207487
1403638191.895097017,207657
1403638191.94509697,207823
1403638191.995096922,207992
1403638192.045097113,208136
1403638192.095097065,208287
1403638192.145097017,208454
1403638192.19509697,208604
1403638192.245096922,208776
1403638192.295097113,208926
1403638192.345097065,209053
1403638192.395097017,209259
1403638192.44509697,209401
1403638192.495096922,209555
1403638192.545097113,209732
1403638192.595097065,209876
1403638192.645097017,210028
1403638192.69509697,210189
1403638192.745096922,210329
1403638192.795097113,210472
1403638192.845097065,210678
1403638192.895097017,210823
1403638192.94509697,210971
1403638192.995096922,211132
1403638193.045097113,211263
1403638193.095097065,211412
1403638193.145097017,211606
1403638193.19509697,211756
1403638193.245096922,211893
1403638193.295097113,212058
1403638193.345097065,212223
1403638193.395097017,212379
1403638193.44509697,212568
1403638193.495096922,212715
1403638193.545097113,212868
1403638193.595097065,213069
1403638193.645097017,213220
1403638193.69509697,213382
1403638193.745096922,213572
1403638193.795097113,213727
1403638193.845097065,213932
1403638193.895097017,214098
1403638193.94509697,214267
1403638193.995096922,214424
1403638194.045097113,214583
1403638194.095097065,214727
1403638194.145097017,214856
1403638194.19509697,215020
1403638194.245096922,215181
1403638194.295097113,215334
1403638194.345097065,215500
1403638194.395097017,215643
1403638194.44509697,215820
1403638194.495096922,216012
1403638194.545097113,216142
1403638194.595097065,216294
1403638194.645097017,216443
1403638194.69509697,216607
1403638194.745096922,216776
1403638194.795097113,216921
1403638194.845097065,217063
1403638194.895097017,217196
1403638194.94509697,217393
1403638194.995096922,217536
1403638195.045097113,217681
1403638195.095097065,217854
1403638195.145097017,218002
1403638195.19509697,218156
1403638195.245096922,218323
1403638195.295097113,218491
1403638195.345097065,218623
1403638195.395097017,218828
1403638195.44509697,218997
1403638195.495096922,219156
1403638195.545097113,219324
1403638195.595097065,219461
1403638195.645097017,219630
1403638195.69509697,219793
1403638195.745096922,219942
1403638195.795097113,220093
1403638195.845097065,220256
1403638195.895097017,220394
1403638195.94509697,220561
1403638195.995096922,220735
1403638196.045097113,220889
1403638196.095097065,221011
1403638196.145097017,221178
1403638196.19509697,221357
1403638196.245096922,221545
1403638196.295097113,221696
1403638196.345097065,221873
1403638196.395097017,222003
1403638196.44509697,222162
1403638196.495096922,222336
1403638196.545097113,222483
1403638196.595097065,222613
1403638196.645097017,222790
1403638196.69509697,222933
1403638196.745096922,223100
1403638196.795097113,223267
1403638196.845097065,223416
1403638196.895097017,223571
1403638196.94509697,223718
1403638196.995096922,223901
1403638197.045097113,224101
1403638197.095097065,224236
1403638197.145097017,224381
1403638197.19509697,224514
1403638197.245096922,224710
1403638197.295097113,224854
1403638197.345097065,225010
1403638197.395097017,225164
1403638197.44509697,225341
1403638197.495096922,225512
1403638197.545097113,225666
1403638197.595097065,225801
1403638197.645097017,226012
1403638197.69509697,226169
1403638197.745096922,226326
1403638197.795097113,226475
1403638197.845097065,226642
1403638197.895097017,226797
1403638197.94509697,226964
1403638197.995096922,227097
1403638198.045097113,227288
1403638198.095097065,227468
1403638198.145097017,227619
1403638198.19509697,227762
1403638198.245096922,227921
1403638198.295097113,228082
1403638198.345097065,228228
1403638198.395097017,228385
1403638198.44509697,228540
1403638198.495096922,228700
1403638198.545097113,228859
1403638198.595097065,229015
1403638198.645097017,229172
1403638198.69509697,229348
1403638198.745096922,229498
1403638198.795097113,229652
1403638198.845097065,229811
1403638198.895097017,229949
1403638198.94509697,230122
1403638198.995096922,230286
1403638199.045097113,230437
1403638199.095097065,230592
1403638199.145097017,230756
1403638199.19509697,230901
1403638199.245096922,231060
1403638199.295097113,231222
1403638199.345097065,231386
1403638199.395097017,231529
1403638199.44509697,231706
1403638199.495096922,231858
1403638199.545097113,232011
1403638199.595097065,232174
1403638199.645097017,232313
1403638199.69509697,232474
1403638199.745096922,232657
1403638199.795097113,232786
1403638199.845097065,232933
1403638199.895097017,233128
1403638199.94509697,233287
1403638199.995096922,233426
1403638200.045097113,233587
1403638200.095097065,233765
1403638200.145097017,233911
1403638200.19509697,234084
1403638200.245096922,234228
1403638200.295097113,234361
1403638200.345097065,234574
1403638200.395097017,234715
1403638200.44509697,234875
1403638200.495096922,235049
1403638200.545097113,235204
1403638200.595097065,235383
1403638200.645097017,235533
1403638200.69509697,235699
1403638200.745096922,235884
1403638200.795097113,236064
1403638200.845097065,236251
1403638200.895097017,236405
1403638200.94509697,236555
1403638200.995096922,236724
1403638201.045097113,236873
1403638201.095097065,237106
1403638201.145097017,237261
1403638201.19509697,237415
1403638201.245096922,237554
1403638201.295097113,237721
1403638201.345097065,237903
1403638201.395097017,238065
1403638201.44509697,238220
1403638201.495096922,238363
1403638201.545097113,238543
1403638201.595097065,238703
1403638201.645097017,238835
1403638201.69509697,238994
1403638201.745096922,239170
1403638201.795097113,239311
1403638201.845097065,239531
1403638201.895097017,239682
1403638201.94509697,239821
1403638201.995096922,239996
1403638202.045097113,240183
1403638202.095097065,240338
1403638202.145097017,240531
1403638202.19509697,240673
1403638202.245096922,240803
1403638202.295097113,240983
1403638202.345097065,241149
1403638202.395097017,241307
1403638202.44509697,241500
1403638202.495096922,241634
1403638202.545097113,241821
1403638202.595097065,242016
1403638202.645097017,242141
1403638202.69509697,242318
1403638202.745096922,242514
1403638202.795097113,242656
1403638202.845097065,242800
1403638202.895097017,242981
1403638202.94509697,243125
1403638202.995096922,243282
1403638203.045097113,243444
1403638203.095097065,243597
1403638203.145097017,243759
1403638203.19509697,243928
1403638203.245096922,244077
1403638203.295097113,244234
1403638203.345097065,244403
1403638203.395097017,244543
1403638203.44509697,244678
1403638203.495096922,244851
1403638203.545097113,245006
1403638203.595097065,245157
1403638203.645097017,245336
1403638203.69509697,245487
1403638203.745096922,245641
1403638203.795097113,245804
1403638203.845097065,245939
1403638203.895097017,246123
1403638203.94509697,246273
1403638203.995096922,246431
1403638204.045097113,246597
1403638204.095097065,246760
1403638204.145097017,246942
1403638204.19509697,247076
1403638204.245096922,247287
1403638204.295097113,247434
1403638204.345097065,247591
1403638204.395097017,247763
1403638204.44509697,247909
1403638204.495096922,248058
1403638204.545097113,248263
1403638204.595097065,248442
1403638204.645097017,248583
1403638204.69509697,248774
1403638204.745096922,248932
1403638204.795097113,249106
1403638204.845097065,249275
1403638204.895097017,249441
1403638204.94509697,249576
1403638204.995096922,249724
1403638205.045097113,249903
1403638205.095097065,250067
1403638205.145097017,250254
1403638205.19509697,250390
1403638205.245096922,250553
1403638205.295097113,250777
1403638205.345097065,250918
1403638205.395097017,251045
1403638205.44509697,251268
1403638205.495096922,251429
1403638205.545097113,251600
1403638205.595097065,251790
1403638205.645097017,251929
1403638205.69509697,252093
1403638205.745096922,252274
1403638205.795097113,252403
1403638205.845097065,252573
1403638205.895097017,252789
1403638205.94509697,252940
1403638205.995096922,253080
1403638206.045097113,253276
1403638206.095097065,253422
1403638206.145097017,253628
1403638206.19509697,253805
1403638206.245096922,253966
1403638206.295097113,254118
1403638206.345097065,254305
1403638206.395097017,254433
1403638206.44509697,254592
1403638206.495096922,254763
1403638206.545097113,254917
1403638206.595097065,255081
1403638206.645097017,255272
1403638206.69509697,255418
1403638206.745096922,255571
1403638206.795097113,255716
1403638206.845097065,255893
1403638206.895097017,256037
1403638206.94509697,256225
1403638206.995096922,256352
1403638207.045097113,256522
1403638207.095097065,256712
1403638207.145097017,256843
1403638207.19509697,257003
1403638207.245096922,257214
1403638207.295097113,257341
1403638207.345097065,257480
1403638207.395097017,257671
1403638207.44509697,257845
1403638207.495096922,257986
1403638207.545097113,258176
1403638207.595097065,258345
1403638207.645097017,258502
1403638207.69509697,258658
1403638207.745096922,258789
1403638207.795097113,258959
1403638207.845097065,259107
1403638207.895097017,259274
1403638207.94509697,259424
1403638207.995096922,259599
1403638208.045097113,259735
1403638208.095097065,259910
1403638208.145097017,260081
1403638208.19509697,260260
1403638208.245096922,260415
1403638208.295097113,260592
1403638208.345097065,260749
1403638208.395097017,260911
1403638208.44509697,261111
1403638208.495096922,261257
1403638208.545097113,261397
1403638208.595097065,261601
1403638208.645097017,261751
1403638208.69509697,261903
1403638208.745096922,262086
1403638208.795097113,262229
1403638208.845097065,262382
1403638208.895097017,262572
1403638208.94509697,262718
1403638208.995096922,262866
1403638209.045097113,263041
1403638209.095097065,263184
1403638209.145097017,263317
1403638209.19509697,263487
1403638209.245096922,263666
1403638209.295097113,263830
1403638209.345097065,264025
1403638209.395097017,264183
1403638209.44509697,264340
1403638209.495096922,264537
1403638209.545097113,264687
1403638209.595097065,264832
1403638209.645097017,265028
1403638209.69509697,265156
1403638209.745096922,265328
1403638209.795097113,265460
1403638209.845097065,265627
1403638209.895097017,265787
1403638209.94509697,265970
1403638209.995096922,266114
1403638210.045097113,266272
1403638210.095097065,266432
1403638210.145097017,266572
1403638210.19509697,266742
1403638210.245096922,266907
1403638210.295097113,267048
1403638210.345097065,267193
1403638210.395097017,267422
1403638210.44509697,267569
1403638210.495096922,267724
1403638210.545097113,267951
1403638210.595097065,268089
1403638210.645097017,268281
1403638210.69509697,268473
1403638210.745096922,268633
1403638210.795097113,268775
1403638210.845097065,268907
1403638210.895097017,269081
1403638210.94509697,269220
1403638210.995096922,269427
1403638211.045097113,269596
1403638211.095097065,269719
1403638211.145097017,269935
1403638211.19509697,270065
1403638211.245096922,270216
1403638211.295097113,270436
1403638211.345097065,270582
1403638211.395097017,270731
1403638211.44509697,270963
1403638211.495096922,271121
1403638211.545097113,271275
1403638211.595097065,271473
1403638211.645097017,271610
1403638211.69509697,271788
1403638211.745096922,271970
1403638211.795097113,272118
1403638211.845097065,272275
1403638211.895097017,272467
1403638211.94509697,272617
1403638211.995096922,272767
1403638212.045097113,272928
1403638212.095097065,273068
1403638212.145097017,273247
1403638212.19509697,273386
1403638212.245096922,273558
1403638212.295097113,273695
1403638212.345097065,273890
1403638212.395097017,274046
1403638212.44509697,274208
1403638212.495096922,274370
1403638212.545097113,274532
1403638212.595097065,274709
1403638212.645097017,274891
1403638212.69509697,275050
1403638212.745096922,275209
1403638212.795097113,275341
1403638212.845097065,275486
1403638212.895097017,275672
1403638212.94509697,275826
1403638212.995096922,275974
1403638213.045097113,276130
1403638213.095097065,276299
1403638213.145097017,276436
1403638213.19509697,276594
1403638213.245096922,276776
1403638213.295097113,276944
1403638213.345097065,277081
1403638213.395097017,277260
1403638213.44509697,277418
1403638213.495096922,277585
1403638213.545097113,277758
1403638213.595097065,277909
1403638213.645097017,278073
1403638213.69509697,278244
1403638213.745096922,278400
1403638213.795097113,278555
1403638213.845097065,278713
1403638213.895097017,278875
1403638213.94509697,279019
1403638213.995096922,279224
1403638214.045097113,279382
1403638214.095097065,279532
1403638214.145097017,279727
1403638214.19509697,279884
1403638214.245096922,280017
1403638214.295097113,280186
1403638214.345097065,280353
1403638214.395097017,280519
1403638214.44509697,280674
1403638214.495096922,280841
1403638214.545097113,281000
1403638214.595097065,281138
1403638214.645097017,281322
1403638214.69509697,281502
1403638214.745096922,281739
1403638214.795097113,281895
1403638214.845097065,282054
1403638214.895097017,282238
1403638214.94509697,282407
1403638214.995096922,282564
1403638215.045097113,282697
1403638215.095097065,282887
1403638215.145097017,283074
1403638215.19509697,283248
1403638215.245096922,283422
1403638215.295097113,283596
1403638215.345097065,283786
1403638215.395097017,283943
1403638215.44509697,284094
1403638215.495096922,284239
1403638215.545097113,284423
1403638215.595097065,284576
1403638215.645097017,284756
1403638215.69509697,284897
1403638215.745096922,285055
1403638215.795097113,285247
1403638215.845097065,285401
1403638215.895097017,285559
1403638215.94509697,285702
1403638215.995096922,285863
1403638216.045097113,286015
1403638216.095097065,286188
1403638216.145097017,286345
1403638216.19509697,286498
1403638216.245096922,286668
1403638216.295097113,286825
1403638216.345097065,286983
1403638216.395097017,287209
1403638216.44509697,287336
1403638216.495096922,287506
1403638216.545097113,287657
1403638216.595097065,287838
1403638216.645097017,288034
1403638216.69509697,288179
1403638216.745096922,288354
1403638216.795097113,288505
1403638216.845097065,288678
1403638216.895097017,288829
1403638216.94509697,288999
1403638216.995096922,289178
1403638217.045097113,289330
1403638217.095097065,289471
1403638217.145097017,289643
1403638217.19509697,289789
1403638217.245096922,289967
1403638217.295097113,290186
1403638217.345097065,290345
1403638217.395097017,290501
1403638217.44509697,290691
1403638217.495096922,290854
1403638217.545097113,290988
1403638217.595097065,291155
1403638217.645097017,291328
1403638217.69509697,291492
1403638217.745096922,291681
1403638217.795097113,291843
1403638217.845097065,291989
1403638217.895097017,292152
1403638217.94509697,292341
1403638217.995096922,292495
1403638218.045097113,292672
1403638218.095097065,292826
1403638218.145097017,292955
1403638218.19509697,293155
1403638218.245096922,293297
1403638218.295097113,293457
1403638218.345097065,293615
1403638218.395097017,293790
1403638218.44509697,293935
1403638218.495096922,294128
1403638218.545097113,294313
1403638218.595097065,294465
1403638218.645097017,294623
1403638218.69509697,294778
1403638218.745096922,294913
1403638218.795097113,295096
1403638218.845097065,295250
1403638218.895097017,295412
1403638218.94509697,295588
1403638218.995096922,295755
1403638219.045097113,295915
1403638219.095097065,296100
1403638219.145097017,296252
1403638219.19509697,296404
1403638219.245096922,296608
1403638219.295097113,296774
1403638219.345097065,296922
1403638219.395097017,297105
1403638219.44509697,297254
1403638219.495096922,297400
1403638219.545097113,297579
1403638219.595097065,297753
1403638219.645097017,297905
1403638219.69509697,298105
1403638219.745096922,298260
1403638219.795097113,298399
1403638219.845097065,298564
1403638219.895097017,298722
1403638219.94509697,298885
1403638219.995096922,299066
1403638220.045097113,299219
1403638220.095097065,299358
1403638220.145097017,299526
1403638220.19509697,299675
1403638220.245096922,299830
1403638220.295097113,299977
1403638220.345097065,300130
1403638220.395097017,300280
1403638220.44509697,300448
1403638220.495096922,300612
1403638220.545097113,300759
1403638220.595097065,300945
1403638220.645097017,301092
1403638220.69509697,301244
1403638220.745096922,301415
1403638220.795097113,301569
1403638220.845097065,301716
1403638220.895097017,301903
1403638220.94509697,302048
1403638220.995096922,302196
1403638221.045097113,302371
1403638221.095097065,302518
1403638221.145097017,302704
1403638221.19509697,302891
1403638221.245096922,303042
1403638221.295097113,303223
1403638221.345097065,303413
1403638221.395097017,303560
1403638221.44509697,303717
1403638221.495096922,303913
1403638221.545097113,304052
1403638221.595097065,304216
1403638221.645097017,304380
1403638221.69509697,304544
1403638221.745096922,304692
1403638221.795097113,304843
1403638221.845097065,305028
1403638221.895097017,305185
1403638221.94509697,305343
1403638221.995096922,305515
1403638222.045097113,305667
1403638222.095097065,305828
1403638222.145097017,305987
1403638222.19509697,306147
1403638222.245096922,306346
1403638222.295097113,306499
1403638222.345097065,306674
1403638222.395097017,306828
1403638222.44509697,306975
1403638222.495096922,307167
1403638222.545097113,307322
1403638222.595097065,307501
1403638222.645097017,307653
1403638222.69509697,307831
1403638222.745096922,307970
1403638222.795097113,308107
1403638222.845097065,308280
1403638222.895097017,308432
1403638222.94509697,308576
1403638222.995096922,308762
1403638223.045097113,308920
1403638223.095097065,309068
1403638223.145097017,309243
1403638223.19509697,309398
1403638223.245096922,309535
1403638223.295097113,309704
1403638223.345097065,309873
1403638223.395097017,310037
1403638223.44509697,310219
1403638223.495096922,310375
1403638223.545097113,310521
1403638223.595097065,310693
1403638223.645097017,310830
1403638223.69509697,310987
1403638223.745096922,311163
1403638223.795097113,311333
1403638223.845097065,311476
1403638223.895097017,311659
1403638223.94509697,311812
1403638223.995096922,311965
1403638224.045097113,312174
1403638224.095097065,312330
1403638224.145097017,312455
1403638224.19509697,312628
1403638224.245096922,312823
1403638224.295097113,312975
1403638224.345097065,313119
1403638224.395097017,313303
1403638224.44509697,313455
1403638224.495096922,313637
1403638224.545097113,313815
1403638224.595097065,313960
1403638224.645097017,314107
1403638224.69509697,314279
1403638224.745096922,314422
1403638224.795097113,314588
1403638224.845097065,314762
1403638224.895097017,314907
1403638224.94509697,315091
1403638224.995096922,315245
1403638225.045097113,315369
1403638225.095097065,315606
1403638225.145097017,315757
1403638225.19509697,315917
1403638225.245096922,316053
1403638225.295097113,316222
1403638225.345097065,316375
1403638225.395097017,316551
1403638225.44509697,316689
1403638225.495096922,316842
1403638225.545097113,317005
1403638225.595097065,317167
1403638225.645097017,317318
1403638225.69509697,317517
1403638225.745096922,317667
1403638225.795097113,317815
1403638225.845097065,318024
1403638225.895097017,318173
1403638225.94509697,318324
1403638225.995096922,318495
1403638226.045097113,318624
1403638226.095097065,318790
1403638226.145097017,318952
1403638226.19509697,319096
1403638226.245096922,319246
1403638226.295097113,319408
1403638226.345097065,319559
1403638226.395097017,319701
1403638226.44509697,319862
1403638226.495096922,320020
1403638226.545097113,320204
1403638226.595097065,320364
1403638226.645097017,320522
1403638226.69509697,320667
1403638226.745096922,320828
1403638226.795097113,320974
1403638226.845097065,321122
1403638226.895097017,321265
1403638226.94509697,321422
1403638226.995096922,321591
1403638227.045097113,321773
1403638227.095097065,321924
1403638227.145097017,322046
1403638227.19509697,322283
1403638227.245096922,322411
1403638227.295097113,322568
1403638227.345097065,322755
1403638227.395097017,322909
1403638227.44509697,323086
1403638227.495096922,323221
1403638227.545097113,323404
1403638227.595097065,323534
1403638227.645097017,323699
1403638227.69509697,323870
1403638227.745096922,324031
1403638227.795097113,324210
1403638227.845097065,324403
1403638227.895097017,324557
1403638227.94509697,324738
1403638227.995096922,324874
1403638228.045097113,325048
1403638228.095097065,325213
1403638228.145097017,325378
1403638228.19509697,325528
1403638228.245096922,325764
1403638228.295097113,325929
1403638228.345097065,326070
1403638228.395097017,326232
1403638228.44509697,326391
1403638228.495096922,326541
1403638228.545097113,326703
1403638228.595097065,326854
1403638228.645097017,327006
1403638228.69509697,327149
1403638228.745096922,327330
1403638228.795097113,327477
1403638228.845097065,327670
