1413393212.255760431,9.84251
1413393212.305760384,10.6223
1413393212.355760574,10.2701
1413393212.405760527,11.0288
1413393212.455760479,10.5592
1413393212.505760431,8.90019
1413393212.555760384,7.93093
1413393212.605760574,9.44078
1413393212.655760527,11.6615
1413393212.705760479,10.156
1413393212.755760431,12.0467
1413393212.805760384,9.69246
1413393212.855760574,8.37594
1413393212.905760527,12.3587
1413393212.955760479,11.5399
1413393213.005760431,9.62773
1413393213.055760384,7.84136
1413393213.105760574,10.6726
1413393213.155760527,10.8354
1413393213.205760479,9.70583
1413393213.255760431,8.59309
1413393213.305760384,9.7171
1413393213.355760574,11.4852
1413393213.405760527,10.4371
1413393213.455760479,10.8626
1413393213.505760431,11.005
1413393213.555760384,9.30087
1413393213.605760574,11.0089
1413393213.655760527,10.7895
1413393213.705760479,11.6967
1413393213.755760431,11.3178
1413393213.805760384,10.2936
1413393213.855760574,10.6811
1413393213.905760527,8.33893
1413393213.955760479,12.0017
1413393214.005760431,10.663
1413393214.055760384,10.9011
1413393214.105760574,8.08761
1413393214.155760527,10.6388
1413393214.205760479,9.0443
1413393214.255760431,12.829
1413393214.305760384,10.0266
1413393214.355760574,10.9038
1413393214.405760527,7.72008
1413393214.455760479,7.89722
1413393214.505760431,10.3919
1413393214.555760384,10.6064
1413393214.605760574,9.82023
1413393214.655760527,10.4406
1413393214.705760479,10.988
1413393214.755760431,9.74239
1413393214.805760384,8.19429
1413393214.855760574,9.05269
1413393214.905760527,9.02598
1413393214.955760479,11.4045
1413393215.005760431,10.1761
1413393215.055760384,13.2291
1413393215.105760574,8.81949
1413393215.155760527,10.4107
1413393215.205760479,10.6751
1413393215.255760431,8.80981
1413393215.305760384,12.6643
1413393215.355760574,12.2898
1413393215.405760527,11.0673
1413393215.455760479,9.31665
1413393215.505760431,9.65928
1413393215.555760384,10.6665
1413393215.605760574,10.5861
1413393215.655760527,13.0214
1413393215.705760479,11.7044
1413393215.755760431,10.9692
1413393215.805760384,8.86058
1413393215.855760574,9.5604
1413393215.905760527,11.1282
1413393215.955760479,11.4696
1413393216.005760431,10.8559
1413393216.055760384,11.1191
1413393216.105760574,11.1533
1413393216.155760527,10.0558
1413393216.205760479,9.02936
1413393216.255760431,11.0297
1413393216.305760384,12.4222
1413393216.355760574,12.3007
1413393216.405760527,12.6002
1413393216.455760479,11.1184
1413393216.505760431,9.14294
1413393216.555760384,10.5788
1413393216.605760574,28.5101
1413393216.655760527,24.2551
1413393216.705760479,23.711
1413393216.755760431,23.6165
1413393216.805760384,27.1203
1413393216.855760574,25.1994
1413393216.905760527,22.5098
1413393216.955760479,24.1831
1413393217.005760431,22.9321
1413393217.055760384,26.0213
1413393217.105760574,23.9111
1413393217.155760527,24.2431
1413393217.205760479,26.1991
1413393217.255760431,26.3823
1413393217.305760384,26.5674
1413393217.355760574,25.2524
1413393217.405760527,26.2559
1413393217.455760479,24.13
1413393217.505760431,26.2489
1413393217.555760384,22.9319
1413393217.605760574,24.4326
1413393217.655760527,26.0761
1413393217.705760479,27.3657
1413393217.755760431,25.0009
1413393217.805760384,24.7482
1413393217.855760574,25.5192
1413393217.905760527,24.0393
1413393217.955760479,26.5578
1413393218.005760431,22.2185
1413393218.055760384,26.1397
1413393218.105760574,24.6214
1413393218.155760527,23.058
1413393218.205760479,22.3793
1413393218.255760431,24.7743
1413393218.305760384,25.3052
1413393218.355760574,26.2206
1413393218.405760527,22.1617
1413393218.455760479,20.3591
1413393218.505760431,22.5647
1413393218.555760384,23.8195
1413393218.605760574,20.9346
1413393218.655760527,24.5108
1413393218.705760479,23.8545
1413393218.755760431,24.8387
1413393218.805760384,20.9344
1413393218.855760574,21.9101
1413393218.905760527,23.0894
1413393218.955760479,25.6934
1413393219.005760431,19.9598
1413393219.055760384,22.9214
1413393219.105760574,23.8669
1413393219.155760527,25.0524
1413393219.205760479,20.5949
1413393219.255760431,24.829
1413393219.305760384,26.6517
1413393219.355760574,25.0157
1413393219.405760527,21.2711
1413393219.455760479,21.9805
1413393219.505760431,24.9044
1413393219.555760384,26.3117
1413393219.605760574,21.17
1413393219.655760527,23.0512
1413393219.705760479,24.8315
1413393219.755760431,25.8992
1413393219.805760384,20.9642
1413393219.855760574,23.354
1413393219.905760527,22.7711
1413393219.955760479,25.2659
1413393220.005760431,22.2776
1413393220.055760384,21.4295
1413393220.105760574,26.1154
1413393220.155760527,26.9468
1413393220.205760479,21.6317
1413393220.255760431,21.9083
1413393220.305760384,26.1129
1413393220.355760574,22.0649
1413393220.405760527,22.4128
1413393220.455760479,21.3436
1413393220.505760431,25.7678
1413393220.555760384,25.8878
1413393220.605760574,23.2539
1413393220.655760527,22.2905
1413393220.705760479,24.1518
1413393220.755760431,24.2591
1413393220.805760384,22.8382
1413393220.855760574,22.3973
1413393220.905760527,24.9786
1413393220.955760479,26.0902
1413393221.005760431,22.3217
1413393221.055760384,22.2996
1413393221.105760574,23.7034
1413393221.155760527,27.7493
1413393221.205760479,22.9351
1413393221.255760431,23.2519
1413393221.305760384,20.6585
1413393221.355760574,26.3605
1413393221.405760527,22.6232
1413393221.455760479,22.7393
1413393221.505760431,27.069
1413393221.555760384,28.5034
1413393221.605760574,22.5392
1413393221.655760527,23.3093
1413393221.705760479,27.4329
1413393221.755760431,25.397
1413393221.805760384,22.9833
1413393221.855760574,23.457
1413393221.905760527,21.4759
1413393221.955760479,23.1492
1413393222.005760431,26.9273
1413393222.055760384,26.3957
1413393222.105760574,26.5025
1413393222.155760527,26.9252
1413393222.205760479,27.2443
1413393222.255760431,29.2568
1413393222.305760384,30.188
1413393222.355760574,31.2797
1413393222.405760527,23.3959
1413393222.455760479,23.6155
1413393222.505760431,22.7188
1413393222.555760384,27.618
1413393222.605760574,23.1969
1413393222.655760527,23.1408
1413393222.705760479,24.0374
1413393222.755760431,27.5629
1413393222.805760384,23.2455
1413393222.855760574,23.4153
1413393222.905760527,27.6044
1413393222.955760479,26.0411
1413393223.005760431,22.5898
1413393223.055760384,22.454
1413393223.105760574,25.1432
1413393223.155760527,26.5463
1413393223.205760479,22.8354
1413393223.255760431,22.5556
1413393223.305760384,26.5326
1413393223.355760574,27.1267
1413393223.405760527,22.5453
1413393223.455760479,22.8458
1413393223.505760431,23.0351
1413393223.555760384,25.5863
1413393223.605760574,22.5282
1413393223.655760527,22.5941
1413393223.705760479,25.0434
1413393223.755760431,27.0909
1413393223.805760384,21.9585
1413393223.855760574,22.3827
1413393223.905760527,25.6337
1413393223.955760479,24.4858
1413393224.005760431,21.8738
1413393224.055760384,21.3056
1413393224.105760574,21.7426
1413393224.155760527,25.0908
1413393224.205760479,21.7689
1413393224.255760431,21.1976
1413393224.305760384,23.1245
1413393224.355760574,25.7079
1413393224.405760527,20.9546
1413393224.455760479,20.5989
1413393224.505760431,23.9712
1413393224.555760384,21.8935
1413393224.605760574,21.0853
1413393224.655760527,21.0569
1413393224.705760479,26.7438
1413393224.755760431,25.5303
1413393224.805760384,22.2731
1413393224.855760574,22.2448
1413393224.905760527,24.8436
1413393224.955760479,23.2304
1413393225.005760431,21.4426
1413393225.055760384,21.9824
1413393225.105760574,22.3504
1413393225.155760527,25.073
1413393225.205760479,21.9387
1413393225.255760431,21.8208
1413393225.305760384,22.6237
1413393225.355760574,24.7587
1413393225.405760527,21.0215
1413393225.455760479,20.8521
1413393225.505760431,21.6688
1413393225.555760384,24.4718
1413393225.605760574,21.1543
1413393225.655760527,20.4987
1413393225.705760479,18.1251
1413393225.755760431,24.413
1413393225.805760384,20.1775
1413393225.855760574,20.9661
1413393225.905760527,20.9698
1413393225.955760479,22.8001
1413393226.005760431,22.0396
1413393226.055760384,21.4165
1413393226.105760574,23.9848
1413393226.155760527,25.6781
1413393226.205760479,20.8019
1413393226.255760431,21.1795
1413393226.305760384,21.45
1413393226.355760574,22.7524
1413393226.405760527,20.2771
1413393226.455760479,20.7402
1413393226.505760431,21.5504
1413393226.555760384,23.1785
1413393226.605760574,20.3642
1413393226.655760527,20.4104
1413393226.705760479,18.7441
1413393226.755760431,23.244
1413393226.805760384,20.1632
1413393226.855760574,20.8291
1413393226.905760527,20.6412
1413393226.955760479,23.3372
1413393227.005760431,20.8091
1413393227.055760384,19.2805
1413393227.105760574,22.8858
1413393227.155760527,25.551
1413393227.205760479,21.4633
1413393227.255760431,20.7404
1413393227.305760384,20.9205
1413393227.355760574,24.5099
1413393227.405760527,21.3482
1413393227.455760479,21.107
1413393227.505760431,24.9591
1413393227.555760384,22.6599
1413393227.605760574,21.4341
1413393227.655760527,21.6248
1413393227.705760479,19.8771
1413393227.755760431,24.4102
1413393227.805760384,20.9136
1413393227.855760574,21.1502
1413393227.905760527,23.6815
1413393227.955760479,25.0976
1413393228.005760431,21.8622
1413393228.055760384,22.1228
1413393228.105760574,20.0588
1413393228.155760527,23.9792
1413393228.205760479,22.556
1413393228.255760431,22.6615
1413393228.305760384,24.6513
1413393228.355760574,23.0514
1413393228.405760527,22.3454
1413393228.455760479,20.9394
1413393228.505760431,23.4917
1413393228.555760384,23.8406
1413393228.605760574,22.3735
1413393228.655760527,21.8204
1413393228.705760479,22.9113
1413393228.755760431,24.1281
1413393228.805760384,21.5844
1413393228.855760574,21.2
1413393228.905760527,24.7762
1413393228.955760479,25.4698
1413393229.005760431,21.6297
1413393229.055760384,21.3767
1413393229.105760574,21.6521
1413393229.155760527,25.3354
1413393229.205760479,21.1518
1413393229.255760431,21.1264
1413393229.305760384,22.0296
1413393229.355760574,23.4871
1413393229.405760527,21.2019
1413393229.455760479,20.3584
1413393229.505760431,21.447
1413393229.555760384,25.6432
1413393229.605760574,19.8313
1413393229.655760527,20.2605
1413393229.705760479,24.4951
1413393229.755760431,21.5504
1413393229.805760384,20.1766
1413393229.855760574,18.3238
1413393229.905760527,21.8583
1413393229.955760479,23.9761
1413393230.005760431,20.6361
1413393230.055760384,19.1508
1413393230.105760574,24.6883
1413393230.155760527,23.9898
1413393230.205760479,20.7107
1413393230.255760431,20.4895
1413393230.305760384,23.3642
1413393230.355760574,25.4626
1413393230.405760527,20.5815
1413393230.455760479,19.8304
1413393230.505760431,23.4754
1413393230.555760384,22.0947
1413393230.605760574,20.5677
1413393230.655760527,20.2464
1413393230.705760479,21.6955
1413393230.755760431,22.7913
1413393230.805760384,21.1986
1413393230.855760574,19.2798
1413393230.905760527,23.8074
1413393230.955760479,20.3703
1413393231.005760431,21.5605
1413393231.055760384,21.9064
1413393231.105760574,23.0988
1413393231.155760527,25.0821
1413393231.205760479,21.3423
1413393231.255760431,19.4583
1413393231.305760384,23.1527
1413393231.355760574,24.1265
1413393231.405760527,21.6576
1413393231.455760479,21.4677
1413393231.505760431,22.1539
1413393231.555760384,24.54
1413393231.605760574,21.5205
1413393231.655760527,20.1003
1413393231.705760479,26.0271
1413393231.755760431,26.2468
1413393231.805760384,21.2158
1413393231.855760574,21.8518
1413393231.905760527,23.2646
1413393231.955760479,23.3332
1413393232.005760431,21.0399
1413393232.055760384,21.7434
1413393232.105760574,23.0076
1413393232.155760527,25.9856
1413393232.205760479,21.8504
1413393232.255760431,22.2821
1413393232.305760384,16.7825
1413393232.355760574,18.3901
1413393232.405760527,21.3965
1413393232.455760479,20.9394
1413393232.505760431,21.569
1413393232.555760384,24.6033
1413393232.605760574,19.4372
1413393232.655760527,18.8941
1413393232.705760479,18.6782
1413393232.755760431,23.0689
1413393232.805760384,19.0009
1413393232.855760574,17.4006
1413393232.905760527,20.9135
1413393232.955760479,22.6977
1413393233.005760431,19.1656
1413393233.055760384,20.0786
1413393233.105760574,23.0021
1413393233.155760527,21.2119
1413393233.205760479,18.5428
1413393233.255760431,18.049
1413393233.305760384,20.3406
1413393233.355760574,19.3246
1413393233.405760527,18.8725
1413393233.455760479,18.1414
1413393233.505760431,16.845
1413393233.555760384,19.8998
1413393233.605760574,18.9737
1413393233.655760527,18.7201
1413393233.705760479,19.8573
1413393233.755760431,20.7323
1413393233.805760384,19.1464
1413393233.855760574,18.4392
1413393233.905760527,22.0083
1413393233.955760479,22.0205
1413393234.005760431,20.5905
1413393234.055760384,19.916
1413393234.105760574,18.1402
1413393234.155760527,22.9877
1413393234.205760479,21.4213
1413393234.255760431,20.8628
1413393234.305760384,19.7586
1413393234.355760574,18.7251
1413393234.405760527,17.7347
1413393234.455760479,15.3328
1413393234.505760431,17.8794
1413393234.555760384,16.1172
1413393234.605760574,13.6268
1413393234.655760527,12.2486
1413393234.705760479,17.4002
1413393234.755760431,17.5728
1413393234.805760384,19.8501
1413393234.855760574,20.7079
1413393234.905760527,23.4205
1413393234.955760479,22.4947
1413393235.005760431,22.7216
1413393235.055760384,23.0432
1413393235.105760574,23.8851
1413393235.155760527,26.0247
1413393235.205760479,22.4523
1413393235.255760431,22.1931
1413393235.305760384,23.7103
1413393235.355760574,26.7706
1413393235.405760527,22.4749
1413393235.455760479,21.7748
1413393235.505760431,24.4432
1413393235.555760384,25.0115
1413393235.605760574,21.7376
1413393235.655760527,21.223
1413393235.705760479,20.4331
1413393235.755760431,25.5475
1413393235.805760384,21.7818
1413393235.855760574,21.4921
1413393235.905760527,22.7697
1413393235.955760479,25.5109
1413393236.005760431,21.8349
1413393236.055760384,21.5703
1413393236.105760574,23.2303
1413393236.155760527,26.3183
1413393236.205760479,20.6581
1413393236.255760431,21.0643
1413393236.305760384,23.7536
1413393236.355760574,22.9464
1413393236.405760527,20.023
1413393236.455760479,20.6767
1413393236.505760431,22.5572
1413393236.555760384,22.931
1413393236.605760574,19.5827
1413393236.655760527,20.9582
1413393236.705760479,22.7751
1413393236.755760431,23.7172
1413393236.805760384,20.2867
1413393236.855760574,20.9814
1413393236.905760527,18.0177
1413393236.955760479,22.5374
1413393237.005760431,19.502
1413393237.055760384,19.9109
1413393237.105760574,22.1
1413393237.155760527,20.2944
1413393237.205760479,19.2654
1413393237.255760431,18.4411
1413393237.305760384,21.8836
1413393237.355760574,21.1726
1413393237.405760527,19.5111
1413393237.455760479,19.2313
1413393237.505760431,19.367
1413393237.555760384,23.2047
1413393237.605760574,19.2409
1413393237.655760527,19.3147
1413393237.705760479,21.7696
1413393237.755760431,23.7514
1413393237.805760384,20.2352
1413393237.855760574,21.2901
1413393237.905760527,21.3121
1413393237.955760479,25.226
1413393238.005760431,19.4354
1413393238.055760384,19.5675
1413393238.105760574,21.0189
1413393238.155760527,22.724
1413393238.205760479,20.2641
1413393238.255760431,20.1276
1413393238.305760384,23.0169
1413393238.355760574,22.8556
1413393238.405760527,19.8749
1413393238.455760479,19.3637
1413393238.505760431,21.6071
1413393238.555760384,21.8575
1413393238.605760574,19.6826
1413393238.655760527,19.5034
1413393238.705760479,22.9348
1413393238.755760431,23.8278
1413393238.805760384,20.2235
1413393238.855760574,20.4174
1413393238.905760527,21.6189
1413393238.955760479,23.0159
1413393239.005760431,20.0263
1413393239.055760384,19.5929
1413393239.105760574,20.4585
1413393239.155760527,24.838
1413393239.205760479,20.5692
1413393239.255760431,20.3879
1413393239.305760384,19.3411
1413393239.355760574,25.7082
1413393239.405760527,20.3016
1413393239.455760479,20.5673
1413393239.505760431,20.3577
1413393239.555760384,22.1245
1413393239.605760574,20.3171
1413393239.655760527,19.6798
1413393239.705760479,22.9105
1413393239.755760431,22.8503
1413393239.805760384,19.599
1413393239.855760574,19.1475
1413393239.905760527,20.3748
1413393239.955760479,19.6233
1413393240.005760431,19.7539
1413393240.055760384,18.789
1413393240.105760574,20.5556
1413393240.155760527,22.8735
1413393240.205760479,19.8916
1413393240.255760431,19.1948
1413393240.305760384,21.3473
1413393240.355760574,21.0188
1413393240.405760527,20.1159
1413393240.455760479,19.8954
1413393240.505760431,19.5307
1413393240.555760384,22.3846
1413393240.605760574,20.1355
1413393240.655760527,19.5685
1413393240.705760479,20.9038
1413393240.755760431,22.3928
1413393240.805760384,19.5928
1413393240.855760574,18.9578
1413393240.905760527,21.1792
1413393240.955760479,23.563
1413393241.005760431,18.9076
1413393241.055760384,19.3172
1413393241.105760574,18.1113
1413393241.155760527,21.6242
1413393241.205760479,19.2827
1413393241.255760431,20.1764
1413393241.305760384,20.6544
1413393241.355760574,19.0112
1413393241.405760527,19.6533
1413393241.455760479,18.9684
1413393241.505760431,18.857
1413393241.555760384,22.3884
1413393241.605760574,19.35
1413393241.655760527,19.982
1413393241.705760479,22.335
1413393241.755760431,18.4896
1413393241.805760384,19.1984
1413393241.855760574,19.0888
1413393241.905760527,18.0561
1413393241.955760479,20.5103
1413393242.005760431,19.0532
1413393242.055760384,18.7656
1413393242.105760574,18.3997
1413393242.155760527,23.8812
1413393242.205760479,18.203
1413393242.255760431,18.5195
1413393242.305760384,16.8759
1413393242.355760574,21.0373
1413393242.405760527,19.0435
1413393242.455760479,18.3372
1413393242.505760431,21.0546
1413393242.555760384,23.1615
1413393242.605760574,18.5997
1413393242.655760527,18.3119
1413393242.705760479,22.0842
1413393242.755760431,20.9028
1413393242.805760384,18.7144
1413393242.855760574,18.9581
1413393242.905760527,17.2815
1413393242.955760479,23.7929
1413393243.005760431,18.7975
1413393243.055760384,18.8468
1413393243.105760574,18.8384
1413393243.155760527,22.8526
1413393243.205760479,18.7425
1413393243.255760431,18.8854
1413393243.305760384,16.9728
1413393243.355760574,21.2011
1413393243.405760527,19.1575
1413393243.455760479,18.5983
1413393243.505760431,17.6796
1413393243.555760384,18.9759
1413393243.605760574,18.5698
1413393243.655760527,19.0831
1413393243.705760479,17.5121
1413393243.755760431,23.465
1413393243.805760384,19.0524
1413393243.855760574,19.3125
1413393243.905760527,16.9702
1413393243.955760479,23.7499
1413393244.005760431,19.2558
1413393244.055760384,19.4666
1413393244.105760574,18.7091
1413393244.155760527,22.6657
1413393244.205760479,20.1357
1413393244.255760431,19.4316
1413393244.305760384,18.2361
1413393244.355760574,22.2874
1413393244.405760527,19.5017
1413393244.455760479,19.1341
1413393244.505760431,18.8615
1413393244.555760384,23.7479
1413393244.605760574,19.3543
1413393244.655760527,19.1121
1413393244.705760479,17.7782
1413393244.755760431,20.4675
1413393244.805760384,19.4606
1413393244.855760574,19.376
1413393244.905760527,16.8904
1413393244.955760479,22.2038
1413393245.005760431,20.1901
1413393245.055760384,21.3706
1413393245.105760574,20.4968
1413393245.155760527,23.1988
1413393245.205760479,19.7433
1413393245.255760431,19.5506
1413393245.305760384,18.4389
1413393245.355760574,25.5185
1413393245.405760527,20.4016
1413393245.455760479,20.6541
1413393245.505760431,19.0115
1413393245.555760384,22.7115
1413393245.605760574,20.2157
1413393245.655760527,20.6139
1413393245.705760479,19.1984
1413393245.755760431,23.5154
1413393245.805760384,21.2094
1413393245.855760574,20.6851
1413393245.905760527,19.3857
1413393245.955760479,20.8281
1413393246.005760431,19.8361
1413393246.055760384,20.2307
1413393246.105760574,18.5744
1413393246.155760527,24.0417
1413393246.205760479,21.397
1413393246.255760431,20.8886
1413393246.305760384,20.0999
1413393246.355760574,26.1951
1413393246.405760527,20.4857
1413393246.455760479,20.7067
1413393246.505760431,19.0874
1413393246.555760384,24.6078
1413393246.605760574,20.1109
1413393246.655760527,20.316
1413393246.705760479,17.8669
1413393246.755760431,22.4144
1413393246.805760384,21.4873
1413393246.855760574,20.6175
1413393246.905760527,20.3488
1413393246.955760479,22.49
1413393247.005760431,20.3779
1413393247.055760384,20.3494
1413393247.105760574,19.9377
1413393247.155760527,24.1201
1413393247.205760479,19.5803
1413393247.255760431,19.5229
1413393247.305760384,19.1703
1413393247.355760574,21.7924
1413393247.405760527,18.5316
1413393247.455760479,18.3083
1413393247.505760431,17.9594
1413393247.555760384,21.0759
1413393247.605760574,18.5262
1413393247.655760527,17.7125
1413393247.705760479,16.0618
1413393247.755760431,21.9451
1413393247.805760384,18.1908
1413393247.855760574,18.116
1413393247.905760527,19.3289
1413393247.955760479,19.1243
1413393248.005760431,17.6616
1413393248.055760384,18.4461
1413393248.105760574,19.2658
1413393248.155760527,21.7543
1413393248.205760479,20.0773
1413393248.255760431,19.8237
1413393248.305760384,18.9665
1413393248.355760574,24.5967
1413393248.405760527,20.1354
1413393248.455760479,19.9968
1413393248.505760431,15.9429
1413393248.555760384,22.5021
1413393248.605760574,20.2539
1413393248.655760527,20.5759
1413393248.705760479,18.657
1413393248.755760431,24.6895
1413393248.805760384,20.32
1413393248.855760574,20.4669
1413393248.905760527,19.4395
1413393248.955760479,23.2133
1413393249.005760431,20.75
1413393249.055760384,20.7894
1413393249.105760574,19.3056
1413393249.155760527,26.132
1413393249.205760479,21.0414
1413393249.255760431,20.9486
1413393249.305760384,20.911
1413393249.355760574,23.6143
1413393249.405760527,21.5296
1413393249.455760479,21.2089
1413393249.505760431,19.7376
1413393249.555760384,24.4289
1413393249.605760574,21.554
1413393249.655760527,21.3605
1413393249.705760479,22.231
1413393249.755760431,25.3067
1413393249.805760384,21.167
1413393249.855760574,21.1764
1413393249.905760527,19.2777
1413393249.955760479,23.9107
1413393250.005760431,20.5122
1413393250.055760384,20.7443
1413393250.105760574,19.5637
1413393250.155760527,24.0486
1413393250.205760479,21.7694
1413393250.255760431,20.4204
1413393250.305760384,22.1534
1413393250.355760574,21.6149
1413393250.405760527,20.7434
1413393250.455760479,20.5153
1413393250.505760431,23.1422
1413393250.555760384,26.2468
1413393250.605760574,20.0151
1413393250.655760527,20.4711
1413393250.705760479,19.0009
1413393250.755760431,21.946
1413393250.805760384,19.8224
1413393250.855760574,19.7226
1413393250.905760527,18.3221
1413393250.955760479,24.9608
1413393251.005760431,20.2828
1413393251.055760384,20.1154
1413393251.105760574,22.0787
1413393251.155760527,23.004
1413393251.205760479,21.3916
1413393251.255760431,21.4085
1413393251.305760384,22.7211
1413393251.355760574,26.0162
1413393251.405760527,21.1616
1413393251.455760479,20.7074
1413393251.505760431,22.8233
1413393251.555760384,23.4779
1413393251.605760574,21.7324
1413393251.655760527,21.0239
1413393251.705760479,20.6835
1413393251.755760431,24.1086
1413393251.805760384,21.1696
1413393251.855760574,20.3317
1413393251.905760527,20.1717
1413393251.955760479,25.5602
1413393252.005760431,20.4341
1413393252.055760384,20.4945
1413393252.105760574,21.9369
1413393252.155760527,24.9375
1413393252.205760479,20.9469
1413393252.255760431,22.3298
1413393252.305760384,21.2596
1413393252.355760574,24.1058
1413393252.405760527,21.7527
1413393252.455760479,20.9445
1413393252.505760431,23.83
1413393252.555760384,26.2827
1413393252.605760574,21.0764
1413393252.655760527,21.6544
1413393252.705760479,19.4366
1413393252.755760431,24.372
1413393252.805760384,21.4662
1413393252.855760574,21.4805
1413393252.905760527,21.6485
1413393252.955760479,26.5696
1413393253.005760431,21.1361
1413393253.055760384,21.4474
1413393253.105760574,20.2606
1413393253.155760527,25.217
1413393253.205760479,21.1544
1413393253.255760431,20.6383
1413393253.305760384,22.9788
1413393253.355760574,22.1846
1413393253.405760527,19.809
1413393253.455760479,20.7708
1413393253.505760431,19.9805
1413393253.555760384,22.9191
1413393253.605760574,20.4292
1413393253.655760527,20.7857
1413393253.705760479,20.0421
1413393253.755760431,24.5137
1413393253.805760384,20.2511
1413393253.855760574,20.6803
1413393253.905760527,20.8161
1413393253.955760479,23.5481
1413393254.005760431,20.3779
1413393254.055760384,20.1348
1413393254.105760574,19.9737
1413393254.155760527,24.3346
1413393254.205760479,20.6051
1413393254.255760431,20.123
1413393254.305760384,20.5784
1413393254.355760574,21.8108
1413393254.405760527,20.2613
1413393254.455760479,19.7735
1413393254.505760431,19.7471
1413393254.555760384,21.8092
1413393254.605760574,20.5265
1413393254.655760527,20.2683
1413393254.705760479,21.3098
1413393254.755760431,23.7217
1413393254.805760384,18.9838
1413393254.855760574,19.8515
1413393254.905760527,20.6376
1413393254.955760479,22.4882
1413393255.005760431,20.1303
1413393255.055760384,19.8998
1413393255.105760574,17.6294
1413393255.155760527,22.1623
1413393255.205760479,19.7732
1413393255.255760431,19.3164
1413393255.305760384,19.2522
1413393255.355760574,21.9609
1413393255.405760527,19.9806
1413393255.455760479,19.6445
1413393255.505760431,20.1854
1413393255.555760384,22.4236
1413393255.605760574,19.2596
1413393255.655760527,18.9881
1413393255.705760479,22.6744
1413393255.755760431,24.8311
1413393255.805760384,20.1092
1413393255.855760574,19.6714
1413393255.905760527,18.9877
1413393255.955760479,21.6466
1413393256.005760431,20.2521
1413393256.055760384,19.806
1413393256.105760574,22.1952
1413393256.155760527,21.6316
1413393256.205760479,18.8924
1413393256.255760431,19.5334
1413393256.305760384,19.6132
1413393256.355760574,20.76
1413393256.405760527,19.5724
1413393256.455760479,19.3335
1413393256.505760431,22.7144
1413393256.555760384,24.5209
1413393256.605760574,19.6409
1413393256.655760527,19.5287
1413393256.705760479,19.7914
1413393256.755760431,22.9642
1413393256.805760384,19.1483
1413393256.855760574,19.2791
1413393256.905760527,18.1318
1413393256.955760479,22.7001
1413393257.005760431,19.4721
1413393257.055760384,19.6589
1413393257.105760574,20.3461
1413393257.155760527,23.22
1413393257.205760479,19.7987
1413393257.255760431,19.6774
1413393257.305760384,18.1485
1413393257.355760574,21.0359
1413393257.405760527,19.6036
1413393257.455760479,19.3761
1413393257.505760431,20.8803
1413393257.555760384,21.8793
1413393257.605760574,18.8749
1413393257.655760527,18.8189
1413393257.705760479,17.5088
1413393257.755760431,23.4668
1413393257.805760384,19.3193
1413393257.855760574,18.9636
1413393257.905760527,19.9411
1413393257.955760479,20.1921
1413393258.005760431,19.7259
1413393258.055760384,19.1753
1413393258.105760574,19.7979
1413393258.155760527,20.6299
1413393258.205760479,19.7742
1413393258.255760431,19.5196
1413393258.305760384,16.6173
1413393258.355760574,21.3636
1413393258.405760527,18.9352
1413393258.455760479,18.6241
1413393258.505760431,18.7578
1413393258.555760384,22.5421
1413393258.605760574,19.3642
1413393258.655760527,19.7305
1413393258.705760479,17.7741
1413393258.755760431,20.9296
1413393258.805760384,19.1271
1413393258.855760574,18.6662
1413393258.905760527,19.8392
1413393258.955760479,22.0788
1413393259.005760431,18.4477
1413393259.055760384,18.8837
1413393259.105760574,17.1024
1413393259.155760527,24.5121
1413393259.205760479,18.9342
1413393259.255760431,18.9344
1413393259.305760384,20.885
1413393259.355760574,23.5293
1413393259.405760527,18.551
1413393259.455760479,18.6635
1413393259.505760431,19.2361
1413393259.555760384,21.9561
1413393259.605760574,19.5317
1413393259.655760527,19.1114
1413393259.705760479,17.4255
1413393259.755760431,20.9239
1413393259.805760384,19.0483
1413393259.855760574,18.6404
1413393259.905760527,18.8131
1413393259.955760479,21.3851
1413393260.005760431,17.8403
1413393260.055760384,18.4779
1413393260.105760574,16.209
1413393260.155760527,19.8937
1413393260.205760479,18.8923
1413393260.255760431,18.8891
1413393260.305760384,18.8629
1413393260.355760574,20.97
1413393260.405760527,18.5168
1413393260.455760479,17.9131
1413393260.505760431,20.3746
1413393260.555760384,20.4388
1413393260.605760574,19.8972
1413393260.655760527,19.2656
1413393260.705760479,18.2746
1413393260.755760431,23.3476
1413393260.805760384,19.2978
1413393260.855760574,19.3047
1413393260.905760527,17.7909
1413393260.955760479,18.4064
1413393261.005760431,18.4774
1413393261.055760384,18.2878
1413393261.105760574,16.3021
1413393261.155760527,22.4651
1413393261.205760479,18.9556
1413393261.255760431,19.0408
1413393261.305760384,21.463
1413393261.355760574,21.7046
1413393261.405760527,18.425
1413393261.455760479,18.5493
1413393261.505760431,16.9432
1413393261.555760384,20.656
1413393261.605760574,18.195
1413393261.655760527,17.3646
1413393261.705760479,15.281
1413393261.755760431,20.4365
1413393261.805760384,17.9476
1413393261.855760574,18.4422
1413393261.905760527,16.1736
1413393261.955760479,19.6367
1413393262.005760431,18.9058
1413393262.055760384,18.6328
1413393262.105760574,16.8958
1413393262.155760527,21.3095
1413393262.205760479,20.396
1413393262.255760431,20.1226
1413393262.305760384,22.048
1413393262.355760574,23.0631
1413393262.405760527,20.7474
1413393262.455760479,20.3222
1413393262.505760431,19.0981
1413393262.555760384,24.1549
1413393262.605760574,20.923
1413393262.655760527,20.4048
1413393262.705760479,20.5629
1413393262.755760431,23.9214
1413393262.805760384,20.1748
1413393262.855760574,21.653
1413393262.905760527,19.3388
1413393262.955760479,25.6727
1413393263.005760431,20.6129
1413393263.055760384,20.8064
1413393263.105760574,20.2823
1413393263.155760527,23.722
1413393263.205760479,20.3873
1413393263.255760431,20.6208
1413393263.305760384,19.0283
1413393263.355760574,22.7884
1413393263.405760527,20.8816
1413393263.455760479,21.0126
1413393263.505760431,22.4825
1413393263.555760384,23.974
1413393263.605760574,21.3683
1413393263.655760527,21.2506
1413393263.705760479,20.2366
1413393263.755760431,21.4618
1413393263.805760384,21.9187
1413393263.855760574,21.2723
1413393263.905760527,19.9513
1413393263.955760479,24.938
1413393264.005760431,21.9363
1413393264.055760384,21.2695
1413393264.105760574,22.0202
1413393264.155760527,23.9385
1413393264.205760479,22.3794
1413393264.255760431,21.9076
1413393264.305760384,20.7339
1413393264.355760574,25.0415
1413393264.405760527,22.4899
1413393264.455760479,22.9265
1413393264.505760431,21.8199
1413393264.555760384,27.5112
1413393264.605760574,22.494
1413393264.655760527,22.4698
1413393264.705760479,21.2584
1413393264.755760431,26.3732
1413393264.805760384,22.7295
1413393264.855760574,22.9575
1413393264.905760527,21.2483
1413393264.955760479,24.6582
1413393265.005760431,22.4052
1413393265.055760384,21.9657
1413393265.105760574,21.643
1413393265.155760527,23.6045
1413393265.205760479,21.4991
1413393265.255760431,20.6007
1413393265.305760384,19.3518
1413393265.355760574,24.637
1413393265.405760527,21.4537
1413393265.455760479,21.3105
1413393265.505760431,20.1772
1413393265.555760384,26.6694
1413393265.605760574,21.7083
1413393265.655760527,22.419
1413393265.705760479,21.0323
1413393265.755760431,27.6791
1413393265.805760384,22.3247
1413393265.855760574,22.7564
1413393265.905760527,21.1341
1413393265.955760479,27.3714
1413393266.005760431,23.2261
1413393266.055760384,22.6213
1413393266.105760574,21.3571
1413393266.155760527,24.0269
1413393266.205760479,23.5474
1413393266.255760431,22.3766
1413393266.305760384,20.0176
1413393266.355760574,27.1271
1413393266.405760527,23.0498
1413393266.455760479,22.7296
1413393266.505760431,19.7213
1413393266.555760384,23.6605
1413393266.605760574,22.1395
1413393266.655760527,21.0215
1413393266.705760479,19.828
1413393266.755760431,25.0369
1413393266.805760384,22.25
1413393266.855760574,22.0384
1413393266.905760527,18.9728
1413393266.955760479,23.8153
1413393267.005760431,22.1259
1413393267.055760384,21.7286
1413393267.105760574,19.8783
1413393267.155760527,24.002
1413393267.205760479,22.6886
1413393267.255760431,22.4761
1413393267.305760384,21.0549
1413393267.355760574,25.1725
1413393267.405760527,23.114
1413393267.455760479,22.6156
1413393267.505760431,21.6336
1413393267.555760384,26.5277
1413393267.605760574,23.0019
1413393267.655760527,23.4317
1413393267.705760479,21.2971
1413393267.755760431,25.984
1413393267.805760384,22.7647
1413393267.855760574,23.4232
1413393267.905760527,21.8801
1413393267.955760479,26.4701
1413393268.005760431,23.0887
1413393268.055760384,23.1619
1413393268.105760574,21.6223
1413393268.155760527,25.6398
1413393268.205760479,23.2132
1413393268.255760431,23.0706
1413393268.305760384,21.3186
1413393268.355760574,27.5773
1413393268.405760527,22.8539
1413393268.455760479,22.5701
1413393268.505760431,21.4687
1413393268.555760384,25.6481
1413393268.605760574,23.9396
1413393268.655760527,23.4559
1413393268.705760479,21.4795
1413393268.755760431,25.0604
1413393268.805760384,23.2225
1413393268.855760574,23.2711
1413393268.905760527,22.0329
1413393268.955760479,26.6283
1413393269.005760431,23.2732
1413393269.055760384,23.1619
1413393269.105760574,20.995
1413393269.155760527,26.3833
1413393269.205760479,23.0325
1413393269.255760431,23.2028
1413393269.305760384,21.1353
1413393269.355760574,25.6933
1413393269.405760527,22.6669
1413393269.455760479,21.3329
1413393269.505760431,20.5225
1413393269.555760384,23.6149
1413393269.605760574,22.1703
1413393269.655760527,21.7269
1413393269.705760479,20.6618
1413393269.755760431,26.5725
1413393269.805760384,21.8788
1413393269.855760574,22.0241
1413393269.905760527,20.0308
1413393269.955760479,25.3868
1413393270.005760431,21.8136
1413393270.055760384,21.2685
1413393270.105760574,21.8659
1413393270.155760527,22.0881
1413393270.205760479,22.2408
1413393270.255760431,21.9577
1413393270.305760384,21.1225
1413393270.355760574,22.3934
1413393270.405760527,22.3952
1413393270.455760479,22.763
1413393270.505760431,22.8948
1413393270.555760384,27.6776
1413393270.605760574,23.0561
1413393270.655760527,23.2586
1413393270.705760479,21.5619
1413393270.755760431,22.3073
1413393270.805760384,22.9834
1413393270.855760574,23.8198
1413393270.905760527,24.5062
1413393270.955760479,26.0183
1413393271.005760431,23.0984
1413393271.055760384,23.4275
1413393271.105760574,22.2837
1413393271.155760527,27.8036
1413393271.205760479,22.455
1413393271.255760431,22.8075
1413393271.305760384,20.9696
1413393271.355760574,25.2905
1413393271.405760527,22.7032
1413393271.455760479,22.2837
1413393271.505760431,21.7405
1413393271.555760384,27.0582
1413393271.605760574,22.2915
1413393271.655760527,22.254
1413393271.705760479,20.3871
1413393271.755760431,25.908
1413393271.805760384,21.8747
1413393271.855760574,21.9977
1413393271.905760527,21.6056
1413393271.955760479,24.5958
1413393272.005760431,21.5511
1413393272.055760384,22.3187
1413393272.105760574,20.7469
1413393272.155760527,23.5384
1413393272.205760479,22.0882
1413393272.255760431,22.1413
1413393272.305760384,20.5734
1413393272.355760574,27.0484
1413393272.405760527,22.1062
1413393272.455760479,22.6886
1413393272.505760431,21.8716
1413393272.555760384,25.3307
1413393272.605760574,22.97
1413393272.655760527,22.5772
1413393272.705760479,21.2796
1413393272.755760431,27.068
1413393272.805760384,22.5978
1413393272.855760574,23.087
1413393272.905760527,21.5271
1413393272.955760479,25.7391
1413393273.005760431,22.6619
1413393273.055760384,22.5807
1413393273.105760574,21.4763
1413393273.155760527,25.4448
1413393273.205760479,22.9332
1413393273.255760431,23.6119
1413393273.305760384,22.8164
1413393273.355760574,25.2572
1413393273.405760527,22.92
1413393273.455760479,22.8463
1413393273.505760431,22.5978
1413393273.555760384,25.9381
1413393273.605760574,22.3532
1413393273.655760527,22.2558
1413393273.705760479,20.7089
1413393273.755760431,25.3903
1413393273.805760384,22.0924
1413393273.855760574,22.6364
1413393273.905760527,20.0468
1413393273.955760479,25.0021
1413393274.005760431,22.4194
1413393274.055760384,23.0052
1413393274.105760574,21.6971
1413393274.155760527,25.6265
1413393274.205760479,23.1262
1413393274.255760431,23.058
1413393274.305760384,20.9112
1413393274.355760574,25.0609
1413393274.405760527,21.4271
1413393274.455760479,21.6551
1413393274.505760431,21.66
1413393274.555760384,23.9838
1413393274.605760574,21.3733
1413393274.655760527,21.6124
1413393274.705760479,22.0092
1413393274.755760431,22.6631
1413393274.805760384,21.3595
1413393274.855760574,20.6695
1413393274.905760527,19.4446
1413393274.955760479,24.1311
1413393275.005760431,21.4371
1413393275.055760384,20.966
1413393275.105760574,19.7388
1413393275.155760527,24.4796
1413393275.205760479,20.933
1413393275.255760431,21.2211
1413393275.305760384,20.2263
1413393275.355760574,24.0872
1413393275.405760527,21.0078
1413393275.455760479,21.2758
1413393275.505760431,20.0327
1413393275.555760384,24.2015
1413393275.605760574,21.3202
1413393275.655760527,21.052
1413393275.705760479,22.2856
1413393275.755760431,23.7993
1413393275.805760384,21.4841
1413393275.855760574,21.7182
1413393275.905760527,20.8492
1413393275.955760479,23.6259
1413393276.005760431,20.7199
1413393276.055760384,21.1243
1413393276.105760574,20.6103
1413393276.155760527,22.4127
1413393276.205760479,21.664
1413393276.255760431,21.6351
1413393276.305760384,19.0839
1413393276.355760574,23.4896
1413393276.405760527,22.0255
1413393276.455760479,22.4712
1413393276.505760431,20.7556
1413393276.555760384,25.3156
1413393276.605760574,21.913
1413393276.655760527,21.8493
1413393276.705760479,21.4436
1413393276.755760431,24.0509
1413393276.805760384,22.3118
1413393276.855760574,22.598
1413393276.905760527,21.3815
1413393276.955760479,26.2868
1413393277.005760431,22.4421
1413393277.055760384,22.4256
1413393277.105760574,20.1182
1413393277.155760527,25.0664
1413393277.205760479,23.1316
1413393277.255760431,21.9216
1413393277.305760384,21.9579
1413393277.355760574,24.026
1413393277.405760527,22.108
1413393277.455760479,22.8147
1413393277.505760431,20.9734
1413393277.555760384,24.7902
1413393277.605760574,21.6144
1413393277.655760527,21.2863
1413393277.705760479,20.472
1413393277.755760431,26.3762
1413393277.805760384,21.9815
1413393277.855760574,22.0773
1413393277.905760527,22.308
1413393277.955760479,24.0365
1413393278.005760431,21.1454
1413393278.055760384,21.6893
1413393278.105760574,20.4469
1413393278.155760527,26.4183
1413393278.205760479,21.0421
1413393278.255760431,21.2508
1413393278.305760384,20.9502
1413393278.355760574,24.2931
1413393278.405760527,21.0658
1413393278.455760479,21.0349
1413393278.505760431,19.9168
1413393278.555760384,24.045
1413393278.605760574,21.1275
1413393278.655760527,21.3646
1413393278.705760479,19.9071
1413393278.755760431,26.1268
1413393278.805760384,20.6085
1413393278.855760574,20.8916
1413393278.905760527,18.8356
1413393278.955760479,22.4615
1413393279.005760431,20.4944
1413393279.055760384,20.9878
1413393279.105760574,19.5016
1413393279.155760527,23.7813
1413393279.205760479,20.9236
1413393279.255760431,20.9243
1413393279.305760384,20.3013
1413393279.355760574,22.4559
1413393279.405760527,21.2647
1413393279.455760479,21.5768
1413393279.505760431,19.9612
1413393279.555760384,25.4423
1413393279.605760574,20.8629
1413393279.655760527,20.7016
1413393279.705760479,20.4264
1413393279.755760431,20.5441
1413393279.805760384,21.8317
1413393279.855760574,21.6407
1413393279.905760527,20.2543
1413393279.955760479,24.1109
1413393280.005760431,21.1456
1413393280.055760384,20.9293
1413393280.105760574,21.0719
1413393280.155760527,21.8225
1413393280.205760479,20.9691
1413393280.255760431,21.169
1413393280.305760384,20.6089
1413393280.355760574,22.7926
1413393280.405760527,20.3157
1413393280.455760479,20.5361
1413393280.505760431,18.4584
1413393280.555760384,22.0917
1413393280.605760574,21.4285
1413393280.655760527,21.718
1413393280.705760479,21.0806
1413393280.755760431,21.7579
1413393280.805760384,20.9911
1413393280.855760574,20.6227
1413393280.905760527,19.4921
1413393280.955760479,24.8831
1413393281.005760431,20.564
1413393281.055760384,21.021
1413393281.105760574,20.5324
1413393281.155760527,21.957
1413393281.205760479,20.3565
1413393281.255760431,21.0364
1413393281.305760384,20.4608
1413393281.355760574,19.6778
1413393281.405760527,20.7748
1413393281.455760479,21.1626
1413393281.505760431,19.419
1413393281.555760384,22.5943
1413393281.605760574,22.233
1413393281.655760527,20.4877
1413393281.705760479,20.5671
1413393281.755760431,19.7677
1413393281.805760384,21.141
1413393281.855760574,20.8104
1413393281.905760527,18.7591
1413393281.955760479,20.7428
1413393282.005760431,21.4969
1413393282.055760384,21.2081
1413393282.105760574,20.0299
1413393282.155760527,24.3636
1413393282.205760479,21.5423
1413393282.255760431,21.7077
1413393282.305760384,21.3483
1413393282.355760574,20.3801
1413393282.405760527,22.514
1413393282.455760479,20.9497
1413393282.505760431,19.4707
1413393282.555760384,23.2697
1413393282.605760574,20.8946
1413393282.655760527,22.5908
1413393282.705760479,20.9399
1413393282.755760431,21.0234
1413393282.805760384,21.6489
1413393282.855760574,21.6787
1413393282.905760527,19.7162
1413393282.955760479,24.8518
1413393283.005760431,21.6581
1413393283.055760384,21.6989
1413393283.105760574,21.6979
1413393283.155760527,21.3904
1413393283.205760479,21.2673
1413393283.255760431,21.6225
1413393283.305760384,19.8996
1413393283.355760574,22.6925
1413393283.405760527,21.6349
1413393283.455760479,22.216
1413393283.505760431,21.6998
1413393283.555760384,24.8704
1413393283.605760574,22.3951
1413393283.655760527,22.5094
1413393283.705760479,22.7485
1413393283.755760431,23.2121
1413393283.805760384,22.57
1413393283.855760574,23.067
1413393283.905760527,22.5668
1413393283.955760479,25.7851
1413393284.005760431,22.6723
1413393284.055760384,23.0507
1413393284.105760574,22.714
1413393284.155760527,21.3536
1413393284.205760479,22.4471
1413393284.255760431,22.5571
1413393284.305760384,22.3861
1413393284.355760574,23.6068
1413393284.405760527,21.0249
1413393284.455760479,21.5558
1413393284.505760431,21.2166
1413393284.555760384,19.9729
1413393284.605760574,21.5043
1413393284.655760527,20.9378
1413393284.705760479,20.0743
1413393284.755760431,19.8667
1413393284.805760384,20.7641
1413393284.855760574,21.386
1413393284.905760527,20.9427
1413393284.955760479,19.4717
1413393285.005760431,20.9975
1413393285.055760384,20.7125
1413393285.105760574,19.7179
1413393285.155760527,22.7766
1413393285.205760479,18.7026
1413393285.255760431,19.6157
1413393285.305760384,18.7162
1413393285.355760574,18.9577
1413393285.405760527,20.234
1413393285.455760479,20.024
1413393285.505760431,18.1047
1413393285.555760384,22.4788
1413393285.605760574,19.6421
1413393285.655760527,19.7709
1413393285.705760479,17.786
1413393285.755760431,22.884
1413393285.805760384,20.051
1413393285.855760574,19.6753
1413393285.905760527,18.5059
1413393285.955760479,21.1494
1413393286.005760431,20.1817
1413393286.055760384,20.4878
1413393286.105760574,18.3691
1413393286.155760527,23.8653
1413393286.205760479,20.7091
1413393286.255760431,20.7878
1413393286.305760384,20.2244
1413393286.355760574,22.9632
1413393286.405760527,20.4377
1413393286.455760479,21.0561
1413393286.505760431,19.6571
1413393286.555760384,25.653
1413393286.605760574,20.3502
1413393286.655760527,21.4894
1413393286.705760479,20.9483
1413393286.755760431,23.4658
1413393286.805760384,21.4484
1413393286.855760574,21.6235
1413393286.905760527,20.2949
1413393286.955760479,24.2805
1413393287.005760431,21.9828
1413393287.055760384,21.8814
1413393287.105760574,20.3498
1413393287.155760527,24.6964
1413393287.205760479,21.7716
1413393287.255760431,21.5239
1413393287.305760384,20.9167
1413393287.355760574,22.4073
1413393287.405760527,20.9038
1413393287.455760479,20.486
1413393287.505760431,18.3251
1413393287.555760384,22.6254
1413393287.605760574,19.0153
1413393287.655760527,18.1996
1413393287.705760479,16.9776
1413393287.755760431,21.3111
1413393287.805760384,18.2601
1413393287.855760574,17.7988
1413393287.905760527,16.3124
1413393287.955760479,17.8882
1413393288.005760431,17.5579
1413393288.055760384,17.6424
1413393288.105760574,16.8738
1413393288.155760527,20.2165
1413393288.205760479,18.7648
1413393288.255760431,18.1971
1413393288.305760384,17.9868
1413393288.355760574,21.1747
1413393288.405760527,19.1739
1413393288.455760479,19.4836
1413393288.505760431,17.5683
1413393288.555760384,21.5247
1413393288.605760574,19.2545
1413393288.655760527,18.7903
1413393288.705760479,18.1599
1413393288.755760431,23.1736
1413393288.805760384,19.0453
1413393288.855760574,19.4626
1413393288.905760527,17.7316
1413393288.955760479,21.7205
1413393289.005760431,19.302
1413393289.055760384,18.8375
1413393289.105760574,17.7073
1413393289.155760527,22.5555
1413393289.205760479,19.0956
1413393289.255760431,19.877
1413393289.305760384,21.5448
1413393289.355760574,19.8416
1413393289.405760527,18.9468
1413393289.455760479,18.7273
1413393289.505760431,17.4966
1413393289.555760384,21.9206
1413393289.605760574,19.5292
1413393289.655760527,19.5723
1413393289.705760479,18.2091
1413393289.755760431,23.7091
1413393289.805760384,18.9957
1413393289.855760574,19.6529
1413393289.905760527,17.5579
1413393289.955760479,19.837
1413393290.005760431,19.168
1413393290.055760384,19.7269
1413393290.105760574,21.1117
1413393290.155760527,20.2777
1413393290.205760479,19.7538
1413393290.255760431,19.889
1413393290.305760384,18.4231
1413393290.355760574,19.5706
1413393290.405760527,19.4973
1413393290.455760479,20.0312
1413393290.505760431,20.1095
1413393290.555760384,20.1027
1413393290.605760574,19.2425
1413393290.655760527,19.6844
1413393290.705760479,17.9779
1413393290.755760431,23.0982
1413393290.805760384,19.2988
1413393290.855760574,20.0034
1413393290.905760527,19.7641
1413393290.955760479,21.5773
1413393291.005760431,19.8778
1413393291.055760384,20.1361
1413393291.105760574,18.5401
1413393291.155760527,23.4772
1413393291.205760479,19.8257
1413393291.255760431,20.6052
1413393291.305760384,18.5257
1413393291.355760574,23.3984
1413393291.405760527,20.4258
1413393291.455760479,19.9792
1413393291.505760431,19.4289
1413393291.555760384,21.8246
1413393291.605760574,20.8286
1413393291.655760527,20.859
1413393291.705760479,19.1494
1413393291.755760431,24.3411
1413393291.805760384,20.8801
1413393291.855760574,20.6915
1413393291.905760527,20.4838
1413393291.955760479,21.2165
1413393292.005760431,21.0242
1413393292.055760384,21.2691
1413393292.105760574,19.9789
1413393292.155760527,22.4404
1413393292.205760479,20.8921
1413393292.255760431,20.8618
1413393292.305760384,20.8288
1413393292.355760574,23.4462
1413393292.405760527,21.4151
1413393292.455760479,21.4294
1413393292.505760431,21.2743
1413393292.555760384,23.1006
1413393292.605760574,21.8623
1413393292.655760527,22.4254
1413393292.705760479,20.6824
1413393292.755760431,25.2412
1413393292.805760384,21.5925
1413393292.855760574,21.7217
1413393292.905760527,21.8709
1413393292.955760479,24.4399
1413393293.005760431,21.2684
1413393293.055760384,21.3167
1413393293.105760574,21.1166
1413393293.155760527,19.7249
1413393293.205760479,20.9189
1413393293.255760431,20.8157
1413393293.305760384,20.2083
1413393293.355760574,21.8556
1413393293.405760527,19.7934
1413393293.455760479,20.416
1413393293.505760431,18.9839
1413393293.555760384,23.2695
1413393293.605760574,19.931
1413393293.655760527,19.8154
1413393293.705760479,18.5951
1413393293.755760431,23.5269
1413393293.805760384,19.1261
1413393293.855760574,19.683
1413393293.905760527,19.3459
1413393293.955760479,20.6666
1413393294.005760431,19.8317
1413393294.055760384,19.8785
1413393294.105760574,18.0059
1413393294.155760527,20.5932
1413393294.205760479,20.4864
1413393294.255760431,19.8653
1413393294.305760384,19.1447
1413393294.355760574,18.5122
1413393294.405760527,19.46
1413393294.455760479,19.9425
1413393294.505760431,19.3091
1413393294.555760384,20.5815
1413393294.605760574,19.616
1413393294.655760527,19.8255
1413393294.705760479,19.261
1413393294.755760431,20.2317
1413393294.805760384,19.1086
1413393294.855760574,19.5581
1413393294.905760527,17.7382
1413393294.955760479,22.2205
1413393295.005760431,19.0181
1413393295.055760384,20.1174
1413393295.105760574,19.3897
1413393295.155760527,20.7934
1413393295.205760479,19.685
1413393295.255760431,19.5092
1413393295.305760384,17.6046
1413393295.355760574,21.9886
1413393295.405760527,19.3915
1413393295.455760479,19.5816
1413393295.505760431,18.0249
1413393295.555760384,23.721
1413393295.605760574,20.3176
1413393295.655760527,20.265
1413393295.705760479,19.5702
1413393295.755760431,21.8552
1413393295.805760384,19.7933
1413393295.855760574,19.9898
1413393295.905760527,17.7706
1413393295.955760479,23.8662
1413393296.005760431,19.9188
1413393296.055760384,20.0624
1413393296.105760574,19.2825
1413393296.155760527,19.3057
1413393296.205760479,19.872
1413393296.255760431,19.4748
1413393296.305760384,18.4032
1413393296.355760574,21.7639
1413393296.405760527,20.1448
1413393296.455760479,20.172
1413393296.505760431,19.433
1413393296.555760384,18.2372
1413393296.605760574,20.4394
1413393296.655760527,20.3901
1413393296.705760479,19.128
1413393296.755760431,22.698
1413393296.805760384,20.637
1413393296.855760574,20.3447
1413393296.905760527,18.7425
1413393296.955760479,22.7533
1413393297.005760431,20.2785
1413393297.055760384,20.6705
1413393297.105760574,19.7519
1413393297.155760527,20.6457
1413393297.205760479,20.571
1413393297.255760431,21.0301
1413393297.305760384,19.4843
1413393297.355760574,23.0856
1413393297.405760527,21.2559
1413393297.455760479,21.3154
1413393297.505760431,20.88
1413393297.555760384,21.317
1413393297.605760574,20.5404
1413393297.655760527,20.2924
1413393297.705760479,18.6781
1413393297.755760431,24.9695
1413393297.805760384,19.6678
1413393297.855760574,20.3582
1413393297.905760527,20.1965
1413393297.955760479,20.9602
1413393298.005760431,20.6732
1413393298.055760384,20.8989
1413393298.105760574,19.5285
1413393298.155760527,25.9424
1413393298.205760479,20.6464
1413393298.255760431,20.8431
1413393298.305760384,21.1551
1413393298.355760574,21.4837
1413393298.405760527,20.9334
1413393298.455760479,20.882
1413393298.505760431,20.2498
1413393298.555760384,23.6261
1413393298.605760574,21.1026
1413393298.655760527,20.3005
1413393298.705760479,20.4286
1413393298.755760431,19.9584
1413393298.805760384,20.9867
1413393298.855760574,20.7564
1413393298.905760527,20.046
1413393298.955760479,22.3996
1413393299.005760431,20.5525
1413393299.055760384,20.6093
1413393299.105760574,18.0928
1413393299.155760527,19.4546
1413393299.205760479,19.4491
1413393299.255760431,19.9834
1413393299.305760384,19.8058
1413393299.355760574,21.8272
1413393299.405760527,20.0251
1413393299.455760479,19.7282
1413393299.505760431,18.6484
1413393299.555760384,23.0066
1413393299.605760574,19.8309
1413393299.655760527,20.1496
1413393299.705760479,18.5196
1413393299.755760431,23.1142
1413393299.805760384,20.025
1413393299.855760574,20.4473
1413393299.905760527,19.1078
1413393299.955760479,23.1329
1413393300.005760431,20.1285
1413393300.055760384,20.1781
1413393300.105760574,19.6502
1413393300.155760527,20.4588
1413393300.205760479,20.7777
1413393300.255760431,20.4226
1413393300.305760384,18.4547
1413393300.355760574,23.4448
1413393300.405760527,20.1292
1413393300.455760479,20.0125
1413393300.505760431,19.5459
1413393300.555760384,20.6391
1413393300.605760574,20.381
1413393300.655760527,20.1838
1413393300.705760479,18.759
1413393300.755760431,20.6334
1413393300.805760384,19.9286
1413393300.855760574,19.8213
1413393300.905760527,19.291
1413393300.955760479,22.6363
1413393301.005760431,20.0923
1413393301.055760384,19.6337
1413393301.105760574,17.8184
1413393301.155760527,22.1497
1413393301.205760479,18.9015
1413393301.255760431,19.1479
1413393301.305760384,17.6801
1413393301.355760574,22.5669
1413393301.405760527,19.0744
1413393301.455760479,18.3224
1413393301.505760431,17.9532
1413393301.555760384,22.0195
1413393301.605760574,19.2496
1413393301.655760527,18.9718
1413393301.705760479,18.0699
1413393301.755760431,21.8855
1413393301.805760384,19.5008
1413393301.855760574,18.0291
1413393301.905760527,16.7885
1413393301.955760479,21.5413
1413393302.005760431,19.1105
1413393302.055760384,18.6633
1413393302.105760574,19.1714
1413393302.155760527,23.9484
1413393302.205760479,18.0384
1413393302.255760431,18.5948
1413393302.305760384,19.3324
1413393302.355760574,19.2842
1413393302.405760527,18.7395
1413393302.455760479,18.1135
1413393302.505760431,18.8744
1413393302.555760384,20.5555
1413393302.605760574,18.5475
1413393302.655760527,18.068
1413393302.705760479,16.7059
1413393302.755760431,20.2017
1413393302.805760384,18.5704
1413393302.855760574,18.2999
1413393302.905760527,20.5967
1413393302.955760479,20.2117
1413393303.005760431,18.3985
1413393303.055760384,18.1773
1413393303.105760574,16.2004
1413393303.155760527,22.5422
1413393303.205760479,18.5155
1413393303.255760431,18.8539
1413393303.305760384,17.5004
1413393303.355760574,21.2737
1413393303.405760527,18.5767
1413393303.455760479,19.0231
1413393303.505760431,16.9772
1413393303.555760384,23.7038
1413393303.605760574,19.1924
1413393303.655760527,19.1368
1413393303.705760479,16.8505
1413393303.755760431,23.0364
1413393303.805760384,18.7238
1413393303.855760574,18.9418
1413393303.905760527,17.7226
1413393303.955760479,19.3522
1413393304.005760431,19.0997
1413393304.055760384,18.5805
1413393304.105760574,16.2003
1413393304.155760527,23.2652
1413393304.205760479,18.5265
1413393304.255760431,18.9814
1413393304.305760384,18.9096
1413393304.355760574,20.4438
1413393304.405760527,19.4197
1413393304.455760479,19.5862
1413393304.505760431,17.2855
1413393304.555760384,21.5639
1413393304.605760574,18.5931
1413393304.655760527,18.2065
1413393304.705760479,16.3986
1413393304.755760431,22.49
1413393304.805760384,18.0804
1413393304.855760574,17.5226
1413393304.905760527,16.1069
1413393304.955760479,18.7749
1413393305.005760431,18.1497
1413393305.055760384,17.4954
1413393305.105760574,15.9335
1413393305.155760527,21.5174
1413393305.205760479,16.9157
1413393305.255760431,17.2055
1413393305.305760384,14.8709
1413393305.355760574,15.9577
1413393305.405760527,16.8662
1413393305.455760479,17.1774
1413393305.505760431,15.255
1413393305.555760384,20.1708
1413393305.605760574,17.5134
1413393305.655760527,17.6131
1413393305.705760479,17.0723
1413393305.755760431,22.6878
1413393305.805760384,16.6831
1413393305.855760574,17.3925
1413393305.905760527,15.4231
1413393305.955760479,21.2417
1413393306.005760431,18.1134
1413393306.055760384,17.9148
1413393306.105760574,16.3783
1413393306.155760527,22.5812
1413393306.205760479,19.0339
1413393306.255760431,18.8575
1413393306.305760384,17.4291
1413393306.355760574,23.4063
1413393306.405760527,20.3288
1413393306.455760479,20.5538
1413393306.505760431,18.6858
1413393306.555760384,23.4136
1413393306.605760574,21.9612
1413393306.655760527,21.825
1413393306.705760479,20.1019
1413393306.755760431,23.8623
1413393306.805760384,21.9078
1413393306.855760574,21.5994
1413393306.905760527,21.628
1413393306.955760479,23.162
1413393307.005760431,22.5787
1413393307.055760384,22.4672
1413393307.105760574,20.8865
1413393307.155760527,21.7472
1413393307.205760479,22.5368
1413393307.255760431,22.8801
1413393307.305760384,23.3793
1413393307.355760574,23.2944
1413393307.405760527,22.7533
1413393307.455760479,22.9955
1413393307.505760431,20.9577
1413393307.555760384,27.9277
1413393307.605760574,22.5343
1413393307.655760527,23.211
1413393307.705760479,22.9827
1413393307.755760431,24.1075
1413393307.805760384,23.4442
1413393307.855760574,23.2374
1413393307.905760527,20.8966
1413393307.955760479,23.83
1413393308.005760431,22.6171
1413393308.055760384,22.2798
1413393308.105760574,21.6553
1413393308.155760527,23.1917
1413393308.205760479,22.9462
1413393308.255760431,22.78
1413393308.305760384,20.8568
1413393308.355760574,24.0465
1413393308.405760527,22.1322
1413393308.455760479,22.0095
1413393308.505760431,19.9471
1413393308.555760384,23.9234
1413393308.605760574,21.4835
1413393308.655760527,22.1988
1413393308.705760479,20.0425
1413393308.755760431,24.5679
1413393308.805760384,22.4992
1413393308.855760574,23.0015
1413393308.905760527,20.5078
1413393308.955760479,23.6175
1413393309.005760431,21.9085
1413393309.055760384,22.0668
1413393309.105760574,20.0333
1413393309.155760527,23.874
1413393309.205760479,22.6055
1413393309.255760431,23.9022
1413393309.305760384,22.4478
1413393309.355760574,26.3226
1413393309.405760527,23.3244
1413393309.455760479,22.6457
1413393309.505760431,21.8417
1413393309.555760384,27.3053
1413393309.605760574,22.5832
1413393309.655760527,22.6785
1413393309.705760479,21.7735
1413393309.755760431,24.5643
1413393309.805760384,22.4072
1413393309.855760574,23.8026
1413393309.905760527,23.5092
1413393309.955760479,23.7643
1413393310.005760431,23.254
1413393310.055760384,23.1773
1413393310.105760574,21.7503
1413393310.155760527,26.129
1413393310.205760479,23.3217
1413393310.255760431,23.1909
1413393310.305760384,22.0179
1413393310.355760574,26.77
1413393310.405760527,22.8054
1413393310.455760479,23.8637
1413393310.505760431,22.0918
1413393310.555760384,26.7508
1413393310.605760574,23.3348
1413393310.655760527,23.5853
1413393310.705760479,22.4733
1413393310.755760431,28.7159
1413393310.805760384,23.5658
1413393310.855760574,23.3621
1413393310.905760527,22.6979
1413393310.955760479,24.869
1413393311.005760431,23.5737
1413393311.055760384,23.3495
1413393311.105760574,22.8391
1413393311.155760527,24.6798
1413393311.205760479,23.2561
1413393311.255760431,23.3214
1413393311.305760384,21.4112
1413393311.355760574,25.4644
1413393311.405760527,22.6692
1413393311.455760479,22.5096
1413393311.505760431,22.4476
1413393311.555760384,26.307
1413393311.605760574,22.2689
1413393311.655760527,22.284
1413393311.705760479,21.7432
1413393311.755760431,24.0308
1413393311.805760384,21.6231
1413393311.855760574,22.5294
1413393311.905760527,21.8213
1413393311.955760479,25.0663
1413393312.005760431,22.2623
1413393312.055760384,22.2675
1413393312.105760574,21.1622
1413393312.155760527,26.7558
1413393312.205760479,23.1999
1413393312.255760431,22.885
1413393312.305760384,21.6262
1413393312.355760574,26.1817
1413393312.405760527,23.1424
1413393312.455760479,22.8466
1413393312.505760431,22.2392
1413393312.555760384,26.8626
1413393312.605760574,22.4023
1413393312.655760527,22.2425
1413393312.705760479,21.0133
1413393312.755760431,24.6135
1413393312.805760384,23.0856
1413393312.855760574,23.1029
1413393312.905760527,22.3215
1413393312.955760479,24.6598
1413393313.005760431,23.3564
1413393313.055760384,22.7553
1413393313.105760574,21.2128
1413393313.155760527,24.7491
1413393313.205760479,22.8399
1413393313.255760431,22.8226
1413393313.305760384,20.5059
1413393313.355760574,25.2852
1413393313.405760527,22.1559
1413393313.455760479,22.4234
1413393313.505760431,21.7752
1413393313.555760384,23.1561
1413393313.605760574,22.3968
1413393313.655760527,22.0774
1413393313.705760479,20.8152
1413393313.755760431,25.4166
1413393313.805760384,23.0308
1413393313.855760574,23.1422
1413393313.905760527,23.301
1413393313.955760479,25.4866
1413393314.005760431,23.4113
1413393314.055760384,23.4596
1413393314.105760574,22.0613
1413393314.155760527,26.0474
1413393314.205760479,22.6716
1413393314.255760431,23.5748
1413393314.305760384,23.7912
1413393314.355760574,23.694
1413393314.405760527,23.4902
1413393314.455760479,23.307
1413393314.505760431,22.8387
1413393314.555760384,26.8561
1413393314.605760574,22.9696
1413393314.655760527,23.3331
1413393314.705760479,22.9774
1413393314.755760431,25.2002
1413393314.805760384,22.1585
1413393314.855760574,22.4438
1413393314.905760527,21.9259
1413393314.955760479,23.4415
1413393315.005760431,22.0468
1413393315.055760384,21.7483
1413393315.105760574,20.4581
1413393315.155760527,23.1179
1413393315.205760479,21.4633
1413393315.255760431,21.5451
1413393315.305760384,20.0898
1413393315.355760574,25.9495
1413393315.405760527,21.24
1413393315.455760479,21.6473
1413393315.505760431,21.5048
1413393315.555760384,20.4884
1413393315.605760574,21.7825
1413393315.655760527,21.4633
1413393315.705760479,20.3853
1413393315.755760431,25.7537
1413393315.805760384,22.3438
1413393315.855760574,22.2497
1413393315.905760527,22.5555
1413393315.955760479,21.0614
1413393316.005760431,23.429
1413393316.055760384,23.563
1413393316.105760574,24.5409
1413393316.155760527,21.4633
1413393316.205760479,23.698
1413393316.255760431,23.4509
1413393316.305760384,23.979
1413393316.355760574,23.221
1413393316.405760527,23.4007
1413393316.455760479,23.2007
1413393316.505760431,23.6971
1413393316.555760384,21.9133
1413393316.605760574,23.9765
1413393316.655760527,23.3571
1413393316.705760479,22.9466
1413393316.755760431,24.8961
1413393316.805760384,23.4352
1413393316.855760574,23.4895
1413393316.905760527,22.6303
1413393316.955760479,21.4046
1413393317.005760431,23.3312
1413393317.055760384,23.1875
1413393317.105760574,22.2429
1413393317.155760527,23.917
1413393317.205760479,22.283
1413393317.255760431,22.1896
1413393317.305760384,22.4189
1413393317.355760574,20.8955
1413393317.405760527,22.3508
1413393317.455760479,22.0267
1413393317.505760431,21.8195
1413393317.555760384,22.1849
1413393317.605760574,22.3339
1413393317.655760527,21.9004
1413393317.705760479,22.4232
1413393317.755760431,21.4645
1413393317.805760384,23.3139
1413393317.855760574,22.6855
1413393317.905760527,22.6726
1413393317.955760479,25.4275
1413393318.005760431,22.7187
1413393318.055760384,22.7243
1413393318.105760574,23.0331
1413393318.155760527,22.0961
1413393318.205760479,22.5763
1413393318.255760431,22.8298
1413393318.305760384,22.6508
1413393318.355760574,21.3885
1413393318.405760527,22.9253
1413393318.455760479,23.2408
1413393318.505760431,23.185
1413393318.555760384,21.6487
1413393318.605760574,23.997
1413393318.655760527,23.6123
1413393318.705760479,23.7594
1413393318.755760431,22.2564
1413393318.805760384,24.2113
1413393318.855760574,23.9338
1413393318.905760527,23.4409
1413393318.955760479,23.7973
1413393319.005760431,24.4862
1413393319.055760384,24.0095
1413393319.105760574,23.1556
1413393319.155760527,21.8516
1413393319.205760479,22.2696
1413393319.255760431,21.7155
1413393319.305760384,21.6313
1413393319.355760574,19.8717
1413393319.405760527,19.4364
1413393319.455760479,19.3134
1413393319.505760431,19.2106
1413393319.555760384,19.7805
1413393319.605760574,18.4535
1413393319.655760527,17.6992
1413393319.705760479,16.456
1413393319.755760431,18.927
1413393319.805760384,18.3305
1413393319.855760574,18.4674
1413393319.905760527,17.9757
1413393319.955760479,17.8263
1413393320.005760431,17.1802
1413393320.055760384,17.4161
1413393320.105760574,14.8056
1413393320.155760527,18.4965
1413393320.205760479,14.0603
1413393320.255760431,14.2448
1413393320.305760384,12.6347
1413393320.355760574,14.6117
1413393320.405760527,11.6239
1413393320.455760479,11.4689
1413393320.505760431,9.70891
1413393320.555760384,17.2934
1413393320.605760574,10.9144
1413393320.655760527,13.9605
1413393320.705760479,12.2746
1413393320.755760431,14.9068
1413393320.805760384,9.9187
1413393320.855760574,11.5057
1413393320.905760527,12.7453
1413393320.955760479,12.4024
1413393321.005760431,9.28216
1413393321.055760384,9.09204
1413393321.105760574,12.9368
1413393321.155760527,14.4828
1413393321.205760479,10.2508
1413393321.255760431,11.2837
1413393321.305760384,11.3983
1413393321.355760574,12.1702
1413393321.405760527,9.47903
1413393321.455760479,12.6173
1413393321.505760431,11.1147
1413393321.555760384,10.1112
1413393321.605760574,9.61516
1413393321.655760527,9.84028
1413393321.705760479,12.2838
1413393321.755760431,11.8408
1413393321.805760384,8.53944
1413393321.855760574,10.4696
1413393321.905760527,12.5408
1413393321.955760479,13.172
1413393322.005760431,8.38253
1413393322.055760384,10.3366
1413393322.105760574,10.8514
1413393322.155760527,9.85405
1413393322.205760479,9.63889
1413393322.255760431,13.1555
1413393322.305760384,12.0863
1413393322.355760574,11.417
1413393322.405760527,9.40755
1413393322.455760479,12.9159
1413393322.505760431,15.4977
1413393322.555760384,13.1299
1413393322.605760574,9.04259
1413393322.655760527,12.5874
1413393322.705760479,14.8105
1413393322.755760431,14.9446
1413393322.805760384,8.41973
1413393322.855760574,12.1764
1413393322.905760527,15.5199
1413393322.955760479,13.5971
1413393323.005760431,9.64965
1413393323.055760384,11.0046
1413393323.105760574,12.9161
1413393323.155760527,11.7241
1413393323.205760479,12.2372
1413393323.255760431,14.1165
1413393323.305760384,13.3416
1413393323.355760574,11.5961
1413393323.405760527,9.13349
1413393323.455760479,12.6042
1413393323.505760431,12.1203
1413393323.555760384,14.1262
1413393323.605760574,10.1516
1413393323.655760527,11.9964
1413393323.705760479,12.2208
1413393323.755760431,11.5937
1413393323.805760384,12.615
1413393323.855760574,11.0364
1413393323.905760527,11.0244
1413393323.955760479,13.0294
1413393324.005760431,9.94632
1413393324.055760384,9.6565
1413393324.105760574,10.9981
1413393324.155760527,13.6691
1413393324.205760479,10.7792
1413393324.255760431,12.4413
1413393324.305760384,15.5022
1413393324.355760574,12.4357
1413393324.405760527,9.7005
1413393324.455760479,8.62402
1413393324.505760431,13.3234
1413393324.555760384,14.4833
1413393324.605760574,12.8886
1413393324.655760527,14.12
1413393324.705760479,12.3503
1413393324.755760431,12.1967
1413393324.805760384,10.0605
1413393324.855760574,14.1563
1413393324.905760527,12.9828
1413393324.955760479,15.4064
1413393325.005760431,8.18135
1413393325.055760384,15.0369
1413393325.105760574,12.54
1413393325.155760527,11.1119
1413393325.205760479,9.6664
1413393325.255760431,9.85015
1413393325.305760384,9.46758
1413393325.355760574,15.0036
1413393325.405760527,10.1353
1413393325.455760479,12.1931
1413393325.505760431,10.7203
1413393325.555760384,12.5002
1413393325.605760574,9.60135
1413393325.655760527,11.4632
1413393325.705760479,12.1446
1413393325.755760431,9.76263
1413393325.805760384,9.5459
1413393325.855760574,10.7714
1413393325.905760527,13.7773
1413393325.955760479,11.1941
1413393326.005760431,9.68652
1413393326.055760384,11.8497
1413393326.105760574,12.0407
1413393326.155760527,12.4713
1413393326.205760479,9.60384
