      0
63.6679
1167.68
2521.69
3455.58
3954.51
4259.98
4608.58
4481.27
4028.47
3967.35
3320.94
1803.54
1106.58
565.271
731.228
185.373
115.908
232.455
216.484
82.2598
40.4923
48.7679
145.137
121.451
4.30155
      0
    nan
    nan
    nan
NaN
8.78414
4226.86
4982.33
4610.72
 2061.7
3295.59
3753.62
3447.24
4552.54
4834.46
3645.32
2666.84
1817.86
942.535
576.043
221.385
148.841
 121.03
46.2975
81.5584
109.919
102.404
  2.586
      0
5.24555
166.278
151.757
    nan
    nan
    nan
NaN
4.29879
2073.76
2605.51
2955.04
1604.14
2993.94
4558.28
5329.79
4445.62
3895.05
3879.26
3710.45
1643.46
853.208
534.245
568.031
474.154
99.1389
85.7263
85.9081
43.4286
110.393
66.3956
 108.37
69.2998
24.6572
149.527
    nan
    nan
    nan
NaN
      0
26.6061
519.115
1428.15
2261.12
2418.76
3738.17
5144.84
5416.14
4802.98
3616.61
2122.55
1616.86
1130.99
 488.53
 186.73
199.806
  163.2
79.5471
112.754
106.872
28.9669
47.5232
24.3123
25.8845
62.1998
41.3293
    nan
    nan
    nan
NaN
       0
       0
       0
 140.278
  923.25
 1982.06
 4054.65
 5675.85
 5471.85
 5870.53
 5104.03
 3108.21
 1322.41
 1205.64
 434.354
 87.4266
 148.562
 47.4805
 192.237
 99.9007
  4.7996
 28.4275
 29.3215
 37.8992
 192.544
 116.028
0.750724
     nan
     nan
     nan
NaN
       0
       0
       0
0.836906
 272.796
 1390.74
 2530.13
 4075.53
  5022.8
  4246.8
 3264.54
  2832.6
 1599.07
 1092.21
 558.226
 277.055
  141.73
  178.84
 24.4899
 110.909
 98.1338
 107.611
 24.5848
 33.0445
 79.9928
 60.8044
 3.93534
     nan
     nan
     nan
NaN
      0
      0
40.1223
333.735
541.162
1387.81
3260.75
5331.48
5347.78
4368.69
3728.49
2315.98
971.159
1024.11
231.833
158.786
 26.968
189.567
 171.79
115.615
 165.46
 85.213
51.8291
17.4038
32.3278
133.555
65.5577
    nan
    nan
    nan
NaN
      0
      0
1.70354
258.583
1876.46
4104.44
5162.26
4493.46
3878.01
3465.64
3696.37
2204.38
   1082
984.844
285.875
281.243
150.491
78.7652
184.927
114.339
64.7173
46.0341
24.2346
97.6641
85.0804
73.8756
55.1876
    nan
    nan
    nan
NaN
      0
54.4032
863.819
 1076.6
1743.69
2221.25
3522.33
4758.82
5132.67
4270.83
3776.76
2577.69
950.378
683.827
425.783
364.643
357.469
172.529
280.323
37.0111
92.8001
68.6888
74.7769
81.3894
51.0494
40.9558
2.47133
    nan
    nan
    nan
NaN
      0
      0
 70.973
638.867
1324.98
2820.31
3757.96
3793.23
4292.59
4396.86
2829.64
2162.82
1603.94
1353.44
677.564
316.219
360.656
83.1292
47.8497
206.487
64.3365
105.505
141.741
60.5715
2.86299
 72.102
53.9189
    nan
    nan
    nan
NaN
      0
      0
174.591
1497.24
2130.01
2828.51
   3503
4318.48
4226.63
3734.87
3282.18
2688.53
1780.73
1203.25
697.189
362.432
115.848
70.5649
155.133
175.855
135.851
 92.463
84.4617
91.9504
105.681
111.622
86.8853
    nan
    nan
    nan
NaN
       0
       0
       0
       0
 245.659
 1823.61
 4259.34
 4695.77
 4561.58
  4634.8
 3615.84
 2533.76
  1348.1
 725.123
 632.616
 263.483
  53.041
 144.115
 196.325
 215.062
  15.001
  32.356
 7.36555
 9.15909
0.631186
 42.3864
 119.829
     nan
     nan
     nan
NaN
      0
      0
118.885
1348.96
3138.34
3334.22
 3875.4
4862.86
5038.36
4535.91
3427.41
2227.58
798.137
725.961
 523.49
364.988
455.298
 94.762
248.223
144.781
197.464
135.491
207.122
65.3866
62.0918
2.52001
      0
    nan
    nan
    nan
NaN
      0
 52.789
 842.76
1032.54
1793.85
3685.85
 5696.9
5408.15
4509.65
4559.53
3611.26
2393.58
1043.52
527.562
361.033
238.711
135.165
97.7348
128.807
168.267
196.612
176.679
8.82884
37.2903
 27.275
76.5923
172.279
    nan
    nan
    nan
NaN
      0
      0
      0
      0
61.2029
674.974
2237.41
3454.34
5325.69
5509.07
3518.27
 2225.8
939.074
 460.43
658.852
246.494
232.707
213.655
158.127
177.251
99.2951
40.0652
58.5572
69.1955
 67.042
58.5464
33.4874
    nan
    nan
    nan
NaN
      0
      0
238.949
1974.23
2668.76
3657.89
3491.61
3928.26
3800.62
3655.59
2881.25
1968.24
1326.84
  828.8
494.504
 193.49
95.4925
82.2886
119.714
179.956
157.957
 57.096
60.3003
117.651
132.766
70.4616
34.5862
    nan
    nan
    nan
NaN
      0
37.7996
661.061
1263.83
1669.02
1389.79
2509.29
4141.43
4707.74
4052.48
3063.23
1878.11
891.203
 426.77
261.345
167.399
99.1135
184.143
 139.06
 76.219
184.401
23.6167
43.7956
90.0714
71.6338
33.9421
18.5722
    nan
    nan
    nan
NaN
      0
      0
30.5018
276.018
835.125
2625.03
4212.66
5148.57
3933.86
2850.59
3349.21
1814.28
912.014
1086.96
308.686
298.666
207.726
50.8838
89.7308
 193.89
 301.34
 86.147
25.9247
98.6071
84.6374
72.1986
54.2977
    nan
    nan
    nan
NaN
      0
      0
      0
228.301
 1567.7
3075.85
4029.75
4030.85
4474.93
4500.63
3032.66
 2158.2
1205.52
686.084
291.859
251.829
253.712
350.126
185.993
171.101
257.868
68.6028
82.3573
27.5548
84.7382
53.3757
4.01097
    nan
    nan
    nan
NaN
      0
53.1803
845.445
1170.65
2453.05
3443.57
4578.48
4961.88
4474.65
2706.77
2608.86
2162.99
1362.75
655.322
383.015
319.744
178.271
  233.6
89.6595
162.188
86.9868
124.102
88.3357
39.0031
52.1004
   42.3
2.75269
    nan
    nan
    nan
NaN
      0
54.5455
862.532
1070.22
1999.68
3139.04
4409.14
4331.66
3537.26
 3746.8
4242.76
2368.38
1077.97
334.995
491.529
143.512
163.555
92.8027
118.603
201.218
217.029
111.407
77.0788
69.8361
95.0036
50.9134
3.48287
    nan
    nan
    nan
NaN
2.45088
1276.62
2969.97
3141.43
1847.28
1637.17
2525.29
4099.04
4606.83
4158.97
3222.92
1957.48
1191.92
870.761
397.119
69.3404
189.968
264.453
24.1061
86.6182
119.425
63.5474
13.5897
56.0985
120.768
68.7779
19.2962
    nan
    nan
    nan
NaN
       0
       0
       0
 125.453
 1003.52
 2408.09
 3566.65
 4501.48
 4866.14
 3813.96
 3265.57
 2304.28
 1252.68
 706.509
 337.875
 170.311
  28.143
 316.941
 186.102
 127.461
 44.3372
 85.4058
 105.564
0.291551
0.627108
  55.753
 32.4666
     nan
     nan
     nan
NaN
  6894.3
 7477.73
 8005.19
 2154.32
 3407.18
 3305.75
 3887.17
 4069.74
 4621.25
 4146.56
 3123.03
 1762.29
 1101.81
 660.767
 84.1367
 247.977
 149.407
 102.036
 303.474
 323.324
 60.2358
  16.734
 59.0997
  40.104
0.140432
0.336661
 1.01451
     nan
     nan
     nan
NaN
      0
      0
235.418
1940.99
2551.27
3468.78
3606.53
4307.29
4484.55
4299.25
3394.49
2107.43
821.724
431.963
446.902
608.668
12.1679
4.68871
37.4795
  99.89
170.839
121.127
41.0938
19.1152
2.08692
64.1406
 55.795
    nan
    nan
    nan
NaN
      0
      0
46.5451
499.171
1627.96
   3769
4360.72
3926.31
4678.59
4633.77
3426.55
1759.44
 1319.1
880.098
469.426
132.356
 164.72
93.6347
46.1782
27.9883
42.4127
115.628
143.332
169.912
240.678
105.539
4.16687
    nan
    nan
    nan
NaN
      0
      0
127.319
1096.39
1717.02
2451.72
2591.86
3674.17
4719.41
4408.27
3185.63
1726.28
1133.85
673.504
 297.36
 256.89
35.8911
124.697
87.0665
213.921
157.206
42.1294
38.3459
35.4249
36.1029
3.31768
      0
    nan
    nan
    nan
NaN
4.85009
2310.56
   2425
 2647.9
1935.01
2805.81
3738.96
4478.13
4595.62
4204.31
3444.42
2315.45
1201.09
 835.41
447.742
434.573
166.828
146.818
84.9885
88.2813
 162.04
93.0833
22.6998
54.4976
230.647
144.339
 6.8944
    nan
    nan
    nan
NaN
     4.8853
    2323.76
    2514.22
    3466.85
    2249.31
    3588.63
    4030.21
    4205.46
    3719.21
    3333.96
    2799.62
    1807.49
    1197.76
    737.985
    511.961
     321.66
    312.068
    169.274
    132.849
    92.6809
    108.548
    105.941
    102.537
    89.0762
    54.6001
     12.778
9.53972e-05
        nan
        nan
        nan
NaN
      0
      0
      0
252.601
1735.77
3373.56
4294.85
4139.36
4685.83
5371.61
4073.76
2485.93
1153.69
 690.29
404.199
 117.71
10.6816
130.451
180.795
153.937
159.793
166.538
46.1237
34.6243
91.9265
78.9661
9.66556
    nan
    nan
    nan
NaN
      0
112.021
1777.02
2000.26
 2300.7
 2727.5
4751.47
3997.25
2790.69
3891.52
3879.59
2049.82
1052.78
397.813
379.794
97.5208
279.343
127.339
298.056
154.472
139.996
92.3671
81.5974
41.7193
49.9738
44.5337
5.39487
    nan
    nan
    nan
NaN
2.26831
1200.15
3012.15
3043.73
2293.79
3024.87
4771.21
4665.16
4127.78
3922.54
3485.03
   2077
1353.06
812.318
348.691
273.264
377.227
 240.49
146.463
74.2091
48.3751
26.6151
 53.353
107.163
152.615
 105.38
50.8807
    nan
    nan
    nan
NaN
        0
        0
        0
  11.8421
  233.173
  1406.65
  3562.94
  4572.29
  4045.78
  3461.59
  2943.32
  2282.67
  1492.48
  1009.35
  488.678
  127.654
  511.196
  165.931
  97.1097
  105.864
  179.946
  241.258
  91.2201
  83.1774
0.0196682
        0
        0
      nan
      nan
      nan
NaN
       0
 31.5989
 583.441
 1276.11
  1824.5
 2480.71
 2921.04
 3870.35
 4610.57
 4200.92
 3028.53
 2252.27
 1699.02
  847.58
 889.122
 154.769
  172.38
 30.9512
 129.303
 38.6439
  90.164
 51.8872
 67.4515
 52.5499
0.267909
 3.34976
 111.763
     nan
     nan
     nan
NaN
       0
 50.0915
 813.568
 1073.81
 1385.94
 2041.65
 4020.21
  4316.9
 3410.42
 3051.96
 3507.18
 2660.06
 1334.27
  1159.2
 648.221
 109.609
 443.293
 223.253
 131.435
 36.2332
 136.175
 141.391
 119.201
  84.617
 1.98003
0.876626
 1.13158
     nan
     nan
     nan
NaN
      0
      0
110.754
1149.06
2707.61
4062.84
 4432.3
4753.72
5098.01
 4559.3
2960.89
2700.74
1965.62
894.155
416.785
781.961
297.469
185.198
19.3411
124.398
154.359
24.2376
1.30039
32.3545
108.661
107.667
30.8294
    nan
    nan
    nan
NaN
4.48135
2154.16
2610.01
3170.08
2058.57
2959.41
3702.12
 4067.3
4285.54
 4573.4
4965.59
3457.68
2033.29
1536.83
1039.27
353.432
5.56931
58.1078
217.004
 46.392
86.1048
64.6821
92.9506
134.508
84.3479
73.2822
 57.757
    nan
    nan
    nan
NaN
9.81731
4673.83
4717.72
 3871.8
703.888
1296.13
3223.12
 4949.1
5652.85
5420.81
   4290
2429.31
1439.56
1098.33
459.661
389.165
236.433
48.1196
62.0969
74.5953
50.8567
76.5842
124.248
62.7119
14.5215
64.2615
62.8932
    nan
    nan
    nan
NaN
       0
 54.2876
 856.004
 1038.13
 2141.04
 3778.72
  4741.3
 5042.87
 5340.38
 4717.91
 3928.91
 2653.27
 1661.12
 720.467
 383.139
 151.939
 192.094
 198.797
 36.4834
 84.8984
 190.737
 163.065
 32.6261
 35.2118
 4.84794
0.196264
0.308141
     nan
     nan
     nan
NaN
       0
 6.81756
 276.002
 1512.58
 1698.68
 1602.19
 2859.63
  5296.2
 5189.97
 4871.72
 4795.87
 2609.24
 1642.74
 930.632
 848.682
 93.7693
 161.622
 307.298
   107.5
 128.929
 17.3943
 46.2685
 103.903
 101.188
 0.44932
0.754847
 6.54169
     nan
     nan
     nan
NaN
       0
       0
       0
  191.34
 1421.55
 2811.67
 3590.44
 5035.75
 5283.51
 4404.08
 3776.39
  2160.5
 1934.92
 1089.46
 606.986
 74.4414
 207.488
 129.724
 274.964
 211.297
 265.926
 16.3859
0.978454
 95.1669
 92.0459
 39.2389
 27.6752
     nan
     nan
     nan
NaN
      0
      0
172.039
1617.06
3028.63
4120.03
4337.55
4600.34
4920.83
 5606.5
4304.26
2469.68
1624.28
810.812
694.555
  379.3
309.023
236.372
238.853
272.624
54.5216
48.7663
106.032
72.9015
48.3947
45.1248
8.12037
    nan
    nan
    nan
NaN
5083.14
7959.93
7259.69
2218.56
793.393
1998.05
3472.94
5260.76
5441.79
4692.99
3744.85
3081.89
2107.95
1073.35
858.202
 308.18
123.806
76.5972
 119.62
192.544
100.081
152.524
 93.984
71.4887
5.65795
      0
      0
    nan
    nan
    nan
NaN
      0
      0
144.099
1486.35
3234.58
 4402.7
5183.47
5469.03
5107.87
4304.39
3757.12
3047.34
1983.93
1150.89
 879.76
516.524
410.804
280.836
303.864
229.903
122.195
62.7399
83.4898
105.449
113.755
98.7366
69.8756
    nan
    nan
    nan
NaN
      0
24.6965
 495.86
1422.12
2174.34
2916.81
 5304.4
6153.92
5459.88
5060.43
4231.57
3441.12
1646.24
918.926
669.974
373.767
423.078
428.829
43.5242
118.864
73.6281
49.3487
123.303
117.011
43.2053
1.94176
      0
    nan
    nan
    nan
NaN
        0
    143.2
  2361.51
  3180.93
  2750.46
  1298.98
  2678.56
  4525.27
  5604.73
  5116.44
  3593.81
  2037.71
  1474.76
  893.372
   636.79
  202.128
  66.1281
  186.507
  190.077
  148.968
  57.3898
  186.033
  155.612
  70.9597
  73.6049
  5.63382
0.0312937
      nan
      nan
      nan
NaN
3.51023
1736.69
2715.77
2503.68
1774.88
2282.87
 3683.3
4729.72
6343.52
6120.47
4768.66
2685.86
1633.58
1291.56
510.396
216.308
15.0075
230.753
304.965
65.8968
86.5465
84.2273
293.182
252.215
 55.313
5.04741
24.8799
    nan
    nan
    nan
NaN
      0
47.6585
779.045
1199.58
2126.53
2999.99
6026.23
7977.69
6438.61
5095.63
3546.39
2569.21
 1967.5
 759.19
 332.77
287.145
198.696
192.002
202.223
352.174
299.398
72.6581
97.1838
33.8895
34.5957
 59.862
36.1776
    nan
    nan
    nan
NaN
      0
      0
      0
165.135
1033.17
1928.64
3443.74
 5202.4
5938.53
4743.94
4326.61
3037.93
1454.56
1195.94
636.697
370.431
223.558
159.303
140.865
69.0686
123.533
57.8027
106.137
61.3751
 36.935
130.025
70.7536
    nan
    nan
    nan
NaN
       0
 54.4553
 872.797
 948.882
 731.061
 1311.39
 3340.01
 4166.78
 4056.23
 3756.03
 3581.45
 2443.46
  1549.9
 1135.17
  835.88
 60.9257
  60.759
     273
 143.167
 83.8439
 116.077
 60.2621
 73.5102
 138.301
 45.0813
0.230575
 7.30356
     nan
     nan
     nan
NaN
      0
      0
78.8666
687.034
1460.87
3339.89
4210.91
4112.13
3687.01
4493.03
4042.48
 2331.9
1174.58
716.948
776.388
528.972
 451.58
 144.97
80.3189
 83.334
75.9741
128.342
107.208
140.129
53.2966
4.02248
10.8342
    nan
    nan
    nan
NaN
6957.77
7434.07
6376.91
294.949
1896.05
3405.23
4589.77
5202.09
5154.15
4223.27
3630.55
2961.51
1382.82
728.941
387.618
493.114
172.503
166.676
183.962
145.128
210.764
36.1255
27.3987
48.7535
38.9022
67.7218
67.1092
    nan
    nan
    nan
NaN
        0
        0
  156.484
  1395.24
  2375.09
  3261.79
  3425.26
  4552.42
  4370.86
   3489.7
  3184.24
  2740.72
  2131.95
  1110.86
  488.257
  257.304
  155.139
  39.5317
  123.832
  81.6866
  172.185
  144.384
  121.533
  121.444
  81.7025
  9.23825
0.0518899
      nan
      nan
      nan
NaN
      0
      0
      0
306.687
1961.34
3322.44
3929.45
3684.68
4462.66
5012.47
3615.05
1683.78
1026.48
533.983
536.795
583.397
267.293
78.9781
 119.05
129.072
89.3871
1.50052
12.6334
64.1908
81.0271
 33.424
36.1033
    nan
    nan
    nan
NaN
       0
 53.3558
 849.189
 1057.18
 1676.81
  2270.9
 3711.32
 4895.26
 4706.93
 4496.57
 3461.11
 1958.82
 936.811
 612.931
  306.62
 321.862
 172.306
 1.20939
 20.6997
 57.1239
  72.997
 148.178
 62.5641
 84.5811
 46.2781
0.302704
       0
     nan
     nan
     nan
NaN
      0
      0
 77.819
815.513
2000.41
3342.16
4547.64
5672.53
5795.12
5088.88
3683.25
2376.63
1452.74
764.216
495.748
 256.78
212.644
 158.39
69.2198
85.1383
125.797
77.8789
132.211
87.8048
70.4622
73.9531
58.5926
    nan
    nan
    nan
NaN
      0
54.2275
865.473
1071.01
1329.84
1157.24
3204.16
5767.18
6699.92
5541.76
4223.98
2510.34
1267.86
1040.48
 423.83
411.058
428.049
58.1591
55.2909
 232.85
127.757
 18.504
41.1854
67.7874
91.3804
49.0439
3.63907
    nan
    nan
    nan
NaN
       0
       0
 42.3412
 345.876
 570.566
 1455.89
 3073.14
 5381.28
 6023.76
 5931.87
 4852.42
 2962.21
 1801.69
 986.144
 117.631
 250.841
 50.4052
 120.713
 104.626
 54.7174
 141.389
 36.6991
  45.942
 57.7408
0.685144
 1.00434
 139.924
     nan
     nan
     nan
NaN
 810438
57.8184
908.143
   1057
1642.59
1950.05
3690.78
5628.86
6918.35
6203.17
4661.64
3280.48
 2380.2
1308.32
  639.9
325.834
192.762
 88.543
  121.6
100.437
119.869
91.3551
71.5049
49.8457
51.4304
48.9351
36.0821
    nan
    nan
    nan
NaN
6973.18
7447.54
6437.97
 646.19
 1341.1
2650.45
3821.67
5136.01
5580.79
5689.44
3997.05
2415.69
 1929.1
936.877
455.853
341.039
94.3597
10.5577
41.8373
157.095
 189.32
12.9404
147.286
165.082
3.09176
      0
      0
    nan
    nan
    nan
NaN
4.93795
2349.64
2361.23
2193.39
 1817.8
3442.63
 5221.1
6350.56
7009.22
6356.32
5047.02
3435.15
1780.64
821.051
455.915
278.621
133.332
94.3989
93.2433
72.2927
48.8666
48.4178
61.7902
 36.524
7.94629
      0
      0
    nan
    nan
    nan
NaN
  13960.5
  14874.1
  12955.5
  499.484
  1496.54
  2336.52
  3266.28
  5068.54
  6535.89
  6038.02
  4789.54
  3540.74
  1921.08
  845.112
  265.087
  80.9081
  185.984
  160.309
   96.993
  214.274
  201.852
  106.016
  47.8468
  38.7287
  36.3502
  8.73224
0.0980899
      nan
      nan
      nan
NaN
32069.4
  30093
1233.38
2414.94
2614.39
2718.28
3107.11
4770.86
5390.03
5248.61
4312.89
3427.57
2191.33
1057.72
458.644
265.167
260.433
219.325
145.523
155.089
140.459
104.758
55.5945
36.8709
12.1034
      0
      0
    nan
    nan
    nan
NaN
8.68574
4187.96
5040.24
 4426.1
1059.14
1628.19
4282.12
6335.89
6614.07
5700.83
4328.61
 2952.4
1856.15
 1093.8
339.755
 245.93
104.442
251.309
51.3861
46.1714
128.229
79.5827
 31.249
16.9198
2.90848
69.7565
60.0185
    nan
    nan
    nan
NaN
6962.39
7437.55
6495.61
1168.35
1686.17
3061.11
3743.69
5277.57
7071.22
6054.61
3427.35
2459.33
1749.49
971.103
456.337
314.169
274.052
147.449
30.1559
68.4863
29.1972
62.0558
2.48518
29.7853
76.6655
37.3865
1.06875
    nan
    nan
    nan
NaN
       0
       0
 28.1649
  421.67
 1594.17
 2761.01
  3618.8
 5068.52
 5877.83
 4821.72
 3237.87
 2030.99
 1638.58
  935.24
 282.327
 520.026
 267.006
 278.737
 119.809
 106.999
 36.4777
 62.2323
 101.953
 1.89348
0.087127
0.273006
0.251302
     nan
     nan
     nan
NaN
       0
       0
       0
 6.19559
 316.995
 1888.85
 4001.52
  5609.4
 5878.35
 5022.74
 4271.29
 2615.26
 1351.67
 862.662
 326.054
 240.951
 80.4566
 440.305
 134.609
 15.8871
 59.5663
  79.147
 105.056
 68.3413
 103.956
 54.2067
0.974659
     nan
     nan
     nan
NaN
6981.11
7456.53
6417.34
362.415
616.658
1748.17
 3502.1
5322.71
5702.61
5092.82
4420.44
2966.37
1206.42
589.289
126.421
43.8225
132.014
204.329
340.106
93.5994
136.042
 129.83
180.349
146.616
110.563
13.1548
5.43534
    nan
    nan
    nan
NaN
      0
      0
35.5306
591.125
2404.11
3861.25
4025.56
4997.16
5326.33
5662.81
4786.08
3880.03
1951.97
406.341
378.664
 348.01
445.345
7.92504
89.4858
143.129
62.3797
219.826
234.225
86.5342
52.1192
41.8803
2.32423
    nan
    nan
    nan
NaN
31807.2
29645.6
103.934
794.837
1076.95
1920.81
2875.72
4432.06
4952.34
4834.65
4299.39
2672.53
1167.95
440.825
 156.29
100.483
95.6446
125.842
88.3966
82.1065
 50.868
204.154
364.785
 208.35
45.2533
24.6903
75.9119
    nan
    nan
    nan
NaN
      0
      0
72.4171
818.574
1885.61
2048.06
2434.17
3148.29
4110.91
 5116.7
4580.93
 3018.7
1816.38
894.979
217.599
94.6287
90.4485
134.506
138.298
95.2034
215.738
162.695
287.464
485.142
400.787
124.198
11.2968
    nan
    nan
    nan
NaN
6110.38
7802.18
8704.89
3029.84
2028.99
1708.16
3287.68
4442.68
5315.17
5491.73
4633.01
4157.08
1590.82
 741.14
367.835
381.274
 92.658
168.329
74.6137
124.906
266.042
291.991
248.347
166.044
132.826
132.353
67.2914
    nan
    nan
    nan
NaN
  3.11584
  1560.71
  2902.84
   3951.3
  2298.65
  908.641
  2387.69
  3970.01
  5405.82
  5076.68
  4382.73
  2815.96
   1578.3
  348.339
   34.063
  203.176
  5.59942
  51.3803
0.0324174
  66.2627
  244.889
  206.519
  252.689
  120.999
  146.279
  198.215
  62.7995
      nan
      nan
      nan
NaN
      0
110.099
1745.43
2075.86
2858.63
2568.34
2718.36
2503.36
3633.83
4311.95
3999.02
 2597.5
1283.33
521.027
229.556
16.2917
24.0807
130.978
82.9582
73.4539
65.4637
84.8399
166.668
148.491
94.9817
50.1103
3.89478
    nan
    nan
    nan
NaN
      0
20.2046
437.438
1459.61
2089.04
1532.63
   1842
2858.45
4443.25
4572.41
3347.97
2136.01
1043.59
517.143
316.569
68.8166
 86.775
29.6568
39.9095
105.104
81.6849
173.588
277.161
252.552
 87.459
73.7092
60.8539
    nan
    nan
    nan
NaN
      0
      0
15.7906
219.008
721.917
1288.84
2241.62
3241.55
 3882.7
3796.38
2816.11
1757.56
793.919
299.879
79.2406
4.52843
 9.0955
151.621
105.456
70.6331
72.6849
 105.41
87.0761
129.939
185.519
97.4506
12.1671
    nan
    nan
    nan
NaN
       0
 20.7344
 449.317
 1470.52
 2037.82
  1582.9
 1612.86
 2399.06
 2948.06
 2681.42
 1399.71
 861.228
 314.271
 123.871
 149.598
 30.1974
0.299733
 30.0126
 229.919
 50.4107
 21.1324
 18.4225
 76.6588
 115.924
  90.657
 45.2419
 3.67103
     nan
     nan
     nan
NaN
 4.89553
 2331.04
 2402.16
 2235.67
 521.101
 855.196
 1129.74
 1427.92
 2011.65
 2240.13
 1465.35
 836.036
 509.458
 220.132
 83.1394
 10.5914
 29.6474
 27.0501
 16.1576
 68.3015
  86.673
 125.776
 166.764
 84.7911
 41.8237
 5.27996
0.186725
     nan
     nan
     nan
NaN
      0
      0
      0
      0
95.9847
716.679
1687.52
1949.33
2221.74
2583.11
1715.55
1017.67
 579.51
92.2362
166.166
67.7563
33.8832
3.77334
76.6887
227.545
44.6508
31.0284
69.6878
159.251
142.855
46.7831
0.99191
    nan
    nan
    nan
NaN
       0
       0
 94.9946
 775.306
 1114.32
 1849.16
 1893.22
 2448.03
 2726.13
  2172.6
 1456.99
 883.506
 246.873
 63.6559
 51.3576
   119.4
 58.7821
 68.6416
0.159727
 25.6502
  78.887
 5.62544
 27.1715
 68.3582
  101.34
 58.0334
 7.32237
     nan
     nan
     nan
NaN
      0
      0
      0
150.687
949.798
1436.67
1687.83
2213.88
2617.12
2670.43
1900.62
879.717
255.427
43.1515
35.4346
138.524
377.049
 87.723
47.6184
40.4819
136.705
171.792
 66.448
22.9816
8.80176
64.6883
59.3696
    nan
    nan
    nan
NaN
      0
56.1346
890.149
1074.23
1399.18
 1173.6
2256.09
2876.87
3499.77
3030.11
 1993.4
1035.69
489.796
262.366
90.5242
99.3602
89.5054
45.2935
78.4886
101.795
 13.973
63.1625
108.121
121.962
177.782
60.0003
4.42411
    nan
    nan
    nan
NaN
      0
26.9274
528.234
1345.81
1468.95
  807.1
1409.13
2010.18
2314.22
2817.85
1583.08
  840.5
213.248
24.4727
112.394
34.1427
107.269
137.418
77.6711
28.2158
40.4743
9.37737
88.7735
234.346
137.366
149.042
141.207
    nan
    nan
    nan
NaN
      0
      0
      0
25.5506
472.261
1748.75
2304.22
2510.59
 3109.5
2386.16
 1557.6
 1285.8
630.849
 220.19
24.0091
0.37855
 38.511
 8.5833
103.905
196.669
35.3265
7.68456
58.0694
196.583
187.103
47.8927
8.56369
    nan
    nan
    nan
NaN
        0
        0
  91.8297
  756.071
  1145.11
  2012.57
  1943.16
  1893.62
  2212.05
  2536.37
  2250.76
  1301.87
  513.326
  109.911
  193.593
  17.9087
  104.676
  19.2972
   49.982
  161.239
  131.727
  76.1066
  59.2489
  79.4784
  43.6658
  1.06921
0.0678742
      nan
      nan
      nan
NaN
4.88419
2328.13
2381.37
2092.59
1835.55
3506.48
3889.41
2334.47
1721.37
2225.68
1476.37
670.206
 283.21
39.4087
34.2291
53.8906
39.6085
89.3089
36.5844
34.5616
 67.339
140.043
137.577
195.262
142.856
55.4791
 33.085
    nan
    nan
    nan
NaN
      0
56.4095
889.215
1185.59
2238.97
2109.98
2637.45
2688.72
 2993.4
2244.99
1143.68
538.556
223.025
77.4564
53.6486
112.038
152.027
21.3229
30.2339
106.834
128.743
54.6823
125.364
125.884
42.4627
  2.322
      0
    nan
    nan
    nan
NaN
       0
       0
 23.5474
 254.542
 712.761
 1462.55
 2115.11
 2320.87
 2801.35
 2442.39
 939.605
 796.162
 313.249
 112.196
 16.6871
 5.50345
 206.826
 41.1919
 184.865
 121.862
 150.636
 19.7584
 85.5876
 66.8635
0.328096
 80.7721
   55.51
     nan
     nan
     nan
NaN
         0
         0
         0
   20.8693
   140.538
   304.537
   650.176
   1617.18
    3118.9
   2556.89
   1746.35
   1131.56
   351.991
   359.215
   54.7279
   36.6198
   125.936
0.00389228
  0.366523
   5.89549
   12.9293
   102.554
    167.98
   70.6042
   67.7333
  0.953467
 0.0590166
       nan
       nan
       nan
NaN
       0
       0
 46.9493
 530.069
 1314.13
 1646.87
 1660.46
 1836.13
 2223.82
  2333.7
 1683.66
 681.321
  347.79
  131.76
 11.8186
 0.42505
 51.3384
0.153134
0.108491
 2.72227
 81.3963
 241.811
 130.071
 1.50555
 1.15908
 1.70263
0.963972
     nan
     nan
     nan
NaN
4.94203
2350.76
2351.15
2085.76
1059.83
1715.16
2180.23
2259.72
2860.14
2939.45
2158.52
 978.35
409.078
219.395
159.676
94.1751
85.9996
54.2195
67.9161
68.1996
105.549
112.915
126.908
101.071
97.6634
101.742
129.029
    nan
    nan
    nan
NaN
      0
55.2518
871.314
1129.79
2121.08
2078.05
2002.56
2149.19
2744.57
2502.61
 1697.6
598.456
 120.07
70.3902
12.3373
32.2051
40.0462
202.362
58.0534
136.168
4.30138
39.4496
56.9917
21.7052
84.6057
53.1165
3.21127
    nan
    nan
    nan
NaN
       0
 51.1205
 837.102
 990.608
 562.482
 1040.76
 2888.39
 2701.92
  2421.7
 2683.49
 1771.79
 528.339
 142.907
 86.2826
 33.8508
 2.14823
 80.9959
 199.137
 24.1784
 17.7209
 31.3807
 82.1993
 203.759
 259.263
 157.804
0.200051
0.972002
     nan
     nan
     nan
NaN
4.55304
2183.68
2585.68
 3212.3
1955.16
2541.92
2411.66
2250.82
2546.06
2743.99
1416.57
583.824
250.153
151.767
41.1189
175.677
30.1773
184.411
63.2062
86.5124
32.8899
95.2697
202.202
149.216
52.4531
41.7474
2.80593
    nan
    nan
    nan
NaN
5035.11
7939.78
7158.13
   1941
1131.02
2154.05
2927.88
3685.35
3438.31
2513.23
1718.86
788.946
414.724
74.4848
 48.699
4.31719
10.5051
47.9012
 66.147
108.095
41.7609
137.756
141.092
 148.89
136.702
55.8816
27.2586
    nan
    nan
    nan
NaN
       0
  54.705
 864.184
 1061.57
 1715.15
 1955.56
 2799.83
 3003.05
 3770.02
 2765.93
  1161.7
  689.12
 231.009
 20.9292
0.322216
  24.711
  246.38
 85.0264
 29.9944
 23.2041
 22.6096
 38.7528
 62.8015
 51.1741
 71.3732
 69.1913
 160.077
     nan
     nan
     nan
NaN
4.85906
2315.05
2368.56
2171.59
1624.47
2544.64
 2931.3
2986.96
2883.97
2556.07
2218.29
969.818
179.792
123.867
134.743
12.4577
 12.271
72.6015
93.7952
177.231
69.6151
94.4311
117.678
59.1718
79.6647
 192.44
135.612
    nan
    nan
    nan
NaN
19.6443
9355.92
9473.69
7507.45
1049.05
2476.03
3286.93
3023.91
2481.74
2204.04
1545.66
 718.16
203.563
22.5665
  5.591
123.239
129.363
122.041
73.0856
113.337
27.7993
130.914
143.679
43.3738
83.2437
65.6657
38.6977
    nan
    nan
    nan
NaN
2.11994
1135.46
3005.94
3171.14
3490.55
2812.15
3344.99
2799.63
2446.75
1980.44
1740.98
1206.33
424.402
 129.32
130.789
114.782
64.1554
46.9189
7.01989
45.5177
155.323
 150.14
32.9352
12.0979
30.1999
106.366
99.9957
    nan
    nan
    nan
NaN
      0
111.059
1758.49
1956.88
2342.12
2592.79
 3350.5
3177.78
3401.24
2839.84
1508.84
792.871
 304.14
96.7775
15.6386
113.837
4.73734
32.4096
191.188
94.5254
  47.37
44.0121
142.205
179.738
116.727
119.942
278.229
    nan
    nan
    nan
NaN
      0
45.3348
752.403
1236.56
2027.62
1795.47
 1976.2
2529.53
 3097.4
3109.15
2059.31
985.807
269.902
20.4914
157.481
64.0368
101.899
 31.541
19.8199
17.8906
110.539
124.936
6.30555
105.836
214.894
97.0069
111.909
    nan
    nan
    nan
NaN
          0
          0
    201.843
    1788.27
    2718.26
    2903.75
     2389.9
    2854.09
    3051.29
    2672.54
    1958.99
    997.361
    352.955
    114.577
    148.493
    205.187
    90.6942
    98.7519
    139.698
    187.241
    132.787
    149.805
    185.479
    180.897
    93.3828
    11.8991
6.82336e-05
        nan
        nan
        nan
NaN
      0
305.215
4829.69
5117.92
4365.62
1845.53
2517.07
3405.34
4191.68
3054.69
2025.96
1684.31
506.588
66.9552
17.3905
 252.93
60.5797
85.5089
14.2185
87.2018
113.755
71.0742
78.9984
76.1791
58.3237
45.0315
5.79979
    nan
    nan
    nan
NaN
    6381.5
   7777.42
   9151.76
   4074.36
   2534.06
   1184.94
   2288.93
   3661.68
   3994.41
   3237.06
   2037.85
   1069.31
   426.832
   53.9958
   47.6152
   69.0016
   21.8689
0.00135749
   19.0836
   133.839
   167.684
    81.153
   78.5494
   82.7537
   57.6379
   70.6178
   44.9577
       nan
       nan
       nan
NaN
      0
117.682
2039.37
3656.29
4847.56
4475.09
3520.25
 2815.3
3139.35
3487.54
2463.15
1010.25
399.652
188.684
123.252
50.2891
33.0397
101.542
118.697
93.2244
180.371
205.117
118.063
20.9767
      0
11.4296
97.9008
    nan
    nan
    nan
NaN
6979.04
7517.45
 7222.6
1082.78
1575.22
1250.81
2016.13
3019.71
3757.55
3450.07
2633.54
1157.33
353.327
106.509
55.2364
5.44053
85.1469
86.0693
145.117
42.1969
79.8749
123.335
185.901
96.9994
95.2468
7.39926
 1.2898
    nan
    nan
    nan
NaN
      0
54.5434
860.533
1231.49
2723.66
2834.08
3108.32
3249.22
 3172.8
2660.35
1805.84
897.588
365.267
92.5398
127.622
56.9449
99.3743
12.9891
40.6718
83.5457
 195.86
219.717
157.449
40.9014
156.775
 128.95
8.60112
    nan
    nan
    nan
NaN
      0
 38.613
669.489
1098.47
1131.26
   1392
   1791
2906.98
2990.07
2088.79
1874.95
1139.07
388.623
105.449
11.0445
89.0453
72.7317
111.843
54.9016
158.249
34.0546
15.6948
89.8355
152.569
224.622
136.786
 15.141
    nan
    nan
    nan
NaN
      0
      0
24.2716
267.386
658.297
828.569
1100.78
1882.73
2400.81
2015.71
1627.74
 877.91
429.774
406.665
118.522
5.36011
1.83363
28.0012
16.5382
78.2122
  169.5
53.6553
73.2743
112.825
 75.754
108.727
81.4573
    nan
    nan
    nan
NaN
       0
       0
       0
 4.58646
 111.796
 427.375
 710.144
 1179.43
 1763.29
 2726.98
 1840.39
 645.267
 186.339
 82.1022
 11.5506
 42.2518
0.514422
 6.08746
 67.9873
 114.645
 32.8879
 40.1621
 85.8293
  107.18
   121.2
 89.2186
 7.42349
     nan
     nan
     nan
NaN
          0
          0
    35.2701
    332.254
    507.718
    376.708
    1253.01
    2337.52
    2537.87
    2389.22
    1990.68
    1156.78
    554.019
    120.769
    129.555
     62.068
    94.0179
    33.8527
    18.6292
    89.0883
    104.841
    164.704
    121.681
    123.036
 0.00601452
0.000867514
0.000375132
        nan
        nan
        nan
NaN
32899.9
30319.8
47.1976
344.735
722.387
1816.87
2592.01
2340.12
1807.14
2760.61
2438.56
732.886
104.949
  135.6
78.9915
54.3897
1.35767
 20.052
 69.246
159.187
410.498
116.305
68.9422
49.0955
65.6599
304.892
 333.19
    nan
    nan
    nan
NaN
      0
      0
120.226
1204.79
2407.49
2516.47
2698.74
 2901.6
2915.94
 2402.3
1952.09
1133.07
450.614
192.693
168.122
149.783
111.672
78.8391
95.1108
189.605
197.641
139.151
 126.25
140.751
116.073
56.1801
12.2962
    nan
    nan
    nan
NaN
      0
45.4497
715.871
1099.73
1187.22
1515.25
1840.55
2387.42
2813.54
2880.01
1970.38
912.441
357.123
154.074
97.2948
115.327
95.1023
88.1999
52.3119
48.8881
54.4915
102.809
202.335
240.971
194.269
116.697
74.6371
    nan
    nan
    nan
NaN
        0
  59.6267
  875.449
  973.122
  1118.76
   1663.8
  2378.14
  2597.41
  3357.14
  3311.48
  2421.21
  864.601
   248.26
  49.6042
  254.958
  131.104
  119.662
  53.6072
  81.4127
    98.66
0.0727295
  22.1941
  35.6857
  10.8677
  50.5018
   211.06
  140.045
      nan
      nan
      nan
NaN
       0
 61.4953
 898.911
 963.806
  902.34
 864.279
 1704.51
 2269.18
 2475.89
 3182.46
 2250.89
  914.66
 489.722
 244.104
 199.032
 69.3259
 155.749
 62.3982
 4.10499
 59.8691
 124.678
0.482523
 27.7504
 33.4677
0.594242
0.303432
  2.7075
     nan
     nan
     nan
NaN
 12.2336
 1746.25
 2714.64
 2348.39
 826.278
 1003.48
 1836.46
 2518.25
 3485.18
 3427.09
 2543.31
 1501.69
 564.146
 80.3355
 1.48419
       0
0.963945
 23.6326
 112.645
 182.626
 39.6337
 40.3369
  128.57
 123.857
 127.847
 96.8005
 53.8914
     nan
     nan
     nan
NaN
      0
      0
      0
47.5163
  311.5
779.226
1573.31
2061.83
 2695.9
3195.61
2780.28
 1288.3
257.556
19.3143
42.9009
5.12953
166.236
 54.279
31.8658
52.0756
7.59165
34.3282
 96.118
97.4512
 90.932
50.6248
8.93028
    nan
    nan
    nan
NaN
      0
      0
      0
190.629
1050.38
1415.55
1830.05
2231.71
 2854.5
2774.05
2101.59
1335.91
644.224
311.775
114.459
167.346
 160.91
187.779
 134.46
76.4218
48.5015
47.6532
92.9641
137.654
167.478
165.693
126.378
    nan
    nan
    nan
NaN
          0
          0
          0
          0
    16.9513
    286.118
    1601.31
    3168.58
    3072.44
    3183.33
    2913.88
    1056.33
    537.187
    158.376
    83.6224
    329.044
    60.4205
    35.5534
    61.2878
     182.96
    66.3386
    74.8941
     56.807
    67.8167
  0.0109501
0.000614503
   0.271069
        nan
        nan
        nan
NaN
      0
31.7143
767.571
2922.22
3073.51
 2136.8
2612.23
3697.52
3525.72
 3423.1
2897.59
1873.31
 726.86
134.097
55.0174
124.456
  80.06
8.84566
29.4224
154.563
 144.29
89.0622
27.3004
135.135
126.048
198.415
124.316
    nan
    nan
    nan
NaN
      0
      0
 79.737
692.035
1088.48
1327.82
1792.96
2190.94
 2058.9
1930.53
2376.56
2198.28
918.146
169.942
64.2491
5.27376
41.9306
55.4686
161.311
7.63518
24.9249
127.759
178.048
215.676
161.441
   16.9
5.68766
    nan
    nan
    nan
NaN
17.2408
2365.86
   2421
1811.71
 234.27
958.414
1752.72
2025.37
2279.08
 3207.7
 3374.8
1883.19
570.415
165.083
183.748
256.319
57.2244
5.61073
90.2986
244.993
152.353
244.503
 152.51
47.0504
0.80852
      0
      0
    nan
    nan
    nan
NaN
 33.526
4610.04
5036.96
 5284.6
2485.74
 2092.7
2288.31
3848.19
4364.62
3368.19
2412.72
1808.04
695.456
 197.03
74.3057
41.3882
3.64623
59.1907
113.292
137.718
 206.74
32.5607
133.944
  158.9
73.6374
119.852
76.8466
    nan
    nan
    nan
NaN
17.1621
2351.78
2479.05
2797.94
1910.29
2155.57
1573.86
2525.63
3574.96
3504.78
 2893.2
1704.17
605.519
 317.43
49.1205
 1.7498
60.7858
22.9719
47.9956
148.039
95.3914
158.485
110.844
105.889
 101.56
49.5256
  5.309
    nan
    nan
    nan
NaN
7050.25
7560.08
 8056.1
2199.98
2468.84
1931.91
2052.91
2480.67
3226.79
3514.89
2751.27
1631.39
854.959
 420.84
212.561
114.524
103.133
116.162
162.714
 177.88
 174.64
 163.78
132.519
 85.615
41.7712
12.4306
      0
    nan
    nan
    nan
NaN
   7018
7567.78
8443.09
3552.83
 3605.8
 1785.3
1491.74
2715.88
3563.33
3554.55
3747.81
2411.98
794.461
307.405
 91.439
126.548
201.543
123.751
145.217
81.6984
114.763
135.285
282.285
350.326
163.834
18.3765
1.02662
    nan
    nan
    nan
NaN
      0
180.618
2654.54
3136.81
3478.08
1816.08
2163.12
3425.99
4245.89
 3801.5
 3092.1
1977.83
 1113.7
481.884
338.753
138.882
31.5814
 146.42
69.7049
133.414
158.195
197.178
156.399
131.456
69.5029
 11.179
159.197
    nan
    nan
    nan
NaN
      0
122.153
1792.52
1917.39
1579.91
1289.76
2319.46
3330.56
3643.28
3687.38
3513.83
2056.19
 685.37
353.027
 147.75
34.7417
304.567
141.853
74.2759
 103.34
35.4765
26.9362
59.4251
164.909
285.118
143.249
9.33785
    nan
    nan
    nan
NaN
      0
      0
      0
 227.77
1368.25
1916.91
1867.07
2559.79
4063.91
4209.51
3239.61
2234.04
1119.64
358.854
37.7169
2.02977
89.6211
121.984
135.717
205.404
161.023
34.3547
95.4162
223.212
238.383
100.676
23.3514
    nan
    nan
    nan
NaN
      0
      0
20.7552
230.573
682.923
1370.12
2714.25
 5191.2
5669.16
4322.44
4156.28
2487.32
1368.41
754.232
313.056
190.152
51.3319
91.1333
91.1876
51.5201
201.877
224.636
247.336
113.693
19.6901
48.0258
245.119
    nan
    nan
    nan
NaN
      0
      0
78.8742
701.792
 1031.9
761.588
1534.37
3381.82
 3810.8
4193.09
4205.91
3253.98
1763.77
793.004
149.792
122.565
94.7798
294.423
12.3577
14.0945
39.1272
136.659
354.737
379.828
172.441
53.6973
182.805
    nan
    nan
    nan
NaN
      0
      0
81.1057
837.704
 1999.6
2680.84
2767.19
3449.05
3225.12
2701.94
4024.88
2737.28
1025.07
763.148
407.096
198.104
145.374
38.1719
37.2209
151.587
212.103
146.257
83.6379
177.068
129.714
72.5969
58.2618
    nan
    nan
    nan
NaN
      0
90.4857
1431.04
2270.96
2199.98
1555.75
2199.68
4292.15
5215.71
4453.14
4604.83
2902.16
1244.01
 898.94
578.502
  326.4
218.818
164.001
75.6781
239.377
111.462
89.0551
   75.7
59.1405
181.788
 102.12
121.176
    nan
    nan
    nan
NaN
12.3882
1767.01
2727.04
2478.52
1540.17
1400.08
1661.02
3584.56
5277.39
4801.92
4119.57
2965.98
 1189.8
262.835
121.856
188.812
81.3558
32.5323
25.0203
167.023
186.276
79.7145
231.663
167.701
 77.287
126.836
77.6826
    nan
    nan
    nan
NaN
5150.25
7995.37
7282.69
2531.79
1082.96
1165.52
1905.31
3163.04
3979.76
3770.79
3929.56
2889.52
 1234.6
368.341
92.9177
 61.083
27.1521
 1.3823
33.3079
 112.71
37.8632
 66.858
112.492
236.242
169.934
9.14486
      0
    nan
    nan
    nan
NaN
17.0997
2346.28
2398.96
1852.93
462.529
1118.88
2391.78
3529.68
3756.79
4732.76
3658.11
1879.69
1160.28
255.451
59.4423
59.0339
91.9324
24.5151
10.0377
116.999
288.596
201.803
91.0834
27.0753
94.4636
53.8987
 72.272
    nan
    nan
    nan
NaN
      0
  27.68
515.614
 1332.2
1578.87
1790.23
2368.25
3505.85
6085.57
6366.53
3869.52
2488.27
1347.28
533.379
362.251
42.2558
203.346
166.009
99.1247
92.6981
144.907
164.906
97.4826
173.506
140.871
107.647
291.604
    nan
    nan
    nan
NaN
      0
      0
119.663
1040.78
1651.07
1825.31
2025.25
3188.29
4409.29
4528.96
4321.99
2477.48
1231.17
380.367
446.248
131.658
25.3147
73.3949
183.501
102.751
115.584
154.447
189.867
139.813
63.7391
10.2688
152.495
    nan
    nan
    nan
NaN
        0
        0
  94.2638
  749.011
   1019.9
  1525.65
  2156.86
  3582.51
   4090.4
  2971.79
  3075.68
  2391.01
  918.961
  294.679
  203.793
  75.7062
  6.17647
  87.9503
  31.1149
   111.56
  127.057
  72.8555
  77.7283
  184.222
  176.661
  6.69345
0.0106287
      nan
      nan
      nan
NaN
      0
      0
 27.632
261.286
647.254
 1722.3
3677.29
 4317.1
4067.82
4278.13
4647.51
 3131.8
1027.18
225.023
189.816
143.168
4.45313
 62.214
27.4372
35.6098
72.9337
100.939
204.128
130.851
187.703
94.4387
2.47652
    nan
    nan
    nan
NaN
      0
 58.763
858.046
 1059.2
1752.73
2430.52
4018.84
5200.77
5716.09
5538.45
4072.47
3164.33
1342.25
263.105
429.937
103.667
252.108
202.975
171.952
59.5122
49.0853
213.221
266.588
266.156
296.921
123.726
194.289
    nan
    nan
    nan
NaN
  13.5006
  1905.07
  2724.71
  2670.73
  1007.12
  919.534
  2366.64
  3404.95
  3918.06
  5200.35
   4683.2
  3348.16
  1361.26
  848.514
  297.577
  119.349
  154.353
  51.5045
  27.0336
  115.586
  229.546
  372.939
  241.926
  120.256
  1.87692
 0.270818
0.0769597
      nan
      nan
      nan
NaN
 11.9735
 1717.04
 2768.88
  2341.7
 551.607
 483.225
 1795.73
 3380.91
 4048.09
 5341.35
 4822.56
 2197.26
 413.861
 302.527
 324.353
 274.729
 27.6187
  133.98
  51.451
 87.3348
 98.4869
 217.452
 204.276
 398.639
 247.019
0.998678
 169.358
     nan
     nan
     nan
NaN
16.8625
2310.56
 2503.3
3254.37
2106.39
1940.87
1634.86
2619.24
3596.02
3749.84
 3086.6
 2246.7
1291.82
465.177
138.758
187.487
15.6503
142.747
23.5764
50.5411
89.2682
120.526
156.217
127.183
168.238
129.451
56.2738
    nan
    nan
    nan
NaN
          0
    43.7456
    696.997
    1107.84
    1234.84
    1968.58
    2648.11
    3160.58
     4102.1
    4310.51
    3228.44
    2019.43
    691.222
    172.912
    108.092
    215.904
    106.832
    109.044
    100.998
    58.8188
    142.438
    155.936
    120.463
    118.152
    46.3939
    2.32443
0.000672058
        nan
        nan
        nan
NaN
7057.45
7586.66
   7921
2233.17
2282.89
1598.09
2924.94
 4825.7
4726.26
3905.92
3065.62
2091.25
1030.69
387.694
153.463
149.545
46.2323
84.9972
146.739
70.5432
31.8481
59.0881
141.157
188.655
232.151
150.052
 37.357
    nan
    nan
    nan
NaN
      0
46.1651
718.346
1232.71
2054.66
2455.24
3503.39
4733.06
4141.91
4159.47
3658.05
2163.65
1158.85
219.109
106.694
35.3435
91.8076
146.003
113.814
40.4623
77.5032
 242.47
197.596
253.905
171.236
2.23036
8.44212
    nan
    nan
    nan
NaN
      0
      0
 103.95
970.083
1844.76
2248.08
2487.58
3247.78
 3963.2
3936.28
3358.88
2316.52
1175.44
314.892
116.779
98.1501
186.924
151.751
135.086
74.0113
155.579
147.683
138.195
88.5599
126.491
158.408
175.451
    nan
    nan
    nan
NaN
