1403637130.538319111,4.05962
1403637130.588319063,4.72999
1403637130.638319016,5.49212
1403637130.688318968,4.95215
1403637130.73831892,3.83157
1403637130.788319111,17.1705
1403637130.838319063,10.9864
1403637130.888319016,10.3925
1403637130.938318968,12.771
1403637130.98831892,12.4863
1403637131.038319111,13.0991
1403637131.088319063,10.5165
1403637131.138319016,9.32779
1403637131.188318968,8.60541
1403637131.23831892,11.8432
1403637131.288319111,13.0105
1403637131.338319063,13.9292
1403637131.388319016,10.2614
1403637131.438318968,10.7437
1403637131.48831892,12.6172
1403637131.538319111,11.589
1403637131.588319063,12.0267
1403637131.638319016,12.4458
1403637131.688318968,11.3549
1403637131.73831892,11.758
1403637131.788319111,11.1395
1403637131.838319063,14.2058
1403637131.888319016,13.0112
1403637131.938318968,12.7917
1403637131.98831892,12.5542
1403637132.038319111,8.3431
1403637132.088319063,11.303
1403637132.138319016,11.1827
1403637132.188318968,11.455
1403637132.23831892,10.3026
1403637132.288319111,11.215
1403637132.338319063,11.9443
1403637132.388319016,9.45556
1403637132.438318968,13.5576
1403637132.48831892,9.64985
1403637132.538319111,10.1036
1403637132.588319063,12.4575
1403637132.638319016,13.535
1403637132.688318968,9.08859
1403637132.73831892,12.3424
1403637132.788319111,11.2805
1403637132.838319063,10.4707
1403637132.888319016,12.5554
1403637132.938318968,14.0401
1403637132.98831892,8.14699
1403637133.038319111,14.0757
1403637133.088319063,10.6415
1403637133.138319016,12.578
1403637133.188318968,10.2638
1403637133.23831892,11.0508
1403637133.288319111,11.4557
1403637133.338319063,11.4068
1403637133.388319016,9.27646
1403637133.438318968,10.4765
1403637133.48831892,11.3627
1403637133.538319111,10.1636
1403637133.588319063,10.9517
1403637133.638319016,14.0521
1403637133.688318968,12.4259
1403637133.73831892,10.9251
1403637133.788319111,12.33
1403637133.838319063,14.8428
1403637133.888319016,12.632
1403637133.938318968,12.1451
1403637133.98831892,15.6602
1403637134.038319111,17.456
1403637134.088319063,17.2355
1403637134.138319016,18.0861
1403637134.188318968,17.7948
1403637134.23831892,16.1056
1403637134.288319111,15.8019
1403637134.338319063,17.8105
1403637134.388319016,15.5101
1403637134.438318968,17.8901
1403637134.48831892,16.9794
1403637134.538319111,19.0497
1403637134.588319063,18.2076
1403637134.638319016,19.1588
1403637134.688318968,20.3738
1403637134.73831892,21.1922
1403637134.788319111,19.1774
1403637134.838319063,19.9066
1403637134.888319016,15.6566
1403637134.938318968,16.8777
1403637134.98831892,15.4528
1403637135.038319111,18.8863
1403637135.088319063,15.044
1403637135.138319016,14.8752
1403637135.188318968,15.2453
1403637135.23831892,14.9527
1403637135.288319111,12.4088
1403637135.338319063,15.3493
1403637135.388319016,15.0726
1403637135.438318968,16.3607
1403637135.48831892,15.944
1403637135.538319111,17.1596
1403637135.588319063,19.0446
1403637135.638319016,18.4223
1403637135.688318968,20.5614
1403637135.73831892,19.2992
1403637135.788319111,17.2212
1403637135.838319063,18.1544
1403637135.888319016,19.0501
1403637135.938318968,20.5992
1403637135.98831892,21.8744
1403637136.038319111,23.3747
1403637136.088319063,19.0411
1403637136.138319016,22.1706
1403637136.188318968,20.5017
1403637136.23831892,21.1666
1403637136.288319111,20.6337
1403637136.338319063,18.3522
1403637136.388319016,19.0986
1403637136.438318968,16.589
1403637136.48831892,17.5742
1403637136.538319111,17.9436
1403637136.588319063,12.869
1403637136.638319016,16.4844
1403637136.688318968,14.5951
1403637136.73831892,14.5926
1403637136.788319111,15.3083
1403637136.838319063,15.8056
1403637136.888319016,14.9396
1403637136.938318968,16.7887
1403637136.98831892,17.8741
1403637137.038319111,21.3344
1403637137.088319063,19.3895
1403637137.138319016,22.2619
1403637137.188318968,17.693
1403637137.23831892,23.1103
1403637137.288319111,22.225
1403637137.338319063,20.7689
1403637137.388319016,22.8698
1403637137.438318968,21.9322
1403637137.48831892,22.9669
1403637137.538319111,22.1448
1403637137.588319063,21.9359
1403637137.638319016,19.174
1403637137.688318968,18.1283
1403637137.73831892,18.5657
1403637137.788319111,20.0458
1403637137.838319063,18.7284
1403637137.888319016,16.3002
1403637137.938318968,15.6847
1403637137.98831892,14.618
1403637138.038319111,13.2107
1403637138.088319063,12.8679
1403637138.138319016,15.0918
1403637138.188318968,16.5533
1403637138.23831892,17.5882
1403637138.288319111,17.9964
1403637138.338319063,20.3962
1403637138.388319016,18.3148
1403637138.438318968,19.7996
1403637138.48831892,19.6036
1403637138.538319111,21.7886
1403637138.588319063,19.7252
1403637138.638319016,19.6478
1403637138.688318968,19.0529
1403637138.73831892,22.258
1403637138.788319111,22.6326
1403637138.838319063,22.9182
1403637138.888319016,22.519
1403637138.938318968,21.6324
1403637138.98831892,19.5164
1403637139.038319111,20.9822
1403637139.088319063,17.6368
1403637139.138319016,21.323
1403637139.188318968,17.4673
1403637139.23831892,17.191
1403637139.288319111,16.3897
1403637139.338319063,19.1046
1403637139.388319016,17.8877
1403637139.438318968,15.5982
1403637139.48831892,14.4052
1403637139.538319111,15.3851
1403637139.588319063,14.1413
1403637139.638319016,15.3021
1403637139.688318968,14.5037
1403637139.73831892,15.4938
1403637139.788319111,14.9616
1403637139.838319063,15.1515
1403637139.888319016,16.6749
1403637139.938318968,16.3227
1403637139.98831892,16.581
1403637140.038319111,16.3562
1403637140.088319063,14.3981
1403637140.138319016,18.7879
1403637140.188318968,17.2414
1403637140.23831892,16.2728
1403637140.288319111,15.6056
1403637140.338319063,16.5785
1403637140.388319016,16.7778
1403637140.438318968,16.864
1403637140.48831892,15.8832
1403637140.538319111,19.2973
1403637140.588319063,17.5882
1403637140.638319016,18.9078
1403637140.688318968,15.6329
1403637140.73831892,19.4537
1403637140.788319111,16.9254
1403637140.838319063,17.1116
1403637140.888319016,18.3683
1403637140.938318968,17.0509
1403637140.98831892,17.181
1403637141.038319111,17.0209
1403637141.088319063,15.7149
1403637141.138319016,19.3825
1403637141.188318968,17.75
1403637141.23831892,18.9469
1403637141.288319111,16.0381
1403637141.338319063,15.9736
1403637141.388319016,14.6002
1403637141.438318968,16.7444
1403637141.48831892,15.739
1403637141.538319111,17.7015
1403637141.588319063,16.6305
1403637141.638319016,16.9166
1403637141.688318968,16.5022
1403637141.73831892,16.7764
1403637141.788319111,13.5888
1403637141.838319063,18.7012
1403637141.888319016,15.4188
1403637141.938318968,19.405
1403637141.98831892,15.7411
1403637142.038319111,19.0874
1403637142.088319063,17.7528
1403637142.138319016,16.9988
1403637142.188318968,17.5933
1403637142.23831892,19.3352
1403637142.288319111,15.3952
1403637142.338319063,16.648
1403637142.388319016,17.2731
1403637142.438318968,16.0704
1403637142.48831892,14.9593
1403637142.538319111,16.8289
1403637142.588319063,18.2454
1403637142.638319016,18.8984
1403637142.688318968,18.0468
1403637142.73831892,15.2722
1403637142.788319111,15.6685
1403637142.838319063,15.3586
1403637142.888319016,15.5424
1403637142.938318968,18.9859
1403637142.98831892,15.6163
1403637143.038319111,16.4888
1403637143.088319063,16.687
1403637143.138319016,16.1958
1403637143.188318968,18.1529
1403637143.23831892,17.1229
1403637143.288319111,16.6886
1403637143.338319063,16.39
1403637143.388319016,18.4708
1403637143.438318968,19.6594
1403637143.48831892,15.6818
1403637143.538319111,19.036
1403637143.588319063,15.6664
1403637143.638319016,17.9743
1403637143.688318968,15.5791
1403637143.73831892,16.8603
1403637143.788319111,15.175
1403637143.838319063,17.4887
1403637143.888319016,15.6308
1403637143.938318968,18.1807
1403637143.98831892,17.7217
1403637144.038319111,18.5647
1403637144.088319063,15.7951
1403637144.138319016,18.8127
1403637144.188318968,15.5365
1403637144.23831892,17.8528
1403637144.288319111,17.6296
1403637144.338319063,15.3812
1403637144.388319016,15.658
1403637144.438318968,17.3509
1403637144.48831892,18.4292
1403637144.538319111,19.0496
1403637144.588319063,15.3255
1403637144.638319016,18.9524
1403637144.688318968,18.8676
1403637144.73831892,16.8222
1403637144.788319111,15.7354
1403637144.838319063,16.2182
1403637144.888319016,11.7424
1403637144.938318968,19.3945
1403637144.98831892,16.4787
1403637145.038319111,17.5125
1403637145.088319063,14.715
1403637145.138319016,16.0706
1403637145.188318968,15.5502
1403637145.23831892,18.321
1403637145.288319111,18.4488
1403637145.338319063,14.9674
1403637145.388319016,17.6326
1403637145.438318968,15.8676
1403637145.48831892,15.5814
1403637145.538319111,15.4057
1403637145.588319063,17.163
1403637145.638319016,17.4416
1403637145.688318968,15.5722
1403637145.73831892,19.9658
1403637145.788319111,14.4951
1403637145.838319063,16.5542
1403637145.888319016,15.4601
1403637145.938318968,16.4834
1403637145.98831892,17.67
1403637146.038319111,16.6829
1403637146.088319063,15.3909
1403637146.138319016,18.3662
1403637146.188318968,15.4482
1403637146.23831892,17.1773
1403637146.288319111,17.0567
1403637146.338319063,16.8653
1403637146.388319016,17.5186
1403637146.438318968,16.5922
1403637146.48831892,17.1741
1403637146.538319111,18.7485
1403637146.588319063,17.7803
1403637146.638319016,19.1274
1403637146.688318968,16.0411
1403637146.73831892,16.9069
1403637146.788319111,15.5555
1403637146.838319063,16.1636
1403637146.888319016,18.112
1403637146.938318968,17.1945
1403637146.98831892,16.8307
1403637147.038319111,18.7675
1403637147.088319063,15.1389
1403637147.138319016,16.4111
1403637147.188318968,18.2144
1403637147.23831892,16.3654
1403637147.288319111,15.6651
1403637147.338319063,15.1239
1403637147.388319016,12.9437
1403637147.438318968,16.8138
1403637147.48831892,16.8548
1403637147.538319111,18.3274
1403637147.588319063,14.6758
1403637147.638319016,16.34
1403637147.688318968,15.1312
1403637147.73831892,18.5608
1403637147.788319111,18.3118
1403637147.838319063,16.202
1403637147.888319016,15.1616
1403637147.938318968,16.6247
1403637147.98831892,14.7173
1403637148.038319111,15.2113
1403637148.088319063,17.5143
1403637148.138319016,18.4491
1403637148.188318968,17.1331
1403637148.23831892,14.3426
1403637148.288319111,13.8608
1403637148.338319063,17.4203
1403637148.388319016,17.4464
1403637148.438318968,18.3799
1403637148.48831892,15.0663
1403637148.538319111,17.4397
1403637148.588319063,16.8825
1403637148.638319016,17.7703
1403637148.688318968,15.713
1403637148.73831892,16.1193
1403637148.788319111,15.9082
1403637148.838319063,15.8661
1403637148.888319016,13.9053
1403637148.938318968,18.2065
1403637148.98831892,14.3843
1403637149.038319111,18.1781
1403637149.088319063,14.7547
1403637149.138319016,16.6979
1403637149.188318968,16.0744
1403637149.23831892,18.4291
1403637149.288319111,13.3978
1403637149.338319063,17.192
1403637149.388319016,15.1969
1403637149.438318968,15.7486
1403637149.48831892,12.5891
1403637149.538319111,17.229
1403637149.588319063,13.3071
1403637149.638319016,15.3395
1403637149.688318968,13.9177
1403637149.73831892,17.5538
1403637149.788319111,13.9984
1403637149.838319063,13.9022
1403637149.888319016,11.6309
1403637149.938318968,13.5005
1403637149.98831892,14.7902
1403637150.038319111,15.8008
1403637150.088319063,13.0787
1403637150.138319016,15.0054
1403637150.188318968,15.5973
1403637150.23831892,17.0377
1403637150.288319111,14.6563
1403637150.338319063,18.2807
1403637150.388319016,17.7913
1403637150.438318968,16.1041
1403637150.48831892,16.448
1403637150.538319111,16.3314
1403637150.588319063,18.7171
1403637150.638319016,18.1516
1403637150.688318968,17.0043
1403637150.73831892,18.6245
1403637150.788319111,20.6934
1403637150.838319063,21.1907
1403637150.888319016,16.6829
1403637150.938318968,20.8259
1403637150.98831892,16.7636
1403637151.038319111,21.6511
1403637151.088319063,21.5653
1403637151.138319016,21.6067
1403637151.188318968,19.3012
1403637151.23831892,19.5147
1403637151.288319111,18.7349
1403637151.338319063,20.9967
1403637151.388319016,19.3145
1403637151.438318968,20.3085
1403637151.48831892,21.8831
1403637151.538319111,20.1828
1403637151.588319063,21.0164
1403637151.638319016,22.8756
1403637151.688318968,19.6307
1403637151.73831892,19.4032
1403637151.788319111,20.8968
1403637151.838319063,23.2289
1403637151.888319016,21.878
1403637151.938318968,22.1147
1403637151.98831892,19.5922
1403637152.038319111,21.1229
1403637152.088319063,19.4866
1403637152.138319016,19.8822
1403637152.188318968,19.5531
1403637152.23831892,22.6377
1403637152.288319111,23.5689
1403637152.338319063,21.339
1403637152.388319016,18.9018
1403637152.438318968,21.2766
1403637152.48831892,19.6164
1403637152.538319111,23.8884
1403637152.588319063,22.3906
1403637152.638319016,22.7984
1403637152.688318968,19.9845
1403637152.73831892,20.4925
1403637152.788319111,19.1126
1403637152.838319063,22.7463
1403637152.888319016,20.9654
1403637152.938318968,20.8526
1403637152.98831892,23.1079
1403637153.038319111,21.1796
1403637153.088319063,19.6158
1403637153.138319016,23.911
1403637153.188318968,19.9623
1403637153.23831892,23.578
1403637153.288319111,19.5561
1403637153.338319063,20.6815
1403637153.388319016,20.9998
1403637153.438318968,22.1924
1403637153.48831892,22.0292
1403637153.538319111,22.5303
1403637153.588319063,20.4891
1403637153.638319016,23.482
1403637153.688318968,21.0554
1403637153.73831892,21.1939
1403637153.788319111,19.6769
1403637153.838319063,23.1877
1403637153.888319016,24.0029
1403637153.938318968,24.011
1403637153.98831892,20.7175
1403637154.038319111,24.022
1403637154.088319063,24.1751
1403637154.138319016,22.3482
1403637154.188318968,19.3704
1403637154.23831892,24.0728
1403637154.288319111,20.2003
1403637154.338319063,22.6563
1403637154.388319016,20.3858
1403637154.438318968,23.7324
1403637154.48831892,20.2767
1403637154.538319111,24.4505
1403637154.588319063,21.0713
1403637154.638319016,22.4352
1403637154.688318968,24.3327
1403637154.73831892,21.5738
1403637154.788319111,24.3546
1403637154.838319063,21.8382
1403637154.888319016,19.704
1403637154.938318968,23.3087
1403637154.98831892,20.4865
1403637155.038319111,23.9245
1403637155.088319063,20.1355
1403637155.138319016,22.8929
1403637155.188318968,22.0711
1403637155.23831892,21.3616
1403637155.288319111,20.2621
1403637155.338319063,22.8546
1403637155.388319016,17.0761
1403637155.438318968,22.3601
1403637155.48831892,20.9849
1403637155.538319111,22.8198
1403637155.588319063,22.5981
1403637155.638319016,22.315
1403637155.688318968,22.6723
1403637155.73831892,21.3823
1403637155.788319111,22.2191
1403637155.838319063,22.1161
1403637155.888319016,21.6919
1403637155.938318968,19.3742
1403637155.98831892,23.5129
1403637156.038319111,22.0426
1403637156.088319063,20.8147
1403637156.138319016,21.0303
1403637156.188318968,23.3537
1403637156.23831892,21.8116
1403637156.288319111,23.4209
1403637156.338319063,22.1529
1403637156.388319016,22.7323
1403637156.438318968,23.0125
1403637156.48831892,21.4986
1403637156.538319111,23.4226
1403637156.588319063,24.5067
1403637156.638319016,24.6101
1403637156.688318968,23.7602
1403637156.73831892,22.5487
1403637156.788319111,22.2079
1403637156.838319063,22.212
1403637156.888319016,25.2009
1403637156.938318968,22.5649
1403637156.98831892,23.9359
1403637157.038319111,22.4096
1403637157.088319063,24.0658
1403637157.138319016,25.7618
1403637157.188318968,24.7669
1403637157.23831892,24.8163
1403637157.288319111,22.2875
1403637157.338319063,26.3
1403637157.388319016,24.6109
1403637157.438318968,25.7936
1403637157.48831892,26.086
1403637157.538319111,26.4159
1403637157.588319063,23.839
1403637157.638319016,23.0075
1403637157.688318968,19.3428
1403637157.73831892,20.494
1403637157.788319111,23.5641
1403637157.838319063,26.6397
1403637157.888319016,22.8827
1403637157.938318968,24.7495
1403637157.98831892,24.7697
1403637158.038319111,25.6904
1403637158.088319063,22.8078
1403637158.138319016,24.4855
1403637158.188318968,25.0136
1403637158.23831892,24.0488
1403637158.288319111,25.4685
1403637158.338319063,26.5997
1403637158.388319016,26.3018
1403637158.438318968,26.5056
1403637158.48831892,24.203
1403637158.538319111,25.9411
1403637158.588319063,26.3674
1403637158.638319016,26.811
1403637158.688318968,24.5994
1403637158.73831892,26.0763
1403637158.788319111,22.5062
1403637158.838319063,22.1148
1403637158.888319016,23.191
1403637158.938318968,23.9067
1403637158.98831892,24.344
1403637159.038319111,23.4379
1403637159.088319063,22.8666
1403637159.138319016,25.3567
1403637159.188318968,25.7941
1403637159.23831892,24.6095
1403637159.288319111,24.8161
1403637159.338319063,24.703
1403637159.388319016,25.4671
1403637159.438318968,24.5764
1403637159.48831892,26.3234
1403637159.538319111,26.2464
1403637159.588319063,24.9906
1403637159.638319016,24.453
1403637159.688318968,25.386
1403637159.73831892,24.5228
1403637159.788319111,26.1534
1403637159.838319063,26.6339
1403637159.888319016,25.0191
1403637159.938318968,25.3729
1403637159.98831892,24.0067
1403637160.038319111,25.6935
1403637160.088319063,22.0857
1403637160.138319016,25.1659
1403637160.188318968,25.0637
1403637160.23831892,23.4461
1403637160.288319111,24.3336
1403637160.338319063,24.9646
1403637160.388319016,24.7212
1403637160.438318968,22.7649
1403637160.48831892,24.6093
1403637160.538319111,23.5955
1403637160.588319063,24.6221
1403637160.638319016,22.2959
1403637160.688318968,22.3586
1403637160.73831892,22.0608
1403637160.788319111,23.0977
1403637160.838319063,23.9257
1403637160.888319016,22.534
1403637160.938318968,23.1429
1403637160.98831892,22.9157
1403637161.038319111,22.552
1403637161.088319063,21.7649
1403637161.138319016,26.6821
1403637161.188318968,22.0451
1403637161.23831892,24.7223
1403637161.288319111,23.6393
1403637161.338319063,24.4796
1403637161.388319016,24.1863
1403637161.438318968,23.8055
1403637161.48831892,21.1601
1403637161.538319111,24.1823
1403637161.588319063,23.9533
1403637161.638319016,25.1063
1403637161.688318968,23.3085
1403637161.73831892,23.9608
1403637161.788319111,23.257
1403637161.838319063,25.2874
1403637161.888319016,23.971
1403637161.938318968,22.6193
1403637161.98831892,18.9828
1403637162.038319111,23.7168
1403637162.088319063,18.4543
1403637162.138319016,21.8264
1403637162.188318968,21.7504
1403637162.23831892,26.04
1403637162.288319111,20.9777
1403637162.338319063,24.0967
1403637162.388319016,23.2806
1403637162.438318968,25.1411
1403637162.48831892,21.2394
1403637162.538319111,22.9978
1403637162.588319063,22.7036
1403637162.638319016,24.7448
1403637162.688318968,21.7907
1403637162.73831892,22.903
1403637162.788319111,20.6166
1403637162.838319063,22.9777
1403637162.888319016,22.4494
1403637162.938318968,24.1059
1403637162.98831892,22.9092
1403637163.038319111,23.2586
1403637163.088319063,23.1696
1403637163.138319016,22.4051
1403637163.188318968,23.9627
1403637163.23831892,24.6911
1403637163.288319111,22.8475
1403637163.338319063,23.4977
1403637163.388319016,24.3964
1403637163.438318968,25.7064
1403637163.48831892,22.112
1403637163.538319111,22.3479
1403637163.588319063,22.2761
1403637163.638319016,25.5748
1403637163.688318968,22.3601
1403637163.73831892,25.4001
1403637163.788319111,24.7076
1403637163.838319063,24.6148
1403637163.888319016,23.9921
1403637163.938318968,23.2721
1403637163.98831892,21.5138
1403637164.038319111,22.4775
1403637164.088319063,23.0153
1403637164.138319016,22.5214
1403637164.188318968,25.2651
1403637164.23831892,27.0617
1403637164.288319111,23.6733
1403637164.338319063,25.0668
1403637164.388319016,22.9572
1403637164.438318968,24.5892
1403637164.48831892,22.5426
1403637164.538319111,25.5145
1403637164.588319063,25.6114
1403637164.638319016,22.8667
1403637164.688318968,23.0648
1403637164.73831892,23.7868
1403637164.788319111,24.3954
1403637164.838319063,22.5517
1403637164.888319016,23.9813
1403637164.938318968,22.6246
1403637164.98831892,21.2824
1403637165.038319111,22.4754
1403637165.088319063,22.241
1403637165.138319016,23.2639
1403637165.188318968,24.5065
1403637165.23831892,24.48
1403637165.288319111,15.6649
1403637165.338319063,16.427
1403637165.388319016,19.4668
1403637165.438318968,21.2861
1403637165.48831892,19.4518
1403637165.538319111,19.7053
1403637165.588319063,18.8628
1403637165.638319016,20.925
1403637165.688318968,19.2499
1403637165.73831892,22.6855
1403637165.788319111,22.2591
1403637165.838319063,20.7542
1403637165.888319016,22.5335
1403637165.938318968,20.4597
1403637165.98831892,17.2484
1403637166.038319111,21.0484
1403637166.088319063,22.1239
1403637166.138319016,22.639
1403637166.188318968,24.0184
1403637166.23831892,25.4289
1403637166.288319111,21.4531
1403637166.338319063,22.5196
1403637166.388319016,20.3872
1403637166.438318968,21.9783
1403637166.48831892,21.9742
1403637166.538319111,22.9035
1403637166.588319063,20.7201
1403637166.638319016,21.1849
1403637166.688318968,22.2709
1403637166.73831892,24.8077
1403637166.788319111,21.3134
1403637166.838319063,22.2511
1403637166.888319016,23.4331
1403637166.938318968,23.95
1403637166.98831892,24.5054
1403637167.038319111,24.5418
1403637167.088319063,22.8638
1403637167.138319016,23.089
1403637167.188318968,23.2575
1403637167.23831892,23.0938
1403637167.288319111,21.6793
1403637167.338319063,23.2045
1403637167.388319016,21.2906
1403637167.438318968,24.7573
1403637167.48831892,20.378
1403637167.538319111,24.8315
1403637167.588319063,24.4226
1403637167.638319016,21.9418
1403637167.688318968,23.5293
1403637167.73831892,26.0759
1403637167.788319111,24.1365
1403637167.838319063,23.3118
1403637167.888319016,22.2183
1403637167.938318968,25.3095
1403637167.98831892,25.8592
1403637168.038319111,23.6292
1403637168.088319063,24.835
1403637168.138319016,24.7333
1403637168.188318968,26.3869
1403637168.23831892,23.8982
1403637168.288319111,25.1244
1403637168.338319063,22.9824
1403637168.388319016,24.0896
1403637168.438318968,24.2175
1403637168.48831892,26.5893
1403637168.538319111,26.6289
1403637168.588319063,26.2018
1403637168.638319016,24.3918
1403637168.688318968,24.9854
1403637168.73831892,25.1045
1403637168.788319111,24.6425
1403637168.838319063,25.0437
1403637168.888319016,21.9669
1403637168.938318968,23.0073
1403637168.98831892,22.9233
1403637169.038319111,25.0862
1403637169.088319063,23.2488
1403637169.138319016,24.7766
1403637169.188318968,25.2244
1403637169.23831892,26.0189
1403637169.288319111,25.6537
1403637169.338319063,24.1986
1403637169.388319016,24.7242
1403637169.438318968,27.0484
1403637169.48831892,23.7027
1403637169.538319111,25.7264
1403637169.588319063,25.2742
1403637169.638319016,26.3528
1403637169.688318968,22.8993
1403637169.73831892,24.4075
1403637169.788319111,23.9439
1403637169.838319063,26.222
1403637169.888319016,20.0883
1403637169.938318968,27.3125
1403637169.98831892,25.4578
1403637170.038319111,22.5997
1403637170.088319063,23.4602
1403637170.138319016,23.2555
1403637170.188318968,23.3773
1403637170.23831892,24.1764
1403637170.288319111,25.0593
1403637170.338319063,23.7126
1403637170.388319016,20.2948
1403637170.438318968,22.2367
1403637170.48831892,23.4949
1403637170.538319111,25.4185
1403637170.588319063,21.5651
1403637170.638319016,23.1769
1403637170.688318968,20.3981
1403637170.73831892,20.1948
1403637170.788319111,20.6214
1403637170.838319063,22.7372
1403637170.888319016,22.3485
1403637170.938318968,21.8402
1403637170.98831892,20.7995
1403637171.038319111,25.7682
1403637171.088319063,22.1915
1403637171.138319016,25.2169
1403637171.188318968,25.6707
1403637171.23831892,23.0288
1403637171.288319111,23.6573
1403637171.338319063,24.369
1403637171.388319016,20.8469
1403637171.438318968,24.5719
1403637171.48831892,23.141
1403637171.538319111,24.5453
1403637171.588319063,24.3137
1403637171.638319016,27.3846
1403637171.688318968,27.0684
1403637171.73831892,25.6355
1403637171.788319111,22.1
1403637171.838319063,25.4574
1403637171.888319016,23.8954
1403637171.938318968,26.8301
1403637171.98831892,23.619
1403637172.038319111,26.155
1403637172.088319063,22.3983
1403637172.138319016,26.9832
1403637172.188318968,22.9072
1403637172.23831892,25.0008
1403637172.288319111,22.9671
1403637172.338319063,24.8105
1403637172.388319016,20.6458
1403637172.438318968,26.3518
1403637172.48831892,19.4702
1403637172.538319111,24.3786
1403637172.588319063,20.2031
1403637172.638319016,24.4551
1403637172.688318968,19.6196
1403637172.73831892,25.6964
1403637172.788319111,22.0977
1403637172.838319063,23.2895
1403637172.888319016,25.2883
1403637172.938318968,22.9476
1403637172.98831892,18.9142
1403637173.038319111,21.2747
1403637173.088319063,21.5388
1403637173.138319016,23.6126
1403637173.188318968,23.6176
1403637173.23831892,23.8206
1403637173.288319111,18.3548
1403637173.338319063,21.9818
1403637173.388319016,18.8172
1403637173.438318968,22.88
1403637173.48831892,22.0676
1403637173.538319111,23.9522
1403637173.588319063,20.4785
1403637173.638319016,23.6633
1403637173.688318968,23.1023
1403637173.73831892,23.4362
1403637173.788319111,23.0724
1403637173.838319063,25.3833
1403637173.888319016,23.8752
1403637173.938318968,25.4989
1403637173.98831892,18.7084
1403637174.038319111,23.7794
1403637174.088319063,23.5379
1403637174.138319016,23.8513
1403637174.188318968,22.2988
1403637174.23831892,24.0255
1403637174.288319111,20.5179
1403637174.338319063,25.208
1403637174.388319016,22.6476
1403637174.438318968,27.2477
1403637174.48831892,20.6518
1403637174.538319111,24.5359
1403637174.588319063,22.9451
1403637174.638319016,24.148
1403637174.688318968,25.758
1403637174.73831892,28.0779
1403637174.788319111,21.7895
1403637174.838319063,27.889
1403637174.888319016,24.0004
1403637174.938318968,26.209
1403637174.98831892,26.251
1403637175.038319111,28.0525
1403637175.088319063,26.519
1403637175.138319016,27.7724
1403637175.188318968,22.089
1403637175.23831892,26.3764
1403637175.288319111,22.0313
1403637175.338319063,25.6787
1403637175.388319016,26.2319
1403637175.438318968,27.549
1403637175.48831892,23.3303
1403637175.538319111,27.767
1403637175.588319063,27.8185
1403637175.638319016,25.9691
1403637175.688318968,24.5921
1403637175.73831892,25.5521
1403637175.788319111,22.7636
1403637175.838319063,28.5107
1403637175.888319016,22.6028
1403637175.938318968,25.5892
1403637175.98831892,26.1647
1403637176.038319111,27.6954
1403637176.088319063,25.2819
1403637176.138319016,26.271
1403637176.188318968,23.5528
1403637176.23831892,25.1116
1403637176.288319111,25.3602
1403637176.338319063,29.2243
1403637176.388319016,22.7347
1403637176.438318968,28.7919
1403637176.48831892,24.341
1403637176.538319111,28.2334
1403637176.588319063,22.3991
1403637176.638319016,25.3232
1403637176.688318968,22.1995
1403637176.73831892,26.1887
1403637176.788319111,25.2797
1403637176.838319063,26.0964
1403637176.888319016,25.5438
1403637176.938318968,27.7405
1403637176.98831892,22.2548
1403637177.038319111,27.7091
1403637177.088319063,21.9599
1403637177.138319016,27.1012
1403637177.188318968,24.4698
1403637177.23831892,28.1476
1403637177.288319111,21.902
1403637177.338319063,26.9079
1403637177.388319016,25.7816
1403637177.438318968,25.0469
1403637177.48831892,21.8119
1403637177.538319111,25.6611
1403637177.588319063,21.7483
1403637177.638319016,27.7632
1403637177.688318968,27.3198
1403637177.73831892,25.56
1403637177.788319111,21.6152
1403637177.838319063,25.3059
1403637177.888319016,23.7425
1403637177.938318968,25.7804
1403637177.98831892,23.6528
1403637178.038319111,23.8852
1403637178.088319063,21.4911
1403637178.138319016,27.4401
1403637178.188318968,21.544
1403637178.23831892,23.6
1403637178.288319111,21.0214
1403637178.338319063,24.8243
1403637178.388319016,24.0448
1403637178.438318968,27.5914
1403637178.48831892,20.6884
1403637178.538319111,27.3177
1403637178.588319063,21.5104
1403637178.638319016,24.9678
1403637178.688318968,21.1424
1403637178.73831892,26.3933
1403637178.788319111,21.3604
1403637178.838319063,26.7146
1403637178.888319016,20.8548
1403637178.938318968,26.2813
1403637178.98831892,19.7112
1403637179.038319111,26.7945
1403637179.088319063,20.8415
1403637179.138319016,27.7587
1403637179.188318968,21.5627
1403637179.23831892,26.6196
1403637179.288319111,20.6439
1403637179.338319063,24.3551
1403637179.388319016,21.4517
1403637179.438318968,27.1952
1403637179.48831892,20.736
1403637179.538319111,26.9804
1403637179.588319063,21.8889
1403637179.638319016,24.121
1403637179.688318968,20.4961
1403637179.73831892,24.5637
1403637179.788319111,20.1198
1403637179.838319063,25.1914
1403637179.888319016,23.8009
1403637179.938318968,21.6638
1403637179.98831892,19.8149
1403637180.038319111,22.9896
1403637180.088319063,19.2384
1403637180.138319016,24.0252
1403637180.188318968,24.3204
1403637180.23831892,23.2841
1403637180.288319111,20.1398
1403637180.338319063,25.9317
1403637180.388319016,20.1969
1403637180.438318968,23.7671
1403637180.48831892,19.4134
1403637180.538319111,24.7585
1403637180.588319063,21.5363
1403637180.638319016,26.5742
1403637180.688318968,20.4545
1403637180.73831892,22.7309
1403637180.788319111,22.5642
1403637180.838319063,22.7058
1403637180.888319016,20.1602
1403637180.938318968,25.1699
1403637180.98831892,24.0666
1403637181.038319111,25.2179
1403637181.088319063,21.8472
1403637181.138319016,22.6777
1403637181.188318968,19.6637
1403637181.23831892,23.8837
1403637181.288319111,19.5884
1403637181.338319063,23.6062
1403637181.388319016,20.4428
1403637181.438318968,25.3086
1403637181.48831892,19.9749
1403637181.538319111,26.7842
1403637181.588319063,21.2074
1403637181.638319016,26.6007
1403637181.688318968,25.071
1403637181.73831892,27.3195
1403637181.788319111,25.9077
1403637181.838319063,26.8806
1403637181.888319016,22.9005
1403637181.938318968,24.004
1403637181.98831892,21.6796
1403637182.038319111,25.2925
1403637182.088319063,20.7629
1403637182.138319016,27.1307
1403637182.188318968,21.4166
1403637182.23831892,23.8026
1403637182.288319111,21.9671
1403637182.338319063,26.5896
1403637182.388319016,23.8949
1403637182.438318968,24.7309
1403637182.48831892,20.6337
1403637182.538319111,25.708
1403637182.588319063,20.6243
1403637182.638319016,26.7339
1403637182.688318968,21.4459
1403637182.73831892,24.4131
1403637182.788319111,21.8807
1403637182.838319063,27.5572
1403637182.888319016,23.9358
1403637182.938318968,27.0478
1403637182.98831892,20.1633
1403637183.038319111,24.0354
1403637183.088319063,21.0965
1403637183.138319016,24.1428
1403637183.188318968,21.6457
1403637183.23831892,25.6122
1403637183.288319111,25.7896
1403637183.338319063,25.2077
1403637183.388319016,20.8266
1403637183.438318968,25.9519
1403637183.48831892,25.8329
1403637183.538319111,25.3099
1403637183.588319063,21.439
1403637183.638319016,28.5235
1403637183.688318968,21.8219
1403637183.73831892,25.6065
1403637183.788319111,20.8933
1403637183.838319063,24.4965
1403637183.888319016,22.2278
1403637183.938318968,27.7647
1403637183.98831892,21.5003
1403637184.038319111,25.2548
1403637184.088319063,22.7065
1403637184.138319016,26.7134
1403637184.188318968,21.6393
1403637184.23831892,25.1575
1403637184.288319111,21.5034
1403637184.338319063,25.3034
1403637184.388319016,21.3013
1403637184.438318968,26.9072
1403637184.48831892,21.5107
1403637184.538319111,26.982
1403637184.588319063,22.0211
1403637184.638319016,25.7437
1403637184.688318968,22.2482
1403637184.73831892,27.7676
1403637184.788319111,24.3877
1403637184.838319063,28.4736
1403637184.888319016,28.0466
1403637184.938318968,27.3515
1403637184.98831892,23.5177
1403637185.038319111,26.1645
1403637185.088319063,23.3711
1403637185.138319016,27.5935
1403637185.188318968,22.8323
1403637185.23831892,29.1526
1403637185.288319111,23.3168
1403637185.338319063,28.0652
1403637185.388319016,26.9798
1403637185.438318968,26.6348
1403637185.48831892,23.2424
1403637185.538319111,27.5309
1403637185.588319063,22.9983
1403637185.638319016,28.8812
1403637185.688318968,22.7757
1403637185.73831892,26.0911
1403637185.788319111,23.4551
1403637185.838319063,27.3539
1403637185.888319016,27.1843
1403637185.938318968,26.761
1403637185.98831892,23.3732
1403637186.038319111,28.8719
1403637186.088319063,23.0485
1403637186.138319016,28.933
1403637186.188318968,26.4058
1403637186.23831892,28.0037
1403637186.288319111,23.8763
1403637186.338319063,27.7431
1403637186.388319016,23.182
1403637186.438318968,29.0713
1403637186.48831892,25.9097
1403637186.538319111,26.7786
1403637186.588319063,28.3382
1403637186.638319016,29.5774
1403637186.688318968,23.4019
1403637186.73831892,27.9441
1403637186.788319111,23.5425
1403637186.838319063,29.8961
1403637186.888319016,23.7673
1403637186.938318968,26.5159
1403637186.98831892,23.3305
1403637187.038319111,28.5135
1403637187.088319063,22.2718
1403637187.138319016,27.0551
1403637187.188318968,27.9786
1403637187.23831892,28.0844
1403637187.288319111,23.5
1403637187.338319063,29.3638
1403637187.388319016,24.0412
1403637187.438318968,28.3098
1403637187.48831892,24.5843
1403637187.538319111,28.162
1403637187.588319063,23.3266
1403637187.638319016,30.1462
1403637187.688318968,26.3464
1403637187.73831892,27.6033
1403637187.788319111,23.3821
1403637187.838319063,27.1904
1403637187.888319016,22.9122
1403637187.938318968,28.735
1403637187.98831892,22.6421
1403637188.038319111,29.6725
1403637188.088319063,22.6477
1403637188.138319016,28.9121
1403637188.188318968,22.0378
1403637188.23831892,28.0491
1403637188.288319111,22.8374
1403637188.338319063,30.0455
1403637188.388319016,22.7011
1403637188.438318968,25.3462
1403637188.48831892,24.8196
1403637188.538319111,27.0491
1403637188.588319063,22.8933
1403637188.638319016,26.6711
1403637188.688318968,21.6667
1403637188.73831892,27.9975
1403637188.788319111,21.5192
1403637188.838319063,25.6349
1403637188.888319016,21.1798
1403637188.938318968,27.0036
1403637188.98831892,20.7858
1403637189.038319111,24.7854
1403637189.088319063,21.003
1403637189.138319016,27.2649
1403637189.188318968,21.0138
1403637189.23831892,25.3492
1403637189.288319111,21.9385
1403637189.338319063,26.0198
1403637189.388319016,20.8383
1403637189.438318968,25.1684
1403637189.48831892,21.7047
1403637189.538319111,26.5049
1403637189.588319063,23.9596
1403637189.638319016,27.5826
1403637189.688318968,21.9342
1403637189.73831892,28.0777
1403637189.788319111,23.9796
1403637189.838319063,27.5177
1403637189.888319016,23.6988
1403637189.938318968,27.0393
1403637189.98831892,23.9457
1403637190.038319111,24.3734
1403637190.088319063,21.0443
1403637190.138319016,26.5326
1403637190.188318968,21.0554
1403637190.23831892,28.0294
1403637190.288319111,21.2013
1403637190.338319063,25.2753
1403637190.388319016,20.3843
1403637190.438318968,26.4104
1403637190.48831892,21.2267
1403637190.538319111,27.4573
1403637190.588319063,20.7568
1403637190.638319016,26.2506
1403637190.688318968,20.5095
1403637190.73831892,24.3546
1403637190.788319111,21.3286
1403637190.838319063,25.2715
1403637190.888319016,23.4519
1403637190.938318968,25.5156
1403637190.98831892,20.8804
1403637191.038319111,26.6474
1403637191.088319063,24.1719
1403637191.138319016,26.4421
1403637191.188318968,22.8698
1403637191.23831892,26.7864
1403637191.288319111,21.4973
1403637191.338319063,25.1645
1403637191.388319016,20.7984
1403637191.438318968,26.7925
1403637191.48831892,20.9154
1403637191.538319111,26.4791
1403637191.588319063,20.9089
1403637191.638319016,24.9967
1403637191.688318968,24.8458
1403637191.73831892,26.4617
1403637191.788319111,21.3366
1403637191.838319063,23.3824
1403637191.888319016,20.2813
1403637191.938318968,25.5276
1403637191.98831892,22.3783
1403637192.038319111,22.4158
1403637192.088319063,22.8826
1403637192.138319016,24.6177
1403637192.188318968,20.4639
1403637192.23831892,23.9211
1403637192.288319111,25.0768
1403637192.338319063,23.8097
1403637192.388319016,22.6885
1403637192.438318968,23.2213
1403637192.48831892,20.5405
1403637192.538319111,25.6687
1403637192.588319063,22.7169
1403637192.638319016,24.3038
1403637192.688318968,20.2716
1403637192.73831892,27.3248
1403637192.788319111,23.8137
1403637192.838319063,25.6609
1403637192.888319016,20.6279
1403637192.938318968,27.1888
1403637192.98831892,20.529
1403637193.038319111,25.8084
1403637193.088319063,20.6977
1403637193.138319016,27.3023
1403637193.188318968,21.122
1403637193.23831892,26.8147
1403637193.288319111,21.0937
1403637193.338319063,27.0025
1403637193.388319016,22.3494
1403637193.438318968,23.6424
1403637193.48831892,22.973
1403637193.538319111,27.0809
1403637193.588319063,20.7332
1403637193.638319016,24.5442
1403637193.688318968,24.5904
1403637193.73831892,27.4418
1403637193.788319111,22.8344
1403637193.838319063,26.1395
1403637193.888319016,20.1627
1403637193.938318968,24.604
1403637193.98831892,21.6693
1403637194.038319111,23.6374
1403637194.088319063,24.3017
1403637194.138319016,24.3199
1403637194.188318968,20.3961
1403637194.23831892,24.791
1403637194.288319111,22.6656
1403637194.338319063,23.4767
1403637194.388319016,22.9784
1403637194.438318968,25.2839
1403637194.48831892,19.99
1403637194.538319111,25.4432
1403637194.588319063,25.4476
1403637194.638319016,24.6057
1403637194.688318968,19.5739
1403637194.73831892,24.274
1403637194.788319111,19.7601
1403637194.838319063,25.5983
1403637194.888319016,20.0443
1403637194.938318968,23.0975
1403637194.98831892,19.2074
1403637195.038319111,25.6043
1403637195.088319063,19.5714
1403637195.138319016,24.0914
1403637195.188318968,18.7803
1403637195.23831892,27.0043
1403637195.288319111,19.3179
1403637195.338319063,25.7411
1403637195.388319016,19.1921
1403637195.438318968,25.0258
1403637195.48831892,19.1311
1403637195.538319111,24.2385
1403637195.588319063,19.6619
1403637195.638319016,25.0808
1403637195.688318968,19.9004
1403637195.73831892,24.5177
1403637195.788319111,19.3
1403637195.838319063,21.9287
1403637195.888319016,19.2505
1403637195.938318968,24.6172
1403637195.98831892,19.4556
1403637196.038319111,21.6941
1403637196.088319063,19.2529
1403637196.138319016,24.4665
1403637196.188318968,18.7453
1403637196.23831892,23.5835
1403637196.288319111,17.6743
1403637196.338319063,23.0051
1403637196.388319016,18.8536
1403637196.438318968,19.8611
1403637196.48831892,17.7474
1403637196.538319111,24.0683
1403637196.588319063,17.8709
1403637196.638319016,23.1133
1403637196.688318968,17.7607
1403637196.73831892,23.749
1403637196.788319111,19.4801
1403637196.838319063,22.7083
1403637196.888319016,18.9091
1403637196.938318968,23.4391
1403637196.98831892,19.9097
1403637197.038319111,22.7938
1403637197.088319063,19.7568
1403637197.138319016,24.2115
1403637197.188318968,19.4897
1403637197.23831892,23.5921
1403637197.288319111,19.0626
1403637197.338319063,23.7407
1403637197.388319016,19.4616
1403637197.438318968,24.6542
1403637197.48831892,20.4433
1403637197.538319111,24.323
1403637197.588319063,20.9723
1403637197.638319016,26.5897
1403637197.688318968,19.869
1403637197.73831892,25.8188
1403637197.788319111,20.9901
1403637197.838319063,25.0913
1403637197.888319016,20.752
1403637197.938318968,26.5392
1403637197.98831892,22.0218
1403637198.038319111,24.0981
1403637198.088319063,21.7065
1403637198.138319016,25.595
1403637198.188318968,19.3566
1403637198.23831892,25.8953
1403637198.288319111,22.8582
1403637198.338319063,24.1108
1403637198.388319016,21.0702
1403637198.438318968,20.9854
1403637198.48831892,23.7022
1403637198.538319111,22.627
1403637198.588319063,18.8563
1403637198.638319016,24.7261
1403637198.688318968,18.8474
1403637198.73831892,23.1201
1403637198.788319111,20.6971
1403637198.838319063,20.8627
1403637198.888319016,18.4122
1403637198.938318968,23.4706
1403637198.98831892,18.042
1403637199.038319111,24.6253
1403637199.088319063,21.9567
1403637199.138319016,24.0509
1403637199.188318968,20.9561
1403637199.23831892,23.2987
1403637199.288319111,18.661
1403637199.338319063,25.9628
1403637199.388319016,19.5776
1403637199.438318968,23.861
1403637199.48831892,20.3216
1403637199.538319111,22.1566
1403637199.588319063,21.3877
1403637199.638319016,24.0141
1403637199.688318968,19.0444
1403637199.73831892,21.2605
1403637199.788319111,21.4565
1403637199.838319063,25.3048
1403637199.888319016,19.2173
1403637199.938318968,23.1774
1403637199.98831892,18.3272
1403637200.038319111,20.6576
1403637200.088319063,16.254
1403637200.138319016,20.5395
1403637200.188318968,15.8549
1403637200.23831892,22.1025
1403637200.288319111,15.6571
1403637200.338319063,19.7661
1403637200.388319016,17.5353
1403637200.438318968,22.148
1403637200.48831892,18.7497
1403637200.538319111,23.7046
1403637200.588319063,17.7387
1403637200.638319016,21.6678
1403637200.688318968,20.9551
1403637200.73831892,21.1785
1403637200.788319111,18.6656
1403637200.838319063,23.6955
1403637200.888319016,19.499
1403637200.938318968,24.0339
1403637200.98831892,21.8544
1403637201.038319111,25.5724
1403637201.088319063,20.255
1403637201.138319016,23.6962
1403637201.188318968,20.2275
1403637201.23831892,27.5303
1403637201.288319111,20.8872
1403637201.338319063,25.1619
1403637201.388319016,22.5304
1403637201.438318968,25.2686
1403637201.48831892,20.5425
1403637201.538319111,25.1075
1403637201.588319063,20.4724
1403637201.638319016,25.8032
1403637201.688318968,20.798
1403637201.73831892,24.3864
1403637201.788319111,24.6106
1403637201.838319063,27.3428
1403637201.888319016,21.9586
1403637201.938318968,28.1195
1403637201.98831892,21.4904
1403637202.038319111,25.1449
1403637202.088319063,22.3743
1403637202.138319016,24.2031
1403637202.188318968,21.672
1403637202.23831892,25.0316
1403637202.288319111,22.2279
1403637202.338319063,23.6241
1403637202.388319016,22.3736
1403637202.438318968,23.1214
1403637202.48831892,22.7368
1403637202.538319111,24.9863
1403637202.588319063,21.8017
1403637202.638319016,29.0991
1403637202.688318968,21.7111
1403637202.73831892,25.3759
1403637202.788319111,23.3133
1403637202.838319063,27.2681
1403637202.888319016,21.842
1403637202.938318968,24.7205
1403637202.98831892,22.0068
1403637203.038319111,28.3036
1403637203.088319063,22.2029
1403637203.138319016,27.4647
1403637203.188318968,22.1391
1403637203.23831892,28.493
1403637203.288319111,22.401
1403637203.338319063,26.7522
1403637203.388319016,22.5811
1403637203.438318968,25.3759
1403637203.48831892,23.5857
1403637203.538319111,29.129
1403637203.588319063,22.6532
1403637203.638319016,26.9007
1403637203.688318968,23.4061
1403637203.73831892,26.8961
1403637203.788319111,22.9258
1403637203.838319063,27.2916
1403637203.888319016,23.1448
1403637203.938318968,29.3299
1403637203.98831892,22.5942
1403637204.038319111,26.8479
1403637204.088319063,22.5115
1403637204.138319016,27.245
1403637204.188318968,22.1359
1403637204.23831892,26.6077
1403637204.288319111,23.2171
1403637204.338319063,27.4329
1403637204.388319016,23.2843
1403637204.438318968,27.6872
1403637204.48831892,23.3096
1403637204.538319111,29.7355
1403637204.588319063,23.7598
1403637204.638319016,30.4741
1403637204.688318968,23.2563
1403637204.73831892,26.9153
1403637204.788319111,24.2336
1403637204.838319063,27.3177
1403637204.888319016,23.7986
1403637204.938318968,27.7759
1403637204.98831892,24.8136
1403637205.038319111,28.6326
1403637205.088319063,23.7054
1403637205.138319016,29.6002
1403637205.188318968,23.5782
1403637205.23831892,29.3557
1403637205.288319111,23.4561
1403637205.338319063,28.2623
1403637205.388319016,23.7446
1403637205.438318968,28.112
1403637205.48831892,23.448
1403637205.538319111,29.8625
1403637205.588319063,23.4274
1403637205.638319016,27.5185
1403637205.688318968,23.544
1403637205.73831892,29.4951
1403637205.788319111,23.3248
1403637205.838319063,27.5697
1403637205.888319016,23.8132
1403637205.938318968,30.2786
1403637205.98831892,24.1219
1403637206.038319111,26.6398
1403637206.088319063,24.2654
1403637206.138319016,26.3393
1403637206.188318968,23.6182
1403637206.23831892,29.3611
1403637206.288319111,23.3464
1403637206.338319063,29.0146
1403637206.388319016,23.2943
1403637206.438318968,26.6986
1403637206.48831892,23.3904
1403637206.538319111,29.0691
1403637206.588319063,23.7447
1403637206.638319016,30.4092
1403637206.688318968,23.5879
1403637206.73831892,28.0699
1403637206.788319111,23.1144
1403637206.838319063,27.4892
1403637206.888319016,23.7351
1403637206.938318968,28.2893
1403637206.98831892,24.4926
1403637207.038319111,27.8572
1403637207.088319063,23.3523
1403637207.138319016,30.2503
1403637207.188318968,24.5655
1403637207.23831892,30.1629
1403637207.288319111,24.9496
1403637207.338319063,27.4044
1403637207.388319016,23.7283
1403637207.438318968,29.0991
1403637207.48831892,23.2167
1403637207.538319111,27.2457
1403637207.588319063,24.2253
1403637207.638319016,27.3703
1403637207.688318968,24.8313
1403637207.73831892,27.0823
1403637207.788319111,22.9185
1403637207.838319063,29.4476
1403637207.888319016,26.0731
1403637207.938318968,26.8762
1403637207.98831892,22.9833
1403637208.038319111,28.8027
1403637208.088319063,24.5609
1403637208.138319016,29.9682
1403637208.188318968,26.3694
1403637208.23831892,27.7063
1403637208.288319111,25.45
1403637208.338319063,28.2916
1403637208.388319016,25.5063
1403637208.438318968,27.4643
1403637208.48831892,25.3763
1403637208.538319111,27.3403
1403637208.588319063,25.0026
1403637208.638319016,27.969
1403637208.688318968,24.69
1403637208.73831892,28.3416
1403637208.788319111,24.9115
1403637208.838319063,26.9325
1403637208.888319016,24.9362
1403637208.938318968,27.1601
1403637208.98831892,25.3577
1403637209.038319111,27.0214
1403637209.088319063,24.8755
1403637209.138319016,28.0109
1403637209.188318968,24.8861
1403637209.23831892,29.3831
1403637209.288319111,24.4411
1403637209.338319063,30.4332
1403637209.388319016,24.0593
1403637209.438318968,27.4522
1403637209.48831892,24.7853
1403637209.538319111,26.0154
1403637209.588319063,23.3466
1403637209.638319016,25.8775
1403637209.688318968,23.1677
1403637209.73831892,26.6472
1403637209.788319111,22.1199
1403637209.838319063,27.9582
1403637209.888319016,23.8116
1403637209.938318968,25.7883
1403637209.98831892,23.1966
1403637210.038319111,26.5481
1403637210.088319063,23.44
1403637210.138319016,25.7801
1403637210.188318968,23.3434
1403637210.23831892,23.4969
1403637210.288319111,22.6612
1403637210.338319063,24.6621
1403637210.388319016,22.3034
1403637210.438318968,26.3092
1403637210.48831892,23.8994
1403637210.538319111,25.9177
1403637210.588319063,22.3695
1403637210.638319016,27.3623
1403637210.688318968,21.9049
1403637210.73831892,26.0241
1403637210.788319111,22.2405
1403637210.838319063,24.4186
1403637210.888319016,20.6153
1403637210.938318968,26.3942
1403637210.98831892,21.2694
1403637211.038319111,26.0639
1403637211.088319063,21.1241
1403637211.138319016,23.6667
1403637211.188318968,21.4886
1403637211.23831892,22.7756
1403637211.288319111,21.0274
1403637211.338319063,22.7547
1403637211.388319016,20.0732
1403637211.438318968,25.8708
1403637211.48831892,20.483
1403637211.538319111,23.3638
1403637211.588319063,20.4098
1403637211.638319016,21.6984
1403637211.688318968,19.9688
1403637211.73831892,21.8957
1403637211.788319111,19.7171
1403637211.838319063,24.0192
1403637211.888319016,19.8419
1403637211.938318968,22.6796
1403637211.98831892,21.1364
1403637212.038319111,22.1702
1403637212.088319063,19.5286
1403637212.138319016,23.894
1403637212.188318968,20.5087
1403637212.23831892,21.9077
1403637212.288319111,19.2346
1403637212.338319063,20.3064
1403637212.388319016,17.5571
1403637212.438318968,21.6967
1403637212.48831892,17.4031
1403637212.538319111,22.193
1403637212.588319063,17.2216
1403637212.638319016,22.5669
1403637212.688318968,20.7099
1403637212.73831892,21.4655
1403637212.788319111,18.8825
1403637212.838319063,20.3271
1403637212.888319016,18.459
1403637212.938318968,21.1103
1403637212.98831892,18.8537
1403637213.038319111,23.8451
1403637213.088319063,18.3665
1403637213.138319016,25.3752
1403637213.188318968,21.4226
1403637213.23831892,20.7786
1403637213.288319111,18.9789
1403637213.338319063,23.4242
1403637213.388319016,19.0912
1403637213.438318968,21.2436
1403637213.48831892,18.3957
1403637213.538319111,20.4006
1403637213.588319063,17.6719
1403637213.638319016,22.6283
1403637213.688318968,19.3357
1403637213.73831892,23.2961
1403637213.788319111,17.8583
1403637213.838319063,24.8019
1403637213.888319016,17.9517
1403637213.938318968,24.9778
1403637213.98831892,19.256
1403637214.038319111,21.5705
1403637214.088319063,19.7937
1403637214.138319016,21.4912
1403637214.188318968,20.273
1403637214.23831892,24.2362
1403637214.288319111,18.4951
1403637214.338319063,21.8734
1403637214.388319016,18.7725
1403637214.438318968,25.6919
1403637214.48831892,18.2113
1403637214.538319111,25.8537
1403637214.588319063,18.7691
1403637214.638319016,24.461
1403637214.688318968,18.4736
1403637214.73831892,21.3955
1403637214.788319111,18.9074
1403637214.838319063,24.6665
1403637214.888319016,18.5497
1403637214.938318968,26.6391
1403637214.98831892,19.1192
1403637215.038319111,23.3656
1403637215.088319063,19.5491
1403637215.138319016,23.0753
1403637215.188318968,18.6097
1403637215.23831892,24.4769
1403637215.288319111,19.6654
1403637215.338319063,24.4245
1403637215.388319016,19.3553
1403637215.438318968,22.3608
1403637215.48831892,18.2478
1403637215.538319111,23.1483
1403637215.588319063,18.8634
1403637215.638319016,22.717
1403637215.688318968,19.3363
1403637215.73831892,24.8106
1403637215.788319111,18.5096
1403637215.838319063,22.9769
1403637215.888319016,18.8454
1403637215.938318968,22.8733
1403637215.98831892,20.0515
1403637216.038319111,23.3907
1403637216.088319063,21.9882
1403637216.138319016,23.2161
1403637216.188318968,20.9092
1403637216.23831892,24.8727
1403637216.288319111,20.9256
1403637216.338319063,23.4855
1403637216.388319016,20.0117
1403637216.438318968,25.4675
1403637216.48831892,19.9764
1403637216.538319111,24.4742
1403637216.588319063,21.4679
1403637216.638319016,23.2068
1403637216.688318968,21.0346
1403637216.73831892,23.9333
1403637216.788319111,20.934
1403637216.838319063,24.3642
1403637216.888319016,21.0485
1403637216.938318968,26.5742
1403637216.98831892,23.4724
1403637217.038319111,26.861
1403637217.088319063,23.543
1403637217.138319016,25.9865
1403637217.188318968,23.4433
1403637217.23831892,24.055
1403637217.288319111,23.1238
1403637217.338319063,26.1698
1403637217.388319016,23.7383
1403637217.438318968,26.2957
1403637217.48831892,23.7484
1403637217.538319111,27.8042
1403637217.588319063,22.6125
1403637217.638319016,28.2208
1403637217.688318968,21.5914
1403637217.73831892,25.4729
1403637217.788319111,21.8138
1403637217.838319063,27.2418
1403637217.888319016,21.4084
1403637217.938318968,25.0302
1403637217.98831892,24.3082
1403637218.038319111,24.9885
1403637218.088319063,20.8477
1403637218.138319016,28.2243
1403637218.188318968,22.9477
1403637218.23831892,23.1714
1403637218.288319111,19.9666
1403637218.338319063,24.0775
1403637218.388319016,20.3247
1403637218.438318968,25.5703
1403637218.48831892,24.5273
1403637218.538319111,23.1436
1403637218.588319063,19.7057
1403637218.638319016,27.7986
1403637218.688318968,21.1741
1403637218.73831892,24.0119
1403637218.788319111,20.8823
1403637218.838319063,23.5555
1403637218.888319016,19.7503
1403637218.938318968,23.5187
1403637218.98831892,20.4358
1403637219.038319111,23.8072
1403637219.088319063,22.4487
1403637219.138319016,25.9049
1403637219.188318968,20.9231
1403637219.23831892,22.9601
1403637219.288319111,21.3242
1403637219.338319063,23.4588
1403637219.388319016,19.5583
1403637219.438318968,23.9625
1403637219.48831892,19.7646
1403637219.538319111,25.0726
1403637219.588319063,21.8361
1403637219.638319016,25.2234
1403637219.688318968,20.0277
1403637219.73831892,25.8175
1403637219.788319111,20.9715
1403637219.838319063,25.0039
1403637219.888319016,21.4101
1403637219.938318968,27.1721
1403637219.98831892,21.6243
1403637220.038319111,27.9916
1403637220.088319063,24.3275
1403637220.138319016,27.6598
1403637220.188318968,22.4943
1403637220.23831892,28.8068
1403637220.288319111,25.5528
1403637220.338319063,27.1542
1403637220.388319016,22.6952
1403637220.438318968,24.8902
1403637220.48831892,23.5122
1403637220.538319111,26.9859
1403637220.588319063,23.6592
1403637220.638319016,26.4761
1403637220.688318968,22.7032
1403637220.73831892,28.8242
1403637220.788319111,25.2075
1403637220.838319063,25.3089
1403637220.888319016,21.6784
1403637220.938318968,27.641
1403637220.98831892,21.1886
1403637221.038319111,27.8756
1403637221.088319063,22.4982
1403637221.138319016,28.3402
1403637221.188318968,21.5135
1403637221.23831892,24.0227
1403637221.288319111,22.2037
1403637221.338319063,23.3294
1403637221.388319016,21.0057
1403637221.438318968,26.2383
1403637221.48831892,19.6824
1403637221.538319111,26.0808
1403637221.588319063,19.9239
1403637221.638319016,26.0414
1403637221.688318968,19.5006
1403637221.73831892,23.8951
1403637221.788319111,20.2741
1403637221.838319063,23.7902
1403637221.888319016,21.1216
1403637221.938318968,21.8994
1403637221.98831892,18.8043
1403637222.038319111,22.8429
1403637222.088319063,18.9334
1403637222.138319016,24.88
1403637222.188318968,22.4281
1403637222.23831892,25.0956
1403637222.288319111,19.6935
1403637222.338319063,24.7225
1403637222.388319016,21.9801
1403637222.438318968,23.8941
1403637222.48831892,20.1829
1403637222.538319111,28.0472
1403637222.588319063,20.2948
1403637222.638319016,27.355
1403637222.688318968,20.5931
1403637222.73831892,26.4352
1403637222.788319111,20.8064
1403637222.838319063,24.3757
1403637222.888319016,20.7396
1403637222.938318968,26.8685
1403637222.98831892,20.2883
1403637223.038319111,27.0242
1403637223.088319063,20.2142
1403637223.138319016,24.8171
1403637223.188318968,21.1021
1403637223.23831892,24.8735
1403637223.288319111,20.2917
1403637223.338319063,27.6268
1403637223.388319016,20.2959
1403637223.438318968,24.9402
1403637223.48831892,21.4828
1403637223.538319111,25.9674
1403637223.588319063,20.8439
1403637223.638319016,27.859
1403637223.688318968,20.9893
1403637223.73831892,25.3927
1403637223.788319111,22.7428
1403637223.838319063,24.9173
1403637223.888319016,23.6598
1403637223.938318968,25.66
1403637223.98831892,23.6331
1403637224.038319111,25.3912
1403637224.088319063,23.801
1403637224.138319016,26.8606
1403637224.188318968,23.2857
1403637224.23831892,26.9171
1403637224.288319111,22.068
1403637224.338319063,26.0621
1403637224.388319016,23.2239
1403637224.438318968,25.4755
1403637224.48831892,23.2075
1403637224.538319111,25.4897
1403637224.588319063,21.7442
1403637224.638319016,27.7809
1403637224.688318968,24.7991
1403637224.73831892,27.8861
1403637224.788319111,22.3583
1403637224.838319063,26.5319
1403637224.888319016,21.8009
1403637224.938318968,28.3496
1403637224.98831892,21.1303
1403637225.038319111,24.9016
1403637225.088319063,21.7099
1403637225.138319016,25.7152
1403637225.188318968,22.2577
1403637225.23831892,25.9041
1403637225.288319111,22.3035
1403637225.338319063,29.4419
1403637225.388319016,22.8418
1403637225.438318968,26.7407
1403637225.48831892,22.173
1403637225.538319111,27.53
1403637225.588319063,21.8523
1403637225.638319016,26.3956
1403637225.688318968,21.3904
1403637225.73831892,29.3552
1403637225.788319111,21.5101
1403637225.838319063,29.0723
1403637225.888319016,21.7001
1403637225.938318968,26.2038
1403637225.98831892,22.6374
1403637226.038319111,29.6669
1403637226.088319063,21.5739
1403637226.138319016,27.9338
1403637226.188318968,21.7633
1403637226.23831892,26.9995
1403637226.288319111,22.5198
1403637226.338319063,27.1336
1403637226.388319016,22.6525
1403637226.438318968,25.8051
1403637226.48831892,21.7657
1403637226.538319111,28.284
1403637226.588319063,20.973
1403637226.638319016,27.8851
1403637226.688318968,22.1973
1403637226.73831892,25.9174
1403637226.788319111,23.0218
1403637226.838319063,27.4281
1403637226.888319016,21.613
1403637226.938318968,27.1475
1403637226.98831892,22.0547
1403637227.038319111,27.6542
1403637227.088319063,22.9084
1403637227.138319016,26.2952
1403637227.188318968,21.8001
1403637227.23831892,28.8129
1403637227.288319111,22.5249
1403637227.338319063,27.1658
1403637227.388319016,22.7254
1403637227.438318968,27.6146
1403637227.48831892,22.1175
1403637227.538319111,27.065
1403637227.588319063,22.3759
1403637227.638319016,26.2034
1403637227.688318968,22.1443
1403637227.73831892,28.5334
1403637227.788319111,21.4291
1403637227.838319063,26.4271
1403637227.888319016,21.9451
1403637227.938318968,26.482
1403637227.98831892,22.4887
1403637228.038319111,26.3425
1403637228.088319063,22.6046
1403637228.138319016,29.1991
1403637228.188318968,21.74
1403637228.23831892,26.3297
1403637228.288319111,23.3761
1403637228.338319063,27.3787
1403637228.388319016,22.2011
1403637228.438318968,27.1454
1403637228.48831892,22.7164
1403637228.538319111,27.6903
1403637228.588319063,22.4866
1403637228.638319016,27.0264
1403637228.688318968,23.2654
1403637228.73831892,27.9948
1403637228.788319111,25.2485
1403637228.838319063,25.802
1403637228.888319016,22.2367
1403637228.938318968,29.2683
1403637228.98831892,22.2659
1403637229.038319111,28.9575
1403637229.088319063,22.443
1403637229.138319016,27.6297
1403637229.188318968,25.1971
1403637229.23831892,27.0958
1403637229.288319111,24.6376
1403637229.338319063,28.0495
1403637229.388319016,24.2152
1403637229.438318968,25.4641
1403637229.48831892,21.8198
1403637229.538319111,25.7888
1403637229.588319063,23.6263
1403637229.638319016,26.8291
1403637229.688318968,25.315
1403637229.73831892,25.8186
1403637229.788319111,23.708
1403637229.838319063,25.2063
1403637229.888319016,22.1073
1403637229.938318968,28.2057
1403637229.98831892,24.9853
1403637230.038319111,27.002
1403637230.088319063,21.8385
1403637230.138319016,25.8783
1403637230.188318968,21.6407
1403637230.23831892,27.484
1403637230.288319111,22.7085
1403637230.338319063,24.0721
1403637230.388319016,21.5024
1403637230.438318968,26.1038
1403637230.48831892,25.005
1403637230.538319111,27.8845
1403637230.588319063,21.4192
1403637230.638319016,28.6026
1403637230.688318968,21.9832
1403637230.73831892,25.3046
1403637230.788319111,21.9297
1403637230.838319063,28.2151
1403637230.888319016,24.3737
1403637230.938318968,29.2607
1403637230.98831892,21.9201
1403637231.038319111,28.4645
1403637231.088319063,24.0341
1403637231.138319016,28.3496
1403637231.188318968,22.9102
1403637231.23831892,25.6401
1403637231.288319111,24.2791
1403637231.338319063,25.9759
1403637231.388319016,21.5228
1403637231.438318968,25.7319
1403637231.48831892,22.6896
1403637231.538319111,25.5861
1403637231.588319063,22.587
1403637231.638319016,24.8619
1403637231.688318968,23.2594
1403637231.73831892,26.4694
1403637231.788319111,24.3463
1403637231.838319063,27.8887
1403637231.888319016,24.7089
1403637231.938318968,29.3197
1403637231.98831892,25.1775
1403637232.038319111,29.4396
1403637232.088319063,24.7234
1403637232.138319016,27.1394
1403637232.188318968,25.2944
1403637232.23831892,28.635
1403637232.288319111,24.6433
1403637232.338319063,27.0447
1403637232.388319016,25.0951
1403637232.438318968,29.6229
1403637232.48831892,24.0415
1403637232.538319111,29.113
1403637232.588319063,24.0282
1403637232.638319016,27.5635
1403637232.688318968,24.8963
1403637232.73831892,29.6715
1403637232.788319111,24.6725
1403637232.838319063,29.3414
1403637232.888319016,24.8822
1403637232.938318968,27.9288
1403637232.98831892,24.5306
1403637233.038319111,26.8362
1403637233.088319063,24.5177
1403637233.138319016,28.4769
1403637233.188318968,25.1685
1403637233.23831892,28.0756
1403637233.288319111,24.556
1403637233.338319063,27.2359
1403637233.388319016,23.7584
1403637233.438318968,26.1929
1403637233.48831892,24.116
1403637233.538319111,26.3251
1403637233.588319063,24.3445
1403637233.638319016,27.4065
1403637233.688318968,24.5905
1403637233.73831892,28.0427
1403637233.788319111,24.2417
1403637233.838319063,27.6347
1403637233.888319016,24.5658
1403637233.938318968,24.0647
1403637233.98831892,24.4928
1403637234.038319111,29.038
1403637234.088319063,24.1596
1403637234.138319016,28.2956
1403637234.188318968,23.9891
1403637234.23831892,27.0645
1403637234.288319111,23.8484
1403637234.338319063,25.6423
1403637234.388319016,23.457
1403637234.438318968,25.0398
1403637234.48831892,23.0929
1403637234.538319111,27.6168
1403637234.588319063,23.0374
1403637234.638319016,27.2087
1403637234.688318968,23.6641
1403637234.73831892,26.1344
1403637234.788319111,23.0986
1403637234.838319063,25.1189
1403637234.888319016,23.1198
1403637234.938318968,25.5454
1403637234.98831892,23.3913
1403637235.038319111,25.6605
1403637235.088319063,23.6771
1403637235.138319016,26.1035
1403637235.188318968,24.361
1403637235.23831892,28.8105
1403637235.288319111,23.818
1403637235.338319063,26.1649
1403637235.388319016,24.0004
1403637235.438318968,27.5158
1403637235.48831892,24.2658
1403637235.538319111,24.627
1403637235.588319063,24.0682
1403637235.638319016,27.471
1403637235.688318968,23.889
1403637235.73831892,25.7471
1403637235.788319111,23.3681
1403637235.838319063,26.0589
1403637235.888319016,23.411
1403637235.938318968,27.5548
1403637235.98831892,23.6321
1403637236.038319111,27.7263
1403637236.088319063,22.8426
1403637236.138319016,24.5956
1403637236.188318968,23.0176
1403637236.23831892,25.9328
1403637236.288319111,22.4113
1403637236.338319063,27.2242
1403637236.388319016,22.0025
1403637236.438318968,25.244
1403637236.48831892,22.6747
1403637236.538319111,25.7702
1403637236.588319063,21.9946
1403637236.638319016,23.7103
1403637236.688318968,23.2937
1403637236.73831892,22.6587
1403637236.788319111,20.988
1403637236.838319063,25.3722
1403637236.888319016,20.9275
1403637236.938318968,23.982
1403637236.98831892,20.7689
1403637237.038319111,24.5618
1403637237.088319063,21.2006
1403637237.138319016,25.3211
1403637237.188318968,21.3964
1403637237.23831892,22.9127
1403637237.288319111,21.0779
1403637237.338319063,21.4922
1403637237.388319016,21.2727
1403637237.438318968,24.9088
1403637237.48831892,21.8579
1403637237.538319111,24.1535
1403637237.588319063,22.2742
1403637237.638319016,24.5221
1403637237.688318968,21.7823
1403637237.73831892,23.6745
1403637237.788319111,21.5976
1403637237.838319063,25.2588
1403637237.888319016,21.5133
1403637237.938318968,26.6429
1403637237.98831892,20.9839
1403637238.038319111,28.2785
1403637238.088319063,21.8688
1403637238.138319016,24.7111
1403637238.188318968,21.1268
1403637238.23831892,23.277
1403637238.288319111,22.6629
1403637238.338319063,25.5873
1403637238.388319016,21.4086
1403637238.438318968,23.7072
1403637238.48831892,22.2019
1403637238.538319111,23.9578
1403637238.588319063,23.1204
1403637238.638319016,23.8929
1403637238.688318968,22.2546
1403637238.73831892,27.091
1403637238.788319111,22.7149
1403637238.838319063,25.8341
1403637238.888319016,23.4551
1403637238.938318968,27.8864
1403637238.98831892,23.0265
1403637239.038319111,25.3956
1403637239.088319063,24.4916
1403637239.138319016,26.393
1403637239.188318968,25.2171
1403637239.23831892,28.4343
1403637239.288319111,24.5312
1403637239.338319063,26.8854
1403637239.388319016,24.6651
1403637239.438318968,29.2916
1403637239.48831892,25.0996
1403637239.538319111,28.5438
1403637239.588319063,25.1604
1403637239.638319016,29.9722
1403637239.688318968,26.1407
1403637239.73831892,27.9291
1403637239.788319111,24.0888
1403637239.838319063,29.0501
1403637239.888319016,25.828
1403637239.938318968,27.4482
1403637239.98831892,23.499
1403637240.038319111,26.1144
1403637240.088319063,23.4582
1403637240.138319016,27.6773
1403637240.188318968,24.864
1403637240.23831892,26.1432
1403637240.288319111,24.8175
1403637240.338319063,25.7855
1403637240.388319016,25.3353
1403637240.438318968,27.7747
1403637240.48831892,26.8623
1403637240.538319111,28.1301
1403637240.588319063,24.523
1403637240.638319016,26.596
1403637240.688318968,24.1957
1403637240.73831892,27.7082
1403637240.788319111,23.5653
1403637240.838319063,26.1217
1403637240.888319016,22.9271
1403637240.938318968,24.8243
1403637240.98831892,22.3522
1403637241.038319111,25.4897
1403637241.088319063,23.5768
1403637241.138319016,25.8837
1403637241.188318968,22.6452
1403637241.23831892,27.016
1403637241.288319111,23.0556
1403637241.338319063,27.7977
1403637241.388319016,22.4625
1403637241.438318968,25.4497
1403637241.48831892,22.5402
1403637241.538319111,24.8702
1403637241.588319063,22.578
1403637241.638319016,26.2822
1403637241.688318968,22.0236
1403637241.73831892,24.4146
1403637241.788319111,23.2937
1403637241.838319063,24.9642
1403637241.888319016,21.8652
1403637241.938318968,22.683
1403637241.98831892,22.0184
1403637242.038319111,23.894
1403637242.088319063,20.2281
1403637242.138319016,24.3631
1403637242.188318968,23.0798
1403637242.23831892,22.4108
1403637242.288319111,20.1783
1403637242.338319063,24.7268
1403637242.388319016,21.1674
1403637242.438318968,24.6991
1403637242.48831892,22.6837
1403637242.538319111,24.8888
1403637242.588319063,19.6835
1403637242.638319016,22.7203
1403637242.688318968,20.5283
1403637242.73831892,26.4473
1403637242.788319111,23.0968
1403637242.838319063,23.5302
1403637242.888319016,22.319
1403637242.938318968,25.4775
1403637242.98831892,19.4536
1403637243.038319111,25.9638
1403637243.088319063,21.1716
1403637243.138319016,24.8433
1403637243.188318968,23.3317
1403637243.23831892,21.5706
1403637243.288319111,20.6783
1403637243.338319063,25.1881
1403637243.388319016,21.6092
1403637243.438318968,23.8083
1403637243.48831892,23.8467
1403637243.538319111,26.452
1403637243.588319063,22.1782
1403637243.638319016,23.0518
1403637243.688318968,20.906
1403637243.73831892,24.7666
1403637243.788319111,20.805
1403637243.838319063,26.3678
1403637243.888319016,24.7703
1403637243.938318968,24.4464
1403637243.98831892,21.3265
1403637244.038319111,25.6336
1403637244.088319063,21.4019
1403637244.138319016,26.7994
1403637244.188318968,24.1555
1403637244.23831892,23.4632
1403637244.288319111,21.5317
1403637244.338319063,27.2549
1403637244.388319016,22.8013
1403637244.438318968,24.5317
1403637244.48831892,22.6202
1403637244.538319111,24.1759
1403637244.588319063,21.8381
1403637244.638319016,24.668
1403637244.688318968,23.4813
1403637244.73831892,26.3021
1403637244.788319111,23.674
1403637244.838319063,25.7019
1403637244.888319016,23.4335
1403637244.938318968,25.8948
1403637244.98831892,23.468
1403637245.038319111,26.5002
1403637245.088319063,23.7647
1403637245.138319016,25.5094
1403637245.188318968,23.64
1403637245.23831892,27.6275
1403637245.288319111,24.3034
1403637245.338319063,27.8603
1403637245.388319016,24.1134
1403637245.438318968,27.4122
1403637245.48831892,23.7791
1403637245.538319111,28.0366
1403637245.588319063,23.4943
1403637245.638319016,26.5931
1403637245.688318968,23.7825
1403637245.73831892,27.6311
1403637245.788319111,23.0135
1403637245.838319063,26.5575
1403637245.888319016,22.1359
1403637245.938318968,22.9055
1403637245.98831892,22.5082
1403637246.038319111,25.9938
1403637246.088319063,21.5652
1403637246.138319016,24.5415
1403637246.188318968,21.7371
1403637246.23831892,23.3252
1403637246.288319111,22.2012
1403637246.338319063,22.9725
1403637246.388319016,19.8696
1403637246.438318968,24.1816
1403637246.48831892,22.1129
1403637246.538319111,25.5941
1403637246.588319063,22.4127
1403637246.638319016,22.933
1403637246.688318968,18.208
1403637246.73831892,24.2989
1403637246.788319111,18.5806
1403637246.838319063,24.3691
1403637246.888319016,19.5244
1403637246.938318968,24.2888
1403637246.98831892,21.7785
1403637247.038319111,23.6002
1403637247.088319063,21.1788
1403637247.138319016,28.1687
1403637247.188318968,21.8154
1403637247.23831892,26.8812
1403637247.288319111,22.3303
1403637247.338319063,25.1636
1403637247.388319016,24.0052
1403637247.438318968,25.1269
1403637247.48831892,20.6335
1403637247.538319111,23.5958
1403637247.588319063,22.0362
1403637247.638319016,23.8602
1403637247.688318968,21.7541
1403637247.73831892,27.7042
1403637247.788319111,21.6161
1403637247.838319063,25.8055
1403637247.888319016,21.304
1403637247.938318968,25.2636
1403637247.98831892,21.5299
1403637248.038319111,27.8116
1403637248.088319063,21.4812
1403637248.138319016,26.1802
1403637248.188318968,23.4739
1403637248.23831892,24.6895
1403637248.288319111,24.6361
1403637248.338319063,25.1329
1403637248.388319016,24.4717
1403637248.438318968,27.2219
1403637248.48831892,23.1544
1403637248.538319111,22.9214
1403637248.588319063,25.4655
1403637248.638319016,26.1071
1403637248.688318968,26.4862
1403637248.73831892,28.0258
1403637248.788319111,26.3473
1403637248.838319063,28.6404
1403637248.888319016,24.5995
1403637248.938318968,27.8794
1403637248.98831892,23.9342
1403637249.038319111,29.0643
1403637249.088319063,24.295
1403637249.138319016,28.9779
1403637249.188318968,25.2668
1403637249.23831892,27.6386
1403637249.288319111,25.4374
1403637249.338319063,25.0913
1403637249.388319016,24.6588
1403637249.438318968,27.9443
1403637249.48831892,24.3393
1403637249.538319111,27.5055
1403637249.588319063,25.1987
1403637249.638319016,25.7966
1403637249.688318968,24.5637
1403637249.73831892,28.51
1403637249.788319111,24.893
1403637249.838319063,29.0831
1403637249.888319016,25.2713
1403637249.938318968,26.7491
1403637249.98831892,26.5306
1403637250.038319111,25.0368
1403637250.088319063,24.6765
1403637250.138319016,26.1772
1403637250.188318968,25.4119
1403637250.23831892,28.4286
1403637250.288319111,24.9737
1403637250.338319063,27.5904
1403637250.388319016,24.9528
1403637250.438318968,25.9027
1403637250.48831892,25.4633
1403637250.538319111,27.9239
1403637250.588319063,24.363
1403637250.638319016,28.7731
1403637250.688318968,24.7919
1403637250.73831892,26.9088
1403637250.788319111,24.8301
1403637250.838319063,28.6324
1403637250.888319016,24.8003
1403637250.938318968,26.4269
1403637250.98831892,25.2448
1403637251.038319111,26.0771
1403637251.088319063,24.8646
1403637251.138319016,29.1514
1403637251.188318968,24.7056
1403637251.23831892,26.6913
1403637251.288319111,25.0567
1403637251.338319063,28.2591
1403637251.388319016,24.5341
1403637251.438318968,28.1287
1403637251.48831892,24.3845
1403637251.538319111,29.1576
1403637251.588319063,24.9567
1403637251.638319016,26.7547
1403637251.688318968,24.7881
1403637251.73831892,26.5976
1403637251.788319111,24.4442
1403637251.838319063,28.9865
1403637251.888319016,24.1854
1403637251.938318968,28.1333
1403637251.98831892,23.4777
1403637252.038319111,28.7001
1403637252.088319063,23.1738
1403637252.138319016,28.236
1403637252.188318968,23.1848
1403637252.23831892,27.2921
1403637252.288319111,23.569
1403637252.338319063,27.6554
1403637252.388319016,23.4802
1403637252.438318968,27.1579
1403637252.48831892,23.9947
1403637252.538319111,25.8893
1403637252.588319063,23.7511
1403637252.638319016,26.0461
1403637252.688318968,24.5708
1403637252.73831892,26.2148
1403637252.788319111,24.3538
1403637252.838319063,26.1846
1403637252.888319016,24.7136
1403637252.938318968,26.8968
1403637252.98831892,24.677
1403637253.038319111,29.1095
1403637253.088319063,25.0044
1403637253.138319016,28.4347
1403637253.188318968,24.6051
1403637253.23831892,29.5399
1403637253.288319111,25.3407
1403637253.338319063,27.4499
1403637253.388319016,25.7883
1403637253.438318968,30.1591
1403637253.48831892,25.2542
1403637253.538319111,27.2142
1403637253.588319063,25.0556
1403637253.638319016,25.9703
1403637253.688318968,25.0878
1403637253.73831892,30.5898
1403637253.788319111,25.1549
1403637253.838319063,30.3977
1403637253.888319016,26.6952
1403637253.938318968,30.0098
1403637253.98831892,25.2858
1403637254.038319111,26.8456
1403637254.088319063,25.9519
1403637254.138319016,27.1907
1403637254.188318968,25.3666
1403637254.23831892,29.5616
1403637254.288319111,24.6683
1403637254.338319063,27.2796
1403637254.388319016,24.6156
1403637254.438318968,28.9749
1403637254.48831892,24.3777
1403637254.538319111,26.7724
1403637254.588319063,24.7576
1403637254.638319016,28.8265
1403637254.688318968,25.2732
1403637254.73831892,29.2786
1403637254.788319111,25.0813
1403637254.838319063,26.901
1403637254.888319016,25.4398
1403637254.938318968,30.1704
1403637254.98831892,25.8452
1403637255.038319111,30.78
1403637255.088319063,25.1882
1403637255.138319016,23.8221
1403637255.188318968,25.8928
1403637255.23831892,29.5535
1403637255.288319111,24.9199
1403637255.338319063,28.9426
1403637255.388319016,25.1813
1403637255.438318968,29.4729
1403637255.48831892,24.9274
1403637255.538319111,29.1724
1403637255.588319063,24.347
1403637255.638319016,27.8822
1403637255.688318968,24.8311
1403637255.73831892,29.3147
1403637255.788319111,24.6492
1403637255.838319063,28.5343
1403637255.888319016,23.9145
1403637255.938318968,26.6264
1403637255.98831892,23.4717
1403637256.038319111,28.1098
1403637256.088319063,23.8438
1403637256.138319016,24.5556
1403637256.188318968,23.8748
1403637256.23831892,27.0071
1403637256.288319111,23.8499
1403637256.338319063,25.3141
1403637256.388319016,23.5496
1403637256.438318968,26.9797
1403637256.48831892,24.1734
1403637256.538319111,26.9753
1403637256.588319063,23.778
1403637256.638319016,27.6741
1403637256.688318968,23.501
1403637256.73831892,27.4536
1403637256.788319111,22.8155
1403637256.838319063,25.3321
1403637256.888319016,21.967
1403637256.938318968,25.1757
1403637256.98831892,22.5877
1403637257.038319111,26.1587
1403637257.088319063,21.7539
1403637257.138319016,26.3189
1403637257.188318968,21.6856
1403637257.23831892,25.3514
1403637257.288319111,21.3519
1403637257.338319063,24.4414
1403637257.388319016,20.8316
1403637257.438318968,23.3548
1403637257.48831892,21.0438
1403637257.538319111,25.9965
1403637257.588319063,21.0271
1403637257.638319016,25.5767
1403637257.688318968,21.3174
1403637257.73831892,26.2532
1403637257.788319111,21.3043
1403637257.838319063,23.2246
1403637257.888319016,20.7231
1403637257.938318968,24.9504
1403637257.98831892,20.7842
1403637258.038319111,22.9504
1403637258.088319063,20.4233
1403637258.138319016,21.0203
1403637258.188318968,20.5224
1403637258.23831892,24.9164
1403637258.288319111,20.3469
1403637258.338319063,21.8111
1403637258.388319016,20.1511
1403637258.438318968,21.7637
1403637258.48831892,20.9275
1403637258.538319111,23.3992
1403637258.588319063,20.4601
1403637258.638319016,25.2804
1403637258.688318968,20.4604
1403637258.73831892,23.8125
1403637258.788319111,20.1245
1403637258.838319063,21.6786
1403637258.888319016,20.1423
1403637258.938318968,22.2185
1403637258.98831892,19.2959
1403637259.038319111,23.2767
1403637259.088319063,18.9837
1403637259.138319016,22.4101
1403637259.188318968,18.3529
1403637259.23831892,20.3285
1403637259.288319111,18.3048
1403637259.338319063,20.0199
1403637259.388319016,18.3411
1403637259.438318968,23.7323
1403637259.48831892,19.5803
1403637259.538319111,23.6252
1403637259.588319063,20.5871
1403637259.638319016,21.3282
1403637259.688318968,18.8583
1403637259.73831892,22.8206
1403637259.788319111,18.659
1403637259.838319063,21.8849
1403637259.888319016,18.5474
1403637259.938318968,21.028
1403637259.98831892,18.2184
1403637260.038319111,20.8983
1403637260.088319063,18.8811
1403637260.138319016,20.7374
1403637260.188318968,18.6142
1403637260.23831892,21.9684
1403637260.288319111,16.8278
1403637260.338319063,21.318
1403637260.388319016,15.9781
1403637260.438318968,20.5308
1403637260.48831892,17.2266
1403637260.538319111,21.9369
1403637260.588319063,16.0025
1403637260.638319016,21.3643
1403637260.688318968,17.0708
1403637260.73831892,20.3051
1403637260.788319111,15.9862
1403637260.838319063,18.7721
1403637260.888319016,16.3146
1403637260.938318968,21.7395
1403637260.98831892,15.8205
1403637261.038319111,17.6045
1403637261.088319063,15.9683
1403637261.138319016,17.5268
1403637261.188318968,13.5889
1403637261.23831892,20.0765
1403637261.288319111,13.1071
1403637261.338319063,17.838
1403637261.388319016,12.9418
1403637261.438318968,19.1324
1403637261.48831892,13.2385
1403637261.538319111,20.4762
1403637261.588319063,18.6639
1403637261.638319016,16.9163
1403637261.688318968,12.3761
1403637261.73831892,18.9251
1403637261.788319111,14.9231
1403637261.838319063,15.8528
1403637261.888319016,16.9732
1403637261.938318968,20.0884
1403637261.98831892,12.4671
1403637262.038319111,16.0857
1403637262.088319063,11.4047
1403637262.138319016,18.659
1403637262.188318968,11.1389
1403637262.23831892,15.7507
1403637262.288319111,13.3997
1403637262.338319063,17.0969
1403637262.388319016,12.9166
1403637262.438318968,15.3197
1403637262.48831892,14.4329
1403637262.538319111,16.4366
1403637262.588319063,12.1852
1403637262.638319016,16.297
1403637262.688318968,11.4017
1403637262.73831892,15.4713
1403637262.788319111,14.135
1403637262.838319063,19.2472
1403637262.888319016,13.3184
1403637262.938318968,16.6187
1403637262.98831892,14.2642
1403637263.038319111,19.5063
1403637263.088319063,11.8134
1403637263.138319016,16.7438
1403637263.188318968,14.4196
1403637263.23831892,19.1343
1403637263.288319111,14.9305
1403637263.338319063,15.7217
1403637263.388319016,14.9453
1403637263.438318968,16.6408
1403637263.48831892,12.5845
1403637263.538319111,15.8802
1403637263.588319063,16.204
1403637263.638319016,17.3456
1403637263.688318968,13.6159
1403637263.73831892,16.8858
1403637263.788319111,12.7132
1403637263.838319063,15.0229
1403637263.888319016,15.0357
1403637263.938318968,15.1021
1403637263.98831892,11.3271
1403637264.038319111,17.2188
1403637264.088319063,12.9621
1403637264.138319016,15.3043
1403637264.188318968,15.4314
1403637264.23831892,17.0741
1403637264.288319111,16.5347
1403637264.338319063,16.3812
1403637264.388319016,12.794
1403637264.438318968,17.7234
1403637264.48831892,13.8084
1403637264.538319111,14.9801
1403637264.588319063,13.177
1403637264.638319016,19.0691
1403637264.688318968,14.8052
1403637264.73831892,16.2696
1403637264.788319111,15.0246
1403637264.838319063,17.4332
1403637264.888319016,14.4931
1403637264.938318968,18.9334
1403637264.98831892,15.5163
1403637265.038319111,16.7473
1403637265.088319063,15.8011
1403637265.138319016,18.5878
1403637265.188318968,15.3557
1403637265.23831892,18.8026
1403637265.288319111,14.6308
1403637265.338319063,18.8509
1403637265.388319016,17.6612
1403637265.438318968,16.601
1403637265.48831892,14.0325
