1403637130.538319111,1.099
1403637130.588319063,1.035
1403637130.638319016,1.134
1403637130.688318968,1.027
1403637130.73831892,1.153
1403637130.788319111,1.032
1403637130.838319063,1.142
1403637130.888319016,1.016
1403637130.938318968,1.145
1403637130.98831892,1.04
1403637131.038319111,1.139
1403637131.088319063,1.081
1403637131.138319016,1.157
1403637131.188318968,1.066
1403637131.23831892,1.119
1403637131.288319111,1.106
1403637131.338319063,1.068
1403637131.388319016,1.037
1403637131.438318968,1.09
1403637131.48831892,1.08
1403637131.538319111,1.067
1403637131.588319063,1.01
1403637131.638319016,1.146
1403637131.688318968,1.003
1403637131.73831892,1.296
1403637131.788319111,1.086
1403637131.838319063,1.133
1403637131.888319016,1.092
1403637131.938318968,1.144
1403637131.98831892,1.136
1403637132.038319111,1.135
1403637132.088319063,1.713
1403637132.138319016,1.08
1403637132.188318968,1.039
1403637132.23831892,1.149
1403637132.288319111,1.061
1403637132.338319063,1.113
1403637132.388319016,1.087
1403637132.438318968,1.108
1403637132.48831892,1.16
1403637132.538319111,1.092
1403637132.588319063,1.025
1403637132.638319016,1.125
1403637132.688318968,1.047
1403637132.73831892,1.117
1403637132.788319111,1.026
1403637132.838319063,1.092
1403637132.888319016,1.016
1403637132.938318968,1.128
1403637132.98831892,1.106
1403637133.038319111,1.14
1403637133.088319063,1.046
1403637133.138319016,1.145
1403637133.188318968,1.103
1403637133.23831892,1.077
1403637133.288319111,1.007
1403637133.338319063,1.17
1403637133.388319016,0.973
1403637133.438318968,1.082
1403637133.48831892,1.081
1403637133.538319111,1.134
1403637133.588319063,1.018
1403637133.638319016,1.122
1403637133.688318968,1.694
1403637133.73831892,1.269
1403637133.788319111,1.058
1403637133.838319063,1.052
1403637133.888319016,1.062
1403637133.938318968,1.142
1403637133.98831892,1.04
1403637134.038319111,1.139
1403637134.088319063,1.106
1403637134.138319016,1.132
1403637134.188318968,1.041
1403637134.23831892,1.375
1403637134.288319111,1.011
1403637134.338319063,1.105
1403637134.388319016,1.053
1403637134.438318968,1.137
1403637134.48831892,1.121
1403637134.538319111,1.112
1403637134.588319063,1.059
1403637134.638319016,1.124
1403637134.688318968,1.018
1403637134.73831892,1.093
1403637134.788319111,1.066
1403637134.838319063,1.088
1403637134.888319016,1.086
1403637134.938318968,1.108
1403637134.98831892,1.133
1403637135.038319111,1.11
1403637135.088319063,1.295
1403637135.138319016,1.153
1403637135.188318968,1.093
1403637135.23831892,1.111
1403637135.288319111,1.75
1403637135.338319063,1.104
1403637135.388319016,1.028
1403637135.438318968,1.09
1403637135.48831892,1.109
1403637135.538319111,1.108
1403637135.588319063,1.191
1403637135.638319016,1.19
1403637135.688318968,1.146
1403637135.73831892,1.126
1403637135.788319111,1.14
1403637135.838319063,1.118
1403637135.888319016,1.207
1403637135.938318968,1.268
1403637135.98831892,1.072
1403637136.038319111,1.088
1403637136.088319063,1.153
1403637136.138319016,1.142
1403637136.188318968,1.167
1403637136.23831892,1.059
1403637136.288319111,1.2
1403637136.338319063,1.124
1403637136.388319016,1.133
1403637136.438318968,1.117
1403637136.48831892,1.199
1403637136.538319111,1.153
1403637136.588319063,1.23
1403637136.638319016,1.124
1403637136.688318968,1.128
1403637136.73831892,1.1
1403637136.788319111,1.116
1403637136.838319063,1.111
1403637136.888319016,1.385
1403637136.938318968,1.019
1403637136.98831892,1.102
1403637137.038319111,1.12
1403637137.088319063,1.085
1403637137.138319016,1.096
1403637137.188318968,1.211
1403637137.23831892,1.147
1403637137.288319111,1.132
1403637137.338319063,1.139
1403637137.388319016,1.177
1403637137.438318968,1.111
1403637137.48831892,1.02
1403637137.538319111,1.077
1403637137.588319063,1.139
1403637137.638319016,1.075
1403637137.688318968,1.07
1403637137.73831892,1.124
1403637137.788319111,1.099
1403637137.838319063,1.1
1403637137.888319016,1.123
1403637137.938318968,1.105
1403637137.98831892,1.218
1403637138.038319111,1.042
1403637138.088319063,1.107
1403637138.138319016,1.033
1403637138.188318968,1.136
1403637138.23831892,1.063
1403637138.288319111,1.036
1403637138.338319063,1.131
1403637138.388319016,1.377
1403637138.438318968,0.996
1403637138.48831892,2.087
1403637138.538319111,1.116
1403637138.588319063,1.069
1403637138.638319016,1.092
1403637138.688318968,1.078
1403637138.73831892,1.11
1403637138.788319111,1.251
1403637138.838319063,1.117
1403637138.888319016,1.17
1403637138.938318968,1.116
1403637138.98831892,1.131
1403637139.038319111,1.146
1403637139.088319063,1.093
1403637139.138319016,1.102
1403637139.188318968,1.115
1403637139.23831892,1.139
1403637139.288319111,1.099
1403637139.338319063,1.045
1403637139.388319016,1.132
1403637139.438318968,1.172
1403637139.48831892,1.08
1403637139.538319111,1.171
1403637139.588319063,1.043
1403637139.638319016,1.018
1403637139.688318968,1.133
1403637139.73831892,1.074
1403637139.788319111,1.193
1403637139.838319063,1.131
1403637139.888319016,1.163
1403637139.938318968,1.085
1403637139.98831892,1.082
1403637140.038319111,1.148
1403637140.088319063,1.519
1403637140.138319016,1.089
1403637140.188318968,1.054
1403637140.23831892,1.096
1403637140.288319111,1.093
1403637140.338319063,1.113
1403637140.388319016,1.166
1403637140.438318968,0.963
1403637140.48831892,1.128
1403637140.538319111,1.105
1403637140.588319063,1.114
1403637140.638319016,1.099
1403637140.688318968,1.122
1403637140.73831892,1.093
1403637140.788319111,1.219
1403637140.838319063,1.11
1403637140.888319016,1.123
1403637140.938318968,1.153
1403637140.98831892,1.062
1403637141.038319111,1.078
1403637141.088319063,1.112
1403637141.138319016,1.088
1403637141.188318968,1.203
1403637141.23831892,1.134
1403637141.288319111,1.13
1403637141.338319063,1.128
1403637141.388319016,1.193
1403637141.438318968,1.123
1403637141.48831892,1.073
1403637141.538319111,1.023
1403637141.588319063,1.109
1403637141.638319016,1.019
1403637141.688318968,1.763
1403637141.73831892,1.028
1403637141.788319111,1.159
1403637141.838319063,1.065
1403637141.888319016,1.069
1403637141.938318968,1.035
1403637141.98831892,1.061
1403637142.038319111,1.059
1403637142.088319063,1.198
1403637142.138319016,1.122
1403637142.188318968,1.288
1403637142.23831892,1.056
1403637142.288319111,1.107
1403637142.338319063,1.099
1403637142.388319016,1.14
1403637142.438318968,1.075
1403637142.48831892,1.061
1403637142.538319111,1.136
1403637142.588319063,1.134
1403637142.638319016,1.112
1403637142.688318968,1.089
1403637142.73831892,1.146
1403637142.788319111,1.282
1403637142.838319063,1.104
1403637142.888319016,1.135
1403637142.938318968,1.129
1403637142.98831892,1.203
1403637143.038319111,1.087
1403637143.088319063,1.109
1403637143.138319016,1.059
1403637143.188318968,1.094
1403637143.23831892,1.126
1403637143.288319111,1.67
1403637143.338319063,1.085
1403637143.388319016,1.223
1403637143.438318968,0.988
1403637143.48831892,1.056
1403637143.538319111,0.953
1403637143.588319063,1.095
1403637143.638319016,1.099
1403637143.688318968,1.196
1403637143.73831892,1.048
1403637143.788319111,1.098
1403637143.838319063,1.136
1403637143.888319016,1.056
1403637143.938318968,0.995
1403637143.98831892,1.025
1403637144.038319111,1.091
1403637144.088319063,1.071
1403637144.138319016,1.116
1403637144.188318968,1.223
1403637144.23831892,1.128
1403637144.288319111,1.016
1403637144.338319063,1.069
1403637144.388319016,1.107
1403637144.438318968,1.136
1403637144.48831892,1.048
1403637144.538319111,1.127
1403637144.588319063,1.171
1403637144.638319016,1.005
1403637144.688318968,1.211
1403637144.73831892,1.122
1403637144.788319111,1.057
1403637144.838319063,1.044
1403637144.888319016,1.69
1403637144.938318968,1.145
1403637144.98831892,1.084
1403637145.038319111,1.089
1403637145.088319063,1.133
1403637145.138319016,1.154
1403637145.188318968,1.102
1403637145.23831892,1.125
1403637145.288319111,1.197
1403637145.338319063,1.14
1403637145.388319016,1.096
1403637145.438318968,1.039
1403637145.48831892,1.067
1403637145.538319111,1.034
1403637145.588319063,1.071
1403637145.638319016,1.17
1403637145.688318968,1.22
1403637145.73831892,1.166
1403637145.788319111,1.267
1403637145.838319063,1.009
1403637145.888319016,0.997
1403637145.938318968,1.1
1403637145.98831892,1.081
1403637146.038319111,1.031
1403637146.088319063,1.042
1403637146.138319016,1.145
1403637146.188318968,1.247
1403637146.23831892,1.093
1403637146.288319111,1.201
1403637146.338319063,1.087
1403637146.388319016,1.135
1403637146.438318968,1.128
1403637146.48831892,1.478
1403637146.538319111,1.104
1403637146.588319063,1.123
1403637146.638319016,1.1
1403637146.688318968,1.144
1403637146.73831892,1.111
1403637146.788319111,1.186
1403637146.838319063,1.137
1403637146.888319016,1.124
1403637146.938318968,1.142
1403637146.98831892,1.204
1403637147.038319111,1.13
1403637147.088319063,1.165
1403637147.138319016,1.041
1403637147.188318968,1.038
1403637147.23831892,1.312
1403637147.288319111,1.002
1403637147.338319063,1.118
1403637147.388319016,1.174
1403637147.438318968,1.105
1403637147.48831892,1.033
1403637147.538319111,1.119
1403637147.588319063,1.138
1403637147.638319016,1.033
1403637147.688318968,1.072
1403637147.73831892,1.013
1403637147.788319111,1.196
1403637147.838319063,1.063
1403637147.888319016,1.051
1403637147.938318968,1.137
1403637147.98831892,1.243
1403637148.038319111,1.051
1403637148.088319063,1.533
1403637148.138319016,1.12
1403637148.188318968,1.096
1403637148.23831892,1.143
1403637148.288319111,1.52
1403637148.338319063,1.001
1403637148.388319016,1.048
1403637148.438318968,1.15
1403637148.48831892,1.066
1403637148.538319111,1.105
1403637148.588319063,1.165
1403637148.638319016,1.046
1403637148.688318968,1.024
1403637148.73831892,1.116
1403637148.788319111,1.224
1403637148.838319063,1.154
1403637148.888319016,1.415
1403637148.938318968,1.073
1403637148.98831892,1.07
1403637149.038319111,1.07
1403637149.088319063,1.227
1403637149.138319016,1.048
1403637149.188318968,1.417
1403637149.23831892,1.023
1403637149.288319111,1.163
1403637149.338319063,1.157
1403637149.388319016,1.024
1403637149.438318968,1.004
1403637149.48831892,1.187
1403637149.538319111,1.108
1403637149.588319063,1.172
1403637149.638319016,1.099
1403637149.688318968,1.669
1403637149.73831892,1.111
1403637149.788319111,1.093
1403637149.838319063,1.038
1403637149.888319016,1.207
1403637149.938318968,1.127
1403637149.98831892,1.086
1403637150.038319111,1.153
1403637150.088319063,1.183
1403637150.138319016,1.136
1403637150.188318968,1.099
1403637150.23831892,1.135
1403637150.288319111,1.1
1403637150.338319063,0.995
1403637150.388319016,1.121
1403637150.438318968,1.12
1403637150.48831892,1.229
1403637150.538319111,1.134
1403637150.588319063,1.096
1403637150.638319016,1.109
1403637150.688318968,1.193
1403637150.73831892,1.359
1403637150.788319111,1.153
1403637150.838319063,1.142
1403637150.888319016,1.187
1403637150.938318968,1.102
1403637150.98831892,1.224
1403637151.038319111,1.108
1403637151.088319063,1.136
1403637151.138319016,1.106
1403637151.188318968,1.194
1403637151.23831892,1.154
1403637151.288319111,1.703
1403637151.338319063,1.03
1403637151.388319016,1.061
1403637151.438318968,1.173
1403637151.48831892,1.151
1403637151.538319111,1.127
1403637151.588319063,1.22
1403637151.638319016,1.091
1403637151.688318968,1.192
1403637151.73831892,1.148
1403637151.788319111,1.201
1403637151.838319063,1.101
1403637151.888319016,1.229
1403637151.938318968,1.072
1403637151.98831892,1.068
1403637152.038319111,1.105
1403637152.088319063,1.218
1403637152.138319016,1.032
1403637152.188318968,1.129
1403637152.23831892,1.144
1403637152.288319111,1.21
1403637152.338319063,1.102
1403637152.388319016,1.225
1403637152.438318968,1.117
1403637152.48831892,1.085
1403637152.538319111,1.128
1403637152.588319063,1.184
1403637152.638319016,1.085
1403637152.688318968,1.115
1403637152.73831892,1.059
1403637152.788319111,1.14
1403637152.838319063,1.034
1403637152.888319016,1.584
1403637152.938318968,1.332
1403637152.98831892,1.142
1403637153.038319111,1.054
1403637153.088319063,1.102
1403637153.138319016,1.111
1403637153.188318968,1.075
1403637153.23831892,1.112
1403637153.288319111,1.152
1403637153.338319063,1.097
1403637153.388319016,1.226
1403637153.438318968,1.104
1403637153.48831892,1.285
1403637153.538319111,1.039
1403637153.588319063,1.151
1403637153.638319016,1.087
1403637153.688318968,1.155
1403637153.73831892,1.349
1403637153.788319111,1.089
1403637153.838319063,1.043
1403637153.888319016,1.134
1403637153.938318968,1.203
1403637153.98831892,1.064
1403637154.038319111,1.115
1403637154.088319063,1.066
1403637154.138319016,1.13
1403637154.188318968,1.131
1403637154.23831892,1.128
1403637154.288319111,1.051
1403637154.338319063,1.108
1403637154.388319016,1.127
1403637154.438318968,1.239
1403637154.48831892,1.616
1403637154.538319111,1.12
1403637154.588319063,1.177
1403637154.638319016,1.038
1403637154.688318968,1.049
1403637154.73831892,1.118
1403637154.788319111,1.181
1403637154.838319063,1.169
1403637154.888319016,1.043
1403637154.938318968,1.045
1403637154.98831892,1.161
1403637155.038319111,1.074
1403637155.088319063,1.099
1403637155.138319016,1.167
1403637155.188318968,1.082
1403637155.23831892,1.025
1403637155.288319111,1.239
1403637155.338319063,1.105
1403637155.388319016,1.422
1403637155.438318968,1.009
1403637155.48831892,1.164
1403637155.538319111,1.048
1403637155.588319063,1.263
1403637155.638319016,1.054
1403637155.688318968,1.024
1403637155.73831892,1.093
1403637155.788319111,1.421
1403637155.838319063,1.095
1403637155.888319016,1.162
1403637155.938318968,1.127
1403637155.98831892,1.133
1403637156.038319111,1.162
1403637156.088319063,1.794
1403637156.138319016,1.095
1403637156.188318968,1.131
1403637156.23831892,1.13
1403637156.288319111,1.06
1403637156.338319063,1.046
1403637156.388319016,1.412
1403637156.438318968,1.136
1403637156.48831892,1.276
1403637156.538319111,1.137
1403637156.588319063,1.273
1403637156.638319016,1.088
1403637156.688318968,1.121
1403637156.73831892,1.134
1403637156.788319111,1.18
1403637156.838319063,1.129
1403637156.888319016,1.197
1403637156.938318968,1.125
1403637156.98831892,1.089
1403637157.038319111,1.125
1403637157.088319063,1.032
1403637157.138319016,1.093
1403637157.188318968,1.196
1403637157.23831892,1.103
1403637157.288319111,1.187
1403637157.338319063,1.132
1403637157.388319016,1.391
1403637157.438318968,1.089
1403637157.48831892,1.237
1403637157.538319111,1.02
1403637157.588319063,1.101
1403637157.638319016,1.075
1403637157.688318968,2.35
1403637157.73831892,1.166
1403637157.788319111,1.495
1403637157.838319063,1.043
1403637157.888319016,1.179
1403637157.938318968,1.054
1403637157.98831892,1.105
1403637158.038319111,1.088
1403637158.088319063,1.484
1403637158.138319016,1.071
1403637158.188318968,1.168
1403637158.23831892,1.14
1403637158.288319111,1.147
1403637158.338319063,1.123
1403637158.388319016,1.06
1403637158.438318968,1.044
1403637158.48831892,1.136
1403637158.538319111,1.123
1403637158.588319063,1.185
1403637158.638319016,1.118
1403637158.688318968,1.312
1403637158.73831892,1.111
1403637158.788319111,1.142
1403637158.838319063,1.086
1403637158.888319016,1.106
1403637158.938318968,1.132
1403637158.98831892,1.21
1403637159.038319111,1.02
1403637159.088319063,1.232
1403637159.138319016,1.135
1403637159.188318968,1.141
1403637159.23831892,1.125
1403637159.288319111,1.96
1403637159.338319063,1.143
1403637159.388319016,1.168
1403637159.438318968,1.059
1403637159.48831892,1.081
1403637159.538319111,1.098
1403637159.588319063,1.126
1403637159.638319016,1.174
1403637159.688318968,1.559
1403637159.73831892,1.129
1403637159.788319111,1.073
1403637159.838319063,1.097
1403637159.888319016,1.078
1403637159.938318968,1.158
1403637159.98831892,1.215
1403637160.038319111,1.095
1403637160.088319063,1.114
1403637160.138319016,1.14
1403637160.188318968,1.166
1403637160.23831892,1.107
1403637160.288319111,1.535
1403637160.338319063,1.044
1403637160.388319016,1.081
1403637160.438318968,1.16
1403637160.48831892,1.584
1403637160.538319111,1.14
1403637160.588319063,1.139
1403637160.638319016,1.097
1403637160.688318968,1.11
1403637160.73831892,1.076
1403637160.788319111,1.321
1403637160.838319063,1.123
1403637160.888319016,1.798
1403637160.938318968,1.117
1403637160.98831892,1.133
1403637161.038319111,1.127
1403637161.088319063,1.343
1403637161.138319016,1.127
1403637161.188318968,1.226
1403637161.23831892,1.151
1403637161.288319111,1.093
1403637161.338319063,1.074
1403637161.388319016,1.254
1403637161.438318968,1.116
1403637161.48831892,1.212
1403637161.538319111,1.14
1403637161.588319063,1.212
1403637161.638319016,1.112
1403637161.688318968,1.338
1403637161.73831892,1.114
1403637161.788319111,1.3
1403637161.838319063,1.119
1403637161.888319016,1.39
1403637161.938318968,1.101
1403637161.98831892,1.528
1403637162.038319111,1.165
1403637162.088319063,1.144
1403637162.138319016,1.05
1403637162.188318968,1.083
1403637162.23831892,1.156
1403637162.288319111,1.399
1403637162.338319063,0.992
1403637162.388319016,1.364
1403637162.438318968,1.105
1403637162.48831892,1.494
1403637162.538319111,1.156
1403637162.588319063,1.611
1403637162.638319016,1.04
1403637162.688318968,1.589
1403637162.73831892,1.119
1403637162.788319111,1.161
1403637162.838319063,1.107
1403637162.888319016,1.341
1403637162.938318968,1.008
1403637162.98831892,1.193
1403637163.038319111,1.107
1403637163.088319063,1.188
1403637163.138319016,1.084
1403637163.188318968,1.195
1403637163.23831892,1.14
1403637163.288319111,1.144
1403637163.338319063,1.145
1403637163.388319016,1.369
1403637163.438318968,1.138
1403637163.48831892,1.428
1403637163.538319111,1.143
1403637163.588319063,1.195
1403637163.638319016,1.101
1403637163.688318968,1.15
1403637163.73831892,1.082
1403637163.788319111,1.278
1403637163.838319063,1.126
1403637163.888319016,1.471
1403637163.938318968,1.111
1403637163.98831892,1.345
1403637164.038319111,1.165
1403637164.088319063,2.576
1403637164.138319016,1.159
1403637164.188318968,1.271
1403637164.23831892,1.109
1403637164.288319111,1.463
1403637164.338319063,1.128
1403637164.388319016,1.088
1403637164.438318968,1.148
1403637164.48831892,1.239
1403637164.538319111,1.097
1403637164.588319063,1.254
1403637164.638319016,1.104
1403637164.688318968,1.108
1403637164.73831892,1.125
1403637164.788319111,1.306
1403637164.838319063,1.113
1403637164.888319016,1.271
1403637164.938318968,1.143
1403637164.98831892,1.216
1403637165.038319111,1.276
1403637165.088319063,1.26
1403637165.138319016,1.074
1403637165.188318968,1.455
1403637165.23831892,1.119
1403637165.288319111,1.461
1403637165.338319063,1.476
1403637165.388319016,1.341
1403637165.438318968,1.048
1403637165.48831892,1.314
1403637165.538319111,1.104
1403637165.588319063,1.085
1403637165.638319016,1.149
1403637165.688318968,1.439
1403637165.73831892,1.098
1403637165.788319111,1.298
1403637165.838319063,1.109
1403637165.888319016,1.333
1403637165.938318968,1.111
1403637165.98831892,1.261
1403637166.038319111,1.135
1403637166.088319063,1.359
1403637166.138319016,1.117
1403637166.188318968,1.346
1403637166.23831892,1.092
1403637166.288319111,1.294
1403637166.338319063,1.12
1403637166.388319016,1.165
1403637166.438318968,1.124
1403637166.48831892,1.385
1403637166.538319111,1.098
1403637166.588319063,1.492
1403637166.638319016,1.15
1403637166.688318968,1.387
1403637166.73831892,1.109
1403637166.788319111,1.308
1403637166.838319063,1.095
1403637166.888319016,1.291
1403637166.938318968,1.103
1403637166.98831892,1.522
1403637167.038319111,1.117
1403637167.088319063,1.303
1403637167.138319016,1.162
1403637167.188318968,1.213
1403637167.23831892,1.12
1403637167.288319111,1.888
1403637167.338319063,1.114
1403637167.388319016,1.585
1403637167.438318968,1.108
1403637167.48831892,1.536
1403637167.538319111,1.119
1403637167.588319063,1.177
1403637167.638319016,1.14
1403637167.688318968,1.155
1403637167.73831892,1.108
1403637167.788319111,1.398
1403637167.838319063,1.102
1403637167.888319016,1.187
1403637167.938318968,1.147
1403637167.98831892,1.548
1403637168.038319111,1.119
1403637168.088319063,1.36
1403637168.138319016,1.093
1403637168.188318968,1.401
1403637168.23831892,1.082
1403637168.288319111,1.334
1403637168.338319063,1.073
1403637168.388319016,1.585
1403637168.438318968,1.122
1403637168.48831892,1.326
1403637168.538319111,1.127
1403637168.588319063,1.365
1403637168.638319016,1.122
1403637168.688318968,1.408
1403637168.73831892,1.12
1403637168.788319111,1.762
1403637168.838319063,1.091
1403637168.888319016,1.824
1403637168.938318968,1.07
1403637168.98831892,1.405
1403637169.038319111,1.102
1403637169.088319063,1.167
1403637169.138319016,1.096
1403637169.188318968,1.28
1403637169.23831892,1.12
1403637169.288319111,1.367
1403637169.338319063,1.118
1403637169.388319016,1.345
1403637169.438318968,1.097
1403637169.48831892,1.575
1403637169.538319111,1.1
1403637169.588319063,1.608
1403637169.638319016,1.118
1403637169.688318968,1.656
1403637169.73831892,1.101
1403637169.788319111,1.384
1403637169.838319063,1.102
1403637169.888319016,1.556
1403637169.938318968,1.016
1403637169.98831892,1.498
1403637170.038319111,1.123
1403637170.088319063,1.279
1403637170.138319016,1.112
1403637170.188318968,1.555
1403637170.23831892,1.127
1403637170.288319111,1.093
1403637170.338319063,1.108
1403637170.388319016,1.419
1403637170.438318968,1.103
1403637170.48831892,2.207
1403637170.538319111,1.11
1403637170.588319063,1.739
1403637170.638319016,1.135
1403637170.688318968,1.332
1403637170.73831892,1.154
1403637170.788319111,1.325
1403637170.838319063,1.088
1403637170.888319016,1.563
1403637170.938318968,1.096
1403637170.98831892,1.328
1403637171.038319111,1.154
1403637171.088319063,1.219
1403637171.138319016,1.132
1403637171.188318968,1.381
1403637171.23831892,1.138
1403637171.288319111,1.568
1403637171.338319063,1.174
1403637171.388319016,1.57
1403637171.438318968,1.128
1403637171.48831892,1.606
1403637171.538319111,1.144
1403637171.588319063,1.383
1403637171.638319016,1.162
1403637171.688318968,1.351
1403637171.73831892,1.104
1403637171.788319111,1.446
1403637171.838319063,1.109
1403637171.888319016,1.472
1403637171.938318968,1.13
1403637171.98831892,1.571
1403637172.038319111,1.099
1403637172.088319063,2.403
1403637172.138319016,1.113
1403637172.188318968,1.764
1403637172.23831892,1.135
1403637172.288319111,1.878
1403637172.338319063,1.107
1403637172.388319016,2.025
1403637172.438318968,1.121
1403637172.48831892,1.209
1403637172.538319111,1.122
1403637172.588319063,1.383
1403637172.638319016,1.131
1403637172.688318968,1.498
1403637172.73831892,1.135
1403637172.788319111,1.706
1403637172.838319063,1.128
1403637172.888319016,1.427
1403637172.938318968,1.1
1403637172.98831892,1.468
1403637173.038319111,1.076
1403637173.088319063,1.399
1403637173.138319016,1.114
1403637173.188318968,1.401
1403637173.23831892,1.147
1403637173.288319111,1.445
1403637173.338319063,1.099
1403637173.388319016,1.363
1403637173.438318968,1.118
1403637173.48831892,1.235
1403637173.538319111,1.083
1403637173.588319063,1.334
1403637173.638319016,1.098
1403637173.688318968,2.072
1403637173.73831892,1.148
1403637173.788319111,1.478
1403637173.838319063,1.048
1403637173.888319016,1.251
1403637173.938318968,1.163
1403637173.98831892,1.405
1403637174.038319111,1.048
1403637174.088319063,1.316
1403637174.138319016,1.137
1403637174.188318968,1.439
1403637174.23831892,1.094
1403637174.288319111,1.468
1403637174.338319063,1.117
1403637174.388319016,1.506
1403637174.438318968,1.085
1403637174.48831892,1.351
1403637174.538319111,1.119
1403637174.588319063,1.37
1403637174.638319016,1.159
1403637174.688318968,1.531
1403637174.73831892,1.127
1403637174.788319111,1.584
1403637174.838319063,1.131
1403637174.888319016,1.391
1403637174.938318968,1.116
1403637174.98831892,2.141
1403637175.038319111,1.137
1403637175.088319063,1.454
1403637175.138319016,1.067
1403637175.188318968,1.518
1403637175.23831892,1.103
1403637175.288319111,2.186
1403637175.338319063,1.07
1403637175.388319016,1.557
1403637175.438318968,1.095
1403637175.48831892,1.564
1403637175.538319111,1.1
1403637175.588319063,1.523
1403637175.638319016,1.101
1403637175.688318968,1.442
1403637175.73831892,1.059
1403637175.788319111,1.477
1403637175.838319063,1.078
1403637175.888319016,1.425
1403637175.938318968,1.104
1403637175.98831892,1.362
1403637176.038319111,1.091
1403637176.088319063,1.608
1403637176.138319016,1.134
1403637176.188318968,1.397
1403637176.23831892,1.1
1403637176.288319111,1.478
1403637176.338319063,1.112
1403637176.388319016,1.426
1403637176.438318968,1.096
1403637176.48831892,1.45
1403637176.538319111,1.118
1403637176.588319063,1.538
1403637176.638319016,1.129
1403637176.688318968,1.657
1403637176.73831892,1.123
1403637176.788319111,1.436
1403637176.838319063,1.106
1403637176.888319016,3.029
1403637176.938318968,1.114
1403637176.98831892,1.622
1403637177.038319111,1.079
1403637177.088319063,1.472
1403637177.138319016,1.189
1403637177.188318968,1.614
1403637177.23831892,1.075
1403637177.288319111,1.55
1403637177.338319063,1.09
1403637177.388319016,1.696
1403637177.438318968,1.096
1403637177.48831892,1.665
1403637177.538319111,1.08
1403637177.588319063,1.544
1403637177.638319016,1.102
1403637177.688318968,1.434
1403637177.73831892,1.155
1403637177.788319111,1.574
1403637177.838319063,1.076
1403637177.888319016,1.549
1403637177.938318968,1.109
1403637177.98831892,1.389
1403637178.038319111,1.131
1403637178.088319063,1.465
1403637178.138319016,1.081
1403637178.188318968,1.455
1403637178.23831892,1.083
1403637178.288319111,1.141
1403637178.338319063,1.079
1403637178.388319016,1.465
1403637178.438318968,1.123
1403637178.48831892,1.935
1403637178.538319111,1.074
1403637178.588319063,1.341
1403637178.638319016,1.074
1403637178.688318968,1.427
1403637178.73831892,1.261
1403637178.788319111,1.436
1403637178.838319063,1.026
1403637178.888319016,1.318
1403637178.938318968,1.077
1403637178.98831892,1.46
1403637179.038319111,1.131
1403637179.088319063,1.524
1403637179.138319016,1.101
1403637179.188318968,1.538
1403637179.23831892,1.156
1403637179.288319111,1.773
1403637179.338319063,1.131
1403637179.388319016,1.547
1403637179.438318968,1.142
1403637179.48831892,1.512
1403637179.538319111,1.125
1403637179.588319063,1.531
1403637179.638319016,1.073
1403637179.688318968,1.465
1403637179.73831892,1.114
1403637179.788319111,1.418
1403637179.838319063,1.111
1403637179.888319016,1.531
1403637179.938318968,1.125
1403637179.98831892,1.371
1403637180.038319111,1.133
1403637180.088319063,1.911
1403637180.138319016,1.126
1403637180.188318968,1.485
1403637180.23831892,1.087
1403637180.288319111,1.377
1403637180.338319063,1.099
1403637180.388319016,1.572
1403637180.438318968,1.127
1403637180.48831892,1.556
1403637180.538319111,1.169
1403637180.588319063,1.86
1403637180.638319016,1.107
1403637180.688318968,1.406
1403637180.73831892,1.09
1403637180.788319111,1.417
1403637180.838319063,1.446
1403637180.888319016,1.357
1403637180.938318968,1.355
1403637180.98831892,1.378
1403637181.038319111,1.124
1403637181.088319063,1.443
1403637181.138319016,1.124
1403637181.188318968,1.421
1403637181.23831892,1.062
1403637181.288319111,1.41
1403637181.338319063,1.069
1403637181.388319016,1.509
1403637181.438318968,1.025
1403637181.48831892,1.534
1403637181.538319111,1.07
1403637181.588319063,1.809
1403637181.638319016,1.134
1403637181.688318968,1.796
1403637181.73831892,1.113
1403637181.788319111,1.294
1403637181.838319063,1.117
1403637181.888319016,1.532
1403637181.938318968,1.295
1403637181.98831892,1.399
1403637182.038319111,1.117
1403637182.088319063,1.296
1403637182.138319016,1.084
1403637182.188318968,1.394
1403637182.23831892,1.151
1403637182.288319111,1.412
1403637182.338319063,1.134
1403637182.388319016,1.598
1403637182.438318968,1.13
1403637182.48831892,1.352
1403637182.538319111,1.131
1403637182.588319063,1.427
1403637182.638319016,1.125
1403637182.688318968,1.281
1403637182.73831892,1.051
1403637182.788319111,1.529
1403637182.838319063,1.182
1403637182.888319016,1.456
1403637182.938318968,1.081
1403637182.98831892,1.411
1403637183.038319111,1.102
1403637183.088319063,1.44
1403637183.138319016,1.101
1403637183.188318968,1.22
1403637183.23831892,1.186
1403637183.288319111,2.352
1403637183.338319063,1.105
1403637183.388319016,1.531
1403637183.438318968,1.096
1403637183.48831892,1.342
1403637183.538319111,1.137
1403637183.588319063,1.407
1403637183.638319016,1.012
1403637183.688318968,1.779
1403637183.73831892,1.103
1403637183.788319111,1.727
1403637183.838319063,1.147
1403637183.888319016,1.405
1403637183.938318968,1.136
1403637183.98831892,1.331
1403637184.038319111,1.126
1403637184.088319063,1.429
1403637184.138319016,1.129
1403637184.188318968,1.782
1403637184.23831892,1.068
1403637184.288319111,1.378
1403637184.338319063,1.064
1403637184.388319016,1.546
1403637184.438318968,1.102
1403637184.48831892,1.279
1403637184.538319111,1.059
1403637184.588319063,1.477
1403637184.638319016,1.092
1403637184.688318968,1.448
1403637184.73831892,1.027
1403637184.788319111,1.37
1403637184.838319063,1.099
1403637184.888319016,2.081
1403637184.938318968,1.362
1403637184.98831892,1.399
1403637185.038319111,1.106
1403637185.088319063,1.498
1403637185.138319016,1.133
1403637185.188318968,1.311
1403637185.23831892,1.139
1403637185.288319111,1.422
1403637185.338319063,1.113
1403637185.388319016,1.361
1403637185.438318968,1.124
1403637185.48831892,1.54
1403637185.538319111,1.132
1403637185.588319063,1.771
1403637185.638319016,1.116
1403637185.688318968,1.398
1403637185.73831892,1.06
1403637185.788319111,1.276
1403637185.838319063,1.086
1403637185.888319016,1.391
1403637185.938318968,1.145
1403637185.98831892,1.616
1403637186.038319111,0.994
1403637186.088319063,1.418
1403637186.138319016,1.082
1403637186.188318968,1.4
1403637186.23831892,1.087
1403637186.288319111,1.44
1403637186.338319063,1.087
1403637186.388319016,1.607
1403637186.438318968,1.096
1403637186.48831892,1.944
1403637186.538319111,1.48
1403637186.588319063,1.575
1403637186.638319016,1.143
1403637186.688318968,1.585
1403637186.73831892,1.111
1403637186.788319111,1.414
1403637186.838319063,1.116
1403637186.888319016,1.514
1403637186.938318968,1.076
1403637186.98831892,1.497
1403637187.038319111,1.117
1403637187.088319063,1.497
1403637187.138319016,1.021
1403637187.188318968,1.528
1403637187.23831892,1.126
1403637187.288319111,1.459
1403637187.338319063,1.132
1403637187.388319016,1.442
1403637187.438318968,1.11
1403637187.48831892,1.51
1403637187.538319111,1.069
1403637187.588319063,1.499
1403637187.638319016,1.095
1403637187.688318968,1.603
1403637187.73831892,1.161
1403637187.788319111,1.663
1403637187.838319063,1.163
1403637187.888319016,1.504
1403637187.938318968,1.134
1403637187.98831892,1.464
1403637188.038319111,1.094
1403637188.088319063,2.224
1403637188.138319016,1.119
1403637188.188318968,1.522
1403637188.23831892,1.113
1403637188.288319111,1.427
1403637188.338319063,1.109
1403637188.388319016,1.675
1403637188.438318968,1.159
1403637188.48831892,1.478
1403637188.538319111,1.115
1403637188.588319063,1.506
1403637188.638319016,1.177
1403637188.688318968,1.372
1403637188.73831892,1.127
1403637188.788319111,1.507
1403637188.838319063,1.088
1403637188.888319016,1.394
1403637188.938318968,1.1
1403637188.98831892,1.391
1403637189.038319111,1.11
1403637189.088319063,1.431
1403637189.138319016,1.106
1403637189.188318968,1.441
1403637189.23831892,1.116
1403637189.288319111,1.417
1403637189.338319063,1.137
1403637189.388319016,1.448
1403637189.438318968,1.135
1403637189.48831892,1.386
1403637189.538319111,1.084
1403637189.588319063,1.372
1403637189.638319016,1.431
1403637189.688318968,2.644
1403637189.73831892,1.116
1403637189.788319111,1.487
1403637189.838319063,1.389
1403637189.888319016,1.2
1403637189.938318968,1.131
1403637189.98831892,1.408
1403637190.038319111,1.101
1403637190.088319063,1.68
1403637190.138319016,0.996
1403637190.188318968,1.278
1403637190.23831892,1.138
1403637190.288319111,1.52
1403637190.338319063,1.077
1403637190.388319016,1.665
1403637190.438318968,1.072
1403637190.48831892,1.361
1403637190.538319111,1.119
1403637190.588319063,1.498
1403637190.638319016,1.09
1403637190.688318968,1.411
1403637190.73831892,1.126
1403637190.788319111,1.393
1403637190.838319063,1.125
1403637190.888319016,1.76
1403637190.938318968,1.403
1403637190.98831892,1.39
1403637191.038319111,1.103
1403637191.088319063,1.505
1403637191.138319016,1.198
1403637191.188318968,1.445
1403637191.23831892,1.383
1403637191.288319111,2.009
1403637191.338319063,1.112
1403637191.388319016,1.446
1403637191.438318968,1.083
1403637191.48831892,1.406
1403637191.538319111,1.12
1403637191.588319063,1.424
1403637191.638319016,1.135
1403637191.688318968,1.33
1403637191.73831892,1.12
1403637191.788319111,1.198
1403637191.838319063,1.786
1403637191.888319016,1.386
1403637191.938318968,1.098
1403637191.98831892,1.35
1403637192.038319111,1.231
1403637192.088319063,1.449
1403637192.138319016,1.112
1403637192.188318968,1.498
1403637192.23831892,1.138
1403637192.288319111,1.74
1403637192.338319063,1.153
1403637192.388319016,1.401
1403637192.438318968,1.208
1403637192.48831892,1.626
1403637192.538319111,1.1
1403637192.588319063,1.353
1403637192.638319016,1.077
1403637192.688318968,1.412
1403637192.73831892,1.122
1403637192.788319111,1.371
1403637192.838319063,1.571
1403637192.888319016,1.954
1403637192.938318968,1.113
1403637192.98831892,1.687
1403637193.038319111,1.116
1403637193.088319063,1.549
1403637193.138319016,1.103
1403637193.188318968,1.383
1403637193.23831892,1.142
1403637193.288319111,1.388
1403637193.338319063,1.106
1403637193.388319016,1.362
1403637193.438318968,1.107
1403637193.48831892,1.205
1403637193.538319111,1.137
1403637193.588319063,1.572
1403637193.638319016,1.094
1403637193.688318968,1.571
1403637193.73831892,1.099
1403637193.788319111,1.448
1403637193.838319063,1.1
1403637193.888319016,1.358
1403637193.938318968,1.093
1403637193.98831892,1.355
1403637194.038319111,1.385
1403637194.088319063,1.123
1403637194.138319016,1.09
1403637194.188318968,1.445
1403637194.23831892,1.107
1403637194.288319111,1.379
1403637194.338319063,1.071
1403637194.388319016,1.39
1403637194.438318968,1.446
1403637194.48831892,1.888
1403637194.538319111,1.102
1403637194.588319063,1.508
1403637194.638319016,1.146
1403637194.688318968,1.392
1403637194.73831892,1.088
1403637194.788319111,1.445
1403637194.838319063,1.129
1403637194.888319016,1.284
1403637194.938318968,1.088
1403637194.98831892,1.503
1403637195.038319111,1.084
1403637195.088319063,1.4
1403637195.138319016,1.107
1403637195.188318968,1.414
1403637195.23831892,1.101
1403637195.288319111,1.555
1403637195.338319063,1.124
1403637195.388319016,1.725
1403637195.438318968,1.144
1403637195.48831892,1.376
1403637195.538319111,1.126
1403637195.588319063,1.425
1403637195.638319016,1.131
1403637195.688318968,1.304
1403637195.73831892,1.107
1403637195.788319111,1.514
1403637195.838319063,1.137
1403637195.888319016,1.343
1403637195.938318968,1.119
1403637195.98831892,1.387
1403637196.038319111,1.121
1403637196.088319063,2.319
1403637196.138319016,1.119
1403637196.188318968,1.418
1403637196.23831892,1.51
1403637196.288319111,1.656
1403637196.338319063,1.128
1403637196.388319016,1.428
1403637196.438318968,1.436
1403637196.48831892,1.399
1403637196.538319111,1.14
1403637196.588319063,1.355
1403637196.638319016,1.016
1403637196.688318968,1.41
1403637196.73831892,1.128
1403637196.788319111,1.479
1403637196.838319063,0.993
1403637196.888319016,1.405
1403637196.938318968,1.032
1403637196.98831892,1.411
1403637197.038319111,1.084
1403637197.088319063,1.415
1403637197.138319016,1.521
1403637197.188318968,1.587
1403637197.23831892,1.431
1403637197.288319111,1.4
1403637197.338319063,1.191
1403637197.388319016,1.399
1403637197.438318968,1.083
1403637197.48831892,1.42
1403637197.538319111,1.471
1403637197.588319063,1.299
1403637197.638319016,1.092
1403637197.688318968,1.803
1403637197.73831892,1.089
1403637197.788319111,1.614
1403637197.838319063,1.124
1403637197.888319016,1.309
1403637197.938318968,1.089
1403637197.98831892,1.51
1403637198.038319111,1.655
1403637198.088319063,1.251
1403637198.138319016,1.14
1403637198.188318968,1.449
1403637198.23831892,1.095
1403637198.288319111,1.248
1403637198.338319063,1.128
1403637198.388319016,1.464
1403637198.438318968,1.475
1403637198.48831892,1.53
1403637198.538319111,1.141
1403637198.588319063,1.489
1403637198.638319016,1.116
1403637198.688318968,1.406
1403637198.73831892,1.102
1403637198.788319111,1.414
1403637198.838319063,1.342
1403637198.888319016,1.324
1403637198.938318968,1.09
1403637198.98831892,1.483
1403637199.038319111,1.154
1403637199.088319063,1.507
1403637199.138319016,1.097
1403637199.188318968,1.364
1403637199.23831892,1.61
1403637199.288319111,1.891
1403637199.338319063,1.086
1403637199.388319016,1.495
1403637199.438318968,1.096
1403637199.48831892,1.349
1403637199.538319111,1.447
1403637199.588319063,1.596
1403637199.638319016,1.114
1403637199.688318968,1.621
1403637199.73831892,1.136
1403637199.788319111,1.359
1403637199.838319063,1.111
1403637199.888319016,1.355
1403637199.938318968,1.097
1403637199.98831892,1.374
1403637200.038319111,1.097
1403637200.088319063,1.344
1403637200.138319016,1.101
1403637200.188318968,1.462
1403637200.23831892,1.074
1403637200.288319111,1.445
1403637200.338319063,1.115
1403637200.388319016,1.489
1403637200.438318968,1.126
1403637200.48831892,1.721
1403637200.538319111,1.134
1403637200.588319063,1.65
1403637200.638319016,1.111
1403637200.688318968,1.513
1403637200.73831892,1.069
1403637200.788319111,1.304
1403637200.838319063,1.033
1403637200.888319016,2.008
1403637200.938318968,1.102
1403637200.98831892,1.21
1403637201.038319111,1.119
1403637201.088319063,1.328
1403637201.138319016,1.083
1403637201.188318968,1.249
1403637201.23831892,1.105
1403637201.288319111,1.345
1403637201.338319063,1.313
1403637201.388319016,1.516
1403637201.438318968,1.136
1403637201.48831892,1.257
1403637201.538319111,1.109
1403637201.588319063,1.282
1403637201.638319016,1.104
1403637201.688318968,1.529
1403637201.73831892,1.319
1403637201.788319111,1.457
1403637201.838319063,1.185
1403637201.888319016,1.546
1403637201.938318968,1.094
1403637201.98831892,1.327
1403637202.038319111,1.17
1403637202.088319063,1.298
1403637202.138319016,1.39
1403637202.188318968,1.349
1403637202.23831892,1.17
1403637202.288319111,1.345
1403637202.338319063,1.089
1403637202.388319016,1.402
1403637202.438318968,1.055
1403637202.48831892,2.633
1403637202.538319111,0.987
1403637202.588319063,1.375
1403637202.638319016,1.114
1403637202.688318968,1.386
1403637202.73831892,1.075
1403637202.788319111,1.353
1403637202.838319063,1.482
1403637202.888319016,1.639
1403637202.938318968,0.964
1403637202.98831892,1.432
1403637203.038319111,1.149
1403637203.088319063,1.224
1403637203.138319016,1.017
1403637203.188318968,1.387
1403637203.23831892,1.236
1403637203.288319111,1.388
1403637203.338319063,1.101
1403637203.388319016,1.338
1403637203.438318968,1.104
1403637203.48831892,1.368
1403637203.538319111,1.342
1403637203.588319063,1.539
1403637203.638319016,1.108
1403637203.688318968,1.446
1403637203.73831892,1.426
1403637203.788319111,1.516
1403637203.838319063,1.102
1403637203.888319016,1.394
1403637203.938318968,1.129
1403637203.98831892,1.399
1403637204.038319111,1.094
1403637204.088319063,1.919
1403637204.138319016,1.005
1403637204.188318968,1.276
1403637204.23831892,1.158
1403637204.288319111,1.518
1403637204.338319063,1.023
1403637204.388319016,1.488
1403637204.438318968,1.113
1403637204.48831892,1.235
1403637204.538319111,1.138
1403637204.588319063,1.547
1403637204.638319016,1.105
1403637204.688318968,1.365
1403637204.73831892,1.091
1403637204.788319111,1.382
1403637204.838319063,1.414
1403637204.888319016,1.256
1403637204.938318968,1.071
1403637204.98831892,1.237
1403637205.038319111,1.465
1403637205.088319063,1.321
1403637205.138319016,1.095
1403637205.188318968,1.381
1403637205.23831892,1.105
1403637205.288319111,1.399
1403637205.338319063,1.112
1403637205.388319016,1.45
1403637205.438318968,1.128
1403637205.48831892,1.367
1403637205.538319111,1.096
1403637205.588319063,1.392
1403637205.638319016,0.942
1403637205.688318968,2.466
1403637205.73831892,1.326
1403637205.788319111,1.61
1403637205.838319063,1.09
1403637205.888319016,1.698
1403637205.938318968,1.079
1403637205.98831892,1.457
1403637206.038319111,1.069
1403637206.088319063,1.43
1403637206.138319016,1.036
1403637206.188318968,1.625
1403637206.23831892,1.119
1403637206.288319111,1.398
1403637206.338319063,1.086
1403637206.388319016,1.495
1403637206.438318968,1.119
1403637206.48831892,1.245
1403637206.538319111,1.12
1403637206.588319063,1.632
1403637206.638319016,1.076
1403637206.688318968,1.432
1403637206.73831892,1.104
1403637206.788319111,1.479
1403637206.838319063,1.087
1403637206.888319016,1.871
1403637206.938318968,1.109
1403637206.98831892,1.364
1403637207.038319111,1.386
1403637207.088319063,1.339
1403637207.138319016,1.089
1403637207.188318968,1.428
1403637207.23831892,1.112
1403637207.288319111,1.93
1403637207.338319063,1.396
1403637207.388319016,1.651
1403637207.438318968,1.102
1403637207.48831892,1.593
1403637207.538319111,0.966
1403637207.588319063,1.391
1403637207.638319016,1.429
1403637207.688318968,1.438
1403637207.73831892,1.418
1403637207.788319111,1.47
1403637207.838319063,1.096
1403637207.888319016,1.583
1403637207.938318968,1.429
1403637207.98831892,1.579
1403637208.038319111,0.99
1403637208.088319063,1.216
1403637208.138319016,1.363
1403637208.188318968,1.348
1403637208.23831892,1.456
1403637208.288319111,1.431
1403637208.338319063,1.413
1403637208.388319016,1.582
1403637208.438318968,1.113
1403637208.48831892,1.474
1403637208.538319111,1.429
1403637208.588319063,1.469
1403637208.638319016,1.047
1403637208.688318968,1.428
1403637208.73831892,1.613
1403637208.788319111,1.416
1403637208.838319063,1.088
1403637208.888319016,2.519
1403637208.938318968,1.094
1403637208.98831892,1.427
1403637209.038319111,1.475
1403637209.088319063,1.357
1403637209.138319016,1.016
1403637209.188318968,1.368
1403637209.23831892,1.342
1403637209.288319111,1.335
1403637209.338319063,1.657
1403637209.388319016,1.514
1403637209.438318968,1.428
1403637209.48831892,1.369
1403637209.538319111,1.046
1403637209.588319063,1.428
1403637209.638319016,1.407
1403637209.688318968,1.488
1403637209.73831892,1.43
1403637209.788319111,1.425
1403637209.838319063,1.029
1403637209.888319016,1.421
1403637209.938318968,1.445
1403637209.98831892,1.435
1403637210.038319111,1.623
1403637210.088319063,1.533
1403637210.138319016,1.423
1403637210.188318968,1.603
1403637210.23831892,1.393
1403637210.288319111,1.413
1403637210.338319063,1.346
1403637210.388319016,1.326
1403637210.438318968,1.021
1403637210.48831892,1.671
1403637210.538319111,1.148
1403637210.588319063,1.667
1403637210.638319016,1.405
1403637210.688318968,1.283
1403637210.73831892,1.392
1403637210.788319111,1.513
1403637210.838319063,1.338
1403637210.888319016,1.473
1403637210.938318968,1.127
1403637210.98831892,1.374
1403637211.038319111,1.437
1403637211.088319063,1.475
1403637211.138319016,1.094
1403637211.188318968,1.302
1403637211.23831892,1.129
1403637211.288319111,1.597
1403637211.338319063,1.383
1403637211.388319016,1.582
1403637211.438318968,1.264
1403637211.48831892,1.362
1403637211.538319111,1.393
1403637211.588319063,1.461
1403637211.638319016,1.285
1403637211.688318968,1.33
1403637211.73831892,1.401
1403637211.788319111,1.387
1403637211.838319063,1.227
1403637211.888319016,1.486
1403637211.938318968,1.45
1403637211.98831892,1.422
1403637212.038319111,1.069
1403637212.088319063,1.953
1403637212.138319016,1.506
1403637212.188318968,1.369
1403637212.23831892,1.659
1403637212.288319111,1.531
1403637212.338319063,1.41
1403637212.388319016,1.426
1403637212.438318968,1.019
1403637212.48831892,1.307
1403637212.538319111,0.988
1403637212.588319063,1.356
1403637212.638319016,1.087
1403637212.688318968,1.403
1403637212.73831892,1.479
1403637212.788319111,1.496
1403637212.838319063,1.081
1403637212.888319016,1.34
1403637212.938318968,1.079
1403637212.98831892,1.353
1403637213.038319111,1.363
1403637213.088319063,1.457
1403637213.138319016,1.133
1403637213.188318968,1.452
1403637213.23831892,1.365
1403637213.288319111,1.382
1403637213.338319063,1.622
1403637213.388319016,1.603
1403637213.438318968,1.117
1403637213.48831892,1.618
1403637213.538319111,1.444
1403637213.588319063,1.423
1403637213.638319016,1.113
1403637213.688318968,1.811
1403637213.73831892,1.024
1403637213.788319111,1.365
1403637213.838319063,1.066
1403637213.888319016,1.335
1403637213.938318968,1.247
1403637213.98831892,1.412
1403637214.038319111,1.131
1403637214.088319063,1.352
1403637214.138319016,1.116
1403637214.188318968,1.467
1403637214.23831892,1.085
1403637214.288319111,1.387
1403637214.338319063,0.984
1403637214.388319016,1.742
1403637214.438318968,1.089
1403637214.48831892,1.346
1403637214.538319111,1.171
1403637214.588319063,1.271
1403637214.638319016,1.069
1403637214.688318968,1.309
1403637214.73831892,1.101
1403637214.788319111,1.394
1403637214.838319063,1.102
1403637214.888319016,1.523
1403637214.938318968,1.123
1403637214.98831892,1.685
1403637215.038319111,1.12
1403637215.088319063,1.425
1403637215.138319016,1.125
1403637215.188318968,1.279
1403637215.23831892,1.19
1403637215.288319111,2.306
1403637215.338319063,1.104
1403637215.388319016,1.964
1403637215.438318968,1.097
1403637215.48831892,1.737
1403637215.538319111,1.057
1403637215.588319063,1.461
1403637215.638319016,1.103
1403637215.688318968,1.311
1403637215.73831892,1.068
1403637215.788319111,1.491
1403637215.838319063,1.168
1403637215.888319016,1.182
1403637215.938318968,1.129
1403637215.98831892,1.379
1403637216.038319111,1.049
1403637216.088319063,1.342
1403637216.138319016,1.051
1403637216.188318968,1.323
1403637216.23831892,1.086
1403637216.288319111,1.309
1403637216.338319063,1.111
1403637216.388319016,1.607
1403637216.438318968,1.096
1403637216.48831892,1.569
1403637216.538319111,1.045
1403637216.588319063,1.48
1403637216.638319016,1.071
1403637216.688318968,1.396
1403637216.73831892,1.007
1403637216.788319111,1.634
1403637216.838319063,1.021
1403637216.888319016,2.031
1403637216.938318968,1.074
1403637216.98831892,1.497
1403637217.038319111,1.025
1403637217.088319063,1.353
1403637217.138319016,1.037
1403637217.188318968,1.351
1403637217.23831892,1.078
1403637217.288319111,1.267
1403637217.338319063,1.132
1403637217.388319016,1.35
1403637217.438318968,1.077
1403637217.48831892,1.705
1403637217.538319111,1.228
1403637217.588319063,1.481
1403637217.638319016,1.106
1403637217.688318968,1.345
1403637217.73831892,1.115
1403637217.788319111,1.68
1403637217.838319063,1.111
1403637217.888319016,1.556
1403637217.938318968,1.111
1403637217.98831892,1.378
1403637218.038319111,1.063
1403637218.088319063,1.733
1403637218.138319016,1.138
1403637218.188318968,1.409
1403637218.23831892,1.099
1403637218.288319111,1.449
1403637218.338319063,1.12
1403637218.388319016,1.509
1403637218.438318968,1.15
1403637218.48831892,2.027
1403637218.538319111,1.155
1403637218.588319063,1.655
1403637218.638319016,1.13
1403637218.688318968,1.007
1403637218.73831892,1.129
1403637218.788319111,1.395
1403637218.838319063,1.078
1403637218.888319016,1.034
1403637218.938318968,1.098
1403637218.98831892,1.649
1403637219.038319111,1.116
1403637219.088319063,1.422
1403637219.138319016,1.117
1403637219.188318968,1.475
1403637219.23831892,1.091
1403637219.288319111,1.47
1403637219.338319063,1.015
1403637219.388319016,1.611
1403637219.438318968,1.128
1403637219.48831892,1.475
1403637219.538319111,1.1
1403637219.588319063,1.523
1403637219.638319016,1.113
1403637219.688318968,1.46
1403637219.73831892,1.104
1403637219.788319111,1.539
1403637219.838319063,1.163
1403637219.888319016,1.476
1403637219.938318968,0.996
1403637219.98831892,1.486
1403637220.038319111,0.998
1403637220.088319063,2.169
1403637220.138319016,1.437
1403637220.188318968,1.31
1403637220.23831892,1.141
1403637220.288319111,1.259
1403637220.338319063,1.435
1403637220.388319016,1.356
1403637220.438318968,1.085
1403637220.48831892,1.385
1403637220.538319111,0.985
1403637220.588319063,1.446
1403637220.638319016,1.129
1403637220.688318968,1.314
1403637220.73831892,1.519
1403637220.788319111,1.427
1403637220.838319063,1.045
1403637220.888319016,1.233
1403637220.938318968,1.083
1403637220.98831892,1.234
1403637221.038319111,1.125
1403637221.088319063,1.538
1403637221.138319016,1.13
1403637221.188318968,1.422
1403637221.23831892,1.082
1403637221.288319111,1.378
1403637221.338319063,1.36
1403637221.388319016,1.332
1403637221.438318968,1.127
1403637221.48831892,1.319
1403637221.538319111,0.952
1403637221.588319063,1.465
1403637221.638319016,1.126
1403637221.688318968,2.862
1403637221.73831892,1.146
1403637221.788319111,1.452
1403637221.838319063,1.375
1403637221.888319016,1.447
1403637221.938318968,1.327
1403637221.98831892,1.278
1403637222.038319111,1.106
1403637222.088319063,1.309
1403637222.138319016,1.078
1403637222.188318968,1.374
1403637222.23831892,1.578
1403637222.288319111,1.407
1403637222.338319063,1.106
1403637222.388319016,1.288
1403637222.438318968,1.14
1403637222.48831892,1.483
1403637222.538319111,1.158
1403637222.588319063,1.403
1403637222.638319016,1.099
1403637222.688318968,1.741
1403637222.73831892,1.061
1403637222.788319111,1.682
1403637222.838319063,1.173
1403637222.888319016,1.443
1403637222.938318968,0.981
1403637222.98831892,1.655
1403637223.038319111,1.149
1403637223.088319063,1.26
1403637223.138319016,1.121
1403637223.188318968,1.417
1403637223.23831892,1.07
1403637223.288319111,1.822
1403637223.338319063,1.008
1403637223.388319016,1.491
1403637223.438318968,1.083
1403637223.48831892,1.434
1403637223.538319111,1.299
1403637223.588319063,1.227
1403637223.638319016,1.105
1403637223.688318968,1.492
1403637223.73831892,1.098
1403637223.788319111,1.497
1403637223.838319063,1.306
1403637223.888319016,1.295
1403637223.938318968,1.084
1403637223.98831892,1.681
1403637224.038319111,1.09
1403637224.088319063,1.235
1403637224.138319016,1.119
1403637224.188318968,1.374
1403637224.23831892,1.076
1403637224.288319111,1.372
1403637224.338319063,1.044
1403637224.388319016,1.456
1403637224.438318968,1.085
1403637224.48831892,1.591
1403637224.538319111,1.115
1403637224.588319063,1.433
1403637224.638319016,1.09
1403637224.688318968,1.251
1403637224.73831892,1.033
1403637224.788319111,1.427
1403637224.838319063,1.108
1403637224.888319016,1.936
1403637224.938318968,1.09
1403637224.98831892,1.406
1403637225.038319111,1.08
1403637225.088319063,1.677
1403637225.138319016,1.124
1403637225.188318968,1.484
1403637225.23831892,1.118
1403637225.288319111,1.335
1403637225.338319063,1.367
1403637225.388319016,1.384
1403637225.438318968,1.112
1403637225.48831892,1.539
1403637225.538319111,1.242
1403637225.588319063,1.524
1403637225.638319016,1.072
1403637225.688318968,1.38
1403637225.73831892,1.011
1403637225.788319111,1.346
1403637225.838319063,1.42
1403637225.888319016,1.405
1403637225.938318968,1.058
1403637225.98831892,1.603
1403637226.038319111,1.101
1403637226.088319063,1.406
1403637226.138319016,1.282
1403637226.188318968,1.332
1403637226.23831892,0.987
1403637226.288319111,1.442
1403637226.338319063,1.343
1403637226.388319016,1.385
1403637226.438318968,1.145
1403637226.48831892,1.878
1403637226.538319111,1.1
1403637226.588319063,1.425
1403637226.638319016,1.09
1403637226.688318968,1.358
1403637226.73831892,1.093
1403637226.788319111,1.245
1403637226.838319063,1.029
1403637226.888319016,1.325
1403637226.938318968,1.047
1403637226.98831892,1.325
1403637227.038319111,1.149
1403637227.088319063,1.564
1403637227.138319016,1.34
1403637227.188318968,1.455
1403637227.23831892,1.213
1403637227.288319111,1.394
1403637227.338319063,1.055
1403637227.388319016,1.586
1403637227.438318968,1.017
1403637227.48831892,1.567
1403637227.538319111,1.099
1403637227.588319063,1.384
1403637227.638319016,1.087
1403637227.688318968,1.247
1403637227.73831892,1.104
1403637227.788319111,1.429
1403637227.838319063,1.233
1403637227.888319016,1.536
1403637227.938318968,1.26
1403637227.98831892,1.412
1403637228.038319111,1.382
1403637228.088319063,2.36
1403637228.138319016,1.301
1403637228.188318968,1.403
1403637228.23831892,1.105
1403637228.288319111,1.204
1403637228.338319063,1.42
1403637228.388319016,1.452
1403637228.438318968,1.034
1403637228.48831892,1.385
1403637228.538319111,1.44
1403637228.588319063,1.397
1403637228.638319016,1.198
1403637228.688318968,1.498
1403637228.73831892,1.348
1403637228.788319111,1.322
1403637228.838319063,1.356
1403637228.888319016,1.454
1403637228.938318968,1.366
1403637228.98831892,1.414
1403637229.038319111,1.253
1403637229.088319063,1.421
1403637229.138319016,0.998
1403637229.188318968,1.504
1403637229.23831892,1.043
1403637229.288319111,1.564
1403637229.338319063,1.375
1403637229.388319016,1.446
1403637229.438318968,1.309
1403637229.48831892,1.364
1403637229.538319111,1.025
1403637229.588319063,1.394
1403637229.638319016,1.318
1403637229.688318968,1.806
1403637229.73831892,1.019
1403637229.788319111,1.595
1403637229.838319063,1.39
1403637229.888319016,1.218
1403637229.938318968,1.259
1403637229.98831892,1.364
1403637230.038319111,1.383
1403637230.088319063,1.387
1403637230.138319016,0.967
1403637230.188318968,1.29
1403637230.23831892,1.245
1403637230.288319111,1.442
1403637230.338319063,1.494
1403637230.388319016,1.361
1403637230.438318968,1.001
1403637230.48831892,1.499
1403637230.538319111,1.032
1403637230.588319063,1.455
1403637230.638319016,1.358
1403637230.688318968,1.609
1403637230.73831892,1.412
1403637230.788319111,1.408
1403637230.838319063,1.145
1403637230.888319016,1.47
1403637230.938318968,1.153
1403637230.98831892,1.305
1403637231.038319111,1.004
1403637231.088319063,1.401
1403637231.138319016,1.019
1403637231.188318968,1.527
1403637231.23831892,1.061
1403637231.288319111,2.145
1403637231.338319063,1.028
1403637231.388319016,1.648
1403637231.438318968,1.388
1403637231.48831892,1.382
1403637231.538319111,1.04
1403637231.588319063,1.537
1403637231.638319016,1.443
1403637231.688318968,1.396
1403637231.73831892,1.489
1403637231.788319111,1.306
1403637231.838319063,1.019
1403637231.888319016,1.386
1403637231.938318968,1.677
1403637231.98831892,1.497
1403637232.038319111,0.981
1403637232.088319063,1.33
1403637232.138319016,1.348
1403637232.188318968,1.36
1403637232.23831892,1.253
1403637232.288319111,1.409
1403637232.338319063,1.067
1403637232.388319016,1.313
1403637232.438318968,1.42
1403637232.48831892,1.402
1403637232.538319111,1.372
1403637232.588319063,1.751
1403637232.638319016,1.455
1403637232.688318968,1.234
1403637232.73831892,1.1
1403637232.788319111,1.413
1403637232.838319063,1.05
1403637232.888319016,1.904
1403637232.938318968,1.4
1403637232.98831892,1.525
1403637233.038319111,1.309
1403637233.088319063,1.376
1403637233.138319016,1.006
1403637233.188318968,1.69
1403637233.23831892,1.115
1403637233.288319111,1.652
1403637233.338319063,1.393
1403637233.388319016,1.481
1403637233.438318968,1.562
1403637233.48831892,1.373
1403637233.538319111,1.498
1403637233.588319063,1.247
1403637233.638319016,1.488
1403637233.688318968,1.448
1403637233.73831892,1.526
1403637233.788319111,1.403
1403637233.838319063,1.028
1403637233.888319016,1.3
1403637233.938318968,1.372
1403637233.98831892,1.308
1403637234.038319111,1.36
1403637234.088319063,1.465
1403637234.138319016,1.449
1403637234.188318968,1.311
1403637234.23831892,1.373
1403637234.288319111,1.765
1403637234.338319063,1.064
1403637234.388319016,1.366
1403637234.438318968,0.998
1403637234.48831892,2.599
1403637234.538319111,1.449
1403637234.588319063,1.377
1403637234.638319016,1.014
1403637234.688318968,1.312
1403637234.73831892,1.434
1403637234.788319111,1.311
1403637234.838319063,1.008
1403637234.888319016,1.348
1403637234.938318968,1.487
1403637234.98831892,1.425
1403637235.038319111,1.011
1403637235.088319063,1.824
1403637235.138319016,1.413
1403637235.188318968,1.474
1403637235.23831892,1.62
1403637235.288319111,1.393
1403637235.338319063,1.414
1403637235.388319016,1.43
1403637235.438318968,1.309
1403637235.48831892,1.41
1403637235.538319111,1.44
1403637235.588319063,1.406
1403637235.638319016,1.072
1403637235.688318968,1.675
1403637235.73831892,1.092
1403637235.788319111,1.464
1403637235.838319063,1.298
1403637235.888319016,1.36
1403637235.938318968,1.353
1403637235.98831892,1.628
1403637236.038319111,1.377
1403637236.088319063,1.854
1403637236.138319016,1.529
1403637236.188318968,1.452
1403637236.23831892,1.006
1403637236.288319111,1.44
1403637236.338319063,1.411
1403637236.388319016,1.46
1403637236.438318968,1.456
1403637236.48831892,1.29
1403637236.538319111,1.496
1403637236.588319063,1.39
1403637236.638319016,1.48
1403637236.688318968,1.394
1403637236.73831892,1.501
1403637236.788319111,1.488
1403637236.838319063,1.485
1403637236.888319016,1.445
1403637236.938318968,1.475
1403637236.98831892,1.398
1403637237.038319111,1.319
1403637237.088319063,1.573
1403637237.138319016,1.371
1403637237.188318968,1.514
1403637237.23831892,0.982
1403637237.288319111,1.408
1403637237.338319063,1.075
1403637237.388319016,1.381
1403637237.438318968,1.104
1403637237.48831892,1.572
1403637237.538319111,1.092
1403637237.588319063,1.406
1403637237.638319016,1.004
1403637237.688318968,2.107
1403637237.73831892,1.093
1403637237.788319111,1.414
1403637237.838319063,1.511
1403637237.888319016,1.248
1403637237.938318968,1.403
1403637237.98831892,1.487
1403637238.038319111,1.4
1403637238.088319063,1.358
1403637238.138319016,1.377
1403637238.188318968,1.376
1403637238.23831892,1.367
1403637238.288319111,1.44
1403637238.338319063,1.078
1403637238.388319016,1.491
1403637238.438318968,1.357
1403637238.48831892,1.36
1403637238.538319111,1.091
1403637238.588319063,1.68
1403637238.638319016,1.074
1403637238.688318968,1.323
1403637238.73831892,1.323
1403637238.788319111,1.447
1403637238.838319063,1.063
1403637238.888319016,1.483
1403637238.938318968,1.364
1403637238.98831892,1.462
1403637239.038319111,1.135
1403637239.088319063,1.742
1403637239.138319016,1.117
1403637239.188318968,1.425
1403637239.23831892,1.252
1403637239.288319111,1.906
1403637239.338319063,1.432
1403637239.388319016,1.336
1403637239.438318968,1.096
1403637239.48831892,1.377
1403637239.538319111,1.392
1403637239.588319063,1.434
1403637239.638319016,1.288
1403637239.688318968,1.483
1403637239.73831892,1.339
1403637239.788319111,1.624
1403637239.838319063,1.1
1403637239.888319016,1.477
1403637239.938318968,1.392
1403637239.98831892,1.375
1403637240.038319111,1.406
1403637240.088319063,1.385
1403637240.138319016,1.403
1403637240.188318968,1.326
1403637240.23831892,1.367
1403637240.288319111,1.249
1403637240.338319063,1.569
1403637240.388319016,1.361
1403637240.438318968,1.366
1403637240.48831892,1.405
1403637240.538319111,1.051
1403637240.588319063,1.402
1403637240.638319016,1.43
1403637240.688318968,1.427
1403637240.73831892,1.395
1403637240.788319111,1.295
1403637240.838319063,1.01
1403637240.888319016,2.426
1403637240.938318968,1.48
1403637240.98831892,1.388
1403637241.038319111,1.064
1403637241.088319063,1.379
1403637241.138319016,0.978
1403637241.188318968,1.434
1403637241.23831892,1.303
1403637241.288319111,1.539
1403637241.338319063,1.059
1403637241.388319016,1.346
1403637241.438318968,1.043
1403637241.48831892,1.439
1403637241.538319111,1.505
1403637241.588319063,1.381
1403637241.638319016,1.478
1403637241.688318968,1.468
1403637241.73831892,1.388
1403637241.788319111,1.378
1403637241.838319063,1.046
1403637241.888319016,1.346
1403637241.938318968,1.06
1403637241.98831892,1.384
1403637242.038319111,1.799
1403637242.088319063,1.433
1403637242.138319016,1.002
1403637242.188318968,1.46
1403637242.23831892,1.426
1403637242.288319111,1.476
1403637242.338319063,1.065
1403637242.388319016,1.316
1403637242.438318968,1.401
1403637242.48831892,1.738
1403637242.538319111,1.323
1403637242.588319063,1.39
1403637242.638319016,1.378
1403637242.688318968,1.364
1403637242.73831892,1.3
1403637242.788319111,1.514
1403637242.838319063,1.053
1403637242.888319016,1.432
1403637242.938318968,1.378
1403637242.98831892,1.468
1403637243.038319111,1.03
1403637243.088319063,1.437
1403637243.138319016,1.321
1403637243.188318968,1.406
1403637243.23831892,1.429
1403637243.288319111,1.769
1403637243.338319063,1.051
1403637243.388319016,1.337
1403637243.438318968,1.379
1403637243.48831892,1.247
1403637243.538319111,1.4
1403637243.588319063,1.315
1403637243.638319016,1.507
1403637243.688318968,1.251
1403637243.73831892,1.095
1403637243.788319111,1.754
1403637243.838319063,1.112
1403637243.888319016,1.488
1403637243.938318968,1.03
1403637243.98831892,1.526
1403637244.038319111,1.339
1403637244.088319063,2.1
1403637244.138319016,1.105
1403637244.188318968,1.437
1403637244.23831892,1.461
1403637244.288319111,1.339
1403637244.338319063,1.131
1403637244.388319016,1.294
1403637244.438318968,1.477
1403637244.48831892,1.401
1403637244.538319111,1.438
1403637244.588319063,1.379
1403637244.638319016,1.421
1403637244.688318968,1.345
1403637244.73831892,1.328
1403637244.788319111,1.532
1403637244.838319063,1.02
1403637244.888319016,1.359
1403637244.938318968,1.034
1403637244.98831892,1.527
1403637245.038319111,1.402
1403637245.088319063,1.395
1403637245.138319016,1.372
1403637245.188318968,1.279
1403637245.23831892,1.569
1403637245.288319111,1.381
1403637245.338319063,1.355
1403637245.388319016,1.343
1403637245.438318968,1.578
1403637245.48831892,1.351
1403637245.538319111,1.495
1403637245.588319063,1.295
1403637245.638319016,1.339
1403637245.688318968,1.93
1403637245.73831892,1.396
1403637245.788319111,1.482
1403637245.838319063,0.999
1403637245.888319016,1.361
1403637245.938318968,1.413
1403637245.98831892,1.277
1403637246.038319111,1.258
1403637246.088319063,1.469
1403637246.138319016,1.455
1403637246.188318968,1.417
1403637246.23831892,1.522
1403637246.288319111,1.413
1403637246.338319063,1.387
1403637246.388319016,1.426
1403637246.438318968,1.381
1403637246.48831892,1.382
1403637246.538319111,1.492
1403637246.588319063,1.344
1403637246.638319016,1.375
1403637246.688318968,1.406
1403637246.73831892,1.307
1403637246.788319111,1.464
1403637246.838319063,0.982
1403637246.888319016,1.357
1403637246.938318968,1.51
1403637246.98831892,1.49
1403637247.038319111,1.016
1403637247.088319063,1.454
1403637247.138319016,1.445
1403637247.188318968,1.62
1403637247.23831892,1.115
1403637247.288319111,2.534
1403637247.338319063,1.124
1403637247.388319016,1.434
1403637247.438318968,1.383
1403637247.48831892,1.452
1403637247.538319111,1.05
1403637247.588319063,1.65
1403637247.638319016,1.507
1403637247.688318968,1.303
1403637247.73831892,1.094
1403637247.788319111,1.678
1403637247.838319063,1.185
1403637247.888319016,1.302
1403637247.938318968,1.015
1403637247.98831892,1.374
1403637248.038319111,1.384
1403637248.088319063,1.525
1403637248.138319016,1.187
1403637248.188318968,1.242
1403637248.23831892,1.024
1403637248.288319111,1.312
1403637248.338319063,1.343
1403637248.388319016,1.509
1403637248.438318968,1.022
1403637248.48831892,1.492
1403637248.538319111,1.472
1403637248.588319063,1.407
1403637248.638319016,1.412
1403637248.688318968,1.389
1403637248.73831892,1.327
1403637248.788319111,1.593
1403637248.838319063,1.003
1403637248.888319016,1.878
1403637248.938318968,0.992
1403637248.98831892,1.364
1403637249.038319111,1.281
1403637249.088319063,1.57
1403637249.138319016,1.491
1403637249.188318968,1.335
1403637249.23831892,1.416
1403637249.288319111,1.377
1403637249.338319063,1.015
1403637249.388319016,1.339
1403637249.438318968,1.445
1403637249.48831892,1.651
1403637249.538319111,1.053
1403637249.588319063,1.662
1403637249.638319016,1.588
1403637249.688318968,1.402
1403637249.73831892,1.017
1403637249.788319111,1.375
1403637249.838319063,1.422
1403637249.888319016,1.384
1403637249.938318968,1.494
1403637249.98831892,1.416
1403637250.038319111,1.425
1403637250.088319063,1.332
1403637250.138319016,1.479
1403637250.188318968,1.677
1403637250.23831892,1.058
1403637250.288319111,1.222
1403637250.338319063,1.376
1403637250.388319016,1.391
1403637250.438318968,1.084
1403637250.48831892,2.188
1403637250.538319111,1.446
1403637250.588319063,1.301
1403637250.638319016,0.989
1403637250.688318968,1.36
1403637250.73831892,1.571
1403637250.788319111,1.54
1403637250.838319063,0.995
1403637250.888319016,1.365
1403637250.938318968,1.025
1403637250.98831892,1.775
1403637251.038319111,1.45
1403637251.088319063,1.35
1403637251.138319016,1.592
1403637251.188318968,1.569
1403637251.23831892,1.46
1403637251.288319111,1.498
1403637251.338319063,1.368
1403637251.388319016,1.349
1403637251.438318968,1.422
1403637251.48831892,1.495
1403637251.538319111,1.003
1403637251.588319063,1.448
1403637251.638319016,1.07
1403637251.688318968,1.705
1403637251.73831892,1.445
1403637251.788319111,1.376
1403637251.838319063,1.514
1403637251.888319016,1.395
1403637251.938318968,1.385
1403637251.98831892,1.354
1403637252.038319111,1.531
1403637252.088319063,2.03
1403637252.138319016,1.488
1403637252.188318968,1.266
1403637252.23831892,1.455
1403637252.288319111,1.263
1403637252.338319063,1.404
1403637252.388319016,1.478
1403637252.438318968,1.088
1403637252.48831892,1.318
1403637252.538319111,1.029
1403637252.588319063,1.385
1403637252.638319016,1.043
1403637252.688318968,1.317
1403637252.73831892,1.291
1403637252.788319111,1.474
1403637252.838319063,1.377
1403637252.888319016,1.507
1403637252.938318968,1.036
1403637252.98831892,1.453
1403637253.038319111,1.432
1403637253.088319063,1.34
1403637253.138319016,1.006
1403637253.188318968,1.299
1403637253.23831892,1.395
1403637253.288319111,1.345
1403637253.338319063,1.454
1403637253.388319016,1.509
1403637253.438318968,1.459
1403637253.48831892,1.432
1403637253.538319111,1.482
1403637253.588319063,1.75
1403637253.638319016,1.583
1403637253.688318968,2.625
1403637253.73831892,1.373
1403637253.788319111,1.273
1403637253.838319063,1.544
1403637253.888319016,1.401
1403637253.938318968,1.416
1403637253.98831892,1.365
1403637254.038319111,1.033
1403637254.088319063,1.393
1403637254.138319016,1.432
1403637254.188318968,1.298
1403637254.23831892,1.339
1403637254.288319111,1.469
1403637254.338319063,1.033
1403637254.388319016,1.503
1403637254.438318968,1.393
1403637254.48831892,1.478
1403637254.538319111,1.046
1403637254.588319063,1.642
1403637254.638319016,1.366
1403637254.688318968,1.697
1403637254.73831892,1.037
1403637254.788319111,1.505
1403637254.838319063,1.467
1403637254.888319016,1.504
1403637254.938318968,1.468
1403637254.98831892,1.359
1403637255.038319111,1.562
1403637255.088319063,1.23
1403637255.138319016,1.04
1403637255.188318968,1.394
1403637255.23831892,1.071
1403637255.288319111,1.934
1403637255.338319063,1.35
1403637255.388319016,1.563
1403637255.438318968,1.301
1403637255.48831892,1.369
1403637255.538319111,1.38
1403637255.588319063,1.404
1403637255.638319016,0.993
1403637255.688318968,1.409
1403637255.73831892,1.317
1403637255.788319111,1.477
1403637255.838319063,1.274
1403637255.888319016,1.449
1403637255.938318968,1.405
1403637255.98831892,1.285
1403637256.038319111,1.075
1403637256.088319063,1.461
1403637256.138319016,1.345
1403637256.188318968,1.39
1403637256.23831892,1.474
1403637256.288319111,1.5
1403637256.338319063,1.344
1403637256.388319016,1.488
1403637256.438318968,1.375
1403637256.48831892,1.542
1403637256.538319111,1.428
1403637256.588319063,1.51
1403637256.638319016,1.038
1403637256.688318968,1.389
1403637256.73831892,1.355
1403637256.788319111,1.506
1403637256.838319063,1.444
1403637256.888319016,1.911
1403637256.938318968,1.477
1403637256.98831892,1.394
1403637257.038319111,1.519
1403637257.088319063,1.57
1403637257.138319016,1.471
1403637257.188318968,1.372
1403637257.23831892,1.012
1403637257.288319111,1.383
1403637257.338319063,1.327
1403637257.388319016,1.347
1403637257.438318968,1.458
1403637257.48831892,1.294
1403637257.538319111,1.39
1403637257.588319063,1.446
1403637257.638319016,1.389
1403637257.688318968,1.426
1403637257.73831892,1.538
1403637257.788319111,1.269
1403637257.838319063,1.537
1403637257.888319016,1.201
1403637257.938318968,1.017
1403637257.98831892,1.774
1403637258.038319111,1.017
1403637258.088319063,1.262
1403637258.138319016,1.368
1403637258.188318968,1.274
1403637258.23831892,1.452
1403637258.288319111,1.398
1403637258.338319063,1.457
1403637258.388319016,1.558
1403637258.438318968,1.479
1403637258.48831892,1.76
1403637258.538319111,1.388
1403637258.588319063,1.328
1403637258.638319016,1.414
1403637258.688318968,1.498
1403637258.73831892,1.393
1403637258.788319111,1.353
1403637258.838319063,1.382
1403637258.888319016,1.406
1403637258.938318968,1.06
1403637258.98831892,1.454
1403637259.038319111,1.448
1403637259.088319063,1.633
1403637259.138319016,1.619
1403637259.188318968,1.492
1403637259.23831892,1.414
1403637259.288319111,1.349
1403637259.338319063,1.063
1403637259.388319016,1.32
1403637259.438318968,1.345
1403637259.48831892,1.447
1403637259.538319111,1.429
1403637259.588319063,1.498
1403637259.638319016,1.378
1403637259.688318968,1.398
1403637259.73831892,1.347
1403637259.788319111,1.417
1403637259.838319063,1.344
1403637259.888319016,1.399
1403637259.938318968,1.013
1403637259.98831892,1.361
1403637260.038319111,1.337
1403637260.088319063,2.753
1403637260.138319016,1.074
1403637260.188318968,1.68
1403637260.23831892,1.428
1403637260.288319111,1.401
1403637260.338319063,1.22
1403637260.388319016,1.371
1403637260.438318968,1.102
1403637260.48831892,1.64
1403637260.538319111,1.077
1403637260.588319063,1.588
1403637260.638319016,1.36
1403637260.688318968,1.496
1403637260.73831892,1.045
1403637260.788319111,1.547
1403637260.838319063,1.076
1403637260.888319016,1.365
1403637260.938318968,1.305
1403637260.98831892,1.522
1403637261.038319111,1.066
1403637261.088319063,1.65
1403637261.138319016,1.117
1403637261.188318968,1.347
1403637261.23831892,1.111
1403637261.288319111,1.676
1403637261.338319063,1.113
1403637261.388319016,1.659
1403637261.438318968,1.106
1403637261.48831892,1.421
1403637261.538319111,1.127
1403637261.588319063,1.301
1403637261.638319016,1.08
1403637261.688318968,1.806
1403637261.73831892,1.117
1403637261.788319111,1.563
1403637261.838319063,1.12
1403637261.888319016,1.384
1403637261.938318968,1.127
1403637261.98831892,1.469
1403637262.038319111,1.116
1403637262.088319063,1.346
1403637262.138319016,1.159
1403637262.188318968,1.375
1403637262.23831892,1.128
1403637262.288319111,1.407
1403637262.338319063,1.102
1403637262.388319016,1.815
1403637262.438318968,1.09
1403637262.48831892,1.493
1403637262.538319111,1.124
1403637262.588319063,1.405
1403637262.638319016,1.077
1403637262.688318968,1.489
1403637262.73831892,1.184
1403637262.788319111,1.488
1403637262.838319063,1.151
1403637262.888319016,1.389
1403637262.938318968,1.133
1403637262.98831892,1.623
1403637263.038319111,1.118
1403637263.088319063,1.612
1403637263.138319016,1.117
1403637263.188318968,1.408
1403637263.23831892,1.123
1403637263.288319111,2.289
1403637263.338319063,1.126
1403637263.388319016,1.5
1403637263.438318968,1.093
1403637263.48831892,1.604
1403637263.538319111,1.182
1403637263.588319063,1.566
1403637263.638319016,1.063
1403637263.688318968,1.51
1403637263.73831892,1.091
1403637263.788319111,1.475
1403637263.838319063,1.071
1403637263.888319016,1.492
1403637263.938318968,1.134
1403637263.98831892,1.372
1403637264.038319111,1.132
1403637264.088319063,1.595
1403637264.138319016,1.156
1403637264.188318968,1.418
1403637264.23831892,1.114
1403637264.288319111,1.44
1403637264.338319063,1.138
1403637264.388319016,1.363
1403637264.438318968,1.11
1403637264.48831892,1.427
1403637264.538319111,1.105
1403637264.588319063,1.819
1403637264.638319016,1.037
1403637264.688318968,1.091
1403637264.73831892,1.105
1403637264.788319111,1.08
1403637264.838319063,1.148
1403637264.888319016,1.574
1403637264.938318968,1.322
1403637264.98831892,1.581
1403637265.038319111,1.059
1403637265.088319063,1.369
1403637265.138319016,1.109
1403637265.188318968,1.091
1403637265.23831892,1.125
1403637265.288319111,1.234
1403637265.338319063,1.201
1403637265.388319016,1.421
1403637265.438318968,1.141
1403637265.48831892,1.359
