1413394881.605760574,6.20939
1413394881.655760527,8.69388
1413394881.705760479,9.63017
1413394881.755760431,22.8992
1413394881.805760384,18.1532
1413394881.855760574,19.3448
1413394881.905760527,17.3204
1413394881.955760479,19.0845
1413394882.005760431,17.2728
1413394882.055760384,15.8087
1413394882.105760574,17.9849
1413394882.155760527,19.1437
1413394882.205760479,19.1495
1413394882.255760431,16.0092
1413394882.305760384,16.8649
1413394882.355760574,20.0705
1413394882.405760527,18.1457
1413394882.455760479,19.7823
1413394882.505760431,21.1496
1413394882.555760384,21.4113
1413394882.605760574,18.9194
1413394882.655760527,19.4965
1413394882.705760479,19.1564
1413394882.755760431,20.528
1413394882.805760384,17.1546
1413394882.855760574,19.9964
1413394882.905760527,18.5695
1413394882.955760479,19.0696
1413394883.005760431,17.8453
1413394883.055760384,18.5993
1413394883.105760574,16.3757
1413394883.155760527,18.2875
1413394883.205760479,19.2979
1413394883.255760431,18.6763
1413394883.305760384,17.5706
1413394883.355760574,17.2204
1413394883.405760527,19.7125
1413394883.455760479,19.1853
1413394883.505760431,18.035
1413394883.555760384,17.5993
1413394883.605760574,18.5618
1413394883.655760527,20.3314
1413394883.705760479,14.4293
1413394883.755760431,20.4105
1413394883.805760384,21.1748
1413394883.855760574,17.2528
1413394883.905760527,20.5646
1413394883.955760479,18.3737
1413394884.005760431,15.6603
1413394884.055760384,17.4311
1413394884.105760574,19.6239
1413394884.155760527,16.2216
1413394884.205760479,20.559
1413394884.255760431,21.2099
1413394884.305760384,20.0071
1413394884.355760574,20.0534
1413394884.405760527,18.688
1413394884.455760479,16.5618
1413394884.505760431,18.8594
1413394884.555760384,19.6225
1413394884.605760574,16.3845
1413394884.655760527,18.2045
1413394884.705760479,21.4645
1413394884.755760431,17.6167
1413394884.805760384,17.0639
1413394884.855760574,20.0268
1413394884.905760527,19.093
1413394884.955760479,17.723
1413394885.005760431,18.5013
1413394885.055760384,16.6314
1413394885.105760574,20.1791
1413394885.155760527,21.1599
1413394885.205760479,17.9039
1413394885.255760431,19.9712
1413394885.305760384,21.1282
1413394885.355760574,17.3034
1413394885.405760527,18.9912
1413394885.455760479,17.396
1413394885.505760431,18.1401
1413394885.555760384,20.7371
1413394885.605760574,18.4217
1413394885.655760527,16.3151
1413394885.705760479,20.8807
1413394885.755760431,18.7055
1413394885.805760384,17.7791
1413394885.855760574,18.9286
1413394885.905760527,19.4436
1413394885.955760479,17.9068
1413394886.005760431,19.1545
1413394886.055760384,17.836
1413394886.105760574,19.4457
1413394886.155760527,18.3021
1413394886.205760479,19.3407
1413394886.255760431,15.3648
1413394886.305760384,17.0904
1413394886.355760574,19.2718
1413394886.405760527,15.9636
1413394886.455760479,20.5345
1413394886.505760431,18.4091
1413394886.555760384,17.0428
1413394886.605760574,19.5829
1413394886.655760527,21.7407
1413394886.705760479,17.4689
1413394886.755760431,20.0173
1413394886.805760384,18.2249
1413394886.855760574,17.9669
1413394886.905760527,19.9464
1413394886.955760479,19.3118
1413394887.005760431,18.6438
1413394887.055760384,20.533
1413394887.105760574,20.6355
1413394887.155760527,19.4105
1413394887.205760479,19.7445
1413394887.255760431,20.5374
1413394887.305760384,17.1739
1413394887.355760574,17.1485
1413394887.405760527,18.3437
1413394887.455760479,18.5082
1413394887.505760431,18.1935
1413394887.555760384,18.4025
1413394887.605760574,19.26
1413394887.655760527,21.19
1413394887.705760479,21.0702
1413394887.755760431,15.2714
1413394887.805760384,19.703
1413394887.855760574,21.1865
1413394887.905760527,20.7928
1413394887.955760479,20.4447
1413394888.005760431,23.2158
1413394888.055760384,22.6463
1413394888.105760574,23.6775
1413394888.155760527,21.6669
1413394888.205760479,19.549
1413394888.255760431,24.2006
1413394888.305760384,21.628
1413394888.355760574,17.6071
1413394888.405760527,23.2594
1413394888.455760479,19.7774
1413394888.505760431,22.164
1413394888.555760384,23.3087
1413394888.605760574,23.3613
1413394888.655760527,20.295
1413394888.705760479,24.1757
1413394888.755760431,21.3071
1413394888.805760384,19.0573
1413394888.855760574,23.1585
1413394888.905760527,21.045
1413394888.955760479,17.5174
1413394889.005760431,20.5675
1413394889.055760384,19.7828
1413394889.105760574,18.6218
1413394889.155760527,21.2761
1413394889.205760479,18.9717
1413394889.255760431,17.5138
1413394889.305760384,17.0078
1413394889.355760574,18.8658
1413394889.405760527,16.624
1413394889.455760479,17.3108
1413394889.505760431,17.757
1413394889.555760384,18.9269
1413394889.605760574,17.4107
1413394889.655760527,17.253
1413394889.705760479,17.0983
1413394889.755760431,20.2327
1413394889.805760384,21.8754
1413394889.855760574,22.1851
1413394889.905760527,21.4086
1413394889.955760479,22.7713
1413394890.005760431,21.0936
1413394890.055760384,23.6791
1413394890.105760574,21.6436
1413394890.155760527,20.1193
1413394890.205760479,21.094
1413394890.255760431,19.8004
1413394890.305760384,21.6967
1413394890.355760574,20.5154
1413394890.405760527,18.0302
1413394890.455760479,18.3635
1413394890.505760431,19.8822
1413394890.555760384,18.8843
1413394890.605760574,16.6751
1413394890.655760527,14.1033
1413394890.705760479,17.9321
1413394890.755760431,18.4605
1413394890.805760384,18.5818
1413394890.855760574,19.1365
1413394890.905760527,16.2259
1413394890.955760479,19.4729
1413394891.005760431,20.4625
1413394891.055760384,18.4556
1413394891.105760574,18.9794
1413394891.155760527,21.3391
1413394891.205760479,19.271
1413394891.255760431,21.8556
1413394891.305760384,21.9624
1413394891.355760574,21.3435
1413394891.405760527,22.9048
1413394891.455760479,20.6866
1413394891.505760431,21.8834
1413394891.555760384,20.931
1413394891.605760574,20.4881
1413394891.655760527,20.3898
1413394891.705760479,21.5206
1413394891.755760431,17.229
1413394891.805760384,17.2691
1413394891.855760574,17.3149
1413394891.905760527,16.4243
1413394891.955760479,19.2186
1413394892.005760431,17.3742
1413394892.055760384,16.1012
1413394892.105760574,15.0395
1413394892.155760527,16.7263
1413394892.205760479,15.7524
1413394892.255760431,13.5202
1413394892.305760384,15.6458
1413394892.355760574,12.021
1413394892.405760527,14.5298
1413394892.455760479,16.253
1413394892.505760431,18.3136
1413394892.555760384,13.3046
1413394892.605760574,17.8227
1413394892.655760527,20.2658
1413394892.705760479,20.2302
1413394892.755760431,22.1341
1413394892.805760384,21.5956
1413394892.855760574,25.9474
1413394892.905760527,23.7375
1413394892.955760479,26.1235
1413394893.005760431,22.9289
1413394893.055760384,24.0651
1413394893.105760574,24.1965
1413394893.155760527,25.634
1413394893.205760479,26.7449
1413394893.255760431,23.8811
1413394893.305760384,22.2324
1413394893.355760574,24.6872
1413394893.405760527,24.7222
1413394893.455760479,21.8144
1413394893.505760431,25.5571
1413394893.555760384,24.5593
1413394893.605760574,21.8801
1413394893.655760527,22.5503
1413394893.705760479,22.4615
1413394893.755760431,24.1216
1413394893.805760384,25.19
1413394893.855760574,24.226
1413394893.905760527,22.9953
1413394893.955760479,23.1461
1413394894.005760431,21.5212
1413394894.055760384,22.3506
1413394894.105760574,22.5015
1413394894.155760527,20.8806
1413394894.205760479,18.1222
1413394894.255760431,19.5556
1413394894.305760384,21.4784
1413394894.355760574,19.823
1413394894.405760527,21.2405
1413394894.455760479,19.5659
1413394894.505760431,18.2284
1413394894.555760384,19.9737
1413394894.605760574,13.1555
1413394894.655760527,18.2838
1413394894.705760479,20.6334
1413394894.755760431,19.9388
1413394894.805760384,18.913
1413394894.855760574,19.8228
1413394894.905760527,19.794
1413394894.955760479,22.5916
1413394895.005760431,21.2929
1413394895.055760384,22.1583
1413394895.105760574,21.3031
1413394895.155760527,23.7956
1413394895.205760479,22.718
1413394895.255760431,21.408
1413394895.305760384,24.4156
1413394895.355760574,25.341
1413394895.405760527,24.5935
1413394895.455760479,24.7065
1413394895.505760431,26.6419
1413394895.555760384,22.4087
1413394895.605760574,25.0383
1413394895.655760527,23.1698
1413394895.705760479,22.4937
1413394895.755760431,19.5858
1413394895.805760384,20.8871
1413394895.855760574,22.0235
1413394895.905760527,23.8713
1413394895.955760479,23.2267
1413394896.005760431,19.7792
1413394896.055760384,26.8175
1413394896.105760574,25.2031
1413394896.155760527,23.546
1413394896.205760479,24.3356
1413394896.255760431,27.4835
1413394896.305760384,24.476
1413394896.355760574,26.4293
1413394896.405760527,25.6528
1413394896.455760479,24.545
1413394896.505760431,26.565
1413394896.555760384,26.1875
1413394896.605760574,24.735
1413394896.655760527,26.5023
1413394896.705760479,25.7959
1413394896.755760431,23.5363
1413394896.805760384,24.4638
1413394896.855760574,25.1986
1413394896.905760527,23.5979
1413394896.955760479,24.3952
1413394897.005760431,24.1206
1413394897.055760384,25.9707
1413394897.105760574,26.4068
1413394897.155760527,27.6343
1413394897.205760479,23.817
1413394897.255760431,25.4245
1413394897.305760384,27.2755
1413394897.355760574,27.2632
1413394897.405760527,27.1898
1413394897.455760479,24.6785
1413394897.505760431,24.2366
1413394897.555760384,21.849
1413394897.605760574,22.1309
1413394897.655760527,22.1219
1413394897.705760479,22.0349
1413394897.755760431,23.1278
1413394897.805760384,21.99
1413394897.855760574,21.9296
1413394897.905760527,21.7529
1413394897.955760479,20.1825
1413394898.005760431,19.4406
1413394898.055760384,19.7674
1413394898.105760574,16.8653
1413394898.155760527,20.1386
1413394898.205760479,21.0126
1413394898.255760431,18.8369
1413394898.305760384,18.8076
1413394898.355760574,19.806
1413394898.405760527,17.9083
1413394898.455760479,17.0907
1413394898.505760431,17.8251
1413394898.555760384,18.8425
1413394898.605760574,15.3622
1413394898.655760527,18.1002
1413394898.705760479,18.2385
1413394898.755760431,19.5354
1413394898.805760384,20.3627
1413394898.855760574,16.3857
1413394898.905760527,18.4199
1413394898.955760479,16.602
1413394899.005760431,17.9372
1413394899.055760384,19.8805
1413394899.105760574,20.5105
1413394899.155760527,16.5941
1413394899.205760479,20.3645
1413394899.255760431,20.3995
1413394899.305760384,14.9018
1413394899.355760574,17.9743
1413394899.405760527,20.0267
1413394899.455760479,18.4664
1413394899.505760431,20.1284
1413394899.555760384,22.4645
1413394899.605760574,20.666
1413394899.655760527,22.3928
1413394899.705760479,22.8263
1413394899.755760431,21.0429
1413394899.805760384,26.9648
1413394899.855760574,26.3921
1413394899.905760527,26.9813
1413394899.955760479,25.0583
1413394900.005760431,27.5082
1413394900.055760384,25.5999
1413394900.105760574,25.6636
1413394900.155760527,26.0125
1413394900.205760479,24.9897
1413394900.255760431,25.2074
1413394900.305760384,26.3172
1413394900.355760574,24.0836
1413394900.405760527,27.8682
1413394900.455760479,25.9989
1413394900.505760431,26.7549
1413394900.555760384,27.3644
1413394900.605760574,26.5388
1413394900.655760527,25.3538
1413394900.705760479,24.6108
1413394900.755760431,27.9818
1413394900.805760384,28.3324
1413394900.855760574,26.0913
1413394900.905760527,25.0327
1413394900.955760479,25.0676
1413394901.005760431,25.7607
1413394901.055760384,22.5849
1413394901.105760574,21.9419
1413394901.155760527,22.2162
1413394901.205760479,21.0767
1413394901.255760431,24.5739
1413394901.305760384,23.684
1413394901.355760574,25.4772
1413394901.405760527,24.2296
1413394901.455760479,24.277
1413394901.505760431,22.2929
1413394901.555760384,22.9909
1413394901.605760574,24.4731
1413394901.655760527,21.2775
1413394901.705760479,20.847
1413394901.755760431,23.993
1413394901.805760384,22.4004
1413394901.855760574,23.9281
1413394901.905760527,23.6117
1413394901.955760479,22.6824
1413394902.005760431,25.7212
1413394902.055760384,24.5461
1413394902.105760574,24.6451
1413394902.155760527,23.0243
1413394902.205760479,20.2395
1413394902.255760431,19.2515
1413394902.305760384,18.8848
1413394902.355760574,19.8428
1413394902.405760527,21.439
1413394902.455760479,20.1511
1413394902.505760431,21.5903
1413394902.555760384,21.0033
1413394902.605760574,13.6445
1413394902.655760527,16.2841
1413394902.705760479,16.3561
1413394902.755760431,18.3993
1413394902.805760384,19.716
1413394902.855760574,19.3926
1413394902.905760527,19.2592
1413394902.955760479,19.8279
1413394903.055760384,17.0015
1413394903.155760527,15.3252
1413394903.255760431,14.9205
1413394903.355760574,15.0824
1413394903.455760479,17.1234
1413394903.555760384,15.0907
1413394903.605760574,16.8902
1413394903.655760527,16.2009
1413394903.705760479,18.1586
1413394903.755760431,18.1531
1413394903.805760384,20.403
1413394903.855760574,19.5462
1413394903.905760527,18.2809
1413394903.955760479,18.8678
1413394904.005760431,21.7953
1413394904.055760384,19.5049
1413394904.105760574,16.779
1413394904.155760527,18.3848
1413394904.205760479,19.8098
1413394904.255760431,19.3676
1413394904.305760384,18.522
1413394904.355760574,19.8368
1413394904.405760527,19.6411
1413394904.455760479,21.8799
1413394904.505760431,21.4733
1413394904.555760384,19.6342
1413394904.605760574,23.8302
1413394904.655760527,22.7008
1413394904.705760479,20.1031
1413394904.755760431,23.6319
1413394904.805760384,24.6322
1413394904.855760574,21.4957
1413394904.905760527,23.3879
1413394904.955760479,21.5638
1413394905.005760431,21.3835
1413394905.055760384,23.9675
1413394905.105760574,20.431
1413394905.155760527,22.4122
1413394905.205760479,23.5427
1413394905.255760431,24.9814
1413394905.305760384,22.3887
1413394905.355760574,24.0349
1413394905.405760527,23.335
1413394905.455760479,24.5984
1413394905.505760431,16.7863
1413394905.555760384,20.8894
1413394905.605760574,23.3577
1413394905.655760527,24.0338
1413394905.705760479,24.6633
1413394905.755760431,24.4026
1413394905.805760384,21.1253
1413394905.855760574,21.1314
1413394905.905760527,25.6391
1413394905.955760479,22.1317
1413394906.005760431,21.3921
1413394906.055760384,21.9867
1413394906.105760574,20.0382
1413394906.155760527,19.6008
1413394906.205760479,21.0335
1413394906.255760431,20.2438
1413394906.305760384,24.4826
1413394906.355760574,21.7018
1413394906.405760527,21.5026
1413394906.455760479,23.1002
1413394906.505760431,24.9539
1413394906.555760384,22.9492
1413394906.605760574,22.929
1413394906.655760527,23.2854
1413394906.705760479,25.4204
1413394906.755760431,25.5282
1413394906.805760384,21.7096
1413394906.855760574,24.0136
1413394906.905760527,24.1168
1413394906.955760479,22.6832
1413394907.005760431,24.3186
1413394907.055760384,22.1015
1413394907.105760574,23.2521
1413394907.155760527,23.7862
1413394907.205760479,26.1581
1413394907.255760431,22.5708
1413394907.305760384,23.8423
1413394907.355760574,23.121
1413394907.405760527,21.1988
1413394907.455760479,23.833
1413394907.505760431,22.1003
1413394907.555760384,23.6749
1413394907.605760574,21.0247
1413394907.655760527,20.8
1413394907.705760479,22.2933
1413394907.755760431,25.1463
1413394907.805760384,23.754
1413394907.855760574,20.5765
1413394907.905760527,24.7813
1413394907.955760479,21.9538
1413394908.005760431,22.1816
1413394908.055760384,24.1832
1413394908.105760574,23.9687
1413394908.155760527,25.3209
1413394908.205760479,25.1166
1413394908.255760431,21.4631
1413394908.305760384,24.9001
1413394908.355760574,24.4421
1413394908.405760527,23.8275
1413394908.455760479,24.5159
1413394908.505760431,23.8124
1413394908.555760384,23.2096
1413394908.605760574,26.8169
1413394908.655760527,24.7622
1413394908.705760479,22.6683
1413394908.755760431,23.5638
1413394908.805760384,24.0217
1413394908.855760574,21.6355
1413394908.905760527,24.8107
1413394908.955760479,21.8543
1413394909.005760431,24.2779
1413394909.055760384,23.1791
1413394909.105760574,25.3997
1413394909.155760527,25.5686
1413394909.205760479,24.2988
1413394909.255760431,26.1598
1413394909.305760384,24.5002
1413394909.355760574,24.2025
1413394909.405760527,25.3782
1413394909.455760479,24.7854
1413394909.505760431,25.9539
1413394909.555760384,27.3688
1413394909.605760574,26.0201
1413394909.655760527,20.6548
1413394909.705760479,24.7951
1413394909.755760431,20.3938
1413394909.805760384,20.2749
1413394909.855760574,22.4116
1413394909.905760527,23.8104
1413394909.955760479,21.8905
1413394910.005760431,22.8804
1413394910.055760384,20.4714
1413394910.105760574,20.2058
1413394910.155760527,22.6992
1413394910.205760479,23.3774
1413394910.255760431,21.8523
1413394910.305760384,24.5827
1413394910.355760574,26.1592
1413394910.405760527,24.5569
1413394910.455760479,24.0572
1413394910.505760431,25.4546
1413394910.555760384,24.206
1413394910.605760574,25.7094
1413394910.655760527,24.3919
1413394910.705760479,20.7261
1413394910.755760431,22.9858
1413394910.805760384,22.5579
1413394910.855760574,20.5116
1413394910.905760527,23.9138
1413394910.955760479,23.6306
1413394911.005760431,20.6317
1413394911.055760384,21.9625
1413394911.105760574,18.423
1413394911.155760527,20.0246
1413394911.205760479,21.3928
1413394911.255760431,23.2109
1413394911.305760384,23.8333
1413394911.355760574,23.0638
1413394911.405760527,24.3095
1413394911.455760479,27.0517
1413394911.505760431,24.0891
1413394911.555760384,24.4671
1413394911.605760574,24.3807
1413394911.655760527,28.1823
1413394911.705760479,23.2237
1413394911.755760431,24.4236
1413394911.805760384,22.7971
1413394911.855760574,20.9329
1413394911.905760527,20.9484
1413394911.955760479,22.2018
1413394912.005760431,23.5037
1413394912.055760384,24.0457
1413394912.105760574,25.5466
1413394912.155760527,22.2476
1413394912.205760479,23.4867
1413394912.255760431,22.732
1413394912.305760384,23.7496
1413394912.355760574,25.4714
1413394912.405760527,25.1572
1413394912.455760479,24.2794
1413394912.505760431,25.8505
1413394912.555760384,26.876
1413394912.605760574,25.0165
1413394912.655760527,25.5789
1413394912.705760479,25.6612
1413394912.755760431,24.7696
1413394912.805760384,25.7093
1413394912.855760574,24.0287
1413394912.905760527,26.0593
1413394912.955760479,23.4976
1413394913.005760431,25.7358
1413394913.055760384,22.0575
1413394913.105760574,22.8267
1413394913.155760527,23.6009
1413394913.205760479,22.2505
1413394913.255760431,20.8422
1413394913.305760384,21.3343
1413394913.355760574,20.6247
1413394913.405760527,21.0893
1413394913.455760479,21.2
1413394913.505760431,21.7283
1413394913.555760384,21.9706
1413394913.605760574,21
1413394913.655760527,19.4029
1413394913.705760479,17.4592
1413394913.755760431,19.7034
1413394913.805760384,19.7891
1413394913.855760574,22.4306
1413394913.905760527,21.8877
1413394913.955760479,22.829
1413394914.005760431,23.0546
1413394914.055760384,24.9932
1413394914.105760574,24.7375
1413394914.155760527,21.568
1413394914.205760479,23.2431
1413394914.255760431,26.4311
1413394914.305760384,25.9178
1413394914.355760574,23.7136
1413394914.405760527,24.791
1413394914.455760479,24.1258
1413394914.505760431,25.1207
1413394914.555760384,22.1188
1413394914.605760574,22.8676
1413394914.655760527,25.8252
1413394914.705760479,26.5975
1413394914.755760431,25.9612
1413394914.805760384,26.5037
1413394914.855760574,24.7375
1413394914.905760527,25.7356
1413394914.955760479,26.7078
1413394915.005760431,23.7366
1413394915.055760384,23.8311
1413394915.105760574,22.9523
1413394915.155760527,26.2821
1413394915.205760479,27.5245
1413394915.255760431,27.1695
1413394915.305760384,25.1313
1413394915.355760574,25.9628
1413394915.405760527,23.7342
1413394915.455760479,23.4752
1413394915.505760431,25.8623
1413394915.555760384,25.9605
1413394915.605760574,27.2489
1413394915.655760527,25.975
1413394915.705760479,26.6086
1413394915.755760431,25.6521
1413394915.805760384,23.7043
1413394915.855760574,25.1942
1413394915.905760527,24.5877
1413394915.955760479,20.9558
1413394916.005760431,24.125
1413394916.055760384,21.768
1413394916.105760574,22.5297
1413394916.155760527,20.6209
1413394916.205760479,20.4004
1413394916.255760431,22.2051
1413394916.305760384,21.066
1413394916.355760574,20.9205
1413394916.405760527,19.1238
1413394916.455760479,16.6742
1413394916.505760431,17.4092
1413394916.555760384,17.2895
1413394916.605760574,18.6921
1413394916.655760527,18.9735
1413394916.705760479,14.4723
1413394916.755760431,16.0153
1413394916.855760574,12.3584
1413394916.955760479,11.6583
1413394917.055760384,14.0593
1413394917.155760527,13.0689
1413394917.255760431,12.9838
1413394917.355760574,10.7576
1413394917.455760479,15.3952
1413394917.555760384,14.0215
1413394917.655760527,16.0535
1413394917.755760431,14.6002
1413394917.855760574,12.234
1413394917.955760479,16.1534
1413394918.055760384,14.6079
1413394918.155760527,11.5876
1413394918.255760431,13.1736
1413394918.355760574,13.4462
1413394918.455760479,11.7204
1413394918.555760384,16.6318
1413394918.655760527,15.5271
1413394918.755760431,11.8207
1413394918.855760574,11.7676
1413394918.955760479,13.601
1413394919.055760384,14.7141
1413394919.155760527,12.6496
1413394919.255760431,13.9109
1413394919.355760574,12.0772
1413394919.455760479,13.9221
1413394919.555760384,11.549
1413394919.655760527,9.6926
1413394919.755760431,10.2587
1413394919.855760574,11.1113
1413394919.955760479,11.6628
1413394920.055760384,8.73643
1413394920.155760527,15.1761
1413394920.255760431,11.5689
1413394920.355760574,10.9295
1413394920.455760479,13.6892
1413394920.555760384,11.0558
1413394920.655760527,13.4591
1413394920.755760431,13.5811
1413394920.855760574,14.1908
1413394920.955760479,16.1187
1413394921.055760384,14.2859
1413394921.155760527,11.4249
1413394921.255760431,12.6307
1413394921.355760574,13.0423
1413394921.455760479,13.9983
1413394921.555760384,13.8801
1413394921.655760527,12.66
1413394921.755760431,13.2354
1413394921.855760574,10.4859
1413394921.955760479,10.7772
1413394922.055760384,8.57462
1413394922.155760527,13.5188
1413394922.255760431,11.3919
1413394922.355760574,12.9373
1413394922.455760479,11.4412
1413394922.555760384,12.0401
1413394922.655760527,14.2614
1413394922.755760431,15.0624
1413394922.855760574,15.8793
1413394922.955760479,15.1776
1413394923.055760384,16.9971
1413394923.155760527,14.2778
1413394923.255760431,13.4417
1413394923.355760574,12.509
1413394923.455760479,14.7165
1413394923.555760384,11.4685
1413394923.655760527,13.4623
1413394923.755760431,13.5744
1413394923.855760574,14.063
1413394923.955760479,15.5376
1413394924.055760384,11.5544
1413394924.155760527,10.6899
1413394924.255760431,13.936
1413394924.355760574,12.7956
1413394924.455760479,15.3601
1413394924.555760384,13.627
1413394924.655760527,13.5863
1413394924.755760431,10.8011
1413394924.855760574,14.7892
1413394924.905760527,14.9782
1413394924.955760479,16.1696
1413394925.005760431,19.5235
1413394925.055760384,16.4283
1413394925.105760574,20.4598
1413394925.155760527,19.6225
1413394925.205760479,17.4338
1413394925.255760431,18.8482
1413394925.305760384,21.9446
1413394925.355760574,19.3456
1413394925.405760527,18.887
1413394925.455760479,19.9083
1413394925.505760431,22.8675
1413394925.555760384,19.7671
1413394925.605760574,19.9046
1413394925.655760527,19.9873
1413394925.705760479,18.3658
1413394925.755760431,22.2513
1413394925.805760384,21.7517
1413394925.855760574,23.1477
1413394925.905760527,19.0587
1413394925.955760479,19.5512
1413394926.005760431,19.038
1413394926.055760384,19.4493
1413394926.105760574,22.3784
1413394926.155760527,18.9544
1413394926.205760479,21.5052
1413394926.255760431,21.1653
1413394926.305760384,19.0383
1413394926.355760574,19.9446
1413394926.405760527,19.82
1413394926.455760479,17.996
1413394926.505760431,19.091
1413394926.555760384,20.2039
1413394926.605760574,19.0403
1413394926.655760527,18.2221
1413394926.705760479,19.8462
1413394926.755760431,19.8589
1413394926.805760384,18.6483
1413394926.855760574,20.1937
1413394926.905760527,20.3238
1413394926.955760479,21.8947
1413394927.005760431,22.4412
1413394927.055760384,22.2303
1413394927.105760574,23.0193
1413394927.155760527,23.0068
1413394927.205760479,22.3627
1413394927.255760431,21.7872
1413394927.305760384,22.1917
1413394927.355760574,21.2503
1413394927.405760527,25.0967
1413394927.455760479,24.084
1413394927.505760431,22.1491
1413394927.555760384,23.2493
1413394927.605760574,21.7794
1413394927.655760527,24.1368
1413394927.705760479,22.4682
1413394927.755760431,23.7363
1413394927.805760384,23.525
1413394927.855760574,22.0628
1413394927.905760527,19.5885
1413394927.955760479,21.2307
1413394928.005760431,20.3519
1413394928.055760384,21.9141
1413394928.105760574,20.0691
1413394928.155760527,19.6422
1413394928.205760479,17.7112
1413394928.255760431,15.7268
1413394928.305760384,16.4772
1413394928.355760574,16.2906
1413394928.405760527,16.255
1413394928.455760479,18.2814
1413394928.505760431,17.1616
1413394928.555760384,14.2179
1413394928.605760574,16.9615
1413394928.655760527,16.5773
1413394928.705760479,16.6064
1413394928.755760431,16.5846
1413394928.805760384,18.1011
1413394928.855760574,15.9664
1413394928.905760527,18.9319
1413394928.955760479,17.0362
1413394929.005760431,14.3201
1413394929.055760384,16.9063
1413394929.105760574,15.2052
1413394929.155760527,15.2603
1413394929.205760479,17.9529
1413394929.255760431,16.2032
1413394929.305760384,12.3953
1413394929.355760574,14.9652
1413394929.405760527,15.8591
1413394929.455760479,16.0746
1413394929.505760431,11.8725
1413394929.555760384,16.1344
1413394929.605760574,13.3988
1413394929.655760527,15.632
1413394929.705760479,13.9047
1413394929.755760431,17.0378
1413394929.805760384,17.2659
1413394929.855760574,17.2266
1413394929.905760527,15.516
1413394929.955760479,17.4364
1413394930.005760431,16.6844
1413394930.055760384,15.0582
1413394930.105760574,15.8634
1413394930.155760527,14.4571
1413394930.205760479,13.8723
1413394930.255760431,12.6073
1413394930.305760384,12.5925
1413394930.355760574,10.9207
1413394930.405760527,11.3702
1413394930.455760479,10.6968
1413394930.505760431,11.608
1413394930.555760384,14.2827
1413394930.605760574,14.1464
1413394930.655760527,12.604
1413394930.705760479,16.38
1413394930.755760431,18.7501
1413394930.805760384,17.2811
1413394930.855760574,16.6713
1413394930.905760527,19.412
1413394930.955760479,16.997
1413394931.005760431,16.9565
1413394931.055760384,19.6577
1413394931.105760574,15.2977
1413394931.155760527,15.1092
1413394931.205760479,15.2218
1413394931.255760431,11.7097
1413394931.305760384,14.2645
1413394931.355760574,15.18
1413394931.405760527,13.1975
1413394931.455760479,13.9542
1413394931.505760431,14.8438
1413394931.555760384,13.5648
1413394931.605760574,15.7303
1413394931.655760527,18.0679
1413394931.705760479,16.8149
1413394931.755760431,16.402
1413394931.805760384,17.597
1413394931.855760574,18.3427
1413394931.905760527,15.3411
1413394931.955760479,16.6186
1413394932.005760431,10.8961
1413394932.055760384,12.2093
1413394932.105760574,11.9064
1413394932.155760527,12.8429
1413394932.205760479,11.9838
1413394932.255760431,13.9905
1413394932.305760384,15.6257
1413394932.355760574,17.3907
1413394932.405760527,14.4805
1413394932.455760479,18.5428
1413394932.505760431,21.1955
1413394932.555760384,20.7184
1413394932.605760574,23.781
1413394932.655760527,23.6989
1413394932.705760479,26.2378
1413394932.755760431,24.0393
1413394932.805760384,26.4908
1413394932.855760574,26.0502
1413394932.905760527,26.4836
1413394932.955760479,24.1235
1413394933.005760431,23.0527
1413394933.055760384,22.7782
1413394933.105760574,24.1275
1413394933.155760527,26.2589
1413394933.205760479,25.5796
1413394933.255760431,25.5632
1413394933.305760384,23.7263
1413394933.355760574,23.2614
1413394933.405760527,23.6549
1413394933.455760479,21.8184
1413394933.505760431,23.0264
1413394933.555760384,24.0858
1413394933.605760574,23.7185
1413394933.655760527,23.5007
1413394933.705760479,22.1389
1413394933.755760431,23.3389
1413394933.805760384,21.8697
1413394933.855760574,22.0733
1413394933.905760527,25.373
1413394933.955760479,21.5555
1413394934.005760431,21.1083
1413394934.055760384,21.907
1413394934.105760574,22.5951
1413394934.155760527,21.8984
1413394934.205760479,22.6554
1413394934.255760431,21.8727
1413394934.305760384,20.3095
1413394934.355760574,23.0918
1413394934.405760527,20.3927
1413394934.455760479,22.8754
1413394934.505760431,19.7053
1413394934.555760384,22.0139
1413394934.605760574,22.1762
1413394934.655760527,19.9046
1413394934.705760479,22.3404
1413394934.755760431,23.7993
1413394934.805760384,23.1305
1413394934.855760574,19.8707
1413394934.905760527,19.4187
1413394934.955760479,23.085
1413394935.005760431,22.8384
1413394935.055760384,21.0439
1413394935.105760574,20.4584
1413394935.155760527,20.7462
1413394935.205760479,22.804
1413394935.255760431,18.8445
1413394935.305760384,20.7324
1413394935.355760574,20.3758
1413394935.405760527,20.4585
1413394935.455760479,19.2093
1413394935.505760431,20.6095
1413394935.555760384,21.1408
1413394935.605760574,20.137
1413394935.655760527,21.1606
1413394935.705760479,20.2675
1413394935.755760431,20.1574
1413394935.805760384,19.9862
1413394935.855760574,19.3439
1413394935.905760527,19.8842
1413394935.955760479,23.1455
1413394936.005760431,20.4351
1413394936.055760384,18.592
1413394936.105760574,19.4063
1413394936.205760479,20.3339
1413394936.255760431,19.2242
1413394936.305760384,16.3219
1413394936.405760527,11.8683
1413394936.505760431,16.5042
1413394936.605760574,14.3649
1413394936.705760479,12.5462
1413394936.805760384,12.3801
1413394936.905760527,11.431
1413394937.005760431,11.072
1413394937.105760574,8.49574
1413394937.205760479,8.82935
1413394937.255760431,7.99841
1413394937.305760384,10.1918
1413394937.355760574,11.8764
1413394937.455760479,13.3237
1413394937.555760384,14.1128
1413394937.655760527,14.777
1413394937.755760431,14.6818
1413394937.855760574,13.6205
1413394937.955760479,15.0515
1413394938.055760384,16.0258
1413394938.155760527,17.6651
1413394938.255760431,14.3441
1413394938.355760574,13.0306
1413394938.455760479,13.9109
1413394938.555760384,14.0796
1413394938.655760527,15.4075
1413394938.755760431,13.9591
1413394938.855760574,17.329
1413394938.955760479,15.3128
1413394939.055760384,14.4558
1413394939.155760527,16.224
1413394939.255760431,16.9088
1413394939.355760574,12.5387
1413394939.455760479,17.2381
1413394939.555760384,15.5349
1413394939.655760527,17.3215
1413394939.755760431,16.176
1413394939.855760574,15.4269
1413394939.955760479,17.657
1413394940.055760384,16.7837
1413394940.155760527,17.249
1413394940.255760431,16.6558
1413394940.355760574,15.5681
1413394940.455760479,17.1336
1413394940.555760384,15.2476
1413394940.655760527,14.5757
1413394940.755760431,17.3791
1413394940.855760574,11.6168
1413394940.955760479,16.9255
1413394941.005760431,16.2625
1413394941.055760384,18.7881
1413394941.105760574,16.907
1413394941.205760479,19.4241
1413394941.305760384,15.3379
1413394941.405760527,16.1767
1413394941.505760431,15.8105
1413394941.605760574,16.1834
1413394941.705760479,15.5118
1413394941.755760431,15.7158
1413394941.805760384,18.8665
1413394941.855760574,18.0151
1413394941.905760527,17.6472
1413394941.955760479,19.3238
1413394942.005760431,19.039
1413394942.055760384,20.8851
1413394942.105760574,20.262
1413394942.155760527,22.4114
1413394942.205760479,19.806
1413394942.255760431,20.8634
1413394942.305760384,21.9155
1413394942.355760574,19.02
1413394942.405760527,16.9695
1413394942.455760479,19.5003
1413394942.505760431,21.5737
1413394942.555760384,20.9264
1413394942.605760574,24.9695
1413394942.655760527,21.3607
1413394942.705760479,20.8911
1413394942.755760431,22.6606
1413394942.805760384,23.3636
1413394942.855760574,23.9669
1413394942.905760527,23.8545
1413394942.955760479,22.3151
1413394943.005760431,25.5936
1413394943.055760384,25.3602
1413394943.105760574,25.7388
1413394943.155760527,23.1561
1413394943.205760479,25.2154
1413394943.255760431,24.5893
1413394943.305760384,22.4182
1413394943.355760574,23.7574
1413394943.405760527,24.4557
1413394943.455760479,24.7898
1413394943.505760431,23.9051
1413394943.555760384,22.6658
1413394943.605760574,23.2634
1413394943.655760527,24.4293
1413394943.705760479,27.5505
1413394943.755760431,26.0541
1413394943.805760384,28.3771
1413394943.855760574,27.8177
1413394943.905760527,26.2555
1413394943.955760479,26.9558
1413394944.005760431,26.2965
1413394944.055760384,26.3865
1413394944.105760574,25.29
1413394944.155760527,26.4947
1413394944.205760479,26.6767
1413394944.255760431,25.2917
1413394944.305760384,27.3369
1413394944.355760574,25.2544
1413394944.405760527,23.7268
1413394944.455760479,24.0644
1413394944.505760431,25.0225
1413394944.555760384,25.0291
1413394944.605760574,22.4754
1413394944.655760527,23.748
1413394944.705760479,24.4383
1413394944.755760431,24.2639
1413394944.805760384,26.4515
1413394944.855760574,25.4601
1413394944.905760527,25.1624
1413394944.955760479,25.403
1413394945.005760431,23.3939
1413394945.055760384,23.8706
1413394945.105760574,23.4087
1413394945.155760527,24.6363
1413394945.205760479,25.47
1413394945.255760431,22.2985
1413394945.305760384,24.4456
1413394945.355760574,25.4365
1413394945.405760527,22.5778
1413394945.455760479,22.4986
1413394945.505760431,23.7732
1413394945.555760384,22.3116
1413394945.605760574,25.179
1413394945.655760527,23.2979
1413394945.705760479,22.4118
1413394945.755760431,22.9993
1413394945.805760384,23.0044
1413394945.855760574,23.702
1413394945.905760527,23.0073
1413394945.955760479,21.9029
1413394946.005760431,21.7702
1413394946.055760384,21.0008
1413394946.155760527,21.3853
1413394946.205760479,20.7042
1413394946.255760431,17.3434
1413394946.355760574,18.3819
1413394946.455760479,14.6079
1413394946.555760384,14.2118
1413394946.655760527,14.6122
1413394946.755760431,10.6588
1413394946.855760574,11.4825
1413394946.955760479,11.1775
1413394947.055760384,11.6197
1413394947.155760527,13.5171
1413394947.255760431,13.9374
1413394947.355760574,13.2807
1413394947.455760479,15.5413
1413394947.555760384,15.4496
1413394947.655760527,14.2136
1413394947.755760431,13.1364
1413394947.855760574,15.8563
1413394947.955760479,17.0477
1413394948.055760384,15.3146
1413394948.155760527,15.0303
1413394948.255760431,13.1969
1413394948.355760574,12.6261
1413394948.455760479,12.9242
1413394948.555760384,11.3521
1413394948.655760527,10.4355
1413394948.755760431,14.6496
1413394948.855760574,11.5848
1413394948.955760479,15.1465
1413394949.055760384,12.807
1413394949.155760527,16.1958
1413394949.255760431,15.88
1413394949.355760574,16.8016
1413394949.455760479,17.2396
1413394949.555760384,14.0072
1413394949.655760527,13.2836
1413394949.755760431,12.3596
1413394949.855760574,12.6256
1413394949.955760479,10.9179
1413394950.055760384,10.134
1413394950.155760527,12.2444
1413394950.255760431,12.1172
1413394950.355760574,11.7682
1413394950.455760479,14.4001
1413394950.555760384,15.3071
1413394950.655760527,15.0473
1413394950.755760431,13.0968
1413394950.855760574,11.5674
1413394950.955760479,6.52501
1413394951.055760384,5.56401
1413394951.155760527,8.40898
1413394951.255760431,5.44876
1413394951.355760574,6.45156
1413394951.455760479,10.9719
1413394951.555760384,11.8206
1413394951.655760527,14.5319
1413394951.755760431,13.439
1413394951.855760574,12.5863
1413394951.955760479,11.1399
1413394952.055760384,8.62935
1413394952.155760527,9.80939
1413394952.255760431,13.1318
1413394952.355760574,8.52475
1413394952.455760479,8.23597
1413394952.555760384,13.2066
1413394952.655760527,13.2094
1413394952.755760431,9.54428
1413394952.855760574,10.4136
1413394952.955760479,9.38635
1413394953.055760384,8.35501
1413394953.155760527,13.2195
1413394953.255760431,11.7683
1413394953.355760574,11.9908
1413394953.455760479,11.5212
1413394953.555760384,7.75041
1413394953.655760527,6.93147
1413394953.755760431,9.23778
1413394953.855760574,10.9939
1413394953.955760479,13.4585
1413394954.055760384,12.138
1413394954.155760527,12.426
1413394954.255760431,10.4826
1413394954.355760574,14.8225
1413394954.455760479,12.784
1413394954.555760384,9.07127
1413394954.655760527,7.88148
1413394954.755760431,9.69963
1413394954.855760574,9.39191
1413394954.955760479,9.84376
1413394955.055760384,11.7896
1413394955.155760527,13.7964
1413394955.255760431,12.7214
1413394955.355760574,11.6685
1413394955.455760479,8.22912
1413394955.555760384,8.61053
1413394955.655760527,14.2045
1413394955.755760431,10.5777
1413394955.855760574,13.703
1413394955.905760527,13.6064
1413394955.955760479,14.8663
1413394956.005760431,12.0378
1413394956.105760574,12.4882
1413394956.205760479,16.0914
1413394956.305760384,14.2182
1413394956.405760527,13.4889
1413394956.505760431,14.1339
1413394956.605760574,11.1372
1413394956.655760527,12.9436
1413394956.705760479,14.2661
1413394956.755760431,15.8497
1413394956.805760384,17.9869
1413394956.855760574,16.5904
1413394956.905760527,20.5044
1413394956.955760479,19.4086
1413394957.005760431,16.7891
1413394957.055760384,16.7029
1413394957.105760574,14.8266
1413394957.155760527,16.507
1413394957.205760479,16.5442
1413394957.255760431,15.0826
1413394957.305760384,17.4827
1413394957.355760574,17.8995
1413394957.405760527,17.0341
1413394957.455760479,17.1366
1413394957.505760431,13.5347
1413394957.555760384,18.1328
1413394957.605760574,16.1814
1413394957.655760527,18.7302
1413394957.705760479,17.7455
1413394957.755760431,15.0857
1413394957.805760384,17.3363
1413394957.855760574,19.0972
1413394957.905760527,18.4551
1413394957.955760479,18.8823
1413394958.005760431,17.7185
1413394958.055760384,16.0508
1413394958.105760574,17.3269
1413394958.155760527,16.4999
1413394958.205760479,13.9361
1413394958.255760431,15.1546
1413394958.305760384,14.0035
1413394958.355760574,14.3238
1413394958.405760527,17.5959
1413394958.455760479,16.735
1413394958.505760431,17.9827
1413394958.555760384,18.3097
1413394958.605760574,17.4016
1413394958.655760527,17.4279
1413394958.705760479,19.859
1413394958.755760431,20.3392
1413394958.805760384,20.532
1413394958.855760574,18.8866
1413394958.905760527,20.9986
1413394958.955760479,21.9787
1413394959.005760431,22.9289
1413394959.055760384,20.9687
1413394959.105760574,22.0516
1413394959.155760527,21.4805
1413394959.205760479,22.4147
1413394959.255760431,22.0386
1413394959.305760384,22.1487
1413394959.355760574,21.5292
1413394959.405760527,20.8876
1413394959.455760479,22.6493
1413394959.505760431,23.544
1413394959.555760384,23.385
1413394959.605760574,26.1657
1413394959.655760527,27.1212
1413394959.705760479,23.9858
1413394959.755760431,22.0644
1413394959.805760384,26.4147
1413394959.855760574,25.5912
1413394959.905760527,26.7279
1413394959.955760479,25.164
1413394960.005760431,24.8299
1413394960.055760384,21.5732
1413394960.105760574,23.8655
1413394960.155760527,21.5272
1413394960.205760479,20.2293
1413394960.255760431,18.2024
1413394960.305760384,18.4685
1413394960.355760574,19.3199
1413394960.405760527,19.9342
1413394960.455760479,22.0848
1413394960.505760431,20.5028
1413394960.555760384,24.4559
1413394960.605760574,24.9975
1413394960.655760527,23.1148
1413394960.705760479,24.2505
1413394960.755760431,23.2853
1413394960.805760384,22.8243
1413394960.855760574,23.4866
1413394960.905760527,20.6814
1413394960.955760479,20.742
1413394961.005760431,20.3674
1413394961.055760384,19.2599
1413394961.105760574,21.1339
1413394961.155760527,22.457
1413394961.205760479,21.7693
1413394961.255760431,21.8882
1413394961.305760384,24.386
1413394961.355760574,24.9583
1413394961.405760527,26.2317
1413394961.455760479,23.3646
1413394961.505760431,23.4334
1413394961.555760384,22.8324
1413394961.605760574,23.8599
1413394961.655760527,22.4965
1413394961.705760479,20.6625
1413394961.755760431,18.3628
1413394961.805760384,18.2565
1413394961.855760574,16.2729
1413394961.905760527,18.9632
1413394961.955760479,17.7812
1413394962.005760431,17.3551
1413394962.055760384,17.9315
1413394962.105760574,16.9828
1413394962.155760527,19.184
1413394962.205760479,18.5695
1413394962.255760431,20.9891
1413394962.305760384,22.2024
1413394962.355760574,21.6228
1413394962.405760527,19.8983
1413394962.455760479,17.7812
1413394962.505760431,17.0224
1413394962.555760384,13.4686
1413394962.605760574,15.5188
1413394962.655760527,15.4924
1413394962.705760479,13.6391
1413394962.755760431,15.6152
1413394962.805760384,18.501
1413394962.855760574,19.1143
1413394962.905760527,17.43
1413394962.955760479,20.2918
1413394963.005760431,20.1622
1413394963.055760384,20.3512
1413394963.105760574,22.0234
1413394963.155760527,19.7094
1413394963.205760479,19.5182
1413394963.255760431,19.7603
1413394963.305760384,21.5797
1413394963.355760574,22.669
1413394963.405760527,23.9878
1413394963.455760479,22.9396
1413394963.505760431,23.8672
1413394963.555760384,26.3027
1413394963.605760574,25.1006
1413394963.655760527,27.317
1413394963.705760479,26.5752
1413394963.755760431,26.1055
1413394963.805760384,26.5274
1413394963.855760574,24.6446
1413394963.905760527,24.8372
1413394963.955760479,26.351
1413394964.005760431,27.0242
1413394964.055760384,24.6708
1413394964.105760574,25.011
1413394964.155760527,25.2706
1413394964.205760479,21.1752
1413394964.255760431,23.7961
1413394964.305760384,28.7402
1413394964.355760574,26.2046
1413394964.405760527,28.3197
1413394964.455760479,25.9275
1413394964.505760431,23.162
1413394964.555760384,27.7821
1413394964.605760574,29.7976
1413394964.655760527,26.0136
1413394964.705760479,26.0778
1413394964.755760431,24.9419
1413394964.805760384,27.7387
1413394964.855760574,27.0344
1413394964.905760527,26.7383
1413394964.955760479,25.3479
1413394965.005760431,25.1402
1413394965.055760384,28.3775
1413394965.105760574,24.6746
1413394965.155760527,26.3692
1413394965.205760479,28.0542
1413394965.255760431,25.7321
1413394965.305760384,25.4106
1413394965.355760574,27.9785
1413394965.405760527,26.9273
1413394965.455760479,28.093
1413394965.505760431,27.1046
1413394965.555760384,25.8611
1413394965.605760574,29.4277
1413394965.655760527,27.4574
1413394965.705760479,23.9879
1413394965.755760431,24.5266
1413394965.805760384,25.2423
1413394965.855760574,25.5706
1413394965.905760527,27.031
1413394965.955760479,30.5032
1413394966.005760431,26.0155
1413394966.055760384,26.8694
1413394966.105760574,28.9392
1413394966.155760527,25.2669
1413394966.205760479,28.2509
1413394966.255760431,31.5282
1413394966.305760384,23.3567
1413394966.355760574,26.5862
1413394966.405760527,27.987
1413394966.455760479,23.537
1413394966.505760431,22.5141
1413394966.555760384,26.405
1413394966.605760574,25.2573
1413394966.655760527,25.1132
1413394966.705760479,26.2149
1413394966.755760431,21.4309
1413394966.805760384,26.1233
1413394966.855760574,24.1802
1413394966.905760527,25.6894
1413394966.955760479,25.8179
1413394967.005760431,26.2249
1413394967.055760384,23.9327
1413394967.105760574,25.9348
1413394967.155760527,24.4939
1413394967.205760479,21.5654
1413394967.255760431,24.0031
1413394967.305760384,26.1693
1413394967.355760574,18.64
1413394967.405760527,24.3202
1413394967.455760479,26.9758
1413394967.505760431,22.4163
1413394967.555760384,24.9787
1413394967.605760574,28.0389
1413394967.655760527,21.079
1413394967.705760479,24.2414
1413394967.755760431,25.3635
1413394967.805760384,20.4971
1413394967.855760574,23.5273
1413394967.905760527,23.197
1413394967.955760479,20.9697
1413394968.005760431,22.6363
1413394968.055760384,22.0505
1413394968.105760574,20.7576
1413394968.155760527,20.3147
1413394968.205760479,21.1034
1413394968.255760431,19.8634
1413394968.305760384,21.2553
1413394968.355760574,21.7345
1413394968.405760527,20.3054
1413394968.455760479,23.7317
1413394968.505760431,22.6699
1413394968.555760384,18.3204
1413394968.605760574,21.9316
1413394968.655760527,22.814
1413394968.705760479,20.1696
1413394968.755760431,21.6611
1413394968.805760384,20.3419
1413394968.855760574,19.2878
1413394968.905760527,21.2724
1413394968.955760479,18.9647
1413394969.005760431,19.5415
1413394969.055760384,20.2087
1413394969.155760527,18.1717
1413394969.255760431,17.1597
1413394969.355760574,16.2459
1413394969.455760479,17.0231
1413394969.555760384,17.1236
1413394969.655760527,16.8209
1413394969.755760431,15.927
1413394969.855760574,19.3881
1413394969.955760479,17.2557
1413394970.055760384,18.7201
1413394970.155760527,15.5226
1413394970.255760431,18.4338
1413394970.355760574,13.2253
1413394970.455760479,14.9998
1413394970.555760384,15.718
1413394970.655760527,15.3973
1413394970.755760431,17.5351
1413394970.855760574,16.0449
1413394970.955760479,17.9062
1413394971.055760384,17.1345
1413394971.155760527,17.1375
1413394971.255760431,17.8067
1413394971.355760574,19.447
1413394971.455760479,20.6298
1413394971.555760384,18.7469
1413394971.655760527,15.2322
1413394971.755760431,15.8427
1413394971.855760574,13.3963
1413394971.955760479,14.1841
1413394972.055760384,13.3175
1413394972.155760527,14.8658
1413394972.255760431,13.6136
1413394972.355760574,13.777
1413394972.455760479,13.7636
1413394972.555760384,10.9985
1413394972.655760527,17.1357
1413394972.755760431,16.337
1413394972.855760574,13.9068
1413394972.955760479,17.1781
1413394973.005760431,16.2468
1413394973.055760384,16.8209
1413394973.105760574,18.8709
1413394973.155760527,21.6381
1413394973.205760479,21.7878
1413394973.255760431,23.5229
1413394973.305760384,25.0867
1413394973.355760574,21.8811
1413394973.405760527,24.8794
1413394973.455760479,24.4332
1413394973.505760431,24.6478
1413394973.555760384,25.7556
1413394973.605760574,25.6561
1413394973.655760527,24.1088
1413394973.705760479,28.2863
1413394973.755760431,27.3989
1413394973.805760384,26.5661
1413394973.855760574,25.6053
1413394973.905760527,25.2568
1413394973.955760479,25.3348
1413394974.005760431,28.4534
1413394974.055760384,27.8118
1413394974.105760574,24.9709
1413394974.155760527,28.0083
1413394974.205760479,27.9857
1413394974.255760431,25.7038
1413394974.305760384,28.4839
1413394974.355760574,28.5951
1413394974.405760527,26.3881
1413394974.455760479,29.0469
1413394974.505760431,26.942
1413394974.555760384,26.203
1413394974.605760574,29.027
1413394974.655760527,28.7359
1413394974.705760479,26.2129
1413394974.755760431,26.6166
1413394974.805760384,26.1979
1413394974.855760574,26.8053
1413394974.905760527,26.6341
1413394974.955760479,28.3068
1413394975.005760431,24.6437
1413394975.055760384,25.7714
1413394975.105760574,25.9023
1413394975.155760527,25.7796
1413394975.205760479,24.4205
1413394975.255760431,24.0584
1413394975.305760384,24.019
1413394975.355760574,26.4554
1413394975.405760527,25.6669
1413394975.455760479,22.3429
1413394975.505760431,23.3009
1413394975.555760384,22.1737
1413394975.605760574,21.6056
1413394975.655760527,23.303
1413394975.755760431,23.7612
1413394975.805760384,23.6935
1413394975.855760574,23.7656
1413394975.955760479,22.6949
1413394976.055760384,21.0496
1413394976.155760527,22.4754
1413394976.255760431,20.4574
1413394976.355760574,20.1893
1413394976.455760479,21.4742
1413394976.505760431,22.1134
1413394976.605760574,21.646
1413394976.705760479,22.764
1413394976.755760431,17.6393
1413394976.805760384,22.8694
1413394976.855760574,23.242
1413394976.905760527,22.1063
1413394976.955760479,20.4717
1413394977.005760431,22.5837
1413394977.105760574,19.9983
1413394977.155760527,20.174
1413394977.205760479,21.495
1413394977.305760384,19.6353
1413394977.405760527,17.6614
1413394977.505760431,17.9182
1413394977.605760574,17.8865
1413394977.705760479,19.0094
1413394977.805760384,19.4346
1413394977.905760527,19.4832
1413394978.005760431,14.3805
1413394978.105760574,20.0626
1413394978.155760527,21.6649
1413394978.205760479,17.6178
1413394978.255760431,21.4503
1413394978.305760384,21.7219
1413394978.355760574,20.068
1413394978.405760527,22.9913
1413394978.455760479,22.7935
1413394978.505760431,20.378
1413394978.555760384,23.6163
1413394978.605760574,23.9171
1413394978.655760527,19.6844
1413394978.705760479,25.2005
1413394978.755760431,22.5403
1413394978.805760384,22.3394
1413394978.855760574,23.0386
1413394978.905760527,20.6131
1413394978.955760479,22.3027
1413394979.005760431,23.2747
1413394979.055760384,18.4139
1413394979.105760574,19.5561
1413394979.155760527,18.1232
1413394979.205760479,18.1257
1413394979.255760431,18.257
1413394979.305760384,16.4933
1413394979.355760574,12.0951
1413394979.405760527,11.369
1413394979.455760479,9.34591
1413394979.505760431,10.9269
1413394979.555760384,10.2614
1413394979.605760574,12.3922
1413394979.655760527,11.9628
1413394979.705760479,13.7281
1413394979.755760431,11.4061
1413394979.805760384,7.31376
1413394979.855760574,6.72119
1413394979.905760527,12.7509
1413394979.955760479,13.6869
1413394980.005760431,16.2969
1413394980.055760384,19.6773
1413394980.105760574,19.3775
1413394980.155760527,19.4173
1413394980.205760479,21.6772
1413394980.255760431,20.4189
1413394980.305760384,20.3076
1413394980.355760574,21.5351
1413394980.405760527,22.4717
1413394980.455760479,21.3078
1413394980.505760431,23.2988
1413394980.555760384,22.8023
1413394980.605760574,21.105
1413394980.655760527,22.0906
1413394980.705760479,23.0085
1413394980.755760431,23.0649
1413394980.805760384,21.2218
1413394980.855760574,20.1117
1413394980.905760527,20.5062
1413394980.955760479,23.518
1413394981.005760431,24.1285
1413394981.055760384,21.5812
1413394981.105760574,24.6245
1413394981.155760527,22.7223
1413394981.205760479,21.716
1413394981.255760431,24.2531
1413394981.305760384,20.5125
1413394981.355760574,24.044
1413394981.405760527,25.4648
1413394981.455760479,22.4149
1413394981.505760431,21.0882
1413394981.555760384,22.3177
1413394981.605760574,21.6136
1413394981.655760527,22.8391
1413394981.705760479,21.8133
1413394981.755760431,23.6704
1413394981.805760384,23.2016
1413394981.855760574,22.4525
1413394981.905760527,21.3596
1413394981.955760479,19.7295
1413394982.005760431,23.5332
1413394982.055760384,21.3006
1413394982.105760574,21.6807
1413394982.155760527,22.436
1413394982.205760479,19.3457
1413394982.255760431,20.6907
1413394982.305760384,19.037
1413394982.355760574,18.2209
1413394982.405760527,20.1031
1413394982.455760479,18.4773
1413394982.505760431,17.6689
1413394982.555760384,17.7307
1413394982.605760574,20.659
1413394982.655760527,17.5738
1413394982.705760479,19.6754
1413394982.755760431,17.4832
1413394982.805760384,14.4884
1413394982.855760574,17.2336
1413394982.905760527,17.5312
1413394983.005760431,18.6167
1413394983.105760574,15.1269
1413394983.205760479,15.089
1413394983.305760384,15.8381
1413394983.405760527,12.8493
1413394983.505760431,15.0474
1413394983.605760574,16.3656
1413394983.705760479,13.9938
1413394983.805760384,14.7091
1413394983.905760527,16.1758
1413394984.005760431,16.4215
1413394984.105760574,17.4143
1413394984.205760479,18.9731
1413394984.305760384,18.9118
1413394984.405760527,17.3439
1413394984.505760431,17.9601
1413394984.605760574,19.647
1413394984.705760479,14.5717
1413394984.805760384,18.8443
1413394984.905760527,17.0364
1413394985.005760431,15.2352
1413394985.105760574,15.4336
1413394985.205760479,16.9323
1413394985.305760384,16.7774
1413394985.405760527,18.8643
1413394985.505760431,17.0749
1413394985.605760574,20.0873
1413394985.705760479,15.7606
1413394985.805760384,14.1189
1413394985.905760527,16.6854
1413394986.005760431,17.3
1413394986.105760574,16.5698
1413394986.205760479,16.5849
1413394986.305760384,15.7685
1413394986.405760527,12.9429
1413394986.505760431,12.6582
1413394986.605760574,12.9559
1413394986.705760479,10.5586
1413394986.805760384,11.1167
1413394986.905760527,10.2825
1413394987.005760431,9.85153
1413394987.105760574,8.6011
1413394987.205760479,8.27892
1413394987.305760384,6.0888
1413394987.405760527,8.54218
1413394987.505760431,5.46162
1413394987.605760574,5.52353
1413394987.705760479,4.24046
1413394987.805760384,5.23062
1413394987.905760527,3.19452
1413394988.005760431,5.29534
1413394988.105760574,4.78867
1413394988.205760479,2.56427
1413394988.305760384,3.45703
1413394988.405760527,4.72176
1413394988.505760431,3.78884
1413394988.605760574,3.39545
1413394988.705760479,4.35064
1413394988.805760384,5.36596
1413394988.905760527,7.36066
1413394989.005760431,5.31961
1413394989.105760574,4.82787
1413394989.205760479,9.5115
1413394989.305760384,9.97517
1413394989.405760527,9.53664
1413394989.505760431,11.2789
1413394989.605760574,10.6202
1413394989.705760479,12.7003
1413394989.805760384,10.0382
1413394989.905760527,12.9913
1413394990.005760431,11.6753
1413394990.105760574,8.81154
1413394990.155760527,11.562
1413394990.205760479,9.51287
1413394990.255760431,11.3005
1413394990.355760574,13.5237
1413394990.405760527,13.7312
1413394990.455760479,14.3613
1413394990.505760431,16.2784
1413394990.555760384,16.2963
1413394990.605760574,17.418
1413394990.655760527,19.9966
1413394990.705760479,19.1036
1413394990.755760431,20.3404
1413394990.805760384,20.91
1413394990.855760574,21.7325
1413394990.905760527,21.5948
1413394990.955760479,21.1761
1413394991.005760431,20.3588
1413394991.055760384,19.564
1413394991.105760574,18.6316
1413394991.155760527,20.5548
1413394991.205760479,20.5986
1413394991.255760431,20.8392
1413394991.305760384,17.9521
1413394991.355760574,20.9007
1413394991.405760527,20.7745
1413394991.455760479,19.9065
1413394991.505760431,20.9024
1413394991.555760384,19.5864
1413394991.605760574,18.2902
1413394991.655760527,20.3387
1413394991.705760479,19.4185
1413394991.755760431,19.5147
1413394991.805760384,18.7236
1413394991.855760574,21.0027
1413394991.905760527,18.71
1413394991.955760479,19.5477
1413394992.005760431,17.1629
1413394992.055760384,19.2276
1413394992.105760574,22.18
1413394992.155760527,19.5559
1413394992.205760479,19.3803
1413394992.255760431,19.5815
1413394992.305760384,22.5797
1413394992.355760574,18.5566
1413394992.405760527,21.5618
1413394992.455760479,20.464
1413394992.505760431,19.2953
1413394992.555760384,18.6377
1413394992.605760574,21.8742
1413394992.655760527,18.0969
1413394992.705760479,20.8615
1413394992.755760431,20.084
1413394992.805760384,19.1555
1413394992.855760574,22.3725
1413394992.905760527,22.8729
1413394992.955760479,19.9003
1413394993.005760431,22.6792
1413394993.055760384,21.4887
1413394993.105760574,21.5722
1413394993.155760527,23.358
1413394993.205760479,20.6807
1413394993.255760431,19.8239
1413394993.305760384,23.0148
1413394993.355760574,23.0887
1413394993.405760527,21.2114
1413394993.455760479,19.5211
1413394993.505760431,20.159
1413394993.555760384,21.6475
1413394993.605760574,20.4054
1413394993.655760527,20.5855
1413394993.705760479,18.4229
1413394993.755760431,19.4618
1413394993.805760384,15.2896
1413394993.855760574,17.6282
1413394993.905760527,18.1735
1413394993.955760479,17.5
1413394994.005760431,16.0271
1413394994.055760384,19.3227
1413394994.105760574,18.5673
1413394994.155760527,16.0947
1413394994.205760479,14.4911
1413394994.305760384,18.0259
1413394994.405760527,14.6566
1413394994.505760431,13.1385
1413394994.605760574,14.7619
1413394994.705760479,14.0481
1413394994.805760384,18.683
1413394994.905760527,15.8993
1413394995.005760431,12.5846
1413394995.105760574,19.7087
1413394995.205760479,15.8038
1413394995.305760384,12.2068
1413394995.405760527,15.9252
1413394995.505760431,15.5063
1413394995.605760574,10.3137
1413394995.705760479,11.2143
1413394995.805760384,11.4766
1413394995.905760527,9.13651
1413394996.005760431,10.8349
1413394996.105760574,10.4211
1413394996.205760479,9.55078
1413394996.305760384,10.8974
1413394996.405760527,7.03103
1413394996.505760431,5.86308
1413394996.605760574,10.9714
1413394996.705760479,7.35431
1413394996.805760384,8.74288
1413394996.905760527,9.89152
1413394997.005760431,8.58572
1413394997.105760574,8.24961
1413394997.205760479,9.95484
1413394997.305760384,10.0008
1413394997.405760527,8.49786
1413394997.505760431,12.2987
1413394997.605760574,10.3614
1413394997.705760479,8.30815
1413394997.805760384,10.238
1413394997.905760527,9.94519
1413394998.005760431,8.92176
1413394998.105760574,11.0136
1413394998.205760479,8.7962
1413394998.305760384,9.35031
