1413394881.605760574,2519.06
1413394881.655760527,2625.5
1413394881.705760479,2769.3
1413394881.755760431,2911.43
1413394881.805760384,3070.17
1413394881.855760574,3217.87
1413394881.905760527,3391.95
1413394881.955760479,3541.48
1413394882.005760431,3686.43
1413394882.055760384,3844.54
1413394882.105760574,3993.28
1413394882.155760527,4142.61
1413394882.205760479,4293.94
1413394882.255760431,4442.92
1413394882.305760384,4627.66
1413394882.355760574,4802.38
1413394882.405760527,4962.46
1413394882.455760479,5116.82
1413394882.505760431,5270.36
1413394882.555760384,5416.26
1413394882.605760574,5558.04
1413394882.655760527,5723.7
1413394882.705760479,5864.22
1413394882.755760431,6023.84
1413394882.805760384,6177.95
1413394882.855760574,6330.23
1413394882.905760527,6474
1413394882.955760479,6614.42
1413394883.005760431,6770.71
1413394883.055760384,6939.51
1413394883.105760574,7083.29
1413394883.155760527,7233.25
1413394883.205760479,7378.11
1413394883.255760431,7539.98
1413394883.305760384,7691.31
1413394883.355760574,7840.06
1413394883.405760527,7987.26
1413394883.455760479,8141.96
1413394883.505760431,8282.02
1413394883.555760384,8432.42
1413394883.605760574,8580.26
1413394883.655760527,8727.86
1413394883.705760479,8875.53
1413394883.755760431,9015.57
1413394883.805760384,9158.78
1413394883.855760574,9307.09
1413394883.905760527,9453.5
1413394883.955760479,9594.59
1413394884.005760431,9741.1
1413394884.055760384,9886.08
1413394884.105760574,10040.5
1413394884.155760527,10188.3
1413394884.205760479,10342.1
1413394884.255760431,10486.7
1413394884.305760384,10636.2
1413394884.355760574,10781
1413394884.405760527,10940.3
1413394884.455760479,11087.3
1413394884.505760431,11231.5
1413394884.555760384,11383.4
1413394884.605760574,11539.9
1413394884.655760527,11687.1
1413394884.705760479,11836.6
1413394884.755760431,11990.3
1413394884.805760384,12136.3
1413394884.855760574,12282.8
1413394884.905760527,12468
1413394884.955760479,12613.3
1413394885.005760431,12762.8
1413394885.055760384,12907.9
1413394885.105760574,13057.9
1413394885.155760527,13227.2
1413394885.205760479,13408.1
1413394885.255760431,13568.1
1413394885.305760384,13718.9
1413394885.355760574,13875.2
1413394885.405760527,14029.5
1413394885.455760479,14175.8
1413394885.505760431,14349.3
1413394885.555760384,14490.7
1413394885.605760574,14636.6
1413394885.655760527,14797.4
1413394885.705760479,14935.6
1413394885.755760431,15087
1413394885.805760384,15243.8
1413394885.855760574,15394.5
1413394885.905760527,15541.8
1413394885.955760479,15721.7
1413394886.005760431,15876.8
1413394886.055760384,16028
1413394886.105760574,16183.2
1413394886.155760527,16333.6
1413394886.205760479,16490
1413394886.255760431,16651
1413394886.305760384,16800.5
1413394886.355760574,16983
1413394886.405760527,17152.1
1413394886.455760479,17303.8
1413394886.505760431,17442.3
1413394886.555760384,17604.3
1413394886.605760574,17749.7
1413394886.655760527,17898
1413394886.705760479,18054
1413394886.755760431,18208
1413394886.805760384,18348.7
1413394886.855760574,18511.6
1413394886.905760527,18653.2
1413394886.955760479,18805.3
1413394887.005760431,18974
1413394887.055760384,19115.9
1413394887.105760574,19258.8
1413394887.155760527,19415.5
1413394887.205760479,19567.7
1413394887.255760431,19719.3
1413394887.305760384,19871.5
1413394887.355760574,20022.3
1413394887.405760527,20163.7
1413394887.455760479,20324.7
1413394887.505760431,20479.6
1413394887.555760384,20625.5
1413394887.605760574,20785.9
1413394887.655760527,20937.9
1413394887.705760479,21079
1413394887.755760431,21242.4
1413394887.805760384,21401.4
1413394887.855760574,21541
1413394887.905760527,21709.3
1413394887.955760479,21877.1
1413394888.005760431,22021.3
1413394888.055760384,22197.6
1413394888.105760574,22364.4
1413394888.155760527,22500.8
1413394888.205760479,22682.9
1413394888.255760431,22817.1
1413394888.305760384,22960.7
1413394888.355760574,23128.9
1413394888.405760527,23280.4
1413394888.455760479,23423.8
1413394888.505760431,23585.9
1413394888.555760384,23738.2
1413394888.605760574,23884.9
1413394888.655760527,24039.9
1413394888.705760479,24200
1413394888.755760431,24347.9
1413394888.805760384,24508.8
1413394888.855760574,24655.3
1413394888.905760527,24804.8
1413394888.955760479,24990.9
1413394889.005760431,25138.7
1413394889.055760384,25293.8
1413394889.105760574,25453.6
1413394889.155760527,25599.7
1413394889.205760479,25751
1413394889.255760431,25911.3
1413394889.305760384,26056.4
1413394889.355760574,26230.3
1413394889.405760527,26395.6
1413394889.455760479,26545.5
1413394889.505760431,26690.8
1413394889.555760384,26873.7
1413394889.605760574,27017.8
1413394889.655760527,27168.8
1413394889.705760479,27329.4
1413394889.755760431,27474.7
1413394889.805760384,27630.6
1413394889.855760574,27825.5
1413394889.905760527,27977.6
1413394889.955760479,28122.3
1413394890.005760431,28292.6
1413394890.055760384,28462.8
1413394890.105760574,28602.9
1413394890.155760527,28766
1413394890.205760479,28915.4
1413394890.255760431,29066.7
1413394890.305760384,29220.8
1413394890.355760574,29365.4
1413394890.405760527,29509.3
1413394890.455760479,29673.2
1413394890.505760431,29818
1413394890.555760384,29973.5
1413394890.605760574,30139
1413394890.655760527,30292.6
1413394890.705760479,30451
1413394890.755760431,30614.2
1413394890.805760384,30772.4
1413394890.855760574,30925.3
1413394890.905760527,31087.8
1413394890.955760479,31237
1413394891.005760431,31398.2
1413394891.055760384,31547.2
1413394891.105760574,31688.6
1413394891.155760527,31839.2
1413394891.205760479,32017
1413394891.255760431,32160.7
1413394891.305760384,32312.2
1413394891.355760574,32476.2
1413394891.405760527,32633.5
1413394891.455760479,32782.5
1413394891.505760431,32945.2
1413394891.555760384,33105.5
1413394891.605760574,33251
1413394891.655760527,33431.6
1413394891.705760479,33592.6
1413394891.755760431,33736.4
1413394891.805760384,33897.4
1413394891.855760574,34051.1
1413394891.905760527,34192.5
1413394891.955760479,34352.6
1413394892.005760431,34498.7
1413394892.055760384,34677.2
1413394892.105760574,34836.8
1413394892.155760527,34987.5
1413394892.205760479,35130.3
1413394892.255760431,35291.8
1413394892.305760384,35441.3
1413394892.355760574,35576.6
1413394892.405760527,35729.8
1413394892.455760479,35880.6
1413394892.505760431,36027.2
1413394892.555760384,36208.9
1413394892.605760574,36356.1
1413394892.655760527,36499.9
1413394892.705760479,36654.7
1413394892.755760431,36812.4
1413394892.805760384,36946.2
1413394892.855760574,37105.8
1413394892.905760527,37278.4
1413394892.955760479,37436.2
1413394893.005760431,37591.7
1413394893.055760384,37762.7
1413394893.105760574,37928.2
1413394893.155760527,38087.6
1413394893.205760479,38217.9
1413394893.255760431,38364.1
1413394893.305760384,38540
1413394893.355760574,38686.2
1413394893.405760527,38829.2
1413394893.455760479,38991.2
1413394893.505760431,39117.7
1413394893.555760384,39286.2
1413394893.605760574,39449.3
1413394893.655760527,39603.5
1413394893.705760479,39743.6
1413394893.755760431,39901.9
1413394893.805760384,40056.6
1413394893.855760574,40200.5
1413394893.905760527,40365.9
1413394893.955760479,40563.9
1413394894.005760431,40698.8
1413394894.055760384,40858.1
1413394894.105760574,41009.8
1413394894.155760527,41143.8
1413394894.205760479,41308.7
1413394894.255760431,41462.3
1413394894.305760384,41591.2
1413394894.355760574,41754.1
1413394894.405760527,41927.6
1413394894.455760479,42052.3
1413394894.505760431,42213.3
1413394894.555760384,42372.6
1413394894.605760574,42514.4
1413394894.655760527,42670.2
1413394894.705760479,42818.1
1413394894.755760431,42961.7
1413394894.805760384,43148
1413394894.855760574,43298.5
1413394894.905760527,43438.3
1413394894.955760479,43586.5
1413394895.005760431,43739.7
1413394895.055760384,43908.4
1413394895.105760574,44049.9
1413394895.155760527,44193.5
1413394895.205760479,44364.6
1413394895.255760431,44509.4
1413394895.305760384,44656.8
1413394895.355760574,44805.1
1413394895.405760527,44959.8
1413394895.455760479,45109.6
1413394895.505760431,45259.7
1413394895.555760384,45451.5
1413394895.605760574,45615.8
1413394895.655760527,45761.5
1413394895.705760479,45928.1
1413394895.755760431,46072.3
1413394895.805760384,46223.9
1413394895.855760574,46373.1
1413394895.905760527,46516.5
1413394895.955760479,46657.2
1413394896.005760431,46831.1
1413394896.055760384,46983.9
1413394896.105760574,47137.1
1413394896.155760527,47288.2
1413394896.205760479,47447.2
1413394896.255760431,47616.4
1413394896.305760384,47792
1413394896.355760574,47943.3
1413394896.405760527,48105
1413394896.455760479,48249.2
1413394896.505760431,48397
1413394896.555760384,48555.9
1413394896.605760574,48730.4
1413394896.655760527,48878.4
1413394896.705760479,49028.1
1413394896.755760431,49193.4
1413394896.805760384,49353.4
1413394896.855760574,49506.1
1413394896.905760527,49674.7
1413394896.955760479,49822.4
1413394897.005760431,49974.6
1413394897.055760384,50146
1413394897.105760574,50297.3
1413394897.155760527,50458.8
1413394897.205760479,50625.2
1413394897.255760431,50770.5
1413394897.305760384,50933.1
1413394897.355760574,51098.7
1413394897.405760527,51246.2
1413394897.455760479,51406.1
1413394897.505760431,51561.8
1413394897.555760384,51719.9
1413394897.605760574,51856.9
1413394897.655760527,52024.8
1413394897.705760479,52176.3
1413394897.755760431,52325.1
1413394897.805760384,52504
1413394897.855760574,52674.1
1413394897.905760527,52836.5
1413394897.955760479,53005
1413394898.005760431,53174.9
1413394898.055760384,53317.8
1413394898.105760574,53477.8
1413394898.155760527,53626.6
1413394898.205760479,53765.1
1413394898.255760431,53924.8
1413394898.305760384,54095.8
1413394898.355760574,54240.1
1413394898.405760527,54403.4
1413394898.455760479,54575.5
1413394898.505760431,54706.4
1413394898.555760384,54887.1
1413394898.605760574,55055.5
1413394898.655760527,55175.8
1413394898.705760479,55346.1
1413394898.755760431,55493.8
1413394898.805760384,55648.1
1413394898.855760574,55795.7
1413394898.905760527,55942.5
1413394898.955760479,56102.7
1413394899.005760431,56280.3
1413394899.055760384,56452.2
1413394899.105760574,56601.1
1413394899.155760527,56766.4
1413394899.205760479,56927.8
1413394899.255760431,57100.7
1413394899.305760384,57277.4
1413394899.355760574,57432.7
1413394899.405760527,57579.8
1413394899.455760479,57759.4
1413394899.505760431,57920.2
1413394899.555760384,58072.2
1413394899.605760574,58280.4
1413394899.655760527,58427.8
1413394899.705760479,58580.8
1413394899.755760431,58733.4
1413394899.805760384,58865.4
1413394899.855760574,59017.5
1413394899.905760527,59190.7
1413394899.955760479,59353.8
1413394900.005760431,59510.9
1413394900.055760384,59668.6
1413394900.105760574,59828.5
1413394900.155760527,59990.2
1413394900.205760479,60147.4
1413394900.255760431,60321.3
1413394900.305760384,60455.8
1413394900.355760574,60618.1
1413394900.405760527,60771.9
1413394900.455760479,60912.1
1413394900.505760431,61068.2
1413394900.555760384,61218
1413394900.605760574,61361.4
1413394900.655760527,61533.7
1413394900.705760479,61679
1413394900.755760431,61830.2
1413394900.805760384,62020.1
1413394900.855760574,62165.1
1413394900.905760527,62306.5
1413394900.955760479,62479.9
1413394901.005760431,62627.2
1413394901.055760384,62791.4
1413394901.105760574,62943.7
1413394901.155760527,63098.4
1413394901.205760479,63263.5
1413394901.255760431,63431.9
1413394901.305760384,63588.9
1413394901.355760574,63750.1
1413394901.405760527,63908
1413394901.455760479,64069.8
1413394901.505760431,64221.9
1413394901.555760384,64378.6
1413394901.605760574,64526.5
1413394901.655760527,64689.6
1413394901.705760479,64837.4
1413394901.755760431,64989.3
1413394901.805760384,65152.2
1413394901.855760574,65300.4
1413394901.905760527,65450.7
1413394901.955760479,65609.7
1413394902.005760431,65754.1
1413394902.055760384,65914.6
1413394902.105760574,66126.7
1413394902.155760527,66272.2
1413394902.205760479,66424.1
1413394902.255760431,66593
1413394902.305760384,66741.5
1413394902.355760574,66903.9
1413394902.405760527,67061.7
1413394902.455760479,67266.6
1413394902.505760431,67406.3
1413394902.555760384,67547.7
1413394902.605760574,67727.9
1413394902.655760527,67934.4
1413394902.705760479,68086.3
1413394902.755760431,68254.1
1413394902.805760384,68408
1413394902.855760574,68566.7
1413394902.905760527,68752.5
1413394902.955760479,68920
1413394903.005760431,69057.7
1413394903.055760384,69274.1
1413394903.105760574,69446.9
1413394903.155760527,69593.6
1413394903.205760479,69746.2
1413394903.255760431,69890.7
1413394903.305760384,70042
1413394903.355760574,70191.3
1413394903.405760527,70362.6
1413394903.455760479,70590.9
1413394903.505760431,70706.8
1413394903.555760384,70825.2
1413394903.605760574,70959.4
1413394903.655760527,71153.5
1413394903.705760479,71316.8
1413394903.755760431,71455.4
1413394903.805760384,71641.6
1413394903.855760574,71782.2
1413394903.905760527,71928.5
1413394903.955760479,72109.3
1413394904.005760431,72260.1
1413394904.055760384,72401.5
1413394904.105760574,72575.8
1413394904.155760527,72726
1413394904.205760479,72871.7
1413394904.255760431,73063.2
1413394904.305760384,73214.5
1413394904.355760574,73374.3
1413394904.405760527,73541.4
1413394904.455760479,73696.3
1413394904.505760431,73838.7
1413394904.555760384,73997.6
1413394904.605760574,74155.6
1413394904.655760527,74307.1
1413394904.705760479,74499.8
1413394904.755760431,74689.5
1413394904.805760384,74820.4
1413394904.855760574,74998.6
1413394904.905760527,75167.6
1413394904.955760479,75294
1413394905.005760431,75476.8
1413394905.055760384,75645.4
1413394905.105760574,75774.9
1413394905.155760527,75952.8
1413394905.205760479,76117.6
1413394905.255760431,76265.6
1413394905.305760384,76457.2
1413394905.355760574,76597
1413394905.405760527,76768.5
1413394905.455760479,76946.5
1413394905.505760431,77090.8
1413394905.555760384,77253.1
1413394905.605760574,77396
1413394905.655760527,77548.4
1413394905.705760479,77698.9
1413394905.755760431,77886.9
1413394905.805760384,78049.6
1413394905.855760574,78191.8
1413394905.905760527,78353.4
1413394905.955760479,78519.3
1413394906.005760431,78640.8
1413394906.055760384,78807
1413394906.105760574,78967.2
1413394906.155760527,79106.6
1413394906.205760479,79285.2
1413394906.255760431,79427.4
1413394906.305760384,79596.3
1413394906.355760574,79754
1413394906.405760527,79896.1
1413394906.455760479,80062.5
1413394906.505760431,80209.2
1413394906.555760384,80360.9
1413394906.605760574,80531.8
1413394906.655760527,80696.8
1413394906.705760479,80839.8
1413394906.755760431,81022.8
1413394906.805760384,81220.6
1413394906.855760574,81386.6
1413394906.905760527,81524.2
1413394906.955760479,81700.5
1413394907.005760431,81884.8
1413394907.055760384,81999.7
1413394907.105760574,82144.4
1413394907.155760527,82305.3
1413394907.205760479,82476.6
1413394907.255760431,82614.7
1413394907.305760384,82772.6
1413394907.355760574,82948.1
1413394907.405760527,83113.6
1413394907.455760479,83265.2
1413394907.505760431,83440.9
1413394907.555760384,83597
1413394907.605760574,83744.7
1413394907.655760527,83939
1413394907.705760479,84091.1
1413394907.755760431,84254.4
1413394907.805760384,84413
1413394907.855760574,84591.4
1413394907.905760527,84760.4
1413394907.955760479,84887.8
1413394908.005760431,85058.5
1413394908.055760384,85235.6
1413394908.105760574,85369.2
1413394908.155760527,85533.7
1413394908.205760479,85692.7
1413394908.255760431,85833
1413394908.305760384,85985.2
1413394908.355760574,86119.8
1413394908.405760527,86284
1413394908.455760479,86439.4
1413394908.505760431,86564.8
1413394908.555760384,86718.7
1413394908.605760574,86869.5
1413394908.655760527,87043.3
1413394908.705760479,87165.4
1413394908.755760431,87332.9
1413394908.805760384,87501.8
1413394908.855760574,87631
1413394908.905760527,87792.4
1413394908.955760479,87954.2
1413394909.005760431,88082.8
1413394909.055760384,88249.8
1413394909.105760574,88404.3
1413394909.155760527,88556
1413394909.205760479,88747.8
1413394909.255760431,88905.9
1413394909.305760384,89076.5
1413394909.355760574,89246.2
1413394909.405760527,89401.7
1413394909.455760479,89566.6
1413394909.505760431,89711.9
1413394909.555760384,89867.6
1413394909.605760574,90023.7
1413394909.655760527,90194.1
1413394909.705760479,90350.5
1413394909.755760431,90503.4
1413394909.805760384,90684.5
1413394909.855760574,90814.6
1413394909.905760527,90981.3
1413394909.955760479,91161.4
1413394910.005760431,91326.6
1413394910.055760384,91452.9
1413394910.105760574,91609.3
1413394910.155760527,91759.4
1413394910.205760479,91927.1
1413394910.255760431,92076.7
1413394910.305760384,92226.5
1413394910.355760574,92408.9
1413394910.405760527,92562.4
1413394910.455760479,92714.3
1413394910.505760431,92885.6
1413394910.555760384,93047.9
1413394910.605760574,93209.4
1413394910.655760527,93334
1413394910.705760479,93503.7
1413394910.755760431,93670.4
1413394910.805760384,93819.9
1413394910.855760574,93980.7
1413394910.905760527,94111.6
1413394910.955760479,94279.6
1413394911.005760431,94461.2
1413394911.055760384,94619.6
1413394911.105760574,94770.6
1413394911.155760527,94954.9
1413394911.205760479,95103.1
1413394911.255760431,95288.3
1413394911.305760384,95451
1413394911.355760574,95602.1
1413394911.405760527,95787.7
1413394911.455760479,95944.3
1413394911.505760431,96074.2
1413394911.555760384,96256.5
1413394911.605760574,96406.5
1413394911.655760527,96560.9
1413394911.705760479,96685.5
1413394911.755760431,96851.7
1413394911.805760384,97018.5
1413394911.855760574,97167.9
1413394911.905760527,97326.6
1413394911.955760479,97452.6
1413394912.005760431,97602.8
1413394912.055760384,97769.1
1413394912.105760574,97920.9
1413394912.155760527,98095.8
1413394912.205760479,98266.1
1413394912.255760431,98396.1
1413394912.305760384,98568.1
1413394912.355760574,98739.3
1413394912.405760527,98873.5
1413394912.455760479,99060.1
1413394912.505760431,99198.7
1413394912.555760384,99357
1413394912.605760574,99506.2
1413394912.655760527,99675.5
1413394912.705760479,99844.8
1413394912.755760431,100008
1413394912.805760384,100185
1413394912.855760574,100323
1413394912.905760527,100474
1413394912.955760479,100689
1413394913.005760431,100872
1413394913.055760384,101010
1413394913.105760574,101203
1413394913.155760527,101350
1413394913.205760479,101526
1413394913.255760431,101662
1413394913.305760384,101843
1413394913.355760574,101979
1413394913.405760527,102147
1413394913.455760479,102299
1413394913.505760431,102451
1413394913.555760384,102611
1413394913.605760574,102777
1413394913.655760527,102897
1413394913.705760479,103061
1413394913.755760431,103228
1413394913.805760384,103361
1413394913.855760574,103608
1413394913.905760527,103731
1413394913.955760479,103852
1413394914.005760431,104017
1413394914.055760384,104168
1413394914.105760574,104313
1413394914.155760527,104485
1413394914.205760479,104630
1413394914.255760431,104779
1413394914.305760384,104956
1413394914.355760574,105114
1413394914.405760527,105262
1413394914.455760479,105434
1413394914.505760431,105588
1413394914.555760384,105742
1413394914.605760574,105893
1413394914.655760527,106043
1413394914.705760479,106193
1413394914.755760431,106356
1413394914.805760384,106515
1413394914.855760574,106669
1413394914.905760527,106847
1413394914.955760479,107000
1413394915.005760431,107169
1413394915.055760384,107333
1413394915.105760574,107495
1413394915.155760527,107639
1413394915.205760479,107860
1413394915.255760431,108013
1413394915.305760384,108193
1413394915.355760574,108362
1413394915.405760527,108519
1413394915.455760479,108691
1413394915.505760431,108863
1413394915.555760384,109027
1413394915.605760574,109218
1413394915.655760527,109378
1413394915.705760479,109542
1413394915.755760431,109742
1413394915.805760384,109913
1413394915.855760574,110068
1413394915.905760527,110237
1413394915.955760479,110415
1413394916.005760431,110569
1413394916.055760384,110727
1413394916.105760574,110922
1413394916.155760527,111033
1413394916.205760479,111199
1413394916.255760431,111339
1413394916.305760384,111485
1413394916.355760574,111642
1413394916.405760527,111820
1413394916.455760479,111965
1413394916.505760431,112121
1413394916.555760384,112310
1413394916.605760574,112469
1413394916.655760527,112621
1413394916.705760479,112788
1413394916.755760431,112941
1413394916.805760384,113086
1413394916.855760574,113226
1413394916.905760527,113379
1413394916.955760479,113536
1413394917.005760431,113684
1413394917.055760384,113829
1413394917.105760574,113980
1413394917.155760527,114130
1413394917.205760479,114312
1413394917.255760431,114466
1413394917.305760384,114615
1413394917.355760574,114760
1413394917.405760527,114903
1413394917.455760479,115049
1413394917.505760431,115212
1413394917.555760384,115368
1413394917.605760574,115524
1413394917.655760527,115671
1413394917.705760479,115824
1413394917.755760431,115962
1413394917.805760384,116126
1413394917.855760574,116283
1413394917.905760527,116427
1413394917.955760479,116568
1413394918.005760431,116721
1413394918.055760384,116857
1413394918.105760574,117080
1413394918.155760527,117225
1413394918.205760479,117371
1413394918.255760431,117508
1413394918.305760384,117664
1413394918.355760574,117814
1413394918.405760527,117971
1413394918.455760479,118110
1413394918.505760431,118261
1413394918.555760384,118396
1413394918.605760574,118562
1413394918.655760527,118705
1413394918.705760479,118862
1413394918.755760431,119010
1413394918.805760384,119159
1413394918.855760574,119294
1413394918.905760527,119452
1413394918.955760479,119613
1413394919.005760431,119763
1413394919.055760384,119907
1413394919.105760574,120047
1413394919.155760527,120188
1413394919.205760479,120333
1413394919.255760431,120471
1413394919.305760384,120622
1413394919.355760574,120764
1413394919.405760527,120909
1413394919.455760479,121046
1413394919.505760431,121202
1413394919.555760384,121348
1413394919.605760574,121506
1413394919.655760527,121645
1413394919.705760479,121805
1413394919.755760431,121945
1413394919.805760384,122091
1413394919.855760574,122227
1413394919.905760527,122371
1413394919.955760479,122506
1413394920.005760431,122654
1413394920.055760384,122790
1413394920.105760574,122935
1413394920.155760527,123073
1413394920.205760479,123222
1413394920.255760431,123361
1413394920.305760384,123513
1413394920.355760574,123654
1413394920.405760527,123800
1413394920.455760479,123946
1413394920.505760431,124093
1413394920.555760384,124230
1413394920.605760574,124386
1413394920.655760527,124525
1413394920.705760479,124668
1413394920.755760431,124808
1413394920.805760384,124952
1413394920.855760574,125100
1413394920.905760527,125245
1413394920.955760479,125387
1413394921.005760431,125538
1413394921.055760384,125677
1413394921.105760574,125830
1413394921.155760527,125968
1413394921.205760479,126107
1413394921.255760431,126256
1413394921.305760384,126400
1413394921.355760574,126546
1413394921.405760527,126706
1413394921.455760479,126858
1413394921.505760431,127008
1413394921.555760384,127158
1413394921.605760574,127306
1413394921.655760527,127455
1413394921.705760479,127626
1413394921.755760431,127762
1413394921.805760384,127910
1413394921.855760574,128054
1413394921.905760527,128200
1413394921.955760479,128351
1413394922.005760431,128505
1413394922.055760384,128653
1413394922.105760574,128796
1413394922.155760527,128929
1413394922.205760479,129075
1413394922.255760431,129231
1413394922.305760384,129369
1413394922.355760574,129509
1413394922.405760527,129666
1413394922.455760479,129808
1413394922.505760431,129953
1413394922.555760384,130099
1413394922.605760574,130248
1413394922.655760527,130391
1413394922.705760479,130544
1413394922.755760431,130688
1413394922.805760384,130843
1413394922.855760574,130986
1413394922.905760527,131161
1413394922.955760479,131311
1413394923.005760431,131475
1413394923.055760384,131620
1413394923.105760574,131773
1413394923.155760527,131917
1413394923.205760479,132057
1413394923.255760431,132217
1413394923.305760384,132385
1413394923.355760574,132536
1413394923.405760527,132689
1413394923.455760479,132827
1413394923.505760431,133059
1413394923.555760384,133146
1413394923.605760574,133280
1413394923.655760527,133426
1413394923.705760479,133584
1413394923.755760431,133730
1413394923.805760384,133935
1413394923.855760574,134089
1413394923.905760527,134247
1413394923.955760479,134387
1413394924.005760431,134550
1413394924.055760384,134691
1413394924.105760574,134844
1413394924.155760527,134991
1413394924.205760479,135145
1413394924.255760431,135280
1413394924.305760384,135436
1413394924.355760574,135580
1413394924.405760527,135734
1413394924.455760479,135879
1413394924.505760431,136035
1413394924.555760384,136190
1413394924.605760574,136330
1413394924.655760527,136482
1413394924.705760479,136625
1413394924.755760431,136772
1413394924.805760384,136922
1413394924.855760574,137070
1413394924.905760527,137221
1413394924.955760479,137375
1413394925.005760431,137528
1413394925.055760384,137679
1413394925.105760574,137857
1413394925.155760527,138002
1413394925.205760479,138147
1413394925.255760431,138311
1413394925.305760384,138467
1413394925.355760574,138619
1413394925.405760527,138777
1413394925.455760479,138927
1413394925.505760431,139069
1413394925.555760384,139226
1413394925.605760574,139383
1413394925.655760527,139522
1413394925.705760479,139680
1413394925.755760431,139834
1413394925.805760384,139985
1413394925.855760574,140141
1413394925.905760527,140300
1413394925.955760479,140458
1413394926.005760431,140613
1413394926.055760384,140750
1413394926.105760574,140895
1413394926.155760527,141052
1413394926.205760479,141202
1413394926.255760431,141346
1413394926.305760384,141496
1413394926.355760574,141652
1413394926.405760527,141807
1413394926.455760479,141976
1413394926.505760431,142123
1413394926.555760384,142283
1413394926.605760574,142440
1413394926.655760527,142605
1413394926.705760479,142734
1413394926.755760431,142902
1413394926.805760384,143067
1413394926.855760574,143197
1413394926.905760527,143384
1413394926.955760479,143515
1413394927.005760431,143674
1413394927.055760384,143835
1413394927.105760574,143992
1413394927.155760527,144128
1413394927.205760479,144287
1413394927.255760431,144447
1413394927.305760384,144599
1413394927.355760574,144781
1413394927.405760527,144932
1413394927.455760479,145083
1413394927.505760431,145243
1413394927.555760384,145398
1413394927.605760574,145554
1413394927.655760527,145720
1413394927.705760479,145883
1413394927.755760431,146033
1413394927.805760384,146188
1413394927.855760574,146354
1413394927.905760527,146490
1413394927.955760479,146653
1413394928.005760431,146813
1413394928.055760384,146969
1413394928.105760574,147123
1413394928.155760527,147299
1413394928.205760479,147424
1413394928.255760431,147590
1413394928.305760384,147762
1413394928.355760574,147898
1413394928.405760527,148049
1413394928.455760479,148218
1413394928.505760431,148358
1413394928.555760384,148526
1413394928.605760574,148673
1413394928.655760527,148823
1413394928.705760479,149012
1413394928.755760431,149169
1413394928.805760384,149323
1413394928.855760574,149494
1413394928.905760527,149665
1413394928.955760479,149820
1413394929.005760431,149980
1413394929.055760384,150132
1413394929.105760574,150282
1413394929.155760527,150430
1413394929.205760479,150604
1413394929.255760431,150736
1413394929.305760384,150891
1413394929.355760574,151054
1413394929.405760527,151207
1413394929.455760479,151378
1413394929.505760431,151542
1413394929.555760384,151692
1413394929.605760574,151862
1413394929.655760527,152012
1413394929.705760479,152185
1413394929.755760431,152319
1413394929.805760384,152489
1413394929.855760574,152655
1413394929.905760527,152790
1413394929.955760479,152948
1413394930.005760431,153096
1413394930.055760384,153250
1413394930.105760574,153430
1413394930.155760527,153548
1413394930.205760479,153705
1413394930.255760431,153872
1413394930.305760384,154039
1413394930.355760574,154205
1413394930.405760527,154379
1413394930.455760479,154525
1413394930.505760431,154706
1413394930.555760384,154847
1413394930.605760574,155023
1413394930.655760527,155180
1413394930.705760479,155316
1413394930.755760431,155485
1413394930.805760384,155651
1413394930.855760574,155783
1413394930.905760527,155926
1413394930.955760479,156122
1413394931.005760431,156281
1413394931.055760384,156424
1413394931.105760574,156617
1413394931.155760527,156770
1413394931.205760479,156952
1413394931.255760431,157088
1413394931.305760384,157267
1413394931.355760574,157398
1413394931.405760527,157583
1413394931.455760479,157747
1413394931.505760431,157875
1413394931.555760384,158035
1413394931.605760574,158196
1413394931.655760527,158360
1413394931.705760479,158508
1413394931.755760431,158661
1413394931.805760384,158831
1413394931.855760574,158997
1413394931.905760527,159150
1413394931.955760479,159279
1413394932.005760431,159451
1413394932.055760384,159619
1413394932.105760574,159748
1413394932.155760527,159932
1413394932.205760479,160091
1413394932.255760431,160240
1413394932.305760384,160398
1413394932.355760574,160530
1413394932.405760527,160676
1413394932.455760479,160832
1413394932.505760431,160987
1413394932.555760384,161164
1413394932.605760574,161300
1413394932.655760527,161446
1413394932.705760479,161598
1413394932.755760431,161773
1413394932.805760384,161919
1413394932.855760574,162087
1413394932.905760527,162243
1413394932.955760479,162420
1413394933.005760431,162603
1413394933.055760384,162753
1413394933.105760574,162910
1413394933.155760527,163085
1413394933.205760479,163238
1413394933.255760431,163397
1413394933.305760384,163556
1413394933.355760574,163722
1413394933.405760527,163885
1413394933.455760479,164036
1413394933.505760431,164205
1413394933.555760384,164353
1413394933.605760574,164523
1413394933.655760527,164664
1413394933.705760479,164813
1413394933.755760431,164966
1413394933.805760384,165127
1413394933.855760574,165278
1413394933.905760527,165433
1413394933.955760479,165603
1413394934.005760431,165773
1413394934.055760384,165953
1413394934.105760574,166100
1413394934.155760527,166250
1413394934.205760479,166421
1413394934.255760431,166572
1413394934.305760384,166723
1413394934.355760574,166885
1413394934.405760527,167042
1413394934.455760479,167179
1413394934.505760431,167327
1413394934.555760384,167514
1413394934.605760574,167666
1413394934.655760527,167810
1413394934.705760479,167999
1413394934.755760431,168160
1413394934.805760384,168304
1413394934.855760574,168503
1413394934.905760527,168659
1413394934.955760479,168803
1413394935.005760431,168972
1413394935.055760384,169128
1413394935.105760574,169275
1413394935.155760527,169467
1413394935.205760479,169633
1413394935.255760431,169795
1413394935.305760384,169956
1413394935.355760574,170107
1413394935.405760527,170253
1413394935.455760479,170425
1413394935.505760431,170570
1413394935.555760384,170724
1413394935.605760574,170892
1413394935.655760527,171046
1413394935.705760479,171196
1413394935.755760431,171373
1413394935.805760384,171538
1413394935.855760574,171688
1413394935.905760527,171853
1413394935.955760479,172000
1413394936.005760431,172155
1413394936.055760384,172349
1413394936.105760574,172500
1413394936.155760527,172654
1413394936.205760479,172802
1413394936.255760431,172973
1413394936.305760384,173127
1413394936.355760574,173282
1413394936.405760527,173425
1413394936.455760479,173592
1413394936.505760431,173747
1413394936.555760384,173905
1413394936.605760574,174065
1413394936.655760527,174207
1413394936.705760479,174355
1413394936.755760431,174509
1413394936.805760384,174649
1413394936.855760574,174789
1413394936.905760527,174928
1413394936.955760479,175081
1413394937.005760431,175217
1413394937.055760384,175370
1413394937.105760574,175508
1413394937.155760527,175663
1413394937.205760479,175808
1413394937.255760431,175952
1413394937.305760384,176104
1413394937.355760574,176252
1413394937.405760527,176396
1413394937.455760479,176536
1413394937.505760431,176697
1413394937.555760384,176852
1413394937.605760574,177005
1413394937.655760527,177158
1413394937.705760479,177306
1413394937.755760431,177449
1413394937.805760384,177608
1413394937.855760574,177760
1413394937.905760527,177904
1413394937.955760479,178051
1413394938.005760431,178204
1413394938.055760384,178345
1413394938.105760574,178509
1413394938.155760527,178650
1413394938.205760479,178807
1413394938.255760431,178954
1413394938.305760384,179097
1413394938.355760574,179238
1413394938.405760527,179396
1413394938.455760479,179548
1413394938.505760431,179691
1413394938.555760384,179831
1413394938.605760574,179985
1413394938.655760527,180125
1413394938.705760479,180282
1413394938.755760431,180428
1413394938.805760384,180577
1413394938.855760574,180724
1413394938.905760527,180894
1413394938.955760479,181043
1413394939.005760431,181225
1413394939.055760384,181370
1413394939.105760574,181520
1413394939.155760527,181669
1413394939.205760479,181827
1413394939.255760431,181975
1413394939.305760384,182128
1413394939.355760574,182272
1413394939.405760527,182418
1413394939.455760479,182563
1413394939.505760431,182726
1413394939.555760384,182870
1413394939.605760574,183036
1413394939.655760527,183186
1413394939.705760479,183343
1413394939.755760431,183488
1413394939.805760384,183629
1413394939.855760574,183775
1413394939.905760527,183947
1413394939.955760479,184089
1413394940.005760431,184237
1413394940.055760384,184387
1413394940.105760574,184537
1413394940.155760527,184677
1413394940.205760479,184842
1413394940.255760431,184984
1413394940.305760384,185132
1413394940.355760574,185274
1413394940.405760527,185423
1413394940.455760479,185563
1413394940.505760431,185726
1413394940.555760384,185876
1413394940.605760574,186031
1413394940.655760527,186175
1413394940.705760479,186323
1413394940.755760431,186469
1413394940.805760384,186624
1413394940.855760574,186764
1413394940.905760527,186906
1413394940.955760479,187045
1413394941.005760431,187190
1413394941.055760384,187354
1413394941.105760574,187504
1413394941.155760527,187661
1413394941.205760479,187805
1413394941.255760431,187965
1413394941.305760384,188129
1413394941.355760574,188281
1413394941.405760527,188423
1413394941.455760479,188583
1413394941.505760431,188716
1413394941.555760384,188876
1413394941.605760574,189018
1413394941.655760527,189176
1413394941.705760479,189327
1413394941.755760431,189484
1413394941.805760384,189668
1413394941.855760574,189843
1413394941.905760527,189980
1413394941.955760479,190150
1413394942.005760431,190300
1413394942.055760384,190451
1413394942.105760574,190618
1413394942.155760527,190777
1413394942.205760479,190933
1413394942.255760431,191118
1413394942.305760384,191277
1413394942.355760574,191438
1413394942.405760527,191641
1413394942.455760479,191808
1413394942.505760431,191946
1413394942.555760384,192138
1413394942.605760574,192284
1413394942.655760527,192436
1413394942.705760479,192605
1413394942.755760431,192743
1413394942.805760384,192902
1413394942.855760574,193067
1413394942.905760527,193218
1413394942.955760479,193376
1413394943.005760431,193542
1413394943.055760384,193690
1413394943.105760574,193849
1413394943.155760527,194016
1413394943.205760479,194186
1413394943.255760431,194321
1413394943.305760384,194481
1413394943.355760574,194624
1413394943.405760527,194767
1413394943.455760479,194928
1413394943.505760431,195087
1413394943.555760384,195234
1413394943.605760574,195421
1413394943.655760527,195589
1413394943.705760479,195735
1413394943.755760431,195913
1413394943.805760384,196067
1413394943.855760574,196219
1413394943.905760527,196405
1413394943.955760479,196560
1413394944.005760431,196723
1413394944.055760384,196902
1413394944.105760574,197056
1413394944.155760527,197212
1413394944.205760479,197403
1413394944.255760431,197553
1413394944.305760384,197719
1413394944.355760574,197888
1413394944.405760527,198058
1413394944.455760479,198206
1413394944.505760431,198393
1413394944.555760384,198571
1413394944.605760574,198724
1413394944.655760527,198880
1413394944.705760479,199044
1413394944.755760431,199204
1413394944.805760384,199390
1413394944.855760574,199560
1413394944.905760527,199720
1413394944.955760479,199930
1413394945.005760431,200094
1413394945.055760384,200239
1413394945.105760574,200432
1413394945.155760527,200588
1413394945.205760479,200747
1413394945.255760431,200972
1413394945.305760384,201119
1413394945.355760574,201280
1413394945.405760527,201495
1413394945.455760479,201641
1413394945.505760431,201799
1413394945.555760384,202014
1413394945.605760574,202190
1413394945.655760527,202348
1413394945.705760479,202518
1413394945.755760431,202652
1413394945.805760384,202802
1413394945.855760574,202992
1413394945.905760527,203170
1413394945.955760479,203316
1413394946.005760431,203494
1413394946.055760384,203649
1413394946.105760574,203803
1413394946.155760527,203949
1413394946.205760479,204158
1413394946.255760431,204316
1413394946.305760384,204468
1413394946.355760574,204615
1413394946.405760527,204821
1413394946.455760479,204967
1413394946.505760431,205123
1413394946.555760384,205267
1413394946.605760574,205417
1413394946.655760527,205565
1413394946.705760479,205731
1413394946.755760431,205886
1413394946.805760384,206029
1413394946.855760574,206178
1413394946.905760527,206335
1413394946.955760479,206483
1413394947.005760431,206646
1413394947.055760384,206803
1413394947.105760574,206955
1413394947.155760527,207109
1413394947.205760479,207254
1413394947.255760431,207397
1413394947.305760384,207575
1413394947.355760574,207723
1413394947.405760527,207879
1413394947.455760479,208025
1413394947.505760431,208200
1413394947.555760384,208349
1413394947.605760574,208536
1413394947.655760527,208673
1413394947.705760479,208817
1413394947.755760431,208965
1413394947.805760384,209135
1413394947.855760574,209286
1413394947.905760527,209478
1413394947.955760479,209622
1413394948.005760431,209780
1413394948.055760384,209924
1413394948.105760574,210081
1413394948.155760527,210225
1413394948.205760479,210393
1413394948.255760431,210534
1413394948.305760384,210686
1413394948.355760574,210828
1413394948.405760527,210982
1413394948.455760479,211119
1413394948.505760431,211273
1413394948.555760384,211418
1413394948.605760574,211568
1413394948.655760527,211717
1413394948.705760479,211865
1413394948.755760431,212009
1413394948.805760384,212171
1413394948.855760574,212311
1413394948.905760527,212464
1413394948.955760479,212599
1413394949.005760431,212749
1413394949.055760384,212890
1413394949.105760574,213042
1413394949.155760527,213180
1413394949.205760479,213332
1413394949.255760431,213468
1413394949.305760384,213622
1413394949.355760574,213765
1413394949.405760527,213925
1413394949.455760479,214078
1413394949.505760431,214219
1413394949.555760384,214365
1413394949.605760574,214513
1413394949.655760527,214654
1413394949.705760479,214796
1413394949.755760431,214934
1413394949.805760384,215084
1413394949.855760574,215225
1413394949.905760527,215374
1413394949.955760479,215518
1413394950.005760431,215660
1413394950.055760384,215805
1413394950.105760574,215946
1413394950.155760527,216090
1413394950.205760479,216242
1413394950.255760431,216379
1413394950.305760384,216532
1413394950.355760574,216687
1413394950.405760527,216839
1413394950.455760479,216991
1413394950.505760431,217155
1413394950.555760384,217292
1413394950.605760574,217464
1413394950.655760527,217602
1413394950.705760479,217764
1413394950.755760431,217905
1413394950.805760384,218056
1413394950.855760574,218205
1413394950.905760527,218345
1413394950.955760479,218488
1413394951.005760431,218640
1413394951.055760384,218783
1413394951.105760574,218931
1413394951.155760527,219076
1413394951.205760479,219245
1413394951.255760431,219386
1413394951.305760384,219530
1413394951.355760574,219685
1413394951.405760527,219827
1413394951.455760479,219971
1413394951.505760431,220118
1413394951.555760384,220252
1413394951.605760574,220405
1413394951.655760527,220557
1413394951.705760479,220712
1413394951.755760431,220847
1413394951.805760384,221001
1413394951.855760574,221142
1413394951.905760527,221305
1413394951.955760479,221448
1413394952.005760431,221593
1413394952.055760384,221740
1413394952.105760574,221898
1413394952.155760527,222049
1413394952.205760479,222199
1413394952.255760431,222338
1413394952.305760384,222487
1413394952.355760574,222634
1413394952.405760527,222776
1413394952.455760479,222919
1413394952.505760431,223069
1413394952.555760384,223222
1413394952.605760574,223375
1413394952.655760527,223517
1413394952.705760479,223674
1413394952.755760431,223815
1413394952.805760384,223987
1413394952.855760574,224124
1413394952.905760527,224270
1413394952.955760479,224407
1413394953.005760431,224547
1413394953.055760384,224681
1413394953.105760574,224828
1413394953.155760527,224964
1413394953.205760479,225109
1413394953.255760431,225249
1413394953.305760384,225399
1413394953.355760574,225539
1413394953.405760527,225683
1413394953.455760479,225826
1413394953.505760431,225973
1413394953.555760384,226119
1413394953.605760574,226266
1413394953.655760527,226403
1413394953.705760479,226555
1413394953.755760431,226696
1413394953.805760384,226841
1413394953.855760574,226980
1413394953.905760527,227124
1413394953.955760479,227258
1413394954.005760431,227421
1413394954.055760384,227572
1413394954.105760574,227723
1413394954.155760527,227870
1413394954.205760479,228011
1413394954.255760431,228146
1413394954.305760384,228293
1413394954.355760574,228429
1413394954.405760527,228593
1413394954.455760479,228737
1413394954.505760431,228904
1413394954.555760384,229040
1413394954.605760574,229186
1413394954.655760527,229329
1413394954.705760479,229474
1413394954.755760431,229618
1413394954.805760384,229767
1413394954.855760574,229904
1413394954.905760527,230059
1413394954.955760479,230204
1413394955.005760431,230358
1413394955.055760384,230491
1413394955.105760574,230635
1413394955.155760527,230771
1413394955.205760479,230923
1413394955.255760431,231070
1413394955.305760384,231214
1413394955.355760574,231369
1413394955.405760527,231515
1413394955.455760479,231656
1413394955.505760431,231805
1413394955.555760384,231949
1413394955.605760574,232101
1413394955.655760527,232249
1413394955.705760479,232395
1413394955.755760431,232541
1413394955.805760384,232684
1413394955.855760574,232829
1413394955.905760527,232980
1413394955.955760479,233128
1413394956.005760431,233273
1413394956.055760384,233421
1413394956.105760574,233571
1413394956.155760527,233723
1413394956.205760479,233869
1413394956.255760431,234023
1413394956.305760384,234155
1413394956.355760574,234293
1413394956.405760527,234429
1413394956.455760479,234576
1413394956.505760431,234709
1413394956.555760384,234864
1413394956.605760574,235007
1413394956.655760527,235162
1413394956.705760479,235316
1413394956.755760431,235476
1413394956.805760384,235633
1413394956.855760574,235795
1413394956.905760527,235949
1413394956.955760479,236100
1413394957.005760431,236257
1413394957.055760384,236404
1413394957.105760574,236552
1413394957.155760527,236730
1413394957.205760479,236882
1413394957.255760431,237039
1413394957.305760384,237219
1413394957.355760574,237367
1413394957.405760527,237524
1413394957.455760479,237699
1413394957.505760431,237850
1413394957.555760384,238019
1413394957.605760574,238174
1413394957.655760527,238319
1413394957.705760479,238469
1413394957.755760431,238635
1413394957.805760384,238779
1413394957.855760574,238931
1413394957.905760527,239092
1413394957.955760479,239244
1413394958.005760431,239388
1413394958.055760384,239546
1413394958.105760574,239692
1413394958.155760527,239845
1413394958.205760479,240004
1413394958.255760431,240161
1413394958.305760384,240338
1413394958.355760574,240497
1413394958.405760527,240651
1413394958.455760479,240805
1413394958.505760431,240967
1413394958.555760384,241138
1413394958.605760574,241286
1413394958.655760527,241441
1413394958.705760479,241580
1413394958.755760431,241734
1413394958.805760384,241905
1413394958.855760574,242066
1413394958.905760527,242216
1413394958.955760479,242382
1413394959.005760431,242546
1413394959.055760384,242704
1413394959.105760574,242866
1413394959.155760527,243012
1413394959.205760479,243166
1413394959.255760431,243332
1413394959.305760384,243489
1413394959.355760574,243631
1413394959.405760527,243788
1413394959.455760479,243947
1413394959.505760431,244082
1413394959.555760384,244284
1413394959.605760574,244407
1413394959.655760527,244558
1413394959.705760479,244746
1413394959.755760431,244875
1413394959.805760384,245014
1413394959.855760574,245199
1413394959.905760527,245364
1413394959.955760479,245519
1413394960.005760431,245667
1413394960.055760384,245847
1413394960.105760574,246004
1413394960.155760527,246152
1413394960.205760479,246327
1413394960.255760431,246478
1413394960.305760384,246648
1413394960.355760574,246803
1413394960.405760527,246950
1413394960.455760479,247131
1413394960.505760431,247280
1413394960.555760384,247422
1413394960.605760574,247572
1413394960.655760527,247707
1413394960.705760479,247855
1413394960.755760431,248033
1413394960.805760384,248183
1413394960.855760574,248360
1413394960.905760527,248549
1413394960.955760479,248734
1413394961.005760431,248875
1413394961.055760384,249061
1413394961.105760574,249225
1413394961.155760527,249364
1413394961.205760479,249523
1413394961.255760431,249671
1413394961.305760384,249820
1413394961.355760574,249999
1413394961.405760527,250134
1413394961.455760479,250284
1413394961.505760431,250459
1413394961.555760384,250602
1413394961.605760574,250757
1413394961.655760527,250943
1413394961.705760479,251104
1413394961.755760431,251236
1413394961.805760384,251408
1413394961.855760574,251571
1413394961.905760527,251718
1413394961.955760479,251908
1413394962.005760431,252068
1413394962.055760384,252201
1413394962.105760574,252377
1413394962.155760527,252508
1413394962.205760479,252665
1413394962.255760431,252836
1413394962.305760384,252966
1413394962.355760574,253107
1413394962.405760527,253255
1413394962.455760479,253416
1413394962.505760431,253559
1413394962.555760384,253701
1413394962.605760574,253860
1413394962.655760527,254010
1413394962.705760479,254174
1413394962.755760431,254303
1413394962.805760384,254471
1413394962.855760574,254635
1413394962.905760527,254794
1413394962.955760479,254941
1413394963.005760431,255121
1413394963.055760384,255256
1413394963.105760574,255408
1413394963.155760527,255582
1413394963.205760479,255752
1413394963.255760431,255888
1413394963.305760384,256075
1413394963.355760574,256204
1413394963.405760527,256356
1413394963.455760479,256535
1413394963.505760431,256675
1413394963.555760384,256824
1413394963.605760574,257009
1413394963.655760527,257144
1413394963.705760479,257297
1413394963.755760431,257475
1413394963.805760384,257637
1413394963.855760574,257773
1413394963.905760527,257931
1413394963.955760479,258106
1413394964.005760431,258244
1413394964.055760384,258429
1413394964.105760574,258563
1413394964.155760527,258755
1413394964.205760479,258920
1413394964.255760431,259051
1413394964.305760384,259199
1413394964.355760574,259385
1413394964.405760527,259580
1413394964.455760479,259723
1413394964.505760431,259883
1413394964.555760384,260042
1413394964.605760574,260194
1413394964.655760527,260397
1413394964.705760479,260533
1413394964.755760431,260680
1413394964.805760384,260853
1413394964.855760574,260984
1413394964.905760527,261131
1413394964.955760479,261325
1413394965.005760431,261464
1413394965.055760384,261618
1413394965.105760574,261779
1413394965.155760527,261969
1413394965.205760479,262101
1413394965.255760431,262291
1413394965.305760384,262466
1413394965.355760574,262603
1413394965.405760527,262792
1413394965.455760479,262953
1413394965.505760431,263109
1413394965.555760384,263298
1413394965.605760574,263438
1413394965.655760527,263581
1413394965.705760479,263777
1413394965.755760431,263948
1413394965.805760384,264097
1413394965.855760574,264279
1413394965.905760527,264417
1413394965.955760479,264580
1413394966.005760431,264791
1413394966.055760384,264927
1413394966.105760574,265078
1413394966.155760527,265262
1413394966.205760479,265431
1413394966.255760431,265584
1413394966.305760384,265794
1413394966.355760574,265930
1413394966.405760527,266091
1413394966.455760479,266307
1413394966.505760431,266444
1413394966.555760384,266611
1413394966.605760574,266826
1413394966.655760527,266969
1413394966.705760479,267126
1413394966.755760431,267274
1413394966.805760384,267448
1413394966.855760574,267609
1413394966.905760527,267777
1413394966.955760479,267948
1413394967.005760431,268098
1413394967.055760384,268288
1413394967.105760574,268436
1413394967.155760527,268586
1413394967.205760479,268786
1413394967.255760431,268916
1413394967.305760384,269061
1413394967.355760574,269237
1413394967.405760527,269398
1413394967.455760479,269532
1413394967.505760431,269723
1413394967.555760384,269878
1413394967.605760574,270030
1413394967.655760527,270270
1413394967.705760479,270401
1413394967.755760431,270555
1413394967.805760384,270765
1413394967.855760574,270898
1413394967.905760527,271055
1413394967.955760479,271236
1413394968.005760431,271394
1413394968.055760384,271551
1413394968.105760574,271734
1413394968.155760527,271883
1413394968.205760479,272027
1413394968.255760431,272206
1413394968.305760384,272370
1413394968.355760574,272523
1413394968.405760527,272708
1413394968.455760479,272867
1413394968.505760431,273037
1413394968.555760384,273223
1413394968.605760574,273384
1413394968.655760527,273537
1413394968.705760479,273743
1413394968.755760431,273897
1413394968.805760384,274052
1413394968.855760574,274238
1413394968.905760527,274399
1413394968.955760479,274551
1413394969.005760431,274754
1413394969.055760384,274919
1413394969.105760574,275074
1413394969.155760527,275230
1413394969.205760479,275419
1413394969.255760431,275579
1413394969.305760384,275723
1413394969.355760574,275860
1413394969.405760527,276001
1413394969.455760479,276143
1413394969.505760431,276322
1413394969.555760384,276466
1413394969.605760574,276623
1413394969.655760527,276761
1413394969.705760479,276904
1413394969.755760431,277041
1413394969.805760384,277213
1413394969.855760574,277362
1413394969.905760527,277519
1413394969.955760479,277674
1413394970.005760431,277825
1413394970.055760384,277976
1413394970.105760574,278162
1413394970.155760527,278322
1413394970.205760479,278470
1413394970.255760431,278613
1413394970.305760384,278766
1413394970.355760574,278911
1413394970.405760527,279083
1413394970.455760479,279239
1413394970.505760431,279405
1413394970.555760384,279545
1413394970.605760574,279691
1413394970.655760527,279832
1413394970.705760479,280019
1413394970.755760431,280167
1413394970.805760384,280319
1413394970.855760574,280465
1413394970.905760527,280624
1413394970.955760479,280774
1413394971.005760431,280978
1413394971.055760384,281124
1413394971.105760574,281273
1413394971.155760527,281419
1413394971.205760479,281578
1413394971.255760431,281726
1413394971.305760384,281907
1413394971.355760574,282063
1413394971.405760527,282222
1413394971.455760479,282377
1413394971.505760431,282528
1413394971.555760384,282684
1413394971.605760574,282870
1413394971.655760527,283020
1413394971.705760479,283177
1413394971.755760431,283329
1413394971.805760384,283489
1413394971.855760574,283636
1413394971.905760527,283791
1413394971.955760479,283940
1413394972.005760431,284094
1413394972.055760384,284247
1413394972.105760574,284400
1413394972.155760527,284539
1413394972.205760479,284695
1413394972.255760431,284836
1413394972.305760384,284992
1413394972.355760574,285136
1413394972.405760527,285293
1413394972.455760479,285432
1413394972.505760431,285583
1413394972.555760384,285728
1413394972.605760574,285872
1413394972.655760527,286014
1413394972.705760479,286187
1413394972.755760431,286338
1413394972.805760384,286513
1413394972.855760574,286662
1413394972.905760527,286810
1413394972.955760479,286958
1413394973.005760431,287104
1413394973.055760384,287257
1413394973.105760574,287436
1413394973.155760527,287572
1413394973.205760479,287736
1413394973.255760431,287912
1413394973.305760384,288053
1413394973.355760574,288225
1413394973.405760527,288402
1413394973.455760479,288551
1413394973.505760431,288721
1413394973.555760384,288878
1413394973.605760574,289032
1413394973.655760527,289226
1413394973.705760479,289372
1413394973.755760431,289521
1413394973.805760384,289731
1413394973.855760574,289900
1413394973.905760527,290058
1413394973.955760479,290214
1413394974.005760431,290345
1413394974.055760384,290495
1413394974.105760574,290661
1413394974.155760527,290807
1413394974.205760479,290955
1413394974.255760431,291132
1413394974.305760384,291283
1413394974.355760574,291441
1413394974.405760527,291596
1413394974.455760479,291754
1413394974.505760431,291913
1413394974.555760384,292101
1413394974.605760574,292246
1413394974.655760527,292401
1413394974.705760479,292569
1413394974.755760431,292726
1413394974.805760384,292881
1413394974.855760574,293072
1413394974.905760527,293215
1413394974.955760479,293373
1413394975.005760431,293565
1413394975.055760384,293722
1413394975.105760574,293875
1413394975.155760527,294057
1413394975.205760479,294191
1413394975.255760431,294337
1413394975.305760384,294517
1413394975.355760574,294679
1413394975.405760527,294837
1413394975.455760479,295012
1413394975.505760431,295173
1413394975.555760384,295344
1413394975.605760574,295527
1413394975.655760527,295687
1413394975.705760479,295836
1413394975.755760431,295979
1413394975.805760384,296168
1413394975.855760574,296320
1413394975.905760527,296468
1413394975.955760479,296606
1413394976.005760431,296781
1413394976.055760384,296933
1413394976.105760574,297089
1413394976.155760527,297235
1413394976.205760479,297410
1413394976.255760431,297551
1413394976.305760384,297762
1413394976.355760574,297920
1413394976.405760527,298070
1413394976.455760479,298209
1413394976.505760431,298363
1413394976.555760384,298552
1413394976.605760574,298701
1413394976.655760527,298859
1413394976.705760479,299018
1413394976.755760431,299149
1413394976.805760384,299382
1413394976.855760574,299538
1413394976.905760527,299680
1413394976.955760479,299864
1413394977.005760431,300012
1413394977.055760384,300162
1413394977.105760574,300301
1413394977.155760527,300473
1413394977.205760479,300631
1413394977.255760431,300784
1413394977.305760384,300931
1413394977.355760574,301115
1413394977.405760527,301263
1413394977.455760479,301408
1413394977.505760431,301549
1413394977.555760384,301706
1413394977.605760574,301845
1413394977.655760527,302040
1413394977.705760479,302186
1413394977.755760431,302335
1413394977.805760384,302484
1413394977.855760574,302655
1413394977.905760527,302826
1413394977.955760479,303001
1413394978.005760431,303145
1413394978.055760384,303294
1413394978.105760574,303442
1413394978.155760527,303585
1413394978.205760479,303751
1413394978.255760431,303889
1413394978.305760384,304047
1413394978.355760574,304228
1413394978.405760527,304378
1413394978.455760479,304548
1413394978.505760431,304722
1413394978.555760384,304878
1413394978.605760574,305030
1413394978.655760527,305218
1413394978.705760479,305376
1413394978.755760431,305530
1413394978.805760384,305710
1413394978.855760574,305865
1413394978.905760527,306017
1413394978.955760479,306202
1413394979.005760431,306366
1413394979.055760384,306530
1413394979.105760574,306721
1413394979.155760527,306876
1413394979.205760479,307020
1413394979.255760431,307232
1413394979.305760384,307387
1413394979.355760574,307545
1413394979.405760527,307723
1413394979.455760479,307876
1413394979.505760431,308017
1413394979.555760384,308166
1413394979.605760574,308311
1413394979.655760527,308460
1413394979.705760479,308607
1413394979.755760431,308755
1413394979.805760384,308920
1413394979.855760574,309074
1413394979.905760527,309216
1413394979.955760479,309367
1413394980.005760431,309516
1413394980.055760384,309661
1413394980.105760574,309806
1413394980.155760527,309982
1413394980.205760479,310124
1413394980.255760431,310265
1413394980.305760384,310467
1413394980.355760574,310619
1413394980.405760527,310775
1413394980.455760479,310963
1413394980.505760431,311123
1413394980.555760384,311279
1413394980.605760574,311467
1413394980.655760527,311621
1413394980.705760479,311774
1413394980.755760431,311966
1413394980.805760384,312122
1413394980.855760574,312269
1413394980.905760527,312455
1413394980.955760479,312605
1413394981.005760431,312751
1413394981.055760384,312934
1413394981.105760574,313092
1413394981.155760527,313241
1413394981.205760479,313419
1413394981.255760431,313595
1413394981.305760384,313719
1413394981.355760574,313894
1413394981.405760527,314052
1413394981.455760479,314208
1413394981.505760431,314445
1413394981.555760384,314599
1413394981.605760574,314752
1413394981.655760527,314936
1413394981.705760479,315089
1413394981.755760431,315234
1413394981.805760384,315440
1413394981.855760574,315600
1413394981.905760527,315747
1413394981.955760479,315940
1413394982.005760431,316090
1413394982.055760384,316259
1413394982.105760574,316440
1413394982.155760527,316597
1413394982.205760479,316744
1413394982.255760431,316921
1413394982.305760384,317063
1413394982.355760574,317209
1413394982.405760527,317379
1413394982.455760479,317533
1413394982.505760431,317678
1413394982.555760384,317839
1413394982.605760574,318012
1413394982.655760527,318159
1413394982.705760479,318382
1413394982.755760431,318536
1413394982.805760384,318683
1413394982.855760574,318847
1413394982.905760527,318992
1413394982.955760479,319134
1413394983.005760431,319270
1413394983.055760384,319422
1413394983.105760574,319559
1413394983.155760527,319712
1413394983.205760479,319852
1413394983.255760431,319999
1413394983.305760384,320145
1413394983.355760574,320308
1413394983.405760527,320454
1413394983.455760479,320600
1413394983.505760431,320742
1413394983.555760384,320895
1413394983.605760574,321037
1413394983.655760527,321188
1413394983.705760479,321323
1413394983.755760431,321474
1413394983.805760384,321621
1413394983.855760574,321773
1413394983.905760527,321913
1413394983.955760479,322070
1413394984.005760431,322216
1413394984.055760384,322361
1413394984.105760574,322505
1413394984.155760527,322690
1413394984.205760479,322835
1413394984.255760431,323003
1413394984.305760384,323146
1413394984.355760574,323284
1413394984.405760527,323425
1413394984.455760479,323577
1413394984.505760431,323715
1413394984.555760384,323897
1413394984.605760574,324074
1413394984.655760527,324223
1413394984.705760479,324357
1413394984.755760431,324505
1413394984.805760384,324640
1413394984.855760574,324796
1413394984.905760527,324934
1413394984.955760479,325083
1413394985.005760431,325226
1413394985.055760384,325369
1413394985.105760574,325515
1413394985.155760527,325694
1413394985.205760479,325843
1413394985.255760431,325991
1413394985.305760384,326137
1413394985.355760574,326275
1413394985.405760527,326413
1413394985.455760479,326576
1413394985.505760431,326710
1413394985.555760384,326859
1413394985.605760574,326999
1413394985.655760527,327157
1413394985.705760479,327299
1413394985.755760431,327462
1413394985.805760384,327596
1413394985.855760574,327744
1413394985.905760527,327881
1413394985.955760479,328035
1413394986.005760431,328181
1413394986.055760384,328338
1413394986.105760574,328483
1413394986.155760527,328639
1413394986.205760479,328787
1413394986.255760431,328925
1413394986.305760384,329065
1413394986.355760574,329228
1413394986.405760527,329376
1413394986.455760479,329523
1413394986.505760431,329664
1413394986.555760384,329833
1413394986.605760574,329979
1413394986.655760527,330163
1413394986.705760479,330309
1413394986.755760431,330449
1413394986.805760384,330594
1413394986.855760574,330748
1413394986.905760527,330878
1413394986.955760479,331047
1413394987.005760431,331220
1413394987.055760384,331369
1413394987.105760574,331501
1413394987.155760527,331639
1413394987.205760479,331780
1413394987.255760431,331928
1413394987.305760384,332074
1413394987.355760574,332211
1413394987.405760527,332349
1413394987.455760479,332502
1413394987.505760431,332639
1413394987.555760384,332778
1413394987.605760574,332920
1413394987.655760527,333056
1413394987.705760479,333203
1413394987.755760431,333368
1413394987.805760384,333513
1413394987.855760574,333660
1413394987.905760527,333810
1413394987.955760479,333980
1413394988.005760431,334116
1413394988.055760384,334274
1413394988.105760574,334419
1413394988.155760527,334584
1413394988.205760479,334721
1413394988.255760431,334872
1413394988.305760384,335006
1413394988.355760574,335152
1413394988.405760527,335292
1413394988.455760479,335440
1413394988.505760431,335577
1413394988.555760384,335714
1413394988.605760574,335850
1413394988.655760527,335999
1413394988.705760479,336135
1413394988.755760431,336282
1413394988.805760384,336423
1413394988.855760574,336587
1413394988.905760527,336732
1413394988.955760479,336888
1413394989.005760431,337026
1413394989.055760384,337164
1413394989.105760574,337301
1413394989.155760527,337446
1413394989.205760479,337589
1413394989.255760431,337738
1413394989.305760384,337876
1413394989.355760574,338082
1413394989.405760527,338225
1413394989.455760479,338379
1413394989.505760431,338520
1413394989.555760384,338677
1413394989.605760574,338814
1413394989.655760527,338963
1413394989.705760479,339106
1413394989.755760431,339256
1413394989.805760384,339389
1413394989.855760574,339524
1413394989.905760527,339666
1413394989.955760479,339822
1413394990.005760431,339963
1413394990.055760384,340100
1413394990.105760574,340251
1413394990.155760527,340424
1413394990.205760479,340579
1413394990.255760431,340749
1413394990.305760384,340899
1413394990.355760574,341046
1413394990.405760527,341223
1413394990.455760479,341367
1413394990.505760431,341512
1413394990.555760384,341656
1413394990.605760574,341800
1413394990.655760527,341939
1413394990.705760479,342112
1413394990.755760431,342259
1413394990.805760384,342407
1413394990.855760574,342560
1413394990.905760527,342712
1413394990.955760479,342869
1413394991.005760431,343035
1413394991.055760384,343185
1413394991.105760574,343331
1413394991.155760527,343482
1413394991.205760479,343633
1413394991.255760431,343793
1413394991.305760384,343955
1413394991.355760574,344118
1413394991.405760527,344273
1413394991.455760479,344451
1413394991.505760431,344600
1413394991.555760384,344767
1413394991.605760574,344918
1413394991.655760527,345059
1413394991.705760479,345200
1413394991.755760431,345364
1413394991.805760384,345507
1413394991.855760574,345657
1413394991.905760527,345815
1413394991.955760479,345951
1413394992.005760431,346107
1413394992.055760384,346268
1413394992.105760574,346425
1413394992.155760527,346573
1413394992.205760479,346722
1413394992.255760431,346874
1413394992.305760384,347018
1413394992.355760574,347157
1413394992.405760527,347312
1413394992.455760479,347466
1413394992.505760431,347642
1413394992.555760384,347780
1413394992.605760574,347931
1413394992.655760527,348087
1413394992.705760479,348225
1413394992.755760431,348387
1413394992.805760384,348541
1413394992.855760574,348690
1413394992.905760527,348836
1413394992.955760479,348991
1413394993.005760431,349139
1413394993.055760384,349285
1413394993.105760574,349467
1413394993.155760527,349622
1413394993.205760479,349774
1413394993.255760431,349961
1413394993.305760384,350109
1413394993.355760574,350249
1413394993.405760527,350423
1413394993.455760479,350573
1413394993.505760431,350721
1413394993.555760384,350876
1413394993.605760574,351030
1413394993.655760527,351178
1413394993.705760479,351378
1413394993.755760431,351526
1413394993.805760384,351672
1413394993.855760574,351843
1413394993.905760527,351997
1413394993.955760479,352138
1413394994.005760431,352298
1413394994.055760384,352475
1413394994.105760574,352632
1413394994.155760527,352817
1413394994.205760479,352969
1413394994.255760431,353115
1413394994.305760384,353257
1413394994.355760574,353414
1413394994.405760527,353573
1413394994.455760479,353712
1413394994.505760431,353859
1413394994.555760384,354010
1413394994.605760574,354151
1413394994.655760527,354336
1413394994.705760479,354485
1413394994.755760431,354631
1413394994.805760384,354772
1413394994.855760574,354922
1413394994.905760527,355063
1413394994.955760479,355226
1413394995.005760431,355367
1413394995.055760384,355507
1413394995.105760574,355641
1413394995.155760527,355791
1413394995.205760479,355931
1413394995.255760431,356085
1413394995.305760384,356230
1413394995.355760574,356382
1413394995.405760527,356527
1413394995.455760479,356689
1413394995.505760431,356835
1413394995.555760384,356997
1413394995.605760574,357145
1413394995.655760527,357299
1413394995.705760479,357429
1413394995.755760431,357585
1413394995.805760384,357744
1413394995.855760574,357904
1413394995.905760527,358044
1413394995.955760479,358204
1413394996.005760431,358337
1413394996.055760384,358484
1413394996.105760574,358632
1413394996.155760527,358777
1413394996.205760479,358929
1413394996.255760431,359077
1413394996.305760384,359217
1413394996.355760574,359367
1413394996.405760527,359514
1413394996.455760479,359664
1413394996.505760431,359806
1413394996.555760384,359938
1413394996.605760574,360089
1413394996.655760527,360242
1413394996.705760479,360382
1413394996.755760431,360532
1413394996.805760384,360691
1413394996.855760574,360840
1413394996.905760527,360987
1413394996.955760479,361140
1413394997.005760431,361289
1413394997.055760384,361432
1413394997.105760574,361569
1413394997.155760527,361718
1413394997.205760479,361858
1413394997.255760431,362001
1413394997.305760384,362156
1413394997.355760574,362304
1413394997.405760527,362464
1413394997.455760479,362606
1413394997.505760431,362749
1413394997.555760384,362903
1413394997.605760574,363054
1413394997.655760527,363209
1413394997.705760479,363351
1413394997.755760431,363502
1413394997.805760384,363640
1413394997.855760574,363778
1413394997.905760527,363915
1413394997.955760479,364065
1413394998.005760431,364217
1413394998.055760384,364377
1413394998.105760574,364525
1413394998.155760527,364671
1413394998.205760479,364809
1413394998.255760431,364964
1413394998.305760384,365100
1413394998.355760574,365256
