1403715523.962142944,2.82073
1403715524.012142897,2.84925
1403715524.062143087,11.9267
1403715524.11214304,3.5906
1403715524.162142992,3.44921
1403715524.212142944,4.47969
1403715524.262142897,5.00311
1403715524.312143087,5.17124
1403715524.36214304,4.73967
1403715524.412142992,5.65562
1403715524.462142944,4.39029
1403715524.512142897,5.22408
1403715524.562143087,4.97578
1403715524.61214304,5.03576
1403715524.662142992,5.77828
1403715524.712142944,5.98045
1403715524.762142897,4.25131
1403715524.812143087,6.27209
1403715524.86214304,4.03573
1403715524.912142992,5.98209
1403715524.962142944,4.95399
1403715525.012142897,3.98608
1403715525.062143087,3.89363
1403715525.11214304,5.41094
1403715525.162142992,5.40822
1403715525.212142944,5.40327
1403715525.262142897,4.87238
1403715525.312143087,4.08812
1403715525.36214304,5.49629
1403715525.412142992,5.90085
1403715525.462142944,5.7013
1403715525.512142897,4.73463
1403715525.562143087,4.75814
1403715525.61214304,4.55447
1403715525.662142992,3.98701
1403715525.712142944,3.99757
1403715525.762142897,4.55636
1403715525.812143087,5.63258
1403715525.86214304,4.39593
1403715525.912142992,4.11829
1403715525.962142944,6.25139
1403715526.012142897,6.27226
1403715526.062143087,5.3857
1403715526.11214304,6.29465
1403715526.162142992,6.83156
1403715526.212142944,5.18052
1403715526.262142897,5.60047
1403715526.312143087,5.09427
1403715526.36214304,4.26592
1403715526.412142992,4.71507
1403715526.462142944,5.97196
1403715526.512142897,4.75864
1403715526.562143087,6.4051
1403715526.61214304,4.44405
1403715526.662142992,6.16705
1403715526.712142944,4.18538
1403715526.762142897,5.45263
1403715526.812143087,5.87112
1403715526.86214304,5.87239
1403715526.912142992,5.9481
1403715526.962142944,5.28882
1403715527.012142897,5.72761
1403715527.062143087,4.27477
1403715527.11214304,5.06061
1403715527.162142992,4.9184
1403715527.212142944,4.65676
1403715527.262142897,5.62789
1403715527.312143087,4.56235
1403715527.36214304,6.30535
1403715527.412142992,6.20801
1403715527.462142944,4.23013
1403715527.512142897,4.23376
1403715527.562143087,5.62239
1403715527.61214304,6.26006
1403715527.662142992,5.23826
1403715527.712142944,4.84953
1403715527.762142897,5.03361
1403715527.812143087,4.73644
1403715527.86214304,4.35511
1403715527.912142992,4.67848
1403715527.962142944,6.39091
1403715528.012142897,6.10101
1403715528.062143087,6.86876
1403715528.11214304,4.3318
1403715528.162142992,6.1886
1403715528.212142944,5.17
1403715528.262142897,4.34563
1403715528.312143087,5.54817
1403715528.36214304,5.5128
1403715528.412142992,5.8456
1403715528.462142944,6.7474
1403715528.512142897,6.1113
1403715528.562143087,6.48977
1403715528.61214304,6.81674
1403715528.662142992,5.68159
1403715528.712142944,6.02627
1403715528.762142897,6.8915
1403715528.812143087,6.99559
1403715528.86214304,5.24132
1403715528.912142992,7.77881
1403715528.962142944,6.74591
1403715529.012142897,6.64286
1403715529.062143087,11.4303
1403715529.11214304,7.21565
1403715529.162142992,10.9466
1403715529.212142944,13.6241
1403715529.262142897,14.3413
1403715529.312143087,14.0917
1403715529.36214304,14.8881
1403715529.412142992,16.279
1403715529.462142944,18.6597
1403715529.512142897,19.6201
1403715529.562143087,18.1987
1403715529.61214304,18.7584
1403715529.662142992,20.6831
1403715529.712142944,20.1422
1403715529.762142897,18.9486
1403715529.812143087,20.7684
1403715529.86214304,20.7031
1403715529.912142992,22.1792
1403715529.962142944,23.4375
1403715530.012142897,25.2226
1403715530.062143087,24.8972
1403715530.11214304,26.4867
1403715530.162142992,22.7613
1403715530.212142944,26.7516
1403715530.262142897,23.7426
1403715530.312143087,26.753
1403715530.36214304,24.541
1403715530.412142992,22.7361
1403715530.462142944,23.8658
1403715530.512142897,26.5695
1403715530.562143087,26.9927
1403715530.61214304,25.4592
1403715530.662142992,20.3266
1403715530.712142944,24.6404
1403715530.762142897,25.6035
1403715530.812143087,23.8205
1403715530.86214304,26.8057
1403715530.912142992,21.9507
1403715530.962142944,26.231
1403715531.012142897,23.9874
1403715531.062143087,27.2934
1403715531.11214304,27.3179
1403715531.162142992,25.3911
1403715531.212142944,23.1525
1403715531.262142897,25.8284
1403715531.312143087,25.4609
1403715531.36214304,25.2687
1403715531.412142992,22.9332
1403715531.462142944,23.3285
1403715531.512142897,23.7892
1403715531.562143087,23.1493
1403715531.61214304,26.9987
1403715531.662142992,24.1997
1403715531.712142944,25.3562
1403715531.762142897,26.1499
1403715531.812143087,25.7587
1403715531.86214304,24.9307
1403715531.912142992,21.501
1403715531.962142944,23.7515
1403715532.012142897,20.9679
1403715532.062143087,24.2465
1403715532.11214304,23.2439
1403715532.162142992,24.7825
1403715532.212142944,20.9305
1403715532.262142897,22.2383
1403715532.312143087,21.4648
1403715532.36214304,21.069
1403715532.412142992,24.6711
1403715532.462142944,22.4372
1403715532.512142897,20.4241
1403715532.562143087,22.4344
1403715532.61214304,22.9197
1403715532.662142992,19.8732
1403715532.712142944,20.9602
1403715532.762142897,22.6266
1403715532.812143087,21.1984
1403715532.86214304,21.1093
1403715532.912142992,21.2505
1403715532.962142944,20.7068
1403715533.012142897,21.697
1403715533.062143087,25.0697
1403715533.11214304,24.2071
1403715533.162142992,23.9267
1403715533.212142944,21.2221
1403715533.262142897,24.331
1403715533.312143087,24.3392
1403715533.36214304,22.9361
1403715533.412142992,24.5984
1403715533.462142944,24.4441
1403715533.512142897,25.7614
1403715533.562143087,21.9961
1403715533.61214304,24.4869
1403715533.662142992,24.0178
1403715533.712142944,25.7807
1403715533.762142897,25.1477
1403715533.812143087,25.0519
1403715533.86214304,24.7553
1403715533.912142992,25.6355
1403715533.962142944,27.7487
1403715534.012142897,26.3377
1403715534.062143087,24.5247
1403715534.11214304,28.7997
1403715534.162142992,26.9652
1403715534.212142944,27.8669
1403715534.262142897,27.0926
1403715534.312143087,25.4253
1403715534.36214304,26.2855
1403715534.412142992,26.9798
1403715534.462142944,27.4971
1403715534.512142897,27.2222
1403715534.562143087,25.3315
1403715534.61214304,29.0349
1403715534.662142992,25.5532
1403715534.712142944,27.6484
1403715534.762142897,26.6304
1403715534.812143087,27.2023
1403715534.86214304,28.6701
1403715534.912142992,25.2084
1403715534.962142944,26.6406
1403715535.012142897,27.7184
1403715535.062143087,24.9546
1403715535.11214304,25.3159
1403715535.162142992,26.166
1403715535.212142944,22.8749
1403715535.262142897,28.548
1403715535.312143087,25.8061
1403715535.36214304,27.1412
1403715535.412142992,24.8143
1403715535.462142944,26.1371
1403715535.512142897,26.0985
1403715535.562143087,27.2758
1403715535.61214304,25.8664
1403715535.662142992,25.6648
1403715535.712142944,23.8198
1403715535.762142897,26.3165
1403715535.812143087,28.2219
1403715535.86214304,25.538
1403715535.912142992,25.064
1403715535.962142944,26.5791
1403715536.012142897,27.1442
1403715536.062143087,26.5144
1403715536.11214304,25.5154
1403715536.162142992,25.4422
1403715536.212142944,26.3976
1403715536.262142897,24.9565
1403715536.312143087,22.3073
1403715536.36214304,24.5363
1403715536.412142992,25.8613
1403715536.462142944,26.5871
1403715536.512142897,24.0958
1403715536.562143087,19.6168
1403715536.61214304,23.0029
1403715536.662142992,25.1966
1403715536.712142944,21.9223
1403715536.762142897,23.7003
1403715536.812143087,20.9424
1403715536.86214304,23.6391
1403715536.912142992,22.4119
1403715536.962142944,20.8718
1403715537.012142897,21.4728
1403715537.062143087,21.4241
1403715537.11214304,19.6771
1403715537.162142992,22.8843
1403715537.212142944,21.8042
1403715537.262142897,21.007
1403715537.312143087,21.3051
1403715537.36214304,19.8388
1403715537.412142992,18.7163
1403715537.462142944,20.6536
1403715537.512142897,21.4228
1403715537.562143087,21.4825
1403715537.61214304,22.7513
1403715537.662142992,21.947
1403715537.712142944,23.2184
1403715537.762142897,22.4378
1403715537.812143087,21.3533
1403715537.86214304,22.5041
1403715537.912142992,19.889
1403715537.962142944,24.2847
1403715538.012142897,25.3969
1403715538.062143087,23.7235
1403715538.11214304,22.5873
1403715538.162142992,22.8493
1403715538.212142944,21.0566
1403715538.262142897,23.0311
1403715538.312143087,24.0976
1403715538.36214304,19.8806
1403715538.412142992,22.4797
1403715538.462142944,25.2798
1403715538.512142897,23.597
1403715538.562143087,22.7579
1403715538.61214304,24.1577
1403715538.662142992,23.5997
1403715538.712142944,25.6513
1403715538.762142897,22.8426
1403715538.812143087,24.1659
1403715538.86214304,22.7917
1403715538.912142992,26.4788
1403715538.962142944,21.4703
1403715539.012142897,22.8824
1403715539.062143087,25.1548
1403715539.11214304,24.9725
1403715539.162142992,24.9804
1403715539.212142944,24.8465
1403715539.262142897,22.9379
1403715539.312143087,25.4768
1403715539.36214304,24.7967
1403715539.412142992,24.0403
1403715539.462142944,25.1424
1403715539.512142897,26.006
1403715539.562143087,27.2874
1403715539.61214304,25.9311
1403715539.662142992,27.5251
1403715539.712142944,25.3692
1403715539.762142897,25.4572
1403715539.812143087,26.8245
1403715539.86214304,26.9416
1403715539.912142992,24.6591
1403715539.962142944,23.9968
1403715540.012142897,25.5921
1403715540.062143087,26.375
1403715540.11214304,25.1296
1403715540.162142992,23.1251
1403715540.212142944,26.5572
1403715540.262142897,24.5603
1403715540.312143087,23.887
1403715540.36214304,24.9372
1403715540.412142992,25.2631
1403715540.462142944,24.9271
1403715540.512142897,27.1442
1403715540.562143087,24.1256
1403715540.61214304,24.6815
1403715540.662142992,24.3401
1403715540.712142944,25.9644
1403715540.762142897,27.9206
1403715540.812143087,24.374
1403715540.86214304,25.414
1403715540.912142992,24.7432
1403715540.962142944,24.3744
1403715541.012142897,27.137
1403715541.062143087,23.6555
1403715541.11214304,24.4914
1403715541.162142992,26.2952
1403715541.212142944,26.4
1403715541.262142897,25.0926
1403715541.312143087,25.627
1403715541.36214304,22.717
1403715541.412142992,23.5362
1403715541.462142944,23.0567
1403715541.512142897,23.8154
1403715541.562143087,25.4256
1403715541.61214304,23.9433
1403715541.662142992,23.7056
1403715541.712142944,23.4015
1403715541.762142897,24.1628
1403715541.812143087,24.1435
1403715541.86214304,22.5616
1403715541.912142992,24.6577
1403715541.962142944,21.5605
1403715542.012142897,21.6857
1403715542.062143087,23.3537
1403715542.11214304,24.3853
1403715542.162142992,22.8249
1403715542.212142944,22.4112
1403715542.262142897,25.8821
1403715542.312143087,24.9031
1403715542.36214304,23.5772
1403715542.412142992,25.3468
1403715542.462142944,25.2719
1403715542.512142897,27.0772
1403715542.562143087,26.6639
1403715542.61214304,27.3263
1403715542.662142992,28.1679
1403715542.712142944,26.7468
1403715542.762142897,27.554
1403715542.812143087,24.1122
1403715542.86214304,25.5417
1403715542.912142992,26.6619
1403715542.962142944,22.1338
1403715543.012142897,26.026
1403715543.062143087,24.6665
1403715543.11214304,25.0233
1403715543.162142992,28.4806
1403715543.212142944,26.3332
1403715543.262142897,23.9513
1403715543.312143087,25.8965
1403715543.36214304,26.5751
1403715543.412142992,24.1698
1403715543.462142944,26.8633
1403715543.512142897,26.817
1403715543.562143087,23.3737
1403715543.61214304,26.1201
1403715543.662142992,28.034
1403715543.712142944,26.2268
1403715543.762142897,27.6287
1403715543.812143087,28.4644
1403715543.86214304,24.5417
1403715543.912142992,25.2614
1403715543.962142944,25.7797
1403715544.012142897,25.4002
1403715544.062143087,25.9772
1403715544.11214304,24.8312
1403715544.162142992,25.1748
1403715544.212142944,24.2528
1403715544.262142897,25.0885
1403715544.312143087,24.385
1403715544.36214304,24.5897
1403715544.412142992,23.6609
1403715544.462142944,24.0378
1403715544.512142897,23.4847
1403715544.562143087,25.9584
1403715544.61214304,26.0438
1403715544.662142992,28.099
1403715544.712142944,28.7132
1403715544.762142897,29.4353
1403715544.812143087,27.4754
1403715544.86214304,25.898
1403715544.912142992,26.3361
1403715544.962142944,25.6413
1403715545.012142897,25.4421
1403715545.062143087,24.1451
1403715545.11214304,25.3728
1403715545.162142992,23.6547
1403715545.212142944,23.8054
1403715545.262142897,24.8561
1403715545.312143087,25.965
1403715545.36214304,25.4762
1403715545.412142992,27.0576
1403715545.462142944,26.5346
1403715545.512142897,26.5134
1403715545.562143087,27.2367
1403715545.61214304,26.7123
1403715545.662142992,26.5701
1403715545.712142944,27.2293
1403715545.762142897,26.0313
1403715545.812143087,26.3598
1403715545.86214304,27.3458
1403715545.912142992,25.9993
1403715545.962142944,24.8709
1403715546.012142897,28.4508
1403715546.062143087,26.4178
1403715546.11214304,25.8803
1403715546.162142992,27.8614
1403715546.212142944,25.9843
1403715546.262142897,27.1229
1403715546.312143087,27.3409
1403715546.36214304,27.7013
1403715546.412142992,24.7926
1403715546.462142944,26.7773
1403715546.512142897,25.5235
1403715546.562143087,25.9732
1403715546.61214304,27.9516
1403715546.662142992,26.6839
1403715546.712142944,24.5414
1403715546.762142897,27.3808
1403715546.812143087,27.2988
1403715546.86214304,27.5483
1403715546.912142992,28.8842
1403715546.962142944,24.5438
1403715547.012142897,28.1834
1403715547.062143087,24.8114
1403715547.11214304,25.0447
1403715547.162142992,27.4626
1403715547.212142944,26.997
1403715547.262142897,24.991
1403715547.312143087,23.0713
1403715547.36214304,24.4196
1403715547.412142992,26.9588
1403715547.462142944,27.644
1403715547.512142897,26.2086
1403715547.562143087,24.8595
1403715547.61214304,23.991
1403715547.662142992,25.444
1403715547.712142944,26.0839
1403715547.762142897,27.2842
1403715547.812143087,24.819
1403715547.86214304,20.2332
1403715547.912142992,22.1408
1403715547.962142944,22.4869
1403715548.012142897,24.0943
1403715548.062143087,25.565
1403715548.11214304,25.0887
1403715548.162142992,26.116
1403715548.212142944,23.8276
1403715548.262142897,26.9434
1403715548.312143087,24.5686
1403715548.36214304,21.751
1403715548.412142992,22.1763
1403715548.462142944,22.9342
1403715548.512142897,25.2548
1403715548.562143087,23.9625
1403715548.61214304,26.4505
1403715548.662142992,23.9978
1403715548.712142944,24.3284
1403715548.762142897,25.4966
1403715548.812143087,22.9483
1403715548.86214304,23.8301
1403715548.912142992,23.6148
1403715548.962142944,25.4715
1403715549.012142897,26.0011
1403715549.062143087,25.7201
1403715549.11214304,29.6078
1403715549.162142992,26.3374
1403715549.212142944,20.1674
1403715549.262142897,29.8078
1403715549.312143087,26.0976
1403715549.36214304,24.268
1403715549.412142992,26.2145
1403715549.462142944,24.4705
1403715549.512142897,25.7175
1403715549.562143087,26.0171
1403715549.61214304,24.3402
1403715549.662142992,22.62
1403715549.712142944,25.0324
1403715549.762142897,24.0954
1403715549.812143087,26.1233
1403715549.86214304,23.7938
1403715549.912142992,24.8248
1403715549.962142944,22.8675
1403715550.012142897,26.2026
1403715550.062143087,22.3488
1403715550.11214304,27.9825
1403715550.162142992,29.3903
1403715550.212142944,29.1683
1403715550.262142897,26.8154
1403715550.312143087,26.7926
1403715550.36214304,25.6233
1403715550.412142992,24.2824
1403715550.462142944,26.165
1403715550.512142897,24.8558
1403715550.562143087,23.5425
1403715550.61214304,23.4993
1403715550.662142992,24.596
1403715550.712142944,27.5779
1403715550.762142897,24.4669
1403715550.812143087,25.627
1403715550.86214304,26.7185
1403715550.912142992,28.5696
1403715550.962142944,28.5181
1403715551.012142897,25.5038
1403715551.062143087,28.188
1403715551.11214304,25.5887
1403715551.162142992,26.6284
1403715551.212142944,27.9146
1403715551.262142897,23.3212
1403715551.312143087,26.1076
1403715551.36214304,26.194
1403715551.412142992,27.8038
1403715551.462142944,25.5796
1403715551.512142897,26.4169
1403715551.562143087,28.2309
1403715551.61214304,26.9591
1403715551.662142992,27.1305
1403715551.712142944,25.9796
1403715551.762142897,24.5386
1403715551.812143087,27.8628
1403715551.86214304,26.6031
1403715551.912142992,24.3225
1403715551.962142944,27.9614
1403715552.012142897,27.6576
1403715552.062143087,26.875
1403715552.11214304,25.2058
1403715552.162142992,27.2516
1403715552.212142944,24.8223
1403715552.262142897,26.6422
1403715552.312143087,27.3227
1403715552.36214304,25.4992
1403715552.412142992,25.5579
1403715552.462142944,26.5058
1403715552.512142897,24.6955
1403715552.562143087,23.9568
1403715552.61214304,26.2025
1403715552.662142992,27.911
1403715552.712142944,25.1373
1403715552.762142897,28.2962
1403715552.812143087,26.1087
1403715552.86214304,26.3579
1403715552.912142992,26.2219
1403715552.962142944,25.7282
1403715553.012142897,26.5459
1403715553.062143087,27.4439
1403715553.11214304,27.9609
1403715553.162142992,24.522
1403715553.212142944,28.8309
1403715553.262142897,26.6366
1403715553.312143087,26.9683
1403715553.36214304,26.416
1403715553.412142992,27.0492
1403715553.462142944,25.5691
1403715553.512142897,27.9681
1403715553.562143087,25.6523
1403715553.61214304,24.7083
1403715553.662142992,26.9811
1403715553.712142944,24.6281
1403715553.762142897,21.982
1403715553.812143087,24.3261
1403715553.86214304,26.2353
1403715553.912142992,25.5421
1403715553.962142944,22.8496
1403715554.012142897,26.2342
1403715554.062143087,23.6768
1403715554.11214304,23.6114
1403715554.162142992,22.8296
1403715554.212142944,22.8975
1403715554.262142897,18.7323
1403715554.312143087,22.4936
1403715554.36214304,21.8255
1403715554.412142992,21.9037
1403715554.462142944,21.9575
1403715554.512142897,21.783
1403715554.562143087,21.7771
1403715554.61214304,21.3207
1403715554.662142992,19.9299
1403715554.712142944,22.9945
1403715554.762142897,22.045
1403715554.812143087,19.9878
1403715554.86214304,18.439
1403715554.912142992,19.5776
1403715554.962142944,20.7186
1403715555.012142897,19.1692
1403715555.062143087,19.5675
1403715555.11214304,20.5784
1403715555.162142992,20.2263
1403715555.212142944,21.02
1403715555.262142897,22.8404
1403715555.312143087,24.2913
1403715555.36214304,23.8031
1403715555.412142992,23.694
1403715555.462142944,23.4435
1403715555.512142897,22.9506
1403715555.562143087,22.8973
1403715555.61214304,22.278
1403715555.662142992,21.4361
1403715555.712142944,23.229
1403715555.762142897,21.9035
1403715555.812143087,24.4682
1403715555.86214304,23.8416
1403715555.912142992,18.8972
1403715555.962142944,22.4488
1403715556.012142897,23.4622
1403715556.062143087,23.6526
1403715556.11214304,23.3675
1403715556.162142992,21.7251
1403715556.212142944,24.666
1403715556.262142897,21.213
1403715556.312143087,25.4069
1403715556.36214304,24.4821
1403715556.412142992,25.0957
1403715556.462142944,25.0149
1403715556.512142897,24.2094
1403715556.562143087,25.5607
1403715556.61214304,24.389
1403715556.662142992,22.5434
1403715556.712142944,25.5589
1403715556.762142897,22.6924
1403715556.812143087,27.3771
1403715556.86214304,23.713
1403715556.912142992,25.1676
1403715556.962142944,24.7625
1403715557.012142897,23.0747
1403715557.062143087,21.6011
1403715557.11214304,24.2211
1403715557.162142992,22.3294
1403715557.212142944,23.5109
1403715557.262142897,22.7006
1403715557.312143087,23.6494
1403715557.36214304,24.7354
1403715557.412142992,23.1047
1403715557.462142944,22.1019
1403715557.512142897,23.5793
1403715557.562143087,26.2363
1403715557.61214304,22.1482
1403715557.662142992,25.0754
1403715557.712142944,24.9488
1403715557.762142897,26.4049
1403715557.812143087,24.1738
1403715557.86214304,26.5213
1403715557.912142992,26.5162
1403715557.962142944,24.8931
1403715558.012142897,24.1904
1403715558.062143087,24.3621
1403715558.11214304,24.9312
1403715558.162142992,24.7884
1403715558.212142944,24.8407
1403715558.262142897,23.7316
1403715558.312143087,25.2604
1403715558.36214304,26.6498
1403715558.412142992,24.5454
1403715558.462142944,24.4487
1403715558.512142897,24.7849
1403715558.562143087,25.835
1403715558.61214304,23.7455
1403715558.662142992,25.1403
1403715558.712142944,23.3745
1403715558.762142897,22.0852
1403715558.812143087,25.9222
1403715558.86214304,24.144
1403715558.912142992,25.6937
1403715558.962142944,24.7485
1403715559.012142897,27.8273
1403715559.062143087,24.2654
1403715559.11214304,21.706
1403715559.162142992,25.8512
1403715559.212142944,26.0169
1403715559.262142897,26.2847
1403715559.312143087,25.5016
1403715559.36214304,24.061
1403715559.412142992,25.8097
1403715559.462142944,26.858
1403715559.512142897,27.0895
1403715559.562143087,27.0978
1403715559.61214304,29.5513
1403715559.662142992,26.083
1403715559.712142944,26.6045
1403715559.762142897,27.2249
1403715559.812143087,28.5792
1403715559.86214304,27.7779
1403715559.912142992,25.6649
1403715559.962142944,26.1078
1403715560.012142897,27.0876
1403715560.062143087,28.3873
1403715560.11214304,27.2324
1403715560.162142992,28.8779
1403715560.212142944,27.4153
1403715560.262142897,29.5432
1403715560.312143087,25.0983
1403715560.36214304,26.9122
1403715560.412142992,26.9874
1403715560.462142944,25.4542
1403715560.512142897,28.9365
1403715560.562143087,29.5835
1403715560.61214304,25.1352
1403715560.662142992,27.8281
1403715560.712142944,28.3387
1403715560.762142897,27.0893
1403715560.812143087,25.7336
1403715560.86214304,24.8648
1403715560.912142992,26.3315
1403715560.962142944,25.3578
1403715561.012142897,27.1346
1403715561.062143087,26.9874
1403715561.11214304,27.0542
1403715561.162142992,26.6246
1403715561.212142944,24.5383
1403715561.262142897,25.9931
1403715561.312143087,25.6084
1403715561.36214304,25.364
1403715561.412142992,24.8074
1403715561.462142944,24.9274
1403715561.512142897,25.4991
1403715561.562143087,25.4688
1403715561.61214304,24.9599
1403715561.662142992,23.7328
1403715561.712142944,22.2574
1403715561.762142897,23.4532
1403715561.812143087,23.6767
1403715561.86214304,23.2296
1403715561.912142992,24.4346
1403715561.962142944,27.0466
1403715562.012142897,25.1934
1403715562.062143087,21.4293
1403715562.11214304,26.5711
1403715562.162142992,26.3533
1403715562.212142944,23.1822
1403715562.262142897,23.297
1403715562.312143087,23.5512
1403715562.36214304,22.6748
1403715562.412142992,23.1915
1403715562.462142944,24.2592
1403715562.512142897,23.0836
1403715562.562143087,25.3421
1403715562.61214304,25.4994
1403715562.662142992,25.961
1403715562.712142944,23.9028
1403715562.762142897,23.2345
1403715562.812143087,23.7966
1403715562.86214304,23.4501
1403715562.912142992,25.5201
1403715562.962142944,25.1665
1403715563.012142897,23.9248
1403715563.062143087,25.4704
1403715563.11214304,22.3611
1403715563.162142992,22.2676
1403715563.212142944,23.3219
1403715563.262142897,23.3355
1403715563.312143087,23.2458
1403715563.36214304,24.0087
1403715563.412142992,27.7121
1403715563.462142944,23.1994
1403715563.512142897,22.39
1403715563.562143087,23.0475
1403715563.61214304,22.8062
1403715563.662142992,24.7634
1403715563.712142944,21.6525
1403715563.762142897,26.2483
1403715563.812143087,25.1147
1403715563.86214304,24.7638
1403715563.912142992,23.7469
1403715563.962142944,19.3864
1403715564.012142897,22.6504
1403715564.062143087,24.3242
1403715564.11214304,22.3926
1403715564.162142992,23.4561
1403715564.212142944,23.8933
1403715564.262142897,23.5656
1403715564.312143087,22.4359
1403715564.36214304,21.3971
1403715564.412142992,19.8703
1403715564.462142944,22.8548
1403715564.512142897,25.4016
1403715564.562143087,25.7046
1403715564.61214304,25.8885
1403715564.662142992,24.3385
1403715564.712142944,23.5698
1403715564.762142897,26.1406
1403715564.812143087,25.0934
1403715564.86214304,26.9898
1403715564.912142992,28.2036
1403715564.962142944,24.9447
1403715565.012142897,29.1927
1403715565.062143087,27.4716
1403715565.11214304,26.8028
1403715565.162142992,26.4176
1403715565.212142944,26.5755
1403715565.262142897,28.1023
1403715565.312143087,26.7731
1403715565.36214304,28.1917
1403715565.412142992,25.2381
1403715565.462142944,26.9375
1403715565.512142897,23.8921
1403715565.562143087,23.5826
1403715565.61214304,21.4028
1403715565.662142992,21.8461
1403715565.712142944,22.3663
1403715565.762142897,23.5176
1403715565.812143087,23.9678
1403715565.86214304,21.1009
1403715565.912142992,23.3198
1403715565.962142944,23.0902
1403715566.012142897,23.6322
1403715566.062143087,23.9256
1403715566.11214304,26.3275
1403715566.162142992,24.8539
1403715566.212142944,24.5374
1403715566.262142897,27.3297
1403715566.312143087,23.426
1403715566.36214304,26.0273
1403715566.412142992,24.2829
1403715566.462142944,25.0023
1403715566.512142897,26.1397
1403715566.562143087,24.1521
1403715566.61214304,23.856
1403715566.662142992,23.7418
1403715566.712142944,25.6685
1403715566.762142897,24.8939
1403715566.812143087,26.3763
1403715566.86214304,27.1463
1403715566.912142992,22.4116
1403715566.962142944,21.8956
1403715567.012142897,26.8324
1403715567.062143087,25.9736
1403715567.11214304,26.1556
1403715567.162142992,21.6119
1403715567.212142944,24.566
1403715567.262142897,25.3897
1403715567.312143087,26.0534
1403715567.36214304,27.9305
1403715567.412142992,26.5226
1403715567.462142944,26.47
1403715567.512142897,26.8866
1403715567.562143087,28.2968
1403715567.61214304,27.6345
1403715567.662142992,27.8268
1403715567.712142944,25.9527
1403715567.762142897,22.9215
1403715567.812143087,24.5562
1403715567.86214304,24.5903
1403715567.912142992,25.6333
1403715567.962142944,23.6023
1403715568.012142897,21.9709
1403715568.062143087,23.7114
1403715568.11214304,23.11
1403715568.162142992,23.167
1403715568.212142944,21.5503
1403715568.262142897,25.3782
1403715568.312143087,22.7183
1403715568.36214304,21.9366
1403715568.412142992,22.6402
1403715568.462142944,20.664
1403715568.512142897,24.4036
1403715568.562143087,21.2845
1403715568.61214304,24.0254
1403715568.662142992,23.1394
1403715568.712142944,24.0682
1403715568.762142897,22.7827
1403715568.812143087,22.5916
1403715568.86214304,20.2467
1403715568.912142992,26.3614
1403715568.962142944,24.6441
1403715569.012142897,25.1788
1403715569.062143087,24.0263
1403715569.11214304,22.9712
1403715569.162142992,24.4791
1403715569.212142944,23.61
1403715569.262142897,25.91
1403715569.312143087,24.3079
1403715569.36214304,23.6514
1403715569.412142992,25.5789
1403715569.462142944,24.3899
1403715569.512142897,22.251
1403715569.562143087,23.5958
1403715569.61214304,22.7394
1403715569.662142992,24.3706
1403715569.712142944,18.4759
1403715569.762142897,20.878
1403715569.812143087,21.1941
1403715569.86214304,22.1653
1403715569.912142992,21.799
1403715569.962142944,23.8142
1403715570.012142897,22.7989
1403715570.062143087,21.8489
1403715570.11214304,23.0273
1403715570.162142992,21.597
1403715570.212142944,20.4004
1403715570.262142897,19.8521
1403715570.312143087,21.7864
1403715570.36214304,18.3044
1403715570.412142992,13.4497
1403715570.462142944,14.1169
1403715570.512142897,12.0685
1403715570.562143087,16.0168
1403715570.61214304,14.591
1403715570.662142992,19.9434
1403715570.712142944,25.0638
1403715570.762142897,27.362
1403715570.812143087,26.8908
1403715570.86214304,25.5801
1403715570.912142992,25.898
1403715570.962142944,25.8388
1403715571.012142897,24.734
1403715571.062143087,22.48
1403715571.11214304,23.0877
1403715571.162142992,25.5887
1403715571.212142944,24.0527
1403715571.262142897,24.4348
1403715571.312143087,23.518
1403715571.36214304,24.6869
1403715571.412142992,24.8867
1403715571.462142944,24.0728
1403715571.512142897,21.5598
1403715571.562143087,22.2433
1403715571.61214304,23.9623
1403715571.662142992,24.5295
1403715571.712142944,25.1903
1403715571.762142897,27.994
1403715571.812143087,25.2307
1403715571.86214304,27.2029
1403715571.912142992,28.7055
1403715571.962142944,27.1153
1403715572.012142897,23.3382
1403715572.062143087,24.8629
1403715572.11214304,24.4934
1403715572.162142992,24.5797
1403715572.212142944,24.247
1403715572.262142897,25.9148
1403715572.312143087,27.1564
1403715572.36214304,23.3288
1403715572.412142992,25.4066
1403715572.462142944,26.0573
1403715572.512142897,25.8356
1403715572.562143087,25.7958
1403715572.61214304,22.6596
1403715572.662142992,25.1653
1403715572.712142944,23.2214
1403715572.762142897,23.3364
1403715572.812143087,21.4914
1403715572.86214304,25.0417
1403715572.912142992,25.1537
1403715572.962142944,25.7889
1403715573.012142897,26.4336
1403715573.062143087,25.2399
1403715573.11214304,23.7912
1403715573.162142992,25.853
1403715573.212142944,23.4664
1403715573.262142897,25.6702
1403715573.312143087,24.9648
1403715573.36214304,23.7556
1403715573.412142992,23.0664
1403715573.462142944,23.3198
1403715573.512142897,24.6087
1403715573.562143087,26.9336
1403715573.61214304,26.2058
1403715573.662142992,22.2902
1403715573.712142944,26.5894
1403715573.762142897,25.4277
1403715573.812143087,23.4508
1403715573.86214304,26.7539
1403715573.912142992,24.1547
1403715573.962142944,26.3657
1403715574.012142897,24.8793
1403715574.062143087,26.5
1403715574.11214304,25.0688
1403715574.162142992,24.1193
1403715574.212142944,27.5298
1403715574.262142897,22.4868
1403715574.312143087,25.3467
1403715574.36214304,25.2957
1403715574.412142992,23.4942
1403715574.462142944,27.0683
1403715574.512142897,22.5339
1403715574.562143087,21.8977
1403715574.61214304,23.8219
1403715574.662142992,19.829
1403715574.712142944,25.0161
1403715574.762142897,24.1227
1403715574.812143087,20.6336
1403715574.86214304,23.6643
1403715574.912142992,22.1457
1403715574.962142944,21.8751
1403715575.012142897,24.4509
1403715575.062143087,22.399
1403715575.11214304,18.4125
1403715575.162142992,22.1321
1403715575.212142944,22.3496
1403715575.262142897,22.1317
1403715575.312143087,21.0142
1403715575.36214304,23.9776
1403715575.412142992,23.0312
1403715575.462142944,21.9272
1403715575.512142897,24.0723
1403715575.562143087,20.7282
1403715575.61214304,21.1572
1403715575.662142992,17.1162
1403715575.712142944,18.5543
1403715575.762142897,21.1293
1403715575.812143087,22.9759
1403715575.86214304,19.9949
1403715575.912142992,19.9946
1403715575.962142944,19.1834
1403715576.012142897,19.2196
1403715576.062143087,21.2389
1403715576.11214304,19.7232
1403715576.162142992,22.342
1403715576.212142944,20.8056
1403715576.262142897,19.4048
1403715576.312143087,22.0877
1403715576.36214304,24.264
1403715576.412142992,20.5695
1403715576.462142944,23.3586
1403715576.512142897,22.5671
1403715576.562143087,21.1938
1403715576.61214304,22.7735
1403715576.662142992,24.8499
1403715576.712142944,24.0893
1403715576.762142897,21.2071
1403715576.812143087,22.3018
1403715576.86214304,22.6546
1403715576.912142992,21.9243
1403715576.962142944,25.01
1403715577.012142897,20.9411
1403715577.062143087,23.9822
1403715577.11214304,26.1002
1403715577.162142992,23.7646
1403715577.212142944,22.8885
1403715577.262142897,27.0148
1403715577.312143087,24.9359
1403715577.36214304,26.6239
1403715577.412142992,23.8391
1403715577.462142944,23.272
1403715577.512142897,25.1042
1403715577.562143087,24.9361
1403715577.61214304,25.3013
1403715577.662142992,25.829
1403715577.712142944,23.0507
1403715577.762142897,24.6102
1403715577.812143087,24.8458
1403715577.86214304,24.7235
1403715577.912142992,24.9592
1403715577.962142944,25.4121
1403715578.012142897,26.5421
1403715578.062143087,25.4014
1403715578.11214304,25.8414
1403715578.162142992,25.7903
1403715578.212142944,23.375
1403715578.262142897,25.1353
1403715578.312143087,24.8259
1403715578.36214304,23.0283
1403715578.412142992,21.7924
1403715578.462142944,25.9699
1403715578.512142897,24.743
1403715578.562143087,24.0515
1403715578.61214304,22.8175
1403715578.662142992,21.3175
1403715578.712142944,21.7265
1403715578.762142897,21.4861
1403715578.812143087,23.5106
1403715578.86214304,20.2655
1403715578.912142992,22.9194
1403715578.962142944,21.1457
1403715579.012142897,21.8737
1403715579.062143087,24.7171
1403715579.11214304,22.0188
1403715579.162142992,21.6776
1403715579.212142944,19.7966
1403715579.262142897,23.5269
1403715579.312143087,20.4811
1403715579.36214304,20.775
1403715579.412142992,20.042
1403715579.462142944,17.4934
1403715579.512142897,15.5348
1403715579.562143087,19.7116
1403715579.61214304,19.9481
1403715579.662142992,21.8318
1403715579.712142944,19.7554
1403715579.762142897,20.3241
1403715579.812143087,22.8284
1403715579.86214304,23.0494
1403715579.912142992,20.1941
1403715579.962142944,24.0906
1403715580.012142897,23.8083
1403715580.062143087,24.5868
1403715580.11214304,22.8818
1403715580.162142992,20.2484
1403715580.212142944,22.353
1403715580.262142897,24.0771
1403715580.312143087,24.6178
1403715580.36214304,26.3577
1403715580.412142992,24.1885
1403715580.462142944,21.4059
1403715580.512142897,21.4837
1403715580.562143087,26.0023
1403715580.61214304,27.459
1403715580.662142992,23.8165
1403715580.712142944,26.6678
1403715580.762142897,24.6624
1403715580.812143087,26.1105
1403715580.86214304,26.5143
1403715580.912142992,27.7989
1403715580.962142944,26.4517
1403715581.012142897,27.2686
1403715581.062143087,24.3494
1403715581.11214304,24.8941
1403715581.162142992,25.3422
1403715581.212142944,25.4973
1403715581.262142897,26.6772
1403715581.312143087,27.8524
1403715581.36214304,26.3666
1403715581.412142992,25.352
1403715581.462142944,26.4289
1403715581.512142897,24.8568
1403715581.562143087,27.0326
1403715581.61214304,24.8362
1403715581.662142992,24.8907
1403715581.712142944,27.4227
1403715581.762142897,20.7272
1403715581.812143087,24.6639
1403715581.86214304,21.1022
1403715581.912142992,21.0326
1403715581.962142944,18.2115
1403715582.012142897,18.6077
1403715582.062143087,18.8119
1403715582.11214304,17.8758
1403715582.162142992,21.166
1403715582.212142944,19.1715
1403715582.262142897,25.0359
1403715582.312143087,22.9462
1403715582.36214304,20.835
1403715582.412142992,18.7697
1403715582.462142944,21.1289
1403715582.512142897,21.5038
1403715582.562143087,20.0802
1403715582.61214304,22.8319
1403715582.662142992,23.4256
1403715582.712142944,21.7292
1403715582.762142897,23.7202
1403715582.812143087,22.473
1403715582.86214304,22.0054
1403715582.912142992,23.1568
1403715582.962142944,21.8442
1403715583.012142897,20.2211
1403715583.062143087,22.9501
1403715583.11214304,21.5888
1403715583.162142992,18.7646
1403715583.212142944,19.396
1403715583.262142897,16.3196
1403715583.312143087,18.4372
1403715583.36214304,18.5292
1403715583.412142992,19.2721
1403715583.462142944,20.6579
1403715583.512142897,21.4323
1403715583.562143087,18.0621
1403715583.61214304,20.8756
1403715583.662142992,19.1969
1403715583.712142944,20.0486
1403715583.762142897,18.9069
1403715583.812143087,18.3854
1403715583.86214304,16.5173
1403715583.912142992,18.8126
1403715583.962142944,22.4698
1403715584.012142897,22.0413
1403715584.062143087,23.2191
1403715584.11214304,25.025
1403715584.162142992,22.7145
1403715584.212142944,21.8695
1403715584.262142897,21.0788
1403715584.312143087,23.3561
1403715584.36214304,22.0172
1403715584.412142992,23.4211
1403715584.462142944,21.3652
1403715584.512142897,25.3765
1403715584.562143087,28.0166
1403715584.61214304,28.7714
1403715584.662142992,26.1155
1403715584.712142944,24.6244
1403715584.762142897,28.3285
1403715584.812143087,26.4969
1403715584.86214304,25.6019
1403715584.912142992,25.9
1403715584.962142944,28.0101
1403715585.012142897,26.8788
1403715585.062143087,26.9584
1403715585.11214304,28.5139
1403715585.162142992,24.4105
1403715585.212142944,25.0896
1403715585.262142897,23.0536
1403715585.312143087,25.2345
1403715585.36214304,26.3907
1403715585.412142992,25.1582
1403715585.462142944,24.8238
1403715585.512142897,24.4467
1403715585.562143087,24.841
1403715585.61214304,24.9219
1403715585.662142992,27.6482
1403715585.712142944,24.2326
1403715585.762142897,24.8419
1403715585.812143087,24.4949
1403715585.86214304,26.4951
1403715585.912142992,24.3671
1403715585.962142944,24.3922
1403715586.012142897,23.1159
1403715586.062143087,28.2377
1403715586.11214304,23.8859
1403715586.162142992,25.2185
1403715586.212142944,28.0466
1403715586.262142897,27.597
1403715586.312143087,24.6609
1403715586.36214304,25.0984
1403715586.412142992,26.0506
1403715586.462142944,26.9653
1403715586.512142897,26.3721
1403715586.562143087,25.2824
1403715586.61214304,27.194
1403715586.662142992,30.4311
1403715586.712142944,25.4037
1403715586.762142897,25.6485
1403715586.812143087,26.6069
1403715586.86214304,22.7928
1403715586.912142992,26.6292
1403715586.962142944,24.5877
1403715587.012142897,28.6532
1403715587.062143087,23.1579
1403715587.11214304,27.2175
1403715587.162142992,26.5114
1403715587.212142944,25.456
1403715587.262142897,24.3955
1403715587.312143087,27.1154
1403715587.36214304,26.2029
1403715587.412142992,25.7456
1403715587.462142944,26.1998
1403715587.512142897,27.6337
1403715587.562143087,27.5692
1403715587.61214304,27.048
1403715587.662142992,24.9666
1403715587.712142944,26.6191
1403715587.762142897,26.778
1403715587.812143087,27.7492
1403715587.86214304,29.5123
1403715587.912142992,26.3862
1403715587.962142944,27.1255
1403715588.012142897,25.8195
1403715588.062143087,25.9557
1403715588.11214304,26.2701
1403715588.162142992,26.0913
1403715588.212142944,26.7095
1403715588.262142897,24.994
1403715588.312143087,23.27
1403715588.36214304,27.713
1403715588.412142992,26.3876
1403715588.462142944,27.0786
1403715588.512142897,26.1344
1403715588.562143087,24.2924
1403715588.61214304,24.5904
1403715588.662142992,26.1782
1403715588.712142944,28.3915
1403715588.762142897,25.9605
1403715588.812143087,28.7405
1403715588.86214304,27.0528
1403715588.912142992,27.6051
1403715588.962142944,24.9997
1403715589.012142897,24.4179
1403715589.062143087,27.6378
1403715589.11214304,26.8219
1403715589.162142992,28.1623
1403715589.212142944,26.6952
1403715589.262142897,28.4598
1403715589.312143087,28.4814
1403715589.36214304,26.3006
1403715589.412142992,26.1167
1403715589.462142944,25.3075
1403715589.512142897,25.5258
1403715589.562143087,23.9369
1403715589.61214304,27.016
1403715589.662142992,24.7309
1403715589.712142944,23.2999
1403715589.762142897,24.6937
1403715589.812143087,27.9782
1403715589.86214304,27.7158
1403715589.912142992,25.2469
1403715589.962142944,27.1809
1403715590.012142897,28.3528
1403715590.062143087,29.1422
1403715590.11214304,25.9052
1403715590.162142992,26.6644
1403715590.212142944,25.5659
1403715590.262142897,26.8987
1403715590.312143087,26.5791
1403715590.36214304,29.0272
1403715590.412142992,29.685
1403715590.462142944,28.8917
1403715590.512142897,25.5614
1403715590.562143087,24.3803
1403715590.61214304,27.4584
1403715590.662142992,25.9625
1403715590.712142944,26.0241
1403715590.762142897,26.6161
1403715590.812143087,26.5075
1403715590.86214304,26.7972
1403715590.912142992,27.7565
1403715590.962142944,28.1923
1403715591.012142897,25.9078
1403715591.062143087,23.1676
1403715591.11214304,27.4555
1403715591.162142992,22.885
1403715591.212142944,24.7244
1403715591.262142897,25.1281
1403715591.312143087,26.3699
1403715591.36214304,25.6826
1403715591.412142992,24.1258
1403715591.462142944,24.3069
1403715591.512142897,22.5108
1403715591.562143087,24.4279
1403715591.61214304,24.4194
1403715591.662142992,24.568
1403715591.712142944,23.7069
1403715591.762142897,22.4774
1403715591.812143087,25.0878
1403715591.86214304,25.6322
1403715591.912142992,24.8178
1403715591.962142944,25.4592
1403715592.012142897,25.8107
1403715592.062143087,25.1887
1403715592.11214304,26.1829
1403715592.162142992,25.5499
1403715592.212142944,25.2702
1403715592.262142897,26.1431
1403715592.312143087,24.6067
1403715592.36214304,24.9586
1403715592.412142992,26.0691
1403715592.462142944,23.0666
1403715592.512142897,22.1296
1403715592.562143087,23.6698
1403715592.61214304,23.773
1403715592.662142992,22.8885
1403715592.712142944,25.1552
1403715592.762142897,23.5158
1403715592.812143087,25.979
1403715592.86214304,23.3143
1403715592.912142992,24.3557
1403715592.962142944,27.2007
1403715593.012142897,25.8189
1403715593.062143087,23.7689
1403715593.11214304,26.8232
1403715593.162142992,24.308
1403715593.212142944,26.3308
1403715593.262142897,22.4261
1403715593.312143087,24.8417
1403715593.36214304,19.3738
1403715593.412142992,26.0117
1403715593.462142944,26.5818
1403715593.512142897,26.3181
1403715593.562143087,28.9499
1403715593.61214304,24.9963
1403715593.662142992,27.1659
1403715593.712142944,28.3721
1403715593.762142897,29.1972
1403715593.812143087,28.5104
1403715593.86214304,26.1006
1403715593.912142992,28.5264
1403715593.962142944,25.2645
1403715594.012142897,26.5184
1403715594.062143087,25.5889
1403715594.11214304,25.9294
1403715594.162142992,27.3195
1403715594.212142944,26.9105
1403715594.262142897,28.671
1403715594.312143087,27.4462
1403715594.36214304,25.6093
1403715594.412142992,27.105
1403715594.462142944,25.5625
1403715594.512142897,27.9086
1403715594.562143087,28.512
1403715594.61214304,30.152
1403715594.662142992,26.4065
1403715594.712142944,28.0523
1403715594.762142897,26.5231
1403715594.812143087,26.7849
1403715594.86214304,26.4841
1403715594.912142992,25.8034
1403715594.962142944,26.1783
1403715595.012142897,25.5955
1403715595.062143087,27.2859
1403715595.11214304,25.6923
1403715595.162142992,25.8645
1403715595.212142944,25.8072
1403715595.262142897,25.7158
1403715595.312143087,27.0013
1403715595.36214304,26.1724
1403715595.412142992,22.709
1403715595.462142944,22.6824
1403715595.512142897,28.9629
1403715595.562143087,26.5929
1403715595.61214304,25.8981
1403715595.662142992,26.6466
1403715595.712142944,25.2485
1403715595.762142897,25.6199
1403715595.812143087,25.6641
1403715595.86214304,24.9827
1403715595.912142992,26.3597
1403715595.962142944,27.0242
1403715596.012142897,26.537
1403715596.062143087,25.8906
1403715596.11214304,26.085
1403715596.162142992,26.9531
1403715596.212142944,27.7564
1403715596.262142897,25.5669
1403715596.312143087,25.072
1403715596.36214304,29.5848
1403715596.412142992,26.5399
1403715596.462142944,27.3129
1403715596.512142897,26.9552
1403715596.562143087,24.9696
1403715596.61214304,26.349
1403715596.662142992,28.182
1403715596.712142944,29.3119
1403715596.762142897,26.6796
1403715596.812143087,28.6414
1403715596.86214304,27.8804
1403715596.912142992,27.018
1403715596.962142944,27.3896
1403715597.012142897,26.5958
1403715597.062143087,28.627
1403715597.11214304,28.2069
1403715597.162142992,28.4918
1403715597.212142944,27.9472
1403715597.262142897,29.6824
1403715597.312143087,26.1953
1403715597.36214304,23.7592
1403715597.412142992,26.7398
1403715597.462142944,25.2843
1403715597.512142897,24.4889
1403715597.562143087,25.5168
1403715597.61214304,25.9262
1403715597.662142992,27.3816
1403715597.712142944,28.3422
1403715597.762142897,27.6447
1403715597.812143087,26.0003
1403715597.86214304,26.0353
1403715597.912142992,25.8552
1403715597.962142944,23.8968
1403715598.012142897,24.1175
1403715598.062143087,23.1892
1403715598.11214304,23.0363
1403715598.162142992,26.8653
1403715598.212142944,26.5836
1403715598.262142897,27.0514
1403715598.312143087,26.0191
1403715598.36214304,25.878
1403715598.412142992,23.8815
1403715598.462142944,26.4195
1403715598.512142897,24.7374
1403715598.562143087,26.3375
1403715598.61214304,27.6973
1403715598.662142992,26.5379
1403715598.712142944,22.2619
1403715598.762142897,27.6591
1403715598.812143087,24.3654
1403715598.86214304,24.6142
1403715598.912142992,26.3529
1403715598.962142944,27.1761
1403715599.012142897,24.3809
1403715599.062143087,23.8519
1403715599.11214304,24.018
1403715599.162142992,24.3732
1403715599.212142944,23.7475
1403715599.262142897,25.2285
1403715599.312143087,25.043
1403715599.36214304,22.8906
1403715599.412142992,23.9554
1403715599.462142944,22.8232
1403715599.512142897,23.4948
1403715599.562143087,25.6122
1403715599.61214304,24.6793
1403715599.662142992,24.0614
1403715599.712142944,23.2113
1403715599.762142897,22.995
1403715599.812143087,23.5125
1403715599.86214304,24.1406
1403715599.912142992,22.5051
1403715599.962142944,23.024
1403715600.012142897,25.636
1403715600.062143087,24.9015
1403715600.11214304,23.8555
1403715600.162142992,26.1773
1403715600.212142944,25.4429
1403715600.262142897,24.9991
1403715600.312143087,28.9673
1403715600.36214304,27.9504
1403715600.412142992,26.8234
1403715600.462142944,27.484
1403715600.512142897,26.3366
1403715600.562143087,26.7052
1403715600.61214304,26.4505
1403715600.662142992,26.4366
1403715600.712142944,26.2398
1403715600.762142897,27.9706
1403715600.812143087,27.7519
1403715600.86214304,28.6431
1403715600.912142992,27.5254
1403715600.962142944,27.7826
1403715601.012142897,27.6548
1403715601.062143087,28.1218
1403715601.11214304,25.543
1403715601.162142992,26.6231
1403715601.212142944,27.7009
1403715601.262142897,27.8804
1403715601.312143087,28.2238
1403715601.36214304,28.8764
1403715601.412142992,26.137
1403715601.462142944,29.5253
1403715601.512142897,26.1564
1403715601.562143087,28.182
1403715601.61214304,24.6896
1403715601.662142992,23.9731
1403715601.712142944,27.8363
1403715601.762142897,28.241
1403715601.812143087,27.6428
1403715601.86214304,26.2129
1403715601.912142992,26.1139
1403715601.962142944,25.3093
1403715602.012142897,25.1042
1403715602.062143087,25.9317
1403715602.11214304,27.8514
1403715602.162142992,27.8528
1403715602.212142944,27.8183
1403715602.262142897,28.9768
1403715602.312143087,27.553
1403715602.36214304,28.9118
1403715602.412142992,29.4988
1403715602.462142944,24.7109
1403715602.512142897,30.8453
1403715602.562143087,29.8865
1403715602.61214304,28.0753
1403715602.662142992,29.058
1403715602.712142944,27.574
1403715602.762142897,31.2295
1403715602.812143087,28.2422
1403715602.86214304,30.7859
1403715602.912142992,29.4102
1403715602.962142944,27.921
1403715603.012142897,31.8294
1403715603.062143087,32.1944
1403715603.11214304,31.3418
1403715603.162142992,30.0369
1403715603.212142944,25.1651
1403715603.262142897,30.1577
1403715603.312143087,30.2272
1403715603.36214304,29.968
1403715603.412142992,29.0401
1403715603.462142944,28.0391
1403715603.512142897,27.0951
1403715603.562143087,28.6134
1403715603.61214304,29.1451
1403715603.662142992,25.1179
1403715603.712142944,27.0514
1403715603.762142897,24.1393
1403715603.812143087,23.3156
1403715603.86214304,24.8169
1403715603.912142992,20.0628
1403715603.962142944,25.5965
1403715604.012142897,24.6186
1403715604.062143087,23.6255
1403715604.11214304,21.2224
1403715604.162142992,22.708
1403715604.212142944,21.189
1403715604.262142897,20.4424
1403715604.312143087,22.2139
1403715604.36214304,21.0355
1403715604.412142992,23.3727
1403715604.462142944,20.2889
1403715604.512142897,20.0336
1403715604.562143087,20.9545
1403715604.61214304,20.1713
1403715604.662142992,22.0023
1403715604.712142944,20.7853
1403715604.762142897,22.7438
1403715604.812143087,21.4416
1403715604.86214304,23.5392
1403715604.912142992,20.8131
1403715604.962142944,21.277
1403715605.012142897,18.045
1403715605.062143087,20.1262
1403715605.11214304,21.2218
1403715605.162142992,22.5783
1403715605.212142944,23.2977
1403715605.262142897,24.3038
1403715605.312143087,24.3016
1403715605.36214304,20.3728
1403715605.412142992,21.5628
1403715605.462142944,20.976
1403715605.512142897,20.0295
1403715605.562143087,20.8456
1403715605.61214304,20.7045
1403715605.662142992,23.6163
1403715605.712142944,20.0173
1403715605.762142897,20.5235
1403715605.812143087,22.2424
1403715605.86214304,19.6301
1403715605.912142992,21.0837
1403715605.962142944,22.151
1403715606.012142897,21.6906
1403715606.062143087,21.8108
1403715606.11214304,22.0326
1403715606.162142992,19.8191
1403715606.212142944,18.1504
1403715606.262142897,19.0833
1403715606.312143087,20.0659
1403715606.36214304,18.0795
1403715606.412142992,17.9639
1403715606.462142944,16.394
1403715606.512142897,19.0885
1403715606.562143087,16.5623
1403715606.61214304,15.3124
1403715606.662142992,15.5933
1403715606.712142944,15.9215
1403715606.762142897,17.8286
1403715606.812143087,15.5329
1403715606.86214304,19.1757
1403715606.912142992,16.608
1403715606.962142944,15.8272
1403715607.012142897,12.6849
1403715607.062143087,16.9181
1403715607.11214304,15.763
1403715607.162142992,14.7696
1403715607.212142944,18.1591
1403715607.262142897,12.5089
1403715607.312143087,14.4804
1403715607.36214304,12.9912
1403715607.412142992,13.4399
1403715607.462142944,15.4061
1403715607.512142897,14.9138
1403715607.562143087,13.6964
1403715607.61214304,14.8912
1403715607.662142992,15.166
1403715607.712142944,14.0095
1403715607.762142897,13.8128
1403715607.812143087,13.6359
1403715607.86214304,13.3715
1403715607.912142992,12.7806
1403715607.962142944,14.2083
1403715608.012142897,12.4523
1403715608.062143087,14.7961
1403715608.11214304,14.9258
1403715608.162142992,10.104
1403715608.212142944,12.2812
1403715608.262142897,12.9262
1403715608.312143087,13.0892
1403715608.36214304,15.5735
1403715608.412142992,12.8988
1403715608.462142944,13.2828
1403715608.512142897,15.2866
1403715608.562143087,10.6156
1403715608.61214304,12.8513
1403715608.662142992,14.7077
1403715608.712142944,11.645
1403715608.762142897,10.0263
1403715608.812143087,14.2806
1403715608.86214304,13.2754
1403715608.912142992,14.542
1403715608.962142944,13.3986
1403715609.012142897,12.3106
1403715609.062143087,13.5524
1403715609.11214304,12.4061
1403715609.162142992,12.5643
1403715609.212142944,11.2459
1403715609.262142897,14.3767
1403715609.312143087,12.7028
1403715609.36214304,13.6679
