2.24254
1137.58
 3154.2
4698.77
4559.27
4529.51
4747.12
4951.05
5257.27
4874.58
4640.61
3832.49
 1951.9
1170.69
685.555
751.802
234.696
167.881
220.431
216.731
 92.139
70.6253
48.8664
150.373
128.004
1.84236
      0
    nan
    nan
    nan
NaN
5.11062
2318.11
2358.84
 1951.8
1228.55
3578.28
4614.89
3956.57
4691.41
5409.53
4426.61
3362.11
2148.62
1104.63
542.557
396.998
108.641
68.5634
 56.375
 82.782
98.7748
70.0271
1.47111
      0
4.34764
174.646
269.997
    nan
    nan
    nan
NaN
4.49504
2065.45
2608.18
2947.81
1525.62
2594.21
4141.43
5788.99
5850.74
4487.51
3504.49
3264.34
1745.21
1079.22
547.762
444.912
552.223
147.736
128.952
166.749
43.0885
111.889
48.0289
90.5198
74.7406
12.9416
71.1966
    nan
    nan
    nan
NaN
      0
25.0543
498.172
1564.22
2884.96
3177.88
5510.84
7112.47
6536.58
5687.22
4815.07
3009.54
1682.47
1199.46
644.827
201.805
135.189
161.562
120.009
129.314
103.921
4.63955
7.36964
34.1436
134.314
156.834
53.9569
    nan
    nan
    nan
NaN
       0
       0
       0
       0
 216.377
 1417.37
 3255.64
 5242.51
 5792.23
 5909.62
 5122.48
 3419.54
 1545.23
  1199.1
 586.813
 316.223
 211.507
 90.4107
 96.9703
 97.0532
 79.4353
 166.457
 36.8661
 14.2871
  152.83
 102.285
0.112276
     nan
     nan
     nan
NaN
      0
      0
14.4361
194.936
787.519
1703.93
2459.94
4299.12
 5340.6
4241.97
3865.99
 2677.6
1128.13
1436.23
 352.21
164.519
65.2483
239.948
156.008
155.107
194.039
120.446
76.9508
57.7535
30.4169
133.853
65.8598
    nan
    nan
    nan
NaN
      0
      0
9.81835
301.653
1837.43
4324.32
6171.36
5882.08
5101.66
4482.09
3943.21
2528.55
1568.41
1087.31
274.687
 310.38
85.1677
140.918
102.429
104.667
42.5391
64.4757
28.2922
53.6735
42.5836
 71.196
62.3792
    nan
    nan
    nan
NaN
      0
55.7635
881.015
1071.41
1734.88
2362.87
 4008.6
5233.42
5330.27
 4572.8
4257.23
2818.34
1007.34
732.841
442.536
338.253
 414.13
171.708
358.428
48.9163
 113.61
52.4448
67.4179
112.374
95.0967
47.9737
3.58915
    nan
    nan
    nan
NaN
      0
      0
167.871
1446.36
2230.26
3377.74
4148.99
4662.13
5011.34
4998.28
3402.34
2416.35
   1904
1427.66
678.238
382.943
352.706
74.7515
57.1619
239.705
85.8035
 100.07
168.314
98.9035
7.52856
68.3368
57.2742
    nan
    nan
    nan
NaN
      0
      0
64.4249
610.344
1337.18
2721.84
4233.14
5080.62
4785.75
4096.24
3877.12
3134.42
1971.39
1317.38
798.899
232.177
100.209
 77.108
126.221
258.591
59.0984
66.7757
109.874
71.0241
111.184
127.438
74.6617
    nan
    nan
    nan
NaN
        0
        0
        0
        0
  209.009
  1913.13
  5059.17
  5307.24
  5439.71
  6038.46
  4254.18
  2453.22
  1035.26
  671.236
  895.297
  464.377
  129.908
  94.5997
  225.464
  185.815
  142.848
  96.8287
  150.138
  24.7546
0.0189021
  79.6945
  46.0771
      nan
      nan
      nan
NaN
      0
10.7458
310.008
1844.69
4414.54
4873.29
5352.06
6272.04
4904.19
4311.22
3513.04
2941.21
 1241.8
889.218
473.389
300.918
344.301
141.218
298.372
271.694
166.015
72.6838
50.2137
152.558
124.738
147.079
111.739
    nan
    nan
    nan
NaN
      0
      0
      0
      0
279.757
1924.85
4169.89
4908.77
5547.63
5586.63
4413.75
2421.14
969.198
370.737
543.794
307.791
248.679
255.961
144.931
123.858
170.014
128.604
22.6846
74.1001
73.3234
57.0673
33.8338
    nan
    nan
    nan
NaN
      0
      0
229.233
1915.92
 2555.6
3257.38
3505.78
   4311
4793.12
4983.42
3574.03
2146.91
1444.56
792.062
564.096
190.261
195.722
111.169
227.147
 266.31
151.611
44.1921
91.4709
75.7236
96.2695
 56.689
28.9575
    nan
    nan
    nan
NaN
      0
37.8923
661.508
1269.29
1692.46
1400.51
2486.42
4083.53
5211.84
4853.52
3113.62
1991.17
1027.87
625.503
305.487
165.975
100.809
182.873
135.081
71.3896
188.881
38.3675
40.3509
130.135
 118.51
33.9076
12.4063
    nan
    nan
    nan
NaN
      0
      0
 16.747
201.034
934.101
2862.29
4673.93
5791.06
4442.89
2944.82
3865.77
2212.21
1021.03
1079.05
439.251
311.969
206.804
42.9093
87.3686
199.986
 333.67
86.5438
25.6859
98.1399
83.8833
72.0345
53.9234
    nan
    nan
    nan
NaN
       0
       0
 12.7813
 325.209
 1783.24
 3744.21
 4750.42
    4597
 5073.31
 5150.81
 3396.29
 2547.12
  1358.4
  867.36
 278.489
 389.124
  254.56
 351.571
 191.163
 161.297
 264.578
 63.3955
 90.1821
 22.3917
 90.1761
 52.3518
0.880549
     nan
     nan
     nan
NaN
      0
108.719
1720.27
2133.99
3598.86
4405.72
5155.81
5266.09
4700.93
3389.34
3543.28
2273.23
1683.93
618.368
425.148
195.061
202.582
280.345
87.0115
236.554
119.804
155.279
 114.98
77.8825
52.2367
42.2194
3.13761
    nan
    nan
    nan
NaN
 2.23529
  1139.9
 3037.13
 3026.49
 2114.41
 2097.54
 3771.64
 4964.59
 4549.14
 4158.91
 4405.75
 3098.13
 1104.87
  617.79
 592.163
 187.392
 198.993
 79.1418
 126.044
 166.107
 227.932
 97.9216
 52.8813
 61.6823
 131.272
 54.5847
0.658347
     nan
     nan
     nan
NaN
      0
      0
      0
      0
363.832
2153.02
 4014.5
 5214.6
5301.32
4367.85
   3459
1675.46
1424.51
1032.12
516.751
103.055
185.681
319.216
154.262
88.1147
116.091
121.864
105.325
39.3231
103.987
81.8183
3.32358
    nan
    nan
    nan
NaN
 6880.1
7440.05
8122.94
2192.01
3669.03
3437.39
4052.64
4284.12
4934.72
4454.84
3732.84
2470.13
1159.31
 508.84
199.497
 275.74
209.118
262.384
259.898
322.658
56.1458
 9.7174
21.3672
11.1815
9.23899
63.7484
 66.822
    nan
    nan
    nan
NaN
       0
       0
 66.9247
 613.073
 1301.71
 2823.66
  4258.3
 4690.64
 5012.55
 5115.41
 3667.26
 2090.84
 1060.36
 534.148
 315.804
 580.368
 8.71029
 21.4599
 152.816
 72.2978
 150.787
 87.1669
 39.6026
 24.0179
0.782246
 69.8107
 50.1768
     nan
     nan
     nan
NaN
      0
      0
285.581
 2368.4
3427.51
4991.13
4609.77
 5291.9
5082.86
4777.03
3549.65
2399.31
 1483.4
973.192
 590.56
279.166
95.3138
59.4755
88.6049
94.7295
128.278
129.114
153.429
171.004
148.407
76.9116
13.8791
    nan
    nan
    nan
NaN
      0
      0
116.314
1032.21
1816.48
2819.59
3075.49
4005.37
5261.56
5073.01
 3691.9
1901.72
1405.03
747.172
280.625
255.734
68.5048
185.135
87.0931
218.188
152.697
44.0296
54.1716
25.1907
87.7891
52.1972
2.46003
    nan
    nan
    nan
NaN
10.2333
4639.95
4771.54
4462.42
 2016.2
3231.69
4537.52
 5195.8
5026.71
4644.08
3774.39
2471.28
1276.21
820.136
 518.28
428.165
170.932
136.703
 105.15
94.8138
203.606
133.605
27.6774
61.7326
219.972
139.888
11.0326
    nan
    nan
    nan
NaN
          0
          0
    158.165
    1404.42
    2468.59
    4074.52
    4710.34
    4564.55
    4266.96
    4469.37
    3804.52
    2375.45
    1407.34
    830.558
    500.468
    406.317
    239.953
    200.544
    114.588
    89.2293
     139.83
    119.311
    122.274
    135.981
    63.1286
     7.5466
6.80282e-05
        nan
        nan
        nan
NaN
      0
      0
      0
276.397
1901.22
3747.75
4929.82
4739.35
4832.31
5245.35
3977.35
2550.72
1330.02
673.944
 378.84
99.6374
32.3352
198.329
258.509
 130.94
 138.42
144.844
70.4611
36.5597
97.4424
87.2119
12.1243
    nan
    nan
    nan
NaN
0.80268
 552.54
3372.38
3578.17
 2850.7
2824.75
   4685
3927.08
3213.43
4385.27
4123.97
2187.99
 1301.6
753.166
359.239
245.144
468.871
154.425
206.635
240.893
 160.88
95.4445
38.4081
37.8324
96.3234
77.4268
4.31757
    nan
    nan
    nan
NaN
      0
39.6256
684.938
1106.97
1154.49
2481.78
5454.95
6424.67
5396.49
4915.81
4017.35
 2711.1
1515.88
1132.65
604.735
243.966
448.477
306.506
243.311
 81.725
178.474
151.771
88.8619
138.258
138.738
83.3619
6.97228
    nan
    nan
    nan
NaN
       0
 35.0117
 623.987
 1259.03
 1851.28
 2403.18
 3224.11
 4107.15
 4513.32
 3595.08
 2836.78
 2348.68
 1933.55
 960.069
 889.023
 143.054
 407.278
  11.114
 82.1082
 27.4125
   53.71
 50.8858
 97.1079
 95.7404
0.814261
       0
       0
     nan
     nan
     nan
NaN
       0
 42.8808
 726.291
 1115.28
 1170.81
 1835.21
 4225.84
 5120.14
 4126.25
 4038.62
 4326.06
 2755.69
 1631.85
 1255.32
   726.4
 90.4794
 442.439
 217.148
 194.447
  72.809
 157.887
 167.662
 91.9411
 85.2742
0.406861
 1.73016
 120.134
     nan
     nan
     nan
NaN
      0
      0
71.0236
924.158
3041.55
4909.63
5101.73
5045.19
5479.86
4884.27
3156.41
3200.17
2090.59
 944.96
440.413
830.223
276.772
241.534
17.2349
124.616
154.774
18.4184
3.20062
26.5014
136.632
144.542
37.7033
    nan
    nan
    nan
NaN
10.2107
4635.25
4949.71
5249.79
2456.93
3680.01
4481.56
5154.57
5081.27
5065.02
5468.53
3870.12
2082.95
1587.53
1002.67
612.363
 43.607
75.3696
219.318
88.9606
65.2073
58.7614
 112.45
171.388
85.1842
72.0532
65.2673
    nan
    nan
    nan
NaN
5.11729
2321.42
 2361.4
1887.83
595.613
1582.03
 3621.7
5701.47
6250.67
6448.55
4952.13
2536.14
1453.64
1224.67
421.173
177.913
214.754
100.356
39.4351
93.7932
 164.11
149.216
110.181
26.4792
4.49187
67.9162
53.7271
    nan
    nan
    nan
NaN
       0
 85.5378
 1441.19
 2336.19
 3212.55
 3536.46
 4371.99
 5231.11
  5868.5
 4848.57
 4370.36
 3030.31
  2128.2
 836.375
 627.835
  215.43
 132.626
 282.771
 110.442
 77.6364
 97.5395
 110.425
 26.4719
 32.8407
  1.3586
0.182348
  2.4414
     nan
     nan
     nan
NaN
       0
       0
       0
  34.722
 466.711
 1732.74
 3482.83
 5421.79
 5513.13
 5319.16
 5436.99
 2925.14
 1871.43
 1155.62
  852.57
 111.892
 293.705
 193.266
 162.712
 244.711
 209.885
 69.1724
 110.725
 155.492
 45.5365
 1.35948
0.423794
     nan
     nan
     nan
NaN
      0
      0
 48.643
799.945
3156.03
4900.65
4907.69
5501.54
6181.52
6006.68
4244.89
 2542.2
2279.59
854.622
865.066
123.331
329.876
232.099
 324.27
144.143
72.4999
33.5236
80.0363
123.131
74.5111
  74.96
68.9519
    nan
    nan
    nan
NaN
5085.68
7932.23
7326.37
3040.88
1555.13
2701.39
4158.41
6020.61
6156.57
5409.61
4136.94
3198.66
2165.44
1489.54
922.087
 521.13
209.636
155.007
 182.34
348.897
131.952
135.191
79.4567
71.3744
50.4529
40.9106
5.66594
    nan
    nan
    nan
NaN
          0
          0
     140.53
    1462.12
    3342.68
    4845.28
    5815.88
    6192.01
    5704.69
    4974.44
    4495.88
    3470.15
    2078.57
    1025.18
     642.67
    527.794
    311.257
    267.909
    283.291
    197.965
    104.127
    74.0892
    131.462
    134.267
    56.4179
       8.93
6.35508e-05
        nan
        nan
        nan
NaN
      0
29.4708
551.062
1396.42
2346.36
2962.26
5593.91
6745.73
6018.86
5485.56
4669.07
3780.79
1610.75
1439.82
 802.95
511.293
391.799
474.901
54.4288
214.108
 86.065
24.5189
69.8417
82.5866
80.7706
130.584
71.0836
    nan
    nan
    nan
NaN
      0
125.938
2143.32
3363.88
3046.49
1756.52
3110.28
5259.97
6647.82
6210.61
4263.21
2217.29
1566.14
1055.69
646.622
256.381
76.1825
220.919
227.742
150.955
80.6899
181.617
170.586
108.852
83.4726
7.34962
      0
    nan
    nan
    nan
NaN
3.71261
1746.57
2699.38
2476.53
1743.91
2539.63
4499.28
5615.02
6518.59
6375.82
5110.43
 3368.9
2313.12
1312.62
629.113
230.533
82.4887
180.104
295.424
 124.05
200.365
80.5494
257.047
216.697
55.7547
5.33569
21.9961
    nan
    nan
    nan
NaN
      0
 52.524
 832.81
1145.58
2358.89
3488.58
6205.97
8255.26
7383.89
5243.75
4081.72
3016.81
1496.37
719.647
564.111
570.214
 238.39
261.229
213.047
 396.71
245.925
37.2048
70.8146
65.2556
66.7107
221.811
129.559
    nan
    nan
    nan
NaN
       0
       0
       0
 67.5147
 501.571
 1537.09
    3912
 6094.49
 6225.27
 4817.51
 4100.08
 2846.02
 1987.28
 1731.66
 723.555
 62.1317
 86.8459
 252.637
 164.761
 22.1184
 19.3807
 102.312
 155.352
 108.839
 43.2014
0.661102
  4.0098
     nan
     nan
     nan
NaN
      0
44.1603
737.964
1080.65
1444.26
2718.43
4027.24
3878.19
3572.58
4404.68
 4197.5
2758.74
1493.94
851.073
927.262
256.158
363.438
172.116
62.7095
74.1765
159.952
135.587
110.856
155.653
52.5067
2.23842
      0
    nan
    nan
    nan
NaN
7031.84
7487.98
6531.74
327.857
1926.59
3153.82
4686.73
5346.91
5583.78
5152.54
4537.32
3163.73
1652.69
850.425
616.076
515.076
394.413
289.645
246.536
200.712
186.434
108.205
 89.051
97.6705
51.9878
10.1611
      0
    nan
    nan
    nan
NaN
      0
      0
150.711
1347.14
 2552.9
4216.28
 4445.9
5568.74
5524.25
4483.41
3886.05
3299.06
 2105.7
1210.89
578.015
372.407
102.466
31.8124
186.835
111.923
 186.88
106.726
104.122
65.4484
40.8254
 71.673
54.3664
    nan
    nan
    nan
NaN
      0
      0
      0
296.133
2030.44
3728.46
4287.97
3986.83
4679.54
5296.79
3700.28
1911.34
1365.32
614.264
566.251
575.232
332.272
71.2296
120.899
127.637
83.8681
2.62938
10.5076
120.953
144.079
31.0224
9.09695
    nan
    nan
    nan
NaN
      0
51.7533
826.804
1176.24
2304.14
3078.91
4947.77
 6032.9
5180.01
5166.06
4140.15
2398.41
1250.78
786.871
 329.87
307.363
237.777
18.0781
25.5714
60.3255
141.788
148.459
92.4422
117.437
86.9709
2.25698
      0
    nan
    nan
    nan
NaN
      0
      0
61.2238
600.716
 1357.4
2608.52
4187.79
5887.23
6784.12
5799.35
4019.45
2536.39
1458.25
843.719
498.809
319.782
262.457
215.498
77.9992
103.527
91.6792
52.1573
73.1039
55.0439
84.1603
121.032
 70.877
    nan
    nan
    nan
NaN
      0
43.2411
727.604
1245.84
1815.77
1682.61
3490.77
 6177.4
7230.22
6175.79
4958.44
3104.39
1702.62
996.653
416.141
532.691
325.442
36.9078
 57.942
186.712
48.8228
25.2342
137.612
184.455
50.6988
2.05779
      0
    nan
    nan
    nan
NaN
 809421
50.8342
820.684
1065.99
1432.08
1792.92
3557.28
5987.35
7473.97
   6998
5289.12
3450.48
 2126.4
 1131.5
524.656
188.546
138.323
112.391
143.367
165.692
175.179
142.068
64.5846
23.2392
      0
14.9376
42.4496
    nan
    nan
    nan
NaN
6969.08
7454.18
6353.63
23.7045
412.099
2105.56
4620.25
6464.55
7180.98
6490.04
4286.04
3630.12
2803.48
1420.81
581.629
520.698
145.225
14.1283
67.7421
202.288
165.703
58.0344
31.0733
74.6763
38.3091
39.2244
85.9628
    nan
    nan
    nan
NaN
5.13445
2326.69
2448.16
2985.83
2917.86
4834.55
 5603.2
 6327.2
6859.96
6813.76
5580.94
3520.82
1787.68
980.526
 462.79
402.564
139.367
102.509
48.3835
95.8445
79.0157
64.1095
153.713
115.232
11.5457
      0
      0
    nan
    nan
    nan
NaN
  13945.2
  14867.1
  12900.3
  270.325
  1467.05
  2327.02
   4045.8
   6118.1
  7829.65
  7101.35
  5594.05
  4056.39
  2203.13
  1002.21
  343.284
  93.3348
  174.868
  168.176
  119.392
  240.093
  217.249
  85.9688
   40.271
  38.3624
  35.4723
  8.42334
0.0975799
      nan
      nan
      nan
NaN
32058.6
30060.6
997.245
2609.56
2853.25
 3121.8
3320.18
5264.88
6059.18
5901.27
4799.11
3738.11
2379.31
1111.31
460.976
259.375
279.008
 231.16
155.402
151.944
157.954
123.369
66.8178
 36.806
12.1312
      0
      0
    nan
    nan
    nan
NaN
9.12029
4186.04
5030.95
4421.52
1043.72
1681.16
4511.01
6925.76
7816.93
6778.23
4758.92
3321.77
2218.28
1208.48
400.911
304.261
221.277
258.245
38.9371
44.3058
 138.52
 114.88
32.4005
16.5111
2.89617
68.3804
59.9206
    nan
    nan
    nan
NaN
6978.73
7451.08
6490.55
1019.71
2005.03
 3618.8
4001.17
5448.57
7304.32
6241.29
3615.76
2664.62
1888.09
1121.29
482.866
296.504
203.534
239.841
115.039
106.713
18.3032
36.4471
1.62121
29.0397
74.7662
 36.955
1.29077
    nan
    nan
    nan
NaN
      0
      0
68.2556
634.167
 1338.5
2685.56
 4506.4
6533.15
6569.44
 5292.7
4048.61
2509.99
 1635.2
826.966
365.393
562.632
246.881
208.689
79.9193
96.7864
64.5529
88.6385
137.063
46.0605
2.67455
      0
      0
    nan
    nan
    nan
NaN
       0
       0
       0
       0
 233.556
 1980.69
 4790.78
 6564.07
  6748.9
 5725.03
 4974.85
  3030.9
 1465.33
 1164.63
 255.631
 110.313
 125.863
 458.841
 302.015
 75.5279
 124.296
 75.0476
 145.739
 93.3652
 125.164
 46.9092
0.405619
     nan
     nan
     nan
NaN
    7007.59
    7463.56
    6639.12
    1484.05
    2248.53
     3145.5
    3620.08
    4797.32
    5572.69
    5977.36
    5387.84
    3792.06
     1714.7
    525.732
    362.046
    327.504
    314.929
    177.656
     157.99
    114.138
    127.915
    294.273
     311.31
    170.117
    84.5524
    16.4947
5.72333e-05
        nan
        nan
        nan
NaN
32118.3
30004.6
42.9112
484.011
1617.43
2828.91
 3937.5
5141.64
5634.99
5494.34
5002.14
3623.92
1660.64
534.133
205.204
180.409
155.002
110.048
135.995
87.5088
55.9169
193.571
254.803
132.508
80.9422
72.5835
64.2495
    nan
    nan
    nan
NaN
      0
      0
9.06556
 327.18
1514.64
2112.14
3234.43
 4207.4
5255.66
6210.01
4916.75
2560.71
1947.13
977.146
143.003
75.3942
207.355
135.686
115.434
105.736
189.314
134.447
349.613
572.905
370.256
104.739
5.23326
    nan
    nan
    nan
NaN
5948.86
7849.73
8533.19
3398.14
2355.18
2061.35
 3412.6
4731.94
 5809.8
6077.58
5158.91
5104.82
2040.22
836.956
 441.43
381.087
88.4437
207.961
102.128
137.801
298.328
348.747
319.817
 205.08
177.561
133.829
65.3818
    nan
    nan
    nan
NaN
 3.26807
 1558.65
 2900.07
 3947.83
  2297.7
 866.004
 2461.59
 4256.71
  5518.4
 5546.23
 5053.86
 3341.17
 1762.78
 432.158
 40.8247
 202.091
  7.0378
 77.9637
0.145905
 81.6495
 288.221
 217.139
 275.592
  121.51
 142.159
 190.173
  60.188
     nan
     nan
     nan
NaN
      0
146.877
2396.19
3426.65
 4706.5
3589.98
3280.25
3076.65
4341.79
4718.04
4104.84
 2579.4
1271.34
461.826
225.347
17.9172
21.8669
80.4881
84.1852
91.0735
65.8424
97.9983
256.164
229.265
94.3933
49.3815
 4.9537
    nan
    nan
    nan
NaN
      0
      0
      0
28.5418
220.841
780.652
2087.16
3401.64
 5160.1
5428.58
4051.98
2545.49
1316.79
704.166
327.466
71.9712
83.4235
91.1873
23.3106
91.9933
80.9951
247.161
266.966
279.275
136.009
73.3305
66.6671
    nan
    nan
    nan
NaN
      0
30.4068
568.504
1298.28
1542.87
1144.44
1631.39
2669.29
 3585.9
3633.99
1992.37
1348.45
568.945
176.336
68.4337
10.1481
5.04855
121.796
267.099
55.7196
12.5103
2.82217
48.5079
79.0199
165.311
 119.66
20.6257
    nan
    nan
    nan
NaN
 5.13009
 2326.14
 2401.18
 2356.19
 1304.99
 1685.35
 2192.96
 2674.54
 2906.74
 2546.68
 1686.71
  910.53
  444.75
 246.579
 220.966
  23.081
0.193049
 15.4093
 107.054
 51.8933
 119.511
 134.182
 106.405
 43.1713
 36.8902
 4.45245
       0
     nan
     nan
     nan
NaN
        0
        0
  42.7912
  354.731
  537.887
  1144.03
  1649.13
  1596.81
  2505.69
  2754.62
  1577.55
  946.671
  620.355
  110.107
  104.086
  60.0073
  39.7315
  21.2167
  79.9821
  214.104
  94.0696
  55.0732
  113.275
   192.22
  126.294
  1.49896
0.0230489
      nan
      nan
      nan
NaN
      0
      0
42.3403
  346.9
599.447
1477.97
2180.56
2711.48
3017.85
2618.79
1703.56
1111.66
313.438
48.1068
103.738
124.579
101.865
 100.44
9.20064
42.8816
7.12853
24.0041
86.4822
101.391
165.838
102.313
4.78083
    nan
    nan
    nan
NaN
      0
      0
      0
154.225
1036.27
 1661.3
 1764.4
 2588.4
2982.13
3118.21
2239.85
983.591
262.803
29.1524
35.2431
 128.58
409.705
53.3066
41.9793
54.0844
210.034
178.706
62.8131
 23.886
1.93276
76.8878
55.1153
    nan
    nan
    nan
NaN
       0
 55.4969
 878.394
 1084.35
 1542.24
  1350.2
  2652.7
 3307.59
 3783.78
 3455.38
 2227.77
 1151.51
 496.777
 256.059
 139.999
 114.623
 92.2881
 47.1552
  73.566
  82.593
 9.47846
 95.1135
 154.021
 136.347
 198.521
  52.351
0.715327
     nan
     nan
     nan
NaN
      0
23.6796
 489.22
1324.94
1353.91
1368.18
1958.75
2626.13
2867.31
2768.65
1650.26
995.749
333.664
55.9597
34.2596
29.5052
208.359
149.047
109.634
29.3816
28.0968
7.50435
103.894
240.074
132.992
131.116
216.643
    nan
    nan
    nan
NaN
        0
        0
        0
        0
  317.217
  1787.42
  2512.57
  2154.59
  3349.65
  2820.31
   1911.8
  1590.12
  605.047
  271.137
  35.2261
0.0211203
 0.105738
  7.28356
  78.7237
  211.147
  119.988
  2.57769
  9.94289
  121.705
  145.345
  30.4643
   6.8478
      nan
      nan
      nan
NaN
       0
       0
 98.9923
 928.517
 1921.95
 3178.72
 2959.31
  2037.2
 2158.79
 2992.79
 2144.36
 865.316
 556.958
 109.943
 147.188
  62.816
 98.1601
 85.6441
 42.4036
 168.404
   104.5
 168.491
 100.443
 194.686
 98.2975
 1.14873
0.030483
     nan
     nan
     nan
NaN
3.76163
1769.33
2727.95
 2672.9
2741.18
3090.54
3339.13
2847.63
3010.34
2632.13
1824.31
988.773
320.037
39.9264
98.7983
50.7736
131.796
36.0329
86.0098
78.3755
94.7669
100.686
231.416
206.265
95.5155
51.4073
4.76154
    nan
    nan
    nan
NaN
      0
      0
      0
223.278
1293.38
1893.07
2757.84
3118.98
3329.55
2645.88
1035.21
734.355
289.553
66.2355
9.09388
58.8715
94.6054
 35.995
157.486
127.447
169.276
24.0704
53.1387
40.4644
24.2386
76.2972
78.0396
    nan
    nan
    nan
NaN
       0
       0
 46.1488
 378.236
 535.986
 855.128
 955.227
 1694.97
 3022.63
 2714.14
 1682.04
  1107.7
 334.126
 429.082
  74.143
 23.9958
 230.876
 1.71322
 18.4185
 51.0512
   47.57
 110.136
 199.378
  117.97
 71.3394
 3.05277
0.769206
     nan
     nan
     nan
NaN
       0
       0
 48.4143
 536.799
 1305.17
 1718.86
 1915.26
 2121.81
 2513.93
 2571.37
 1860.64
 807.192
 437.535
 151.126
 12.1619
  0.4282
   51.19
0.155295
0.110011
 2.73764
 81.5626
 242.221
 130.288
 1.51598
  1.1662
 1.71294
0.970146
     nan
     nan
     nan
NaN
5.18424
2347.67
2348.06
2077.33
1040.95
 1788.5
2462.21
2686.06
3288.61
3277.85
2411.96
1101.24
452.293
223.484
156.594
87.0143
101.597
72.6386
85.0719
68.2643
101.376
108.169
120.478
109.467
118.595
129.001
146.974
    nan
    nan
    nan
NaN
      0
111.129
1757.05
2034.33
2642.35
2326.32
2404.98
2091.75
2679.54
2974.88
 2222.4
681.695
 144.73
91.7346
12.2721
39.8739
34.9109
  166.5
44.7672
99.3895
2.32929
92.6046
 155.53
71.6408
61.7818
8.42676
26.1335
    nan
    nan
    nan
NaN
      0
50.2121
814.265
1080.37
1409.85
1774.23
2790.37
2903.15
3313.53
2764.59
1323.04
438.203
155.722
145.559
87.1367
43.8083
64.7142
317.003
86.0867
124.644
 118.17
158.764
194.262
194.076
132.426
2.42443
      0
    nan
    nan
    nan
NaN
5.02519
2279.94
2459.12
 2898.7
1599.79
2497.65
2629.16
2902.26
2981.92
3173.64
1752.34
746.303
383.772
110.145
10.6008
85.0495
58.7042
41.5285
72.0313
 6.7376
7.20661
33.8173
165.423
170.565
48.1669
56.4272
45.0703
    nan
    nan
    nan
NaN
5066.29
7976.17
7204.28
 1937.2
788.208
1720.38
3043.54
4201.66
4687.67
 3343.9
1958.35
1021.44
314.973
 36.283
 28.347
44.6753
161.278
104.092
31.4653
124.052
 26.881
126.334
156.474
145.112
 170.77
63.8243
174.045
    nan
    nan
    nan
NaN
 3.64487
 1716.04
 2667.24
 2641.11
 2959.71
 3604.54
  3936.4
  3195.8
 2847.56
 2374.38
 1956.42
 953.204
  262.98
 37.7518
 104.467
 10.9008
 80.0272
 37.4452
 140.023
 175.531
 64.8044
0.254333
 2.07936
 13.6368
 83.4925
 235.475
 135.898
     nan
     nan
     nan
NaN
20.6881
9377.75
9474.67
 7599.9
1046.87
2533.42
3544.35
3720.43
3123.89
 2638.4
1973.65
950.802
255.784
99.2505
35.5804
111.029
170.434
182.374
71.0846
112.995
77.3266
244.196
278.511
94.6795
42.3227
13.5844
27.7518
    nan
    nan
    nan
NaN
2.23998
1141.35
3006.87
 3207.7
3703.82
3121.62
3705.12
3083.08
2845.15
2282.22
 1813.2
1198.17
434.225
131.595
130.921
113.888
65.1778
46.1208
8.13621
47.1278
151.887
140.184
 30.659
14.4772
62.8199
138.124
105.405
    nan
    nan
    nan
NaN
      0
111.234
1759.17
1961.54
2337.45
2588.53
3403.54
3362.74
3748.11
3225.65
1717.27
954.873
358.937
98.6406
14.8669
107.114
3.93242
33.0322
217.949
95.1836
85.0542
67.7056
157.245
146.527
93.6746
 130.89
418.646
    nan
    nan
    nan
NaN
      0
38.5644
664.604
1383.69
 2650.1
2573.54
2826.96
3296.59
 3487.4
3310.86
2410.64
1059.12
305.602
38.0306
202.381
57.4902
146.447
91.5027
62.4675
11.3426
82.8238
111.432
49.5835
172.807
252.746
 112.38
7.95731
    nan
    nan
    nan
NaN
1.82567
969.986
3236.55
4403.58
4108.08
2653.96
2369.33
3394.22
 3882.1
3269.24
2500.51
1552.15
451.929
70.2308
92.1429
358.577
67.1475
54.9031
73.5651
 265.69
128.524
145.461
66.0424
146.827
150.562
47.9965
2.53904
    nan
    nan
    nan
NaN
      0
153.068
2483.12
3002.99
2484.35
2057.12
3255.76
4110.54
4665.65
 3604.2
2050.77
1502.35
 502.84
97.8848
14.9141
160.443
10.4687
74.1195
20.2332
117.835
125.856
105.911
114.629
59.1278
7.32886
65.0357
53.6267
    nan
    nan
    nan
NaN
   6945
 7655.2
10288.3
5986.77
5545.09
3432.43
2934.57
3478.28
3851.25
3428.34
2618.54
990.558
 505.67
 108.28
104.665
56.1326
83.5587
 10.209
58.5975
112.134
283.169
237.233
139.667
79.0845
28.4484
 2.9417
130.515
    nan
    nan
    nan
NaN
  6957.1
 7472.03
 6246.18
 223.051
 1408.22
 2285.74
 2537.01
  2938.7
 4020.69
 4022.22
 2646.81
 1275.93
  242.49
 147.536
 144.789
 32.3617
 46.0512
 89.8852
 136.468
 62.7012
 173.074
 109.967
 163.255
 34.0219
 33.5266
 1.88427
0.505321
     nan
     nan
     nan
NaN
      0
106.242
1695.91
2283.24
3645.46
2825.69
2996.85
3678.66
3866.31
3138.44
2408.65
1182.85
465.576
74.3154
93.9411
38.1061
 112.77
72.3804
146.422
125.207
137.061
145.312
138.054
87.0609
246.235
154.748
7.86754
    nan
    nan
    nan
NaN
      0
39.8708
686.282
1109.14
1189.14
1605.94
2262.73
3330.79
3422.68
2634.07
2121.18
1134.43
502.507
205.802
22.3394
94.2326
79.8895
104.236
40.6057
136.557
68.7618
72.4216
162.106
163.693
243.735
148.674
10.7854
    nan
    nan
    nan
NaN
      0
      0
7.83978
182.853
779.255
1034.15
1240.57
2016.26
2539.86
2438.43
1996.44
984.808
453.476
409.752
117.762
5.03089
 1.4916
29.0199
51.2098
84.8576
171.213
41.1052
58.7519
 92.084
151.093
182.159
93.7068
    nan
    nan
    nan
NaN
       0
       0
       0
       0
 39.9066
 295.886
 996.295
 2129.59
 2911.84
 2997.41
 2146.38
 988.083
 424.085
 205.777
 22.9908
 57.1411
0.389733
0.153837
 24.9461
 101.148
 56.7057
 113.043
 129.169
 156.385
 42.8481
  31.893
 20.9629
     nan
     nan
     nan
NaN
 32832.5
 30336.8
 54.8145
 382.052
 617.839
 1459.41
 2054.43
 1960.28
 1666.58
 2219.27
 2028.46
 960.328
 351.455
 62.1984
 95.4307
 71.3361
 58.3682
 41.1517
 25.8042
 207.085
 373.127
 177.354
 141.276
 46.9182
 3.15207
0.982737
0.225913
     nan
     nan
     nan
NaN
      0
      0
 80.578
852.461
1955.08
2596.64
3200.63
3180.19
 3213.3
 2916.3
 2465.9
1328.15
451.447
199.344
173.786
124.502
69.9763
98.6512
152.352
204.081
198.302
116.009
38.4494
25.5801
 97.542
248.125
408.744
    nan
    nan
    nan
NaN
      0
      0
66.6804
621.015
1190.31
1577.67
2052.55
2778.93
 3519.4
3577.39
2076.51
717.583
354.155
65.6771
196.784
203.631
 137.27
9.70523
13.4213
 100.14
185.305
167.857
 294.45
286.215
107.766
49.0253
 2.6326
    nan
    nan
    nan
NaN
      0
117.982
1736.72
2009.53
2159.19
1810.49
2330.82
2788.93
   3221
3311.74
2448.78
1239.02
436.251
161.349
95.9681
94.7337
114.115
98.3776
107.165
64.4143
50.1576
34.3026
69.6866
95.1459
150.926
230.808
317.117
    nan
    nan
    nan
NaN
       0
 60.6286
 892.568
 954.062
 786.061
 1095.27
 2077.75
 2796.03
 3182.47
 3573.47
 2629.09
 1018.81
 526.656
 229.902
 392.352
 74.3112
  222.02
 74.8895
0.896778
 33.0197
 84.0942
 32.2019
 87.7757
 44.7924
0.160197
0.681726
0.887061
     nan
     nan
     nan
NaN
 12.2962
 1744.19
 2714.76
 2344.48
 834.827
 1111.43
  1976.1
 2587.55
    3650
 3782.87
 2915.49
 1679.24
 590.173
 78.4177
 1.12714
       0
0.497175
 17.7284
 110.543
 189.773
 67.1041
 39.0954
 133.389
 131.901
 130.138
 94.5106
 47.6724
     nan
     nan
     nan
NaN
      0
      0
      0
94.0951
533.261
998.616
1938.92
2469.67
2981.74
3393.23
3099.82
 1611.3
398.315
36.7451
36.3313
 39.691
231.138
54.0103
36.2386
69.8919
5.25884
53.1755
147.661
118.537
85.3686
54.7986
26.0455
    nan
    nan
    nan
NaN
      0
      0
      0
 108.82
706.522
1249.52
1743.37
2738.38
3678.71
3276.32
 2257.9
1076.22
639.133
246.554
256.883
 76.671
247.989
190.939
137.725
159.186
90.1547
 36.579
46.8223
84.4142
148.354
181.275
 121.36
    nan
    nan
    nan
NaN
      0
38.9958
651.249
1226.56
953.053
386.201
1902.22
3421.36
3086.06
3525.73
3367.36
1837.95
559.997
114.038
93.5554
276.907
5.54846
41.3484
47.0689
197.015
79.6905
154.686
79.5211
135.527
44.7366
 76.039
51.6188
    nan
    nan
    nan
NaN
        0
        0
   271.64
  2212.13
  2790.73
  2821.02
  3330.61
  3879.66
  3341.25
  3231.11
  3328.72
  2177.21
  898.633
  123.052
0.0463197
  78.5279
  49.0488
  47.5122
  110.365
  38.7708
  109.332
  57.3539
  86.0208
  193.238
  176.956
  156.352
   90.228
      nan
      nan
      nan
NaN
17.3512
2364.41
2436.13
 2098.4
637.655
972.537
1684.78
2594.69
2917.12
2986.13
3087.31
2367.74
992.983
229.865
 196.92
 110.66
 114.77
13.8941
127.697
190.507
151.804
308.964
218.209
86.7902
 43.978
2.04181
      0
    nan
    nan
    nan
NaN
      0
      0
145.222
1169.22
1524.68
1778.91
1993.23
2743.34
3551.95
4254.21
3264.23
   2055
746.882
189.251
122.423
156.185
  8.737
89.7548
 166.55
184.239
108.479
21.2067
100.714
139.389
71.2618
103.118
94.2999
    nan
    nan
    nan
NaN
 50.2097
 6863.66
 7439.18
 7008.77
 2799.36
 2369.03
 1795.52
 3743.83
 4732.91
 3468.11
 3046.59
 1852.55
 641.294
 409.886
 58.3113
0.647505
  20.236
 3.02564
 23.0802
 124.899
  206.02
 212.433
 172.625
 155.897
 102.827
 49.3948
 4.07913
     nan
     nan
     nan
NaN
7039.96
7551.26
8071.47
2188.36
2601.89
2268.86
2447.65
2756.46
3495.83
3886.89
3098.35
1803.42
904.068
 424.55
207.203
127.633
118.643
130.987
176.583
193.177
185.213
 163.48
132.447
85.4669
41.7076
12.4128
      0
    nan
    nan
    nan
NaN
7011.86
7561.22
8435.05
3549.21
3596.24
1789.19
 1670.5
3252.88
4314.92
4022.93
4080.85
2785.84
1065.03
428.887
  206.4
158.881
191.596
124.603
138.378
93.3357
144.358
137.884
281.111
351.331
 162.97
18.8365
1.93252
    nan
    nan
    nan
NaN
      0
244.352
3575.89
4057.55
4221.12
2175.53
2624.44
3687.23
4327.13
4196.97
3505.18
2263.24
1072.57
517.069
230.498
118.173
35.5299
144.549
79.0152
148.243
138.856
197.338
197.091
232.815
118.773
15.3118
168.896
    nan
    nan
    nan
NaN
      0
60.6007
 881.29
1025.61
 1611.7
2102.78
2724.91
3293.26
3758.26
4217.35
3859.23
2141.92
787.626
 267.44
106.278
49.2307
311.827
190.341
198.826
128.273
101.908
34.6117
62.5387
128.644
214.241
140.587
21.6093
    nan
    nan
    nan
NaN
      0
      0
      0
181.624
1100.33
1496.87
1790.09
3895.34
6133.46
5043.38
 4364.9
2712.16
1475.99
 715.24
223.676
118.982
69.9078
185.569
85.8093
155.229
200.758
141.788
200.282
273.685
270.819
188.062
65.2686
    nan
    nan
    nan
NaN
          0
          0
          0
          0
    135.509
     983.02
    2604.25
    4501.62
    5269.38
     4807.8
    4423.74
    3041.06
    1763.11
    883.326
    217.604
    192.831
    99.4873
    256.177
    26.7905
0.000642305
    1.36074
    112.697
    323.709
    277.112
    166.607
    60.5201
    166.586
        nan
        nan
        nan
NaN
      0
      0
86.2364
868.582
1859.37
2317.54
3273.86
4702.02
4094.57
3748.27
4482.71
3506.33
1625.99
906.703
350.889
184.918
127.975
75.4973
63.6542
 206.83
244.935
212.349
155.865
246.794
113.601
44.2711
264.864
    nan
    nan
    nan
NaN
      0
 79.512
1305.85
2446.74
 2727.1
2071.13
2346.52
 4350.6
5143.05
4263.37
5058.61
3444.42
1218.68
985.594
609.175
258.109
278.281
192.435
52.2788
  257.6
176.057
129.336
121.648
 133.07
117.049
6.76982
104.829
    nan
    nan
    nan
NaN
12.2986
1747.37
2749.89
2504.71
1688.94
 1517.8
1597.46
3924.68
5989.94
 5492.6
4691.94
3150.64
1315.65
274.132
173.819
267.149
70.6717
28.3454
46.5089
205.791
193.701
56.6226
192.105
146.227
163.187
228.664
84.7004
    nan
    nan
    nan
NaN
 5144.31
 8000.81
 7257.81
 2416.15
 1195.19
  1403.7
 2241.87
 3466.12
 4422.04
 4582.79
 4576.72
 3196.57
 1364.05
 374.391
 154.604
 69.6938
 26.7283
0.974409
 29.0479
 105.084
 37.1365
  86.146
  129.83
 235.326
 187.034
 13.0302
 122.132
     nan
     nan
     nan
NaN
17.2045
2344.33
2393.18
1969.93
833.128
1563.91
 2564.5
 3784.8
4990.17
5677.54
4443.43
2456.38
1428.19
 312.64
48.4903
47.9469
173.146
 74.338
33.3041
172.877
288.367
 181.93
44.3004
 68.791
125.958
107.731
38.9929
    nan
    nan
    nan
NaN
      0
41.4102
674.989
1157.63
1069.17
1391.27
2458.32
3891.08
 6456.1
6508.24
 4228.4
2776.06
1482.45
790.773
339.603
90.1541
101.875
87.5527
 186.12
83.1518
230.188
244.209
163.547
149.785
102.086
 39.785
241.826
    nan
    nan
    nan
NaN
      0
      0
 147.21
1170.41
1485.35
1939.11
2901.88
4387.51
4323.66
4009.08
4470.93
2558.36
1098.84
236.145
443.864
155.125
20.5073
154.977
104.816
175.313
118.306
99.0278
154.666
130.976
62.7022
10.5465
159.436
    nan
    nan
    nan
NaN
      0
      0
68.8895
627.201
1162.07
1670.49
2688.68
4116.15
4355.61
 3726.2
3458.53
2890.45
1108.53
 344.51
290.934
82.8258
2.95957
41.6009
17.7992
53.0016
135.781
 132.97
200.226
230.401
269.155
54.9917
1.65975
    nan
    nan
    nan
NaN
      0
      0
      0
177.953
1335.25
3098.29
4656.55
5143.84
5598.18
6476.16
5484.95
3716.19
1478.41
 308.53
293.369
172.677
145.507
247.302
121.732
54.3714
47.1397
 139.86
159.819
181.224
329.968
151.045
161.589
    nan
    nan
    nan
NaN
 8.67824
 1303.76
 3037.53
 3198.91
 1684.58
 1272.41
 3309.79
 4945.56
 5525.73
  5977.6
 5051.54
 3786.44
 1401.26
 628.806
 467.822
 123.434
 266.927
 64.8613
 36.7925
 113.992
  222.09
  502.81
 406.821
 232.559
 52.3049
 2.12093
0.153689
     nan
     nan
     nan
NaN
 12.0255
 1714.05
 2771.91
 2339.92
 536.369
 474.798
 1757.64
 3429.94
 4439.32
 5653.97
  5324.2
 2610.97
 656.546
 493.287
  346.19
 268.383
 26.2757
 137.242
 85.4581
 85.9036
 91.6996
 217.958
 224.491
 426.753
 243.585
0.852104
 177.621
     nan
     nan
     nan
NaN
16.9524
2308.09
2497.53
3216.23
2196.96
2400.26
2311.05
3235.35
3871.21
3885.85
3345.53
2359.92
1285.08
455.235
188.839
254.419
15.4535
143.702
45.6867
48.9262
 102.33
154.983
158.563
127.268
170.367
128.362
55.6356
    nan
    nan
    nan
NaN
      0
43.7328
 696.82
1108.29
1161.24
1760.87
2684.82
3517.08
4502.26
4834.36
3581.48
 2303.8
904.159
215.767
 47.303
211.887
99.9957
145.966
90.1944
75.3258
132.072
116.911
194.826
186.929
139.243
53.0192
3.48967
    nan
    nan
    nan
NaN
7020.87
7518.45
7797.33
2380.69
2702.71
2203.38
3352.99
5420.44
6139.52
5021.59
3612.07
2514.19
1374.39
495.773
167.218
 90.683
94.8106
138.884
152.962
71.0867
42.9844
97.6912
155.037
228.222
243.709
 124.91
28.7987
    nan
    nan
    nan
NaN
      0
55.2479
809.782
1172.29
2583.82
 3128.4
3817.39
4806.31
 3137.9
4076.83
4426.12
 2518.1
1056.35
220.096
 241.94
126.955
82.8538
140.539
59.9325
78.5588
149.935
338.964
 118.85
175.473
79.7275
69.3002
94.4989
    nan
    nan
    nan
NaN
