1413393886.005760431,2615.82
1413393886.055760384,2706.18
1413393886.105760574,2841.72
1413393886.155760527,2983.01
1413393886.205760479,3145.71
1413393886.255760431,3280.58
1413393886.305760384,3462.15
1413393886.355760574,3606.18
1413393886.405760527,3750.24
1413393886.455760479,3886.49
1413393886.505760431,4032.96
1413393886.555760384,4169.66
1413393886.605760574,4325.21
1413393886.655760527,4470.2
1413393886.705760479,4635.38
1413393886.755760431,4783.56
1413393886.805760384,4911.11
1413393886.855760574,5050.48
1413393886.905760527,5195.45
1413393886.955760479,5329.07
1413393887.005760431,5492.96
1413393887.055760384,5629.62
1413393887.105760574,5789.76
1413393887.155760527,5953.72
1413393887.205760479,6100.72
1413393887.255760431,6246.75
1413393887.305760384,6389.96
1413393887.355760574,6550.24
1413393887.405760527,6711.4
1413393887.455760479,6851.02
1413393887.505760431,6992.56
1413393887.555760384,7144.61
1413393887.605760574,7285.2
1413393887.655760527,7463.86
1413393887.705760479,7594.97
1413393887.755760431,7732.98
1413393887.805760384,7880.33
1413393887.855760574,8030.72
1413393887.905760527,8176.67
1413393887.955760479,8334.59
1413393888.005760431,8469.61
1413393888.055760384,8619.59
1413393888.105760574,8765.3
1413393888.155760527,8896.34
1413393888.205760479,9059.98
1413393888.255760431,9209.35
1413393888.305760384,9349.05
1413393888.355760574,9507.24
1413393888.405760527,9673.28
1413393888.455760479,9811.48
1413393888.505760431,9958
1413393888.555760384,10111.9
1413393888.605760574,10250
1413393888.655760527,10413
1413393888.705760479,10560.1
1413393888.755760431,10700.2
1413393888.805760384,10846.4
1413393888.855760574,10988.1
1413393888.905760527,11150.6
1413393888.955760479,11291.9
1413393889.005760431,11441.1
1413393889.055760384,11580.7
1413393889.105760574,11721.4
1413393889.155760527,11864.5
1413393889.205760479,12009
1413393889.255760431,12150.8
1413393889.305760384,12294
1413393889.355760574,12444.7
1413393889.405760527,12581.3
1413393889.455760479,12723.4
1413393889.505760431,12864.5
1413393889.555760384,13035.5
1413393889.605760574,13190
1413393889.655760527,13327.8
1413393889.705760479,13486.9
1413393889.755760431,13642
1413393889.805760384,13789.1
1413393889.855760574,13943.7
1413393889.905760527,14094.8
1413393889.955760479,14246.9
1413393890.005760431,14402.4
1413393890.055760384,14593.3
1413393890.105760574,14737
1413393890.155760527,14855.3
1413393890.205760479,14996.7
1413393890.255760431,15152.8
1413393890.305760384,15302.1
1413393890.355760574,15464.9
1413393890.405760527,15612.8
1413393890.455760479,15783.7
1413393890.505760431,15943.3
1413393890.555760384,16094.9
1413393890.605760574,16248.6
1413393890.655760527,16403.6
1413393890.705760479,16553.1
1413393890.755760431,16699.1
1413393890.805760384,16850.6
1413393890.855760574,16999.1
1413393890.905760527,17142.6
1413393890.955760479,17307.2
1413393891.005760431,17479.9
1413393891.055760384,17628.1
1413393891.105760574,17781.9
1413393891.155760527,17928.9
1413393891.205760479,18072.4
1413393891.255760431,18218.8
1413393891.305760384,18399.7
1413393891.355760574,18543.6
1413393891.405760527,18708.3
1413393891.455760479,18877.8
1413393891.505760431,19044.1
1413393891.555760384,19212.9
1413393891.605760574,19367.3
1413393891.655760527,19513.3
1413393891.705760479,19656.3
1413393891.755760431,19804.9
1413393891.805760384,19946.6
1413393891.855760574,20108.2
1413393891.905760527,20266.6
1413393891.955760479,20417
1413393892.005760431,20561.6
1413393892.055760384,20716.6
1413393892.105760574,20906.9
1413393892.155760527,21043.4
1413393892.205760479,21219
1413393892.255760431,21374.4
1413393892.305760384,21544.6
1413393892.355760574,21689.2
1413393892.405760527,21833.3
1413393892.455760479,22005
1413393892.505760431,22157
1413393892.555760384,22315.3
1413393892.605760574,22503.4
1413393892.655760527,22705.5
1413393892.705760479,22849.5
1413393892.755760431,22988.7
1413393892.805760384,23169.8
1413393892.855760574,23328.2
1413393892.905760527,23465.7
1413393892.955760479,23636.5
1413393893.005760431,23780.9
1413393893.055760384,23935
1413393893.105760574,24156.4
1413393893.155760527,24292.9
1413393893.205760479,24449.6
1413393893.255760431,24626.1
1413393893.305760384,24774.4
1413393893.355760574,24908.2
1413393893.405760527,25075
1413393893.455760479,25240.2
1413393893.505760431,25401.4
1413393893.555760384,25590.6
1413393893.605760574,25718.2
1413393893.655760527,25892.2
1413393893.705760479,26084.2
1413393893.755760431,26253.6
1413393893.805760384,26420
1413393893.855760574,26582.4
1413393893.905760527,26705.1
1413393893.955760479,26854.3
1413393894.005760431,27072.7
1413393894.055760384,27218.6
1413393894.105760574,27371.4
1413393894.155760527,27532.1
1413393894.205760479,27711.9
1413393894.255760431,27850.2
1413393894.305760384,28017.2
1413393894.355760574,28187.7
1413393894.405760527,28345.6
1413393894.455760479,28547.1
1413393894.505760431,28684.3
1413393894.555760384,28855.8
1413393894.605760574,29006.5
1413393894.655760527,29153.7
1413393894.705760479,29303.4
1413393894.755760431,29493.8
1413393894.805760384,29634.2
1413393894.855760574,29790.8
1413393894.905760527,29965.5
1413393894.955760479,30110.5
1413393895.005760431,30242.8
1413393895.055760384,30428.3
1413393895.105760574,30585.1
1413393895.155760527,30739.2
1413393895.205760479,30911
1413393895.255760431,31052.6
1413393895.305760384,31217.7
1413393895.355760574,31388.4
1413393895.405760527,31539.4
1413393895.455760479,31704.9
1413393895.505760431,31844.8
1413393895.555760384,32012.8
1413393895.605760574,32165.9
1413393895.655760527,32322.8
1413393895.705760479,32472.9
1413393895.755760431,32622.6
1413393895.805760384,32794.7
1413393895.855760574,32934.2
1413393895.905760527,33084.9
1413393895.955760479,33275.1
1413393896.005760431,33416.9
1413393896.055760384,33566.2
1413393896.105760574,33730.4
1413393896.155760527,33883.6
1413393896.205760479,34035.8
1413393896.255760431,34200.3
1413393896.305760384,34343.2
1413393896.355760574,34492.1
1413393896.405760527,34657.6
1413393896.455760479,34812.5
1413393896.505760431,34970.3
1413393896.555760384,35156.6
1413393896.605760574,35331.3
1413393896.655760527,35471.7
1413393896.705760479,35648.8
1413393896.755760431,35782.7
1413393896.805760384,35988.1
1413393896.855760574,36164.5
1413393896.905760527,36327.9
1413393896.955760479,36489
1413393897.005760431,36644.4
1413393897.055760384,36766.1
1413393897.105760574,36951.2
1413393897.155760527,37118.9
1413393897.205760479,37274.8
1413393897.255760431,37449
1413393897.305760384,37610.4
1413393897.355760574,37724.2
1413393897.405760527,37895.2
1413393897.455760479,38074.7
1413393897.505760431,38210.4
1413393897.555760384,38388.7
1413393897.605760574,38544.1
1413393897.655760527,38679.6
1413393897.705760479,38823
1413393897.755760431,38996.7
1413393897.805760384,39139.5
1413393897.855760574,39300.3
1413393897.905760527,39446.8
1413393897.955760479,39593
1413393898.005760431,39746.2
1413393898.055760384,39905.4
1413393898.105760574,40086.3
1413393898.155760527,40227.2
1413393898.205760479,40413.5
1413393898.255760431,40555.5
1413393898.305760384,40717
1413393898.355760574,40867.2
1413393898.405760527,41069.9
1413393898.455760479,41236.5
1413393898.505760431,41402
1413393898.555760384,41572.7
1413393898.605760574,41725.3
1413393898.655760527,41898.4
1413393898.705760479,42048.9
1413393898.755760431,42219.9
1413393898.805760384,42414.9
1413393898.855760574,42598.9
1413393898.905760527,42748.3
1413393898.955760479,42936.5
1413393899.005760431,43150.9
1413393899.055760384,43276.6
1413393899.105760574,43458.6
1413393899.155760527,43608.7
1413393899.205760479,43792.2
1413393899.255760431,43936.5
1413393899.305760384,44069.2
1413393899.355760574,44238.7
1413393899.405760527,44420.5
1413393899.455760479,44570.5
1413393899.505760431,44714.4
1413393899.555760384,44867.4
1413393899.605760574,45027.3
1413393899.655760527,45155
1413393899.705760479,45321.2
1413393899.755760431,45472.8
1413393899.805760384,45632.8
1413393899.855760574,45786
1413393899.905760527,45936.3
1413393899.955760479,46113
1413393900.005760431,46275.5
1413393900.055760384,46444.1
1413393900.105760574,46620.5
1413393900.155760527,46821.5
1413393900.205760479,46944.9
1413393900.255760431,47104
1413393900.305760384,47269.8
1413393900.355760574,47454.1
1413393900.405760527,47575.5
1413393900.455760479,47757.7
1413393900.505760431,47887
1413393900.555760384,48059.9
1413393900.605760574,48218.7
1413393900.655760527,48376.5
1413393900.705760479,48543.5
1413393900.755760431,48725.6
1413393900.805760384,48852.6
1413393900.855760574,49023.8
1413393900.905760527,49206.6
1413393900.955760479,49355.9
1413393901.005760431,49517.8
1413393901.055760384,49687
1413393901.105760574,49836
1413393901.155760527,49983.5
1413393901.205760479,50147
1413393901.255760431,50313.4
1413393901.305760384,50463.9
1413393901.355760574,50629.5
1413393901.405760527,50773.6
1413393901.455760479,50915
1413393901.505760431,51097
1413393901.555760384,51254.9
1413393901.605760574,51379.5
1413393901.655760527,51530
1413393901.705760479,51701.2
1413393901.755760431,51873.9
1413393901.805760384,52053.2
1413393901.855760574,52205.1
1413393901.905760527,52376.1
1413393901.955760479,52535.8
1413393902.005760431,52691.7
1413393902.055760384,52849.1
1413393902.105760574,53028
1413393902.155760527,53180.2
1413393902.205760479,53355.2
1413393902.255760431,53510
1413393902.305760384,53679
1413393902.355760574,53842.6
1413393902.405760527,54000
1413393902.455760479,54142.7
1413393902.505760431,54310.1
1413393902.555760384,54460.9
1413393902.605760574,54610.5
1413393902.655760527,54772.5
1413393902.705760479,54929.1
1413393902.755760431,55092.9
1413393902.805760384,55254.1
1413393902.855760574,55432
1413393902.905760527,55569.8
1413393902.955760479,55750.7
1413393903.005760431,55935.6
1413393903.055760384,56102.4
1413393903.105760574,56254.1
1413393903.155760527,56410.6
1413393903.205760479,56590.4
1413393903.255760431,56729.8
1413393903.305760384,56894
1413393903.355760574,57063.4
1413393903.405760527,57208.4
1413393903.455760479,57393.2
1413393903.505760431,57542.8
1413393903.555760384,57699.6
1413393903.605760574,57856.9
1413393903.655760527,58044.1
1413393903.705760479,58206.1
1413393903.755760431,58370
1413393903.805760384,58534.3
1413393903.855760574,58663.8
1413393903.905760527,58812.4
1413393903.955760479,58999.9
1413393904.005760431,59131.6
1413393904.055760384,59319.5
1413393904.105760574,59471.5
1413393904.155760527,59656.4
1413393904.205760479,59829.3
1413393904.255760431,59965.5
1413393904.305760384,60111.3
1413393904.355760574,60301.1
1413393904.405760527,60466.1
1413393904.455760479,60611.5
1413393904.505760431,60771.7
1413393904.555760384,60976.4
1413393904.605760574,61125
1413393904.655760527,61289.6
1413393904.705760479,61435.6
1413393904.755760431,61581.8
1413393904.805760384,61763.7
1413393904.855760574,61937.3
1413393904.905760527,62097.8
1413393904.955760479,62291.6
1413393905.005760431,62506.7
1413393905.055760384,62640.6
1413393905.105760574,62825.7
1413393905.155760527,62990.4
1413393905.205760479,63117.5
1413393905.255760431,63275.3
1413393905.305760384,63415.4
1413393905.355760574,63577.6
1413393905.405760527,63774.1
1413393905.455760479,63927.8
1413393905.505760431,64076.3
1413393905.555760384,64229.2
1413393905.605760574,64376.2
1413393905.655760527,64523.6
1413393905.705760479,64680.4
1413393905.755760431,64846.3
1413393905.805760384,65009
1413393905.855760574,65197.2
1413393905.905760527,65371
1413393905.955760479,65506.5
1413393906.005760431,65666.9
1413393906.055760384,65811.8
1413393906.105760574,65963.4
1413393906.155760527,66133.5
1413393906.205760479,66271.8
1413393906.255760431,66437.9
1413393906.305760384,66618
1413393906.355760574,66766.4
1413393906.405760527,66927.7
1413393906.455760479,67124.9
1413393906.505760431,67268.5
1413393906.555760384,67413.4
1413393906.605760574,67581.8
1413393906.655760527,67729.5
1413393906.705760479,67921.3
1413393906.755760431,68089.4
1413393906.805760384,68228.9
1413393906.855760574,68375.9
1413393906.905760527,68541.3
1413393906.955760479,68683.3
1413393907.005760431,68882.9
1413393907.055760384,69066
1413393907.105760574,69212.7
1413393907.155760527,69381.5
1413393907.205760479,69530.7
1413393907.255760431,69674.2
1413393907.305760384,69821.9
1413393907.355760574,70020.8
1413393907.405760527,70171.3
1413393907.455760479,70330.6
1413393907.505760431,70480.6
1413393907.555760384,70635.2
1413393907.605760574,70805.7
1413393907.655760527,70978.5
1413393907.705760479,71181.1
1413393907.755760431,71329.6
1413393907.805760384,71512.7
1413393907.855760574,71663.4
1413393907.905760527,71817.3
1413393907.955760479,71974.7
1413393908.005760431,72117.6
1413393908.055760384,72296.5
1413393908.105760574,72449
1413393908.155760527,72582.3
1413393908.205760479,72732
1413393908.255760431,72893.1
1413393908.305760384,73061.1
1413393908.355760574,73207.7
1413393908.405760527,73370.4
1413393908.455760479,73518.4
1413393908.505760431,73694.4
1413393908.555760384,73864
1413393908.605760574,74028.6
1413393908.655760527,74204.4
1413393908.705760479,74370.9
1413393908.755760431,74513.3
1413393908.805760384,74656.1
1413393908.855760574,74834.2
1413393908.905760527,75004
1413393908.955760479,75137.7
1413393909.005760431,75327.1
1413393909.055760384,75504.8
1413393909.105760574,75671.3
1413393909.155760527,75829.5
1413393909.205760479,76002.5
1413393909.255760431,76209.3
1413393909.305760384,76394.6
1413393909.355760574,76559.1
1413393909.405760527,76707.7
1413393909.455760479,76929.6
1413393909.505760431,77080.6
1413393909.555760384,77245.9
1413393909.605760574,77413.2
1413393909.655760527,77573.2
1413393909.705760479,77751.6
1413393909.755760431,77923.9
1413393909.805760384,78090.2
1413393909.855760574,78249
1413393909.905760527,78413.2
1413393909.955760479,78532.7
1413393910.005760431,78702.4
1413393910.055760384,78865.4
1413393910.105760574,78992.6
1413393910.155760527,79161.5
1413393910.205760479,79312.9
1413393910.255760431,79499
1413393910.305760384,79647.4
1413393910.355760574,79813.8
1413393910.405760527,79974.8
1413393910.455760479,80118.5
1413393910.505760431,80296.1
1413393910.555760384,80432.7
1413393910.605760574,80582
1413393910.655760527,80782.4
1413393910.705760479,80962.5
1413393910.755760431,81072.5
1413393910.805760384,81283
1413393910.855760574,81428.2
1413393910.905760527,81582.3
1413393910.955760479,81755.8
1413393911.005760431,81971.5
1413393911.055760384,82109.1
1413393911.105760574,82277.4
1413393911.155760527,82427.6
1413393911.205760479,82567
1413393911.255760431,82746
1413393911.305760384,82903.8
1413393911.355760574,83059.7
1413393911.405760527,83245.6
1413393911.455760479,83389.5
1413393911.505760431,83564.2
1413393911.555760384,83734.5
1413393911.605760574,83865.8
1413393911.655760527,84030.4
1413393911.705760479,84204.8
1413393911.755760431,84351.8
1413393911.805760384,84478.4
1413393911.855760574,84667.6
1413393911.905760527,84810
1413393911.955760479,84956.4
1413393912.005760431,85120
1413393912.055760384,85269.7
1413393912.105760574,85435.7
1413393912.155760527,85592.7
1413393912.205760479,85724.2
1413393912.255760431,85874.5
1413393912.305760384,86032.1
1413393912.355760574,86213.4
1413393912.405760527,86378.8
1413393912.455760479,86543.5
1413393912.505760431,86687.5
1413393912.555760384,86838.7
1413393912.605760574,87012.9
1413393912.655760527,87166.4
1413393912.705760479,87320.4
1413393912.755760431,87482.7
1413393912.805760384,87633.4
1413393912.855760574,87791.1
1413393912.905760527,87987.4
1413393912.955760479,88173.5
1413393913.005760431,88378.2
1413393913.055760384,88524
1413393913.105760574,88689.2
1413393913.155760527,88841.6
1413393913.205760479,89041.1
1413393913.255760431,89228.7
1413393913.305760384,89379.8
1413393913.355760574,89551.5
1413393913.405760527,89681.6
1413393913.455760479,89837.5
1413393913.505760431,90009.5
1413393913.555760384,90169.8
1413393913.605760574,90329.5
1413393913.655760527,90508.2
1413393913.705760479,90676.2
1413393913.755760431,90860.6
1413393913.805760384,90997
1413393913.855760574,91167.2
1413393913.905760527,91315.4
1413393913.955760479,91499.5
1413393914.005760431,91642.6
1413393914.055760384,91819.5
1413393914.105760574,91973
1413393914.155760527,92113.3
1413393914.205760479,92251
1413393914.255760431,92422.6
1413393914.305760384,92549.8
1413393914.355760574,92737
1413393914.405760527,92913.9
1413393914.455760479,93059
1413393914.505760431,93208.8
1413393914.555760384,93371.6
1413393914.605760574,93506.3
1413393914.655760527,93672.1
1413393914.705760479,93830.3
1413393914.755760431,93999.8
1413393914.805760384,94166.9
1413393914.855760574,94336.1
1413393914.905760527,94518.6
1413393914.955760479,94666.7
1413393915.005760431,94843.9
1413393915.055760384,94992.4
1413393915.105760574,95138.4
1413393915.155760527,95332
1413393915.205760479,95477.5
1413393915.255760431,95650.3
1413393915.305760384,95815.2
1413393915.355760574,95938.8
1413393915.405760527,96086.9
1413393915.455760479,96253.4
1413393915.505760431,96382.5
1413393915.555760384,96520.9
1413393915.605760574,96696.7
1413393915.655760527,96850.7
1413393915.705760479,97009.7
1413393915.755760431,97168.4
1413393915.805760384,97309.7
1413393915.855760574,97459.8
1413393915.905760527,97605.3
1413393915.955760479,97769.1
1413393916.005760431,97898.9
1413393916.055760384,98085.9
1413393916.105760574,98210.5
1413393916.155760527,98366.2
1413393916.205760479,98522.6
1413393916.255760431,98679.2
1413393916.305760384,98801.2
1413393916.355760574,99012.5
1413393916.405760527,99150.6
1413393916.455760479,99281.6
1413393916.505760431,99477.7
1413393916.555760384,99622.5
1413393916.605760574,99749.1
1413393916.655760527,99925.4
1413393916.705760479,100089
1413393916.755760431,100228
1413393916.805760384,100384
1413393916.855760574,100532
1413393916.905760527,100676
1413393916.955760479,100850
1413393917.005760431,100997
1413393917.055760384,101151
1413393917.105760574,101312
1413393917.155760527,101472
1413393917.205760479,101616
1413393917.255760431,101789
1413393917.305760384,101941
1413393917.355760574,102103
1413393917.405760527,102274
1413393917.455760479,102442
1413393917.505760431,102601
1413393917.555760384,102813
1413393917.605760574,102937
1413393917.655760527,103077
1413393917.705760479,103254
1413393917.755760431,103416
1413393917.805760384,103554
1413393917.855760574,103756
1413393917.905760527,103902
1413393917.955760479,104077
1413393918.005760431,104252
1413393918.055760384,104397
1413393918.105760574,104549
1413393918.155760527,104724
1413393918.205760479,104898
1413393918.255760431,105112
1413393918.305760384,105257
1413393918.355760574,105401
1413393918.405760527,105566
1413393918.455760479,105735
1413393918.505760431,105883
1413393918.555760384,106018
1413393918.605760574,106222
1413393918.655760527,106407
1413393918.705760479,106552
1413393918.755760431,106756
1413393918.805760384,106897
1413393918.855760574,107061
1413393918.905760527,107229
1413393918.955760479,107420
1413393919.005760431,107553
1413393919.055760384,107723
1413393919.105760574,107897
1413393919.155760527,108091
1413393919.205760479,108265
1413393919.255760431,108448
1413393919.305760384,108570
1413393919.355760574,108760
1413393919.405760527,108938
1413393919.455760479,109087
1413393919.505760431,109269
1413393919.555760384,109447
1413393919.605760574,109616
1413393919.655760527,109797
1413393919.705760479,109962
1413393919.755760431,110125
1413393919.805760384,110290
1413393919.855760574,110497
1413393919.905760527,110692
1413393919.955760479,110860
1413393920.005760431,110994
1413393920.055760384,111160
1413393920.105760574,111334
1413393920.155760527,111474
1413393920.205760479,111627
1413393920.255760431,111809
1413393920.305760384,111960
1413393920.355760574,112119
1413393920.405760527,112311
1413393920.455760479,112468
1413393920.505760431,112628
1413393920.555760384,112824
1413393920.605760574,112984
1413393920.655760527,113136
1413393920.705760479,113323
1413393920.755760431,113500
1413393920.805760384,113651
1413393920.855760574,113831
1413393920.905760527,113998
1413393920.955760479,114159
1413393921.005760431,114324
1413393921.055760384,114497
1413393921.105760574,114657
1413393921.155760527,114828
1413393921.205760479,115005
1413393921.255760431,115175
1413393921.305760384,115340
1413393921.355760574,115516
1413393921.405760527,115691
1413393921.455760479,115862
1413393921.505760431,116040
1413393921.555760384,116186
1413393921.605760574,116364
1413393921.655760527,116556
1413393921.705760479,116689
1413393921.755760431,116878
1413393921.805760384,117040
1413393921.855760574,117229
1413393921.905760527,117420
1413393921.955760479,117572
1413393922.005760431,117724
1413393922.055760384,117910
1413393922.105760574,118061
1413393922.155760527,118218
1413393922.205760479,118389
1413393922.255760431,118537
1413393922.305760384,118711
1413393922.355760574,118887
1413393922.405760527,119038
1413393922.455760479,119197
1413393922.505760431,119363
1413393922.555760384,119509
1413393922.605760574,119670
1413393922.655760527,119850
1413393922.705760479,119990
1413393922.755760431,120135
1413393922.805760384,120307
1413393922.855760574,120454
1413393922.905760527,120605
1413393922.955760479,120769
1413393923.005760431,120917
1413393923.055760384,121068
1413393923.105760574,121241
1413393923.155760527,121399
1413393923.205760479,121529
1413393923.255760431,121720
1413393923.305760384,121888
1413393923.355760574,122015
1413393923.405760527,122220
1413393923.455760479,122384
1413393923.505760431,122536
1413393923.555760384,122703
1413393923.605760574,122885
1413393923.655760527,123030
1413393923.705760479,123230
1413393923.755760431,123390
1413393923.805760384,123537
1413393923.855760574,123739
1413393923.905760527,123868
1413393923.955760479,124014
1413393924.005760431,124219
1413393924.055760384,124372
1413393924.105760574,124531
1413393924.155760527,124719
1413393924.205760479,124877
1413393924.255760431,125051
1413393924.305760384,125232
1413393924.355760574,125360
1413393924.405760527,125534
1413393924.455760479,125691
1413393924.505760431,125870
1413393924.555760384,126032
1413393924.605760574,126205
1413393924.655760527,126362
1413393924.705760479,126536
1413393924.755760431,126701
1413393924.805760384,126842
1413393924.855760574,126996
1413393924.905760527,127179
1413393924.955760479,127330
1413393925.005760431,127498
1413393925.055760384,127691
1413393925.105760574,127873
1413393925.155760527,128021
1413393925.205760479,128204
1413393925.255760431,128331
1413393925.305760384,128462
1413393925.355760574,128656
1413393925.405760527,128806
1413393925.455760479,128933
1413393925.505760431,129124
1413393925.555760384,129333
1413393925.605760574,129480
1413393925.655760527,129644
1413393925.705760479,129817
1413393925.755760431,129968
1413393925.805760384,130153
1413393925.855760574,130303
1413393925.905760527,130464
1413393925.955760479,130628
1413393926.005760431,130803
1413393926.055760384,130948
1413393926.105760574,131149
1413393926.155760527,131302
1413393926.205760479,131465
1413393926.255760431,131627
1413393926.305760384,131787
1413393926.355760574,131949
1413393926.405760527,132126
1413393926.455760479,132270
1413393926.505760431,132426
1413393926.555760384,132624
1413393926.605760574,132811
1413393926.655760527,133001
1413393926.705760479,133191
1413393926.755760431,133317
1413393926.805760384,133479
1413393926.855760574,133653
1413393926.905760527,133829
1413393926.955760479,133994
1413393927.005760431,134165
1413393927.055760384,134334
1413393927.105760574,134492
1413393927.155760527,134706
1413393927.205760479,134869
1413393927.255760431,135023
1413393927.305760384,135196
1413393927.355760574,135346
1413393927.405760527,135482
1413393927.455760479,135646
1413393927.505760431,135800
1413393927.555760384,135958
1413393927.605760574,136142
1413393927.655760527,136289
1413393927.705760479,136458
1413393927.755760431,136628
1413393927.805760384,136776
1413393927.855760574,136926
1413393927.905760527,137091
1413393927.955760479,137260
1413393928.005760431,137405
1413393928.055760384,137566
1413393928.105760574,137700
1413393928.155760527,137858
1413393928.205760479,138027
1413393928.255760431,138211
1413393928.305760384,138353
1413393928.355760574,138524
1413393928.405760527,138669
1413393928.455760479,138828
1413393928.505760431,138976
1413393928.555760384,139137
1413393928.605760574,139281
1413393928.655760527,139477
1413393928.705760479,139618
1413393928.755760431,139743
1413393928.805760384,139910
1413393928.855760574,140063
1413393928.905760527,140228
1413393928.955760479,140411
1413393929.005760431,140571
1413393929.055760384,140714
1413393929.105760574,140867
1413393929.155760527,141013
1413393929.205760479,141162
1413393929.255760431,141322
1413393929.305760384,141507
1413393929.355760574,141657
1413393929.405760527,141827
1413393929.455760479,141978
1413393929.505760431,142150
1413393929.555760384,142334
1413393929.605760574,142498
1413393929.655760527,142645
1413393929.705760479,142845
1413393929.755760431,142991
1413393929.805760384,143145
1413393929.855760574,143293
1413393929.905760527,143445
1413393929.955760479,143613
1413393930.005760431,143801
1413393930.055760384,143945
1413393930.105760574,144106
1413393930.155760527,144263
1413393930.205760479,144405
1413393930.255760431,144562
1413393930.305760384,144730
1413393930.355760574,144948
1413393930.405760527,145078
1413393930.455760479,145265
1413393930.505760431,145437
1413393930.555760384,145658
1413393930.605760574,145849
1413393930.655760527,145997
1413393930.705760479,146165
1413393930.755760431,146338
1413393930.805760384,146512
1413393930.855760574,146648
1413393930.905760527,146887
1413393930.955760479,147043
1413393931.005760431,147217
1413393931.055760384,147424
1413393931.105760574,147580
1413393931.155760527,147731
1413393931.205760479,147907
1413393931.255760431,148098
1413393931.305760384,148284
1413393931.355760574,148448
1413393931.405760527,148609
1413393931.455760479,148799
1413393931.505760431,149037
1413393931.555760384,149185
1413393931.605760574,149336
1413393931.655760527,149529
1413393931.705760479,149701
1413393931.755760431,149837
1413393931.805760384,150038
1413393931.855760574,150222
1413393931.905760527,150354
1413393931.955760479,150534
1413393932.005760431,150701
1413393932.055760384,150841
1413393932.105760574,151043
1413393932.155760527,151231
1413393932.205760479,151370
1413393932.255760431,151583
1413393932.305760384,151754
1413393932.355760574,151894
1413393932.405760527,152099
1413393932.455760479,152295
1413393932.505760431,152439
1413393932.555760384,152671
1413393932.605760574,152877
1413393932.655760527,153019
1413393932.705760479,153199
1413393932.755760431,153372
1413393932.805760384,153515
1413393932.855760574,153686
1413393932.905760527,153881
1413393932.955760479,154006
1413393933.005760431,154168
1413393933.055760384,154320
1413393933.105760574,154472
1413393933.155760527,154619
1413393933.205760479,154771
1413393933.255760431,154919
1413393933.305760384,155092
1413393933.355760574,155267
1413393933.405760527,155419
1413393933.455760479,155578
1413393933.505760431,155746
1413393933.555760384,155904
1413393933.605760574,156101
1413393933.655760527,156264
1413393933.705760479,156387
1413393933.755760431,156576
1413393933.805760384,156747
1413393933.855760574,156871
1413393933.905760527,157058
1413393933.955760479,157233
1413393934.005760431,157424
1413393934.055760384,157597
1413393934.105760574,157728
1413393934.155760527,157922
1413393934.205760479,158081
1413393934.255760431,158239
1413393934.305760384,158377
1413393934.355760574,158571
1413393934.405760527,158741
1413393934.455760479,158894
1413393934.505760431,159083
1413393934.555760384,159263
1413393934.605760574,159414
1413393934.655760527,159603
1413393934.705760479,159761
1413393934.755760431,159919
1413393934.805760384,160116
1413393934.855760574,160243
1413393934.905760527,160451
1413393934.955760479,160624
1413393935.005760431,160757
1413393935.055760384,160928
1413393935.105760574,161099
1413393935.155760527,161247
1413393935.205760479,161410
1413393935.255760431,161568
1413393935.305760384,161723
1413393935.355760574,161883
1413393935.405760527,162080
1413393935.455760479,162207
1413393935.505760431,162371
1413393935.555760384,162553
1413393935.605760574,162717
1413393935.655760527,162869
1413393935.705760479,163052
1413393935.755760431,163221
1413393935.805760384,163378
1413393935.855760574,163556
1413393935.905760527,163694
1413393935.955760479,163836
1413393936.005760431,164035
1413393936.055760384,164186
1413393936.105760574,164338
1413393936.155760527,164517
1413393936.205760479,164664
1413393936.255760431,164803
1413393936.305760384,164988
1413393936.355760574,165151
1413393936.405760527,165299
1413393936.455760479,165465
1413393936.505760431,165653
1413393936.555760384,165814
1413393936.605760574,165998
1413393936.655760527,166173
1413393936.705760479,166306
1413393936.755760431,166487
1413393936.805760384,166617
1413393936.855760574,166769
1413393936.905760527,166988
1413393936.955760479,167137
1413393937.005760431,167280
1413393937.055760384,167463
1413393937.105760574,167614
1413393937.155760527,167760
1413393937.205760479,167932
1413393937.255760431,168081
1413393937.305760384,168224
1413393937.355760574,168391
1413393937.405760527,168545
1413393937.455760479,168686
1413393937.505760431,168878
1413393937.555760384,169019
1413393937.605760574,169165
1413393937.655760527,169334
1413393937.705760479,169470
1413393937.755760431,169634
1413393937.805760384,169836
1413393937.855760574,169983
1413393937.905760527,170145
1413393937.955760479,170315
1413393938.005760431,170477
1413393938.055760384,170610
1413393938.105760574,170795
1413393938.155760527,170962
1413393938.205760479,171091
1413393938.255760431,171266
1413393938.305760384,171393
1413393938.355760574,171557
1413393938.405760527,171720
1413393938.455760479,171885
1413393938.505760431,172033
1413393938.555760384,172191
1413393938.605760574,172330
1413393938.655760527,172499
1413393938.705760479,172671
1413393938.755760431,172819
1413393938.805760384,172958
1413393938.855760574,173155
1413393938.905760527,173323
1413393938.955760479,173471
1413393939.005760431,173633
1413393939.055760384,173813
1413393939.105760574,173984
1413393939.155760527,174221
1413393939.205760479,174350
1413393939.255760431,174507
1413393939.305760384,174658
1413393939.355760574,174831
1413393939.405760527,174982
1413393939.455760479,175154
1413393939.505760431,175336
1413393939.555760384,175495
1413393939.605760574,175693
1413393939.655760527,175845
1413393939.705760479,175994
1413393939.755760431,176168
1413393939.805760384,176382
1413393939.855760574,176522
1413393939.905760527,176725
1413393939.955760479,176872
1413393940.005760431,177055
1413393940.055760384,177323
1413393940.105760574,177492
1413393940.155760527,177648
1413393940.205760479,177821
1413393940.255760431,177984
1413393940.305760384,178130
1413393940.355760574,178296
1413393940.405760527,178459
1413393940.455760479,178595
1413393940.505760431,178768
1413393940.555760384,178931
1413393940.605760574,179078
1413393940.655760527,179285
1413393940.705760479,179421
1413393940.755760431,179587
1413393940.805760384,179776
1413393940.855760574,179929
1413393940.905760527,180107
1413393940.955760479,180285
1413393941.005760431,180494
1413393941.055760384,180643
1413393941.105760574,180827
1413393941.155760527,180973
1413393941.205760479,181120
1413393941.255760431,181324
1413393941.305760384,181461
1413393941.355760574,181630
1413393941.405760527,181847
1413393941.455760479,181983
1413393941.505760431,182108
1413393941.555760384,182277
1413393941.605760574,182425
1413393941.655760527,182570
1413393941.705760479,182773
1413393941.755760431,182939
1413393941.805760384,183097
1413393941.855760574,183282
1413393941.905760527,183417
1413393941.955760479,183572
1413393942.005760431,183747
1413393942.055760384,183903
1413393942.105760574,184036
1413393942.155760527,184266
1413393942.205760479,184398
1413393942.255760431,184532
1413393942.305760384,184710
1413393942.355760574,184889
1413393942.405760527,185024
1413393942.455760479,185193
1413393942.505760431,185384
1413393942.555760384,185529
1413393942.605760574,185728
1413393942.655760527,185910
1413393942.705760479,186077
1413393942.755760431,186266
1413393942.805760384,186409
1413393942.855760574,186554
1413393942.905760527,186719
1413393942.955760479,186909
1413393943.005760431,187053
1413393943.055760384,187215
1413393943.105760574,187363
1413393943.155760527,187513
1413393943.205760479,187698
1413393943.255760431,187851
1413393943.305760384,188004
1413393943.355760574,188157
1413393943.405760527,188327
1413393943.455760479,188487
1413393943.505760431,188663
1413393943.555760384,188807
1413393943.605760574,188949
1413393943.655760527,189142
1413393943.705760479,189287
1413393943.755760431,189427
1413393943.805760384,189614
1413393943.855760574,189767
1413393943.905760527,189950
1413393943.955760479,190109
1413393944.005760431,190279
1413393944.055760384,190423
1413393944.105760574,190602
1413393944.155760527,190769
1413393944.205760479,190933
1413393944.255760431,191118
1413393944.305760384,191265
1413393944.355760574,191411
1413393944.405760527,191584
1413393944.455760479,191745
1413393944.505760431,191895
1413393944.555760384,192071
1413393944.605760574,192221
1413393944.655760527,192388
1413393944.705760479,192575
1413393944.755760431,192725
1413393944.805760384,192887
1413393944.855760574,193073
1413393944.905760527,193225
1413393944.955760479,193352
1413393945.005760431,193547
1413393945.055760384,193672
1413393945.105760574,193855
1413393945.155760527,193996
1413393945.205760479,194177
1413393945.255760431,194316
1413393945.305760384,194505
1413393945.355760574,194673
1413393945.405760527,194816
1413393945.455760479,195006
1413393945.505760431,195196
1413393945.555760384,195388
1413393945.605760574,195607
1413393945.655760527,195790
1413393945.705760479,195969
1413393945.755760431,196142
1413393945.805760384,196294
1413393945.855760574,196441
1413393945.905760527,196619
1413393945.955760479,196776
1413393946.005760431,196943
1413393946.055760384,197119
1413393946.105760574,197275
1413393946.155760527,197461
1413393946.205760479,197627
1413393946.255760431,197761
1413393946.305760384,197922
1413393946.355760574,198085
1413393946.405760527,198237
1413393946.455760479,198417
1413393946.505760431,198597
1413393946.555760384,198741
1413393946.605760574,198895
1413393946.655760527,199094
1413393946.705760479,199286
1413393946.755760431,199421
1413393946.805760384,199618
1413393946.855760574,199826
1413393946.905760527,199959
1413393946.955760479,200165
1413393947.005760431,200293
1413393947.055760384,200457
1413393947.105760574,200670
1413393947.155760527,200794
1413393947.205760479,200982
1413393947.255760431,201151
1413393947.305760384,201293
1413393947.355760574,201433
1413393947.405760527,201626
1413393947.455760479,201795
1413393947.505760431,201934
1413393947.555760384,202110
1413393947.605760574,202277
1413393947.655760527,202416
1413393947.705760479,202623
1413393947.755760431,202798
1413393947.805760384,202973
1413393947.855760574,203130
1413393947.905760527,203295
1413393947.955760479,203421
1413393948.005760431,203578
1413393948.055760384,203761
1413393948.105760574,203897
1413393948.155760527,204067
1413393948.205760479,204245
1413393948.255760431,204370
1413393948.305760384,204533
1413393948.355760574,204700
1413393948.405760527,204888
1413393948.455760479,205065
1413393948.505760431,205221
1413393948.555760384,205370
1413393948.605760574,205543
1413393948.655760527,205695
1413393948.705760479,205843
1413393948.755760431,206018
1413393948.805760384,206175
1413393948.855760574,206351
1413393948.905760527,206514
1413393948.955760479,206669
1413393949.005760431,206905
1413393949.055760384,207057
1413393949.105760574,207223
1413393949.155760527,207343
1413393949.205760479,207534
1413393949.255760431,207699
1413393949.305760384,207827
1413393949.355760574,207999
1413393949.405760527,208170
1413393949.455760479,208292
1413393949.505760431,208475
1413393949.555760384,208641
1413393949.605760574,208796
1413393949.655760527,208971
1413393949.705760479,209119
1413393949.755760431,209271
1413393949.805760384,209515
1413393949.855760574,209681
1413393949.905760527,209845
1413393949.955760479,210049
1413393950.005760431,210209
1413393950.055760384,210355
1413393950.105760574,210511
1413393950.155760527,210665
1413393950.205760479,210827
1413393950.255760431,211041
1413393950.305760384,211192
1413393950.355760574,211369
1413393950.405760527,211616
1413393950.455760479,211739
1413393950.505760431,211873
1413393950.555760384,212044
1413393950.605760574,212218
1413393950.655760527,212342
1413393950.705760479,212520
1413393950.755760431,212695
1413393950.805760384,212834
1413393950.855760574,213018
1413393950.905760527,213164
1413393950.955760479,213331
1413393951.005760431,213500
1413393951.055760384,213647
1413393951.105760574,213815
1413393951.155760527,213994
1413393951.205760479,214143
1413393951.255760431,214286
1413393951.305760384,214449
1413393951.355760574,214601
1413393951.405760527,214757
1413393951.455760479,214917
1413393951.505760431,215064
1413393951.555760384,215267
1413393951.605760574,215415
1413393951.655760527,215580
1413393951.705760479,215730
1413393951.755760431,215893
1413393951.805760384,216038
1413393951.855760574,216205
1413393951.905760527,216369
1413393951.955760479,216532
1413393952.005760431,216678
1413393952.055760384,216865
1413393952.105760574,217020
1413393952.155760527,217170
1413393952.205760479,217344
1413393952.255760431,217504
1413393952.305760384,217658
1413393952.355760574,217823
1413393952.405760527,217988
1413393952.455760479,218132
1413393952.505760431,218305
1413393952.555760384,218458
1413393952.605760574,218610
1413393952.655760527,218790
1413393952.705760479,218948
1413393952.755760431,219100
1413393952.805760384,219296
1413393952.855760574,219460
1413393952.905760527,219582
1413393952.955760479,219761
1413393953.005760431,219914
1413393953.055760384,220071
1413393953.105760574,220230
1413393953.155760527,220404
1413393953.205760479,220541
1413393953.255760431,220747
1413393953.305760384,220870
1413393953.355760574,221020
1413393953.405760527,221191
1413393953.455760479,221347
1413393953.505760431,221497
1413393953.555760384,221661
1413393953.605760574,221817
1413393953.655760527,221972
1413393953.705760479,222148
1413393953.755760431,222305
1413393953.805760384,222465
1413393953.855760574,222681
1413393953.905760527,222836
1413393953.955760479,222969
1413393954.005760431,223161
1413393954.055760384,223334
1413393954.105760574,223510
1413393954.155760527,223729
1413393954.205760479,223847
1413393954.255760431,224016
1413393954.305760384,224190
1413393954.355760574,224375
1413393954.405760527,224521
1413393954.455760479,224698
1413393954.505760431,224870
1413393954.555760384,225035
1413393954.605760574,225239
1413393954.655760527,225411
1413393954.705760479,225578
1413393954.755760431,225754
1413393954.805760384,225937
1413393954.855760574,226078
1413393954.905760527,226290
1413393954.955760479,226442
1413393955.005760431,226587
1413393955.055760384,226785
1413393955.105760574,226938
1413393955.155760527,227104
1413393955.205760479,227287
1413393955.255760431,227444
1413393955.305760384,227591
1413393955.355760574,227760
1413393955.405760527,227980
1413393955.455760479,228122
1413393955.505760431,228357
1413393955.555760384,228519
1413393955.605760574,228645
1413393955.655760527,228832
1413393955.705760479,229011
1413393955.755760431,229144
1413393955.805760384,229345
1413393955.855760574,229502
1413393955.905760527,229650
1413393955.955760479,229835
1413393956.005760431,229990
1413393956.055760384,230131
1413393956.105760574,230305
1413393956.155760527,230479
1413393956.205760479,230634
1413393956.255760431,230805
1413393956.305760384,230960
1413393956.355760574,231121
1413393956.405760527,231355
1413393956.455760479,231469
1413393956.505760431,231619
1413393956.555760384,231797
1413393956.605760574,231947
1413393956.655760527,232178
1413393956.705760479,232319
1413393956.755760431,232478
1413393956.805760384,232635
1413393956.855760574,232776
1413393956.905760527,232956
1413393956.955760479,233129
1413393957.005760431,233299
1413393957.055760384,233465
1413393957.105760574,233639
1413393957.155760527,233834
1413393957.205760479,233964
1413393957.255760431,234158
1413393957.305760384,234297
1413393957.355760574,234455
1413393957.405760527,234608
1413393957.455760479,234813
1413393957.505760431,234944
1413393957.555760384,235106
1413393957.605760574,235279
1413393957.655760527,235414
1413393957.705760479,235586
1413393957.755760431,235778
1413393957.805760384,235911
1413393957.855760574,236119
1413393957.905760527,236343
1413393957.955760479,236504
1413393958.005760431,236653
1413393958.055760384,236847
1413393958.105760574,237006
1413393958.155760527,237164
1413393958.205760479,237376
1413393958.255760431,237517
1413393958.305760384,237660
1413393958.355760574,237823
1413393958.405760527,237983
1413393958.455760479,238184
1413393958.505760431,238358
1413393958.555760384,238487
1413393958.605760574,238681
1413393958.655760527,238915
1413393958.705760479,239054
1413393958.755760431,239192
1413393958.805760384,239357
1413393958.855760574,239497
1413393958.905760527,239667
1413393958.955760479,239874
1413393959.005760431,240006
1413393959.055760384,240164
1413393959.105760574,240359
1413393959.155760527,240505
1413393959.205760479,240661
1413393959.255760431,240865
1413393959.305760384,241034
1413393959.355760574,241183
1413393959.405760527,241361
1413393959.455760479,241510
1413393959.505760431,241676
1413393959.555760384,241857
1413393959.605760574,242032
1413393959.655760527,242170
1413393959.705760479,242413
1413393959.755760431,242585
1413393959.805760384,242769
1413393959.855760574,242966
1413393959.905760527,243108
1413393959.955760479,243261
1413393960.005760431,243497
1413393960.055760384,243627
1413393960.105760574,243817
1413393960.155760527,243984
1413393960.205760479,244156
1413393960.255760431,244304
1413393960.305760384,244515
1413393960.355760574,244657
1413393960.405760527,244823
1413393960.455760479,244994
1413393960.505760431,245139
1413393960.555760384,245285
1413393960.605760574,245471
1413393960.655760527,245638
1413393960.705760479,245792
1413393960.755760431,245980
1413393960.805760384,246143
1413393960.855760574,246298
1413393960.905760527,246522
1413393960.955760479,246697
1413393961.005760431,246822
1413393961.055760384,246973
1413393961.105760574,247143
1413393961.155760527,247326
1413393961.205760479,247559
1413393961.255760431,247712
1413393961.305760384,247865
1413393961.355760574,248020
1413393961.405760527,248199
1413393961.455760479,248345
1413393961.505760431,248551
1413393961.555760384,248717
1413393961.605760574,248870
1413393961.655760527,249059
1413393961.705760479,249210
1413393961.755760431,249361
1413393961.805760384,249535
1413393961.855760574,249701
1413393961.905760527,249873
1413393961.955760479,250108
1413393962.005760431,250249
1413393962.055760384,250414
1413393962.105760574,250627
1413393962.155760527,250761
1413393962.205760479,250923
1413393962.255760431,251129
1413393962.305760384,251255
1413393962.355760574,251407
1413393962.405760527,251610
1413393962.455760479,251787
1413393962.505760431,251936
1413393962.555760384,252130
1413393962.605760574,252273
1413393962.655760527,252414
1413393962.705760479,252590
1413393962.755760431,252763
1413393962.805760384,252950
1413393962.855760574,253141
1413393962.905760527,253313
1413393962.955760479,253495
1413393963.005760431,253675
1413393963.055760384,253813
1413393963.105760574,253952
1413393963.155760527,254123
1413393963.205760479,254325
1413393963.255760431,254436
1413393963.305760384,254625
1413393963.355760574,254832
1413393963.405760527,254965
1413393963.455760479,255154
1413393963.505760431,255314
1413393963.555760384,255483
1413393963.605760574,255675
1413393963.655760527,255817
1413393963.705760479,255989
1413393963.755760431,256152
1413393963.805760384,256323
1413393963.855760574,256451
1413393963.905760527,256613
1413393963.955760479,256778
1413393964.005760431,256924
1413393964.055760384,257104
1413393964.105760574,257285
1413393964.155760527,257442
1413393964.205760479,257602
1413393964.255760431,257783
1413393964.305760384,257932
1413393964.355760574,258127
1413393964.405760527,258269
1413393964.455760479,258397
1413393964.505760431,258611
1413393964.555760384,258781
1413393964.605760574,258919
1413393964.655760527,259134
1413393964.705760479,259282
1413393964.755760431,259428
1413393964.805760384,259616
1413393964.855760574,259760
1413393964.905760527,259938
1413393964.955760479,260131
1413393965.005760431,260283
1413393965.055760384,260456
1413393965.105760574,260596
1413393965.155760527,260748
1413393965.205760479,260938
1413393965.255760431,261085
1413393965.305760384,261233
1413393965.355760574,261390
1413393965.405760527,261563
1413393965.455760479,261722
1413393965.505760431,261914
1413393965.555760384,262085
1413393965.605760574,262265
1413393965.655760527,262407
1413393965.705760479,262591
1413393965.755760431,262731
1413393965.805760384,262883
1413393965.855760574,263102
1413393965.905760527,263285
1413393965.955760479,263436
1413393966.005760431,263647
1413393966.055760384,263854
1413393966.105760574,264001
1413393966.155760527,264192
1413393966.205760479,264355
1413393966.255760431,264523
1413393966.305760384,264699
1413393966.355760574,264850
1413393966.405760527,265002
1413393966.455760479,265181
1413393966.505760431,265334
1413393966.555760384,265476
1413393966.605760574,265661
1413393966.655760527,265812
1413393966.705760479,265994
1413393966.755760431,266184
1413393966.805760384,266345
1413393966.855760574,266504
1413393966.905760527,266713
1413393966.955760479,266861
1413393967.005760431,267016
1413393967.055760384,267204
1413393967.105760574,267347
1413393967.155760527,267503
1413393967.205760479,267692
1413393967.255760431,267847
1413393967.305760384,268003
1413393967.355760574,268184
1413393967.405760527,268327
1413393967.455760479,268483
1413393967.505760431,268665
1413393967.555760384,268834
1413393967.605760574,268986
1413393967.655760527,269186
1413393967.705760479,269345
1413393967.755760431,269494
1413393967.805760384,269675
1413393967.855760574,269836
1413393967.905760527,269981
1413393967.955760479,270176
1413393968.005760431,270347
1413393968.055760384,270519
1413393968.105760574,270690
1413393968.155760527,270836
1413393968.205760479,270990
1413393968.255760431,271171
1413393968.305760384,271324
1413393968.355760574,271470
1413393968.405760527,271662
1413393968.455760479,271850
1413393968.505760431,271987
1413393968.555760384,272157
1413393968.605760574,272347
1413393968.655760527,272477
1413393968.705760479,272689
1413393968.755760431,272839
1413393968.805760384,273009
1413393968.855760574,273194
1413393968.905760527,273352
1413393968.955760479,273492
1413393969.005760431,273660
1413393969.055760384,273823
1413393969.105760574,273956
1413393969.155760527,274127
1413393969.205760479,274275
1413393969.255760431,274418
1413393969.305760384,274610
1413393969.355760574,274770
1413393969.405760527,274922
1413393969.455760479,275094
1413393969.505760431,275221
1413393969.555760384,275387
1413393969.605760574,275542
1413393969.655760527,275682
1413393969.705760479,275836
1413393969.755760431,276092
1413393969.805760384,276219
1413393969.855760574,276380
1413393969.905760527,276553
1413393969.955760479,276689
1413393970.005760431,276867
1413393970.055760384,277045
1413393970.105760574,277212
1413393970.155760527,277380
1413393970.205760479,277623
1413393970.255760431,277774
1413393970.305760384,277918
1413393970.355760574,278115
1413393970.405760527,278263
1413393970.455760479,278432
1413393970.505760431,278610
1413393970.555760384,278805
1413393970.605760574,278956
1413393970.655760527,279145
1413393970.705760479,279339
1413393970.755760431,279464
1413393970.805760384,279656
1413393970.855760574,279816
1413393970.905760527,279959
1413393970.955760479,280152
1413393971.005760431,280305
1413393971.055760384,280459
1413393971.105760574,280680
1413393971.155760527,280838
1413393971.205760479,280984
1413393971.255760431,281161
1413393971.305760384,281333
1413393971.355760574,281490
1413393971.405760527,281683
1413393971.455760479,281848
1413393971.505760431,281978
1413393971.555760384,282186
1413393971.605760574,282356
1413393971.655760527,282503
1413393971.705760479,282697
1413393971.755760431,282885
1413393971.805760384,283025
1413393971.855760574,283240
1413393971.905760527,283366
1413393971.955760479,283535
1413393972.005760431,283704
1413393972.055760384,283856
1413393972.105760574,284024
1413393972.155760527,284191
1413393972.205760479,284332
1413393972.255760431,284552
1413393972.305760384,284700
1413393972.355760574,284854
1413393972.405760527,285042
1413393972.455760479,285236
1413393972.505760431,285399
1413393972.555760384,285574
1413393972.605760574,285739
1413393972.655760527,285885
1413393972.705760479,286070
1413393972.755760431,286236
1413393972.805760384,286387
1413393972.855760574,286564
1413393972.905760527,286771
1413393972.955760479,286923
1413393973.005760431,287077
1413393973.055760384,287266
1413393973.105760574,287434
1413393973.155760527,287618
1413393973.205760479,287819
1413393973.255760431,287983
1413393973.305760384,288151
1413393973.355760574,288339
1413393973.405760527,288507
1413393973.455760479,288638
1413393973.505760431,288823
1413393973.555760384,289007
1413393973.605760574,289133
1413393973.655760527,289363
1413393973.705760479,289509
1413393973.755760431,289661
1413393973.805760384,289868
1413393973.855760574,290060
1413393973.905760527,290240
1413393973.955760479,290467
1413393974.005760431,290618
1413393974.055760384,290785
1413393974.105760574,290990
1413393974.155760527,291115
1413393974.205760479,291271
1413393974.255760431,291489
1413393974.305760384,291674
1413393974.355760574,291830
1413393974.405760527,292040
1413393974.455760479,292181
1413393974.505760431,292343
1413393974.555760384,292539
1413393974.605760574,292676
1413393974.655760527,292866
1413393974.705760479,293022
1413393974.755760431,293173
1413393974.805760384,293335
1413393974.855760574,293542
1413393974.905760527,293709
1413393974.955760479,293834
1413393975.005760431,294037
1413393975.055760384,294187
1413393975.105760574,294360
1413393975.155760527,294548
1413393975.205760479,294684
1413393975.255760431,294819
1413393975.305760384,295030
1413393975.355760574,295176
1413393975.405760527,295313
1413393975.455760479,295488
1413393975.505760431,295651
1413393975.555760384,295784
1413393975.605760574,295978
1413393975.655760527,296144
1413393975.705760479,296292
1413393975.755760431,296476
1413393975.805760384,296650
1413393975.855760574,296809
1413393975.905760527,296994
1413393975.955760479,297175
1413393976.005760431,297322
1413393976.055760384,297504
1413393976.105760574,297682
1413393976.155760527,297831
1413393976.205760479,298025
1413393976.255760431,298191
1413393976.305760384,298367
1413393976.355760574,298531
1413393976.405760527,298686
1413393976.455760479,298857
1413393976.505760431,298998
1413393976.555760384,299164
1413393976.605760574,299329
1413393976.655760527,299482
1413393976.705760479,299661
1413393976.755760431,299834
1413393976.805760384,300014
1413393976.855760574,300163
1413393976.905760527,300373
1413393976.955760479,300544
1413393977.005760431,300667
1413393977.055760384,300818
1413393977.105760574,301018
1413393977.155760527,301187
1413393977.205760479,301320
1413393977.255760431,301496
1413393977.305760384,301643
1413393977.355760574,301828
1413393977.405760527,301982
1413393977.455760479,302148
1413393977.505760431,302282
1413393977.555760384,302463
1413393977.605760574,302626
1413393977.655760527,302789
1413393977.705760479,302980
1413393977.755760431,303140
1413393977.805760384,303329
1413393977.855760574,303560
1413393977.905760527,303711
1413393977.955760479,303880
1413393978.005760431,304054
1413393978.055760384,304240
1413393978.105760574,304404
1413393978.155760527,304606
1413393978.205760479,304761
1413393978.255760431,304937
1413393978.305760384,305073
1413393978.355760574,305218
1413393978.405760527,305364
1413393978.455760479,305566
1413393978.505760431,305724
1413393978.555760384,305904
1413393978.605760574,306069
1413393978.655760527,306223
1413393978.705760479,306367
1413393978.755760431,306550
1413393978.805760384,306700
1413393978.855760574,306853
1413393978.905760527,307038
1413393978.955760479,307185
1413393979.005760431,307344
1413393979.055760384,307503
1413393979.105760574,307679
1413393979.155760527,307809
1413393979.205760479,308047
1413393979.255760431,308238
1413393979.305760384,308384
1413393979.355760574,308557
1413393979.405760527,308717
1413393979.455760479,308855
1413393979.505760431,309084
1413393979.555760384,309228
1413393979.605760574,309374
1413393979.655760527,309550
1413393979.705760479,309696
1413393979.755760431,309881
1413393979.805760384,310093
1413393979.855760574,310242
1413393979.905760527,310407
1413393979.955760479,310569
1413393980.005760431,310722
1413393980.055760384,310898
1413393980.105760574,311062
1413393980.155760527,311210
1413393980.205760479,311380
1413393980.255760431,311528
1413393980.305760384,311690
1413393980.355760574,311889
1413393980.405760527,312078
1413393980.455760479,312242
1413393980.505760431,312387
1413393980.555760384,312585
1413393980.605760574,312731
1413393980.655760527,312873
1413393980.705760479,313061
1413393980.755760431,313234
1413393980.805760384,313414
1413393980.855760574,313627
1413393980.905760527,313774
1413393980.955760479,313947
1413393981.005760431,314101
1413393981.055760384,314279
1413393981.105760574,314449
1413393981.155760527,314636
1413393981.205760479,314780
1413393981.255760431,314930
1413393981.305760384,315141
1413393981.355760574,315286
1413393981.405760527,315434
1413393981.455760479,315623
1413393981.505760431,315793
1413393981.555760384,315915
1413393981.605760574,316067
1413393981.655760527,316235
1413393981.705760479,316418
1413393981.755760431,316599
1413393981.805760384,316774
1413393981.855760574,316924
1413393981.905760527,317108
1413393981.955760479,317261
1413393982.005760431,317427
1413393982.055760384,317643
1413393982.105760574,317809
1413393982.155760527,317955
1413393982.205760479,318134
1413393982.255760431,318302
1413393982.305760384,318452
1413393982.355760574,318633
1413393982.405760527,318784
1413393982.455760479,318929
1413393982.505760431,319133
1413393982.555760384,319372
1413393982.605760574,319523
1413393982.655760527,319736
1413393982.705760479,319857
1413393982.755760431,320013
1413393982.805760384,320189
1413393982.855760574,320345
1413393982.905760527,320511
1413393982.955760479,320691
1413393983.005760431,320870
1413393983.055760384,321005
1413393983.105760574,321175
1413393983.155760527,321340
1413393983.205760479,321477
1413393983.255760431,321651
1413393983.305760384,321845
1413393983.355760574,321974
1413393983.405760527,322157
1413393983.455760479,322328
1413393983.505760431,322464
1413393983.555760384,322664
1413393983.605760574,322826
1413393983.655760527,322989
1413393983.705760479,323135
1413393983.755760431,323292
1413393983.805760384,323499
1413393983.855760574,323675
1413393983.905760527,323841
1413393983.955760479,323983
1413393984.005760431,324151
1413393984.055760384,324303
1413393984.105760574,324450
1413393984.155760527,324624
1413393984.205760479,324780
1413393984.255760431,324961
1413393984.305760384,325108
1413393984.355760574,325309
1413393984.405760527,325471
1413393984.455760479,325656
1413393984.505760431,325816
1413393984.555760384,325976
1413393984.605760574,326187
1413393984.655760527,326322
1413393984.705760479,326483
1413393984.755760431,326695
1413393984.805760384,326842
1413393984.855760574,327015
1413393984.905760527,327214
1413393984.955760479,327368
1413393985.005760431,327525
1413393985.055760384,327723
1413393985.105760574,327883
1413393985.155760527,328036
1413393985.205760479,328242
1413393985.255760431,328373
1413393985.305760384,328551
1413393985.355760574,328726
1413393985.405760527,328888
1413393985.455760479,329036
1413393985.505760431,329217
1413393985.555760384,329379
1413393985.605760574,329519
1413393985.655760527,329722
1413393985.705760479,329889
1413393985.755760431,330047
1413393985.805760384,330275
1413393985.855760574,330478
1413393985.905760527,330652
1413393985.955760479,330825
1413393986.005760431,330983
1413393986.055760384,331180
1413393986.105760574,331358
1413393986.155760527,331496
1413393986.205760479,331646
1413393986.255760431,331835
1413393986.305760384,332018
1413393986.355760574,332161
1413393986.405760527,332324
1413393986.455760479,332507
1413393986.505760431,332672
1413393986.555760384,332835
1413393986.605760574,333025
1413393986.655760527,333182
1413393986.705760479,333346
1413393986.755760431,333526
1413393986.805760384,333690
1413393986.855760574,333878
1413393986.905760527,334041
1413393986.955760479,334210
1413393987.005760431,334393
1413393987.055760384,334558
1413393987.105760574,334722
1413393987.155760527,334935
1413393987.205760479,335093
1413393987.255760431,335236
1413393987.305760384,335443
1413393987.355760574,335590
1413393987.405760527,335737
1413393987.455760479,335916
1413393987.505760431,336070
1413393987.555760384,336229
1413393987.605760574,336412
1413393987.655760527,336583
1413393987.705760479,336750
1413393987.755760431,336908
1413393987.805760384,337081
1413393987.855760574,337250
1413393987.905760527,337413
1413393987.955760479,337569
1413393988.005760431,337720
1413393988.055760384,337889
1413393988.105760574,338040
1413393988.155760527,338208
1413393988.205760479,338396
1413393988.255760431,338583
1413393988.305760384,338776
1413393988.355760574,338909
1413393988.405760527,339101
1413393988.455760479,339238
1413393988.505760431,339433
1413393988.555760384,339594
1413393988.605760574,339752
1413393988.655760527,339924
1413393988.705760479,340081
1413393988.755760431,340281
1413393988.805760384,340465
1413393988.855760574,340617
1413393988.905760527,340784
1413393988.955760479,340964
1413393989.005760431,341109
1413393989.055760384,341305
1413393989.105760574,341499
1413393989.155760527,341646
1413393989.205760479,341792
1413393989.255760431,342004
1413393989.305760384,342173
1413393989.355760574,342348
1413393989.405760527,342518
1413393989.455760479,342660
1413393989.505760431,342821
1413393989.555760384,343019
1413393989.605760574,343182
1413393989.655760527,343326
1413393989.705760479,343555
1413393989.755760431,343708
1413393989.805760384,343891
1413393989.855760574,344047
1413393989.905760527,344240
1413393989.955760479,344380
1413393990.005760431,344587
1413393990.055760384,344729
1413393990.105760574,344893
1413393990.155760527,345097
1413393990.205760479,345268
1413393990.255760431,345403
1413393990.305760384,345599
1413393990.355760574,345742
1413393990.405760527,345882
1413393990.455760479,346044
1413393990.505760431,346197
1413393990.555760384,346349
1413393990.605760574,346568
1413393990.655760527,346736
1413393990.705760479,346910
1413393990.755760431,347067
1413393990.805760384,347240
1413393990.855760574,347409
1413393990.905760527,347589
1413393990.955760479,347742
1413393991.005760431,347904
1413393991.055760384,348093
1413393991.105760574,348260
1413393991.155760527,348444
1413393991.205760479,348615
1413393991.255760431,348809
1413393991.305760384,348968
1413393991.355760574,349152
1413393991.405760527,349338
1413393991.455760479,349476
1413393991.505760431,349649
1413393991.555760384,349787
1413393991.605760574,349957
1413393991.655760527,350145
1413393991.705760479,350298
1413393991.755760431,350444
1413393991.805760384,350627
1413393991.855760574,350758
1413393991.905760527,350942
1413393991.955760479,351113
1413393992.005760431,351277
1413393992.055760384,351439
1413393992.105760574,351630
1413393992.155760527,351798
1413393992.205760479,351950
1413393992.255760431,352130
1413393992.305760384,352303
1413393992.355760574,352481
1413393992.405760527,352682
1413393992.455760479,352826
1413393992.505760431,353001
1413393992.555760384,353182
1413393992.605760574,353363
1413393992.655760527,353511
1413393992.705760479,353686
1413393992.755760431,353860
1413393992.805760384,354021
1413393992.855760574,354209
1413393992.905760527,354377
1413393992.955760479,354539
1413393993.005760431,354712
1413393993.055760384,354868
1413393993.105760574,355046
1413393993.155760527,355238
1413393993.205760479,355407
1413393993.255760431,355583
1413393993.305760384,355761
1413393993.355760574,355878
1413393993.405760527,356050
1413393993.455760479,356218
1413393993.505760431,356362
1413393993.555760384,356511
1413393993.605760574,356775
1413393993.655760527,356923
1413393993.705760479,357076
1413393993.755760431,357283
1413393993.805760384,357407
1413393993.855760574,357581
1413393993.905760527,357779
1413393993.955760479,357936
1413393994.005760431,358087
1413393994.055760384,358273
1413393994.105760574,358454
1413393994.155760527,358593
1413393994.205760479,358783
1413393994.255760431,358937
1413393994.305760384,359092
1413393994.355760574,359273
1413393994.405760527,359462
1413393994.455760479,359630
1413393994.505760431,359819
1413393994.555760384,359954
1413393994.605760574,360130
1413393994.655760527,360295
1413393994.705760479,360474
1413393994.755760431,360634
1413393994.805760384,360868
1413393994.855760574,361032
1413393994.905760527,361165
1413393994.955760479,361361
1413393995.005760431,361533
1413393995.055760384,361694
1413393995.105760574,361879
1413393995.155760527,362017
1413393995.205760479,362189
1413393995.255760431,362396
1413393995.305760384,362518
1413393995.355760574,362699
1413393995.405760527,362892
1413393995.455760479,363053
1413393995.505760431,363204
1413393995.555760384,363382
1413393995.605760574,363572
1413393995.655760527,363716
1413393995.705760479,363887
1413393995.755760431,364044
1413393995.805760384,364193
1413393995.855760574,364380
1413393995.905760527,364572
1413393995.955760479,364740
1413393996.005760431,364880
1413393996.055760384,365045
1413393996.105760574,365200
1413393996.155760527,365371
1413393996.205760479,365545
1413393996.255760431,365690
1413393996.305760384,365914
1413393996.355760574,366035
1413393996.405760527,366184
1413393996.455760479,366355
1413393996.505760431,366554
1413393996.555760384,366705
1413393996.605760574,366887
1413393996.655760527,367040
1413393996.705760479,367165
1413393996.755760431,367337
1413393996.805760384,367554
1413393996.855760574,367712
1413393996.905760527,367936
1413393996.955760479,368085
1413393997.005760431,368251
1413393997.055760384,368450
1413393997.105760574,368617
1413393997.155760527,368740
1413393997.205760479,368937
1413393997.255760431,369129
1413393997.305760384,369288
1413393997.355760574,369484
1413393997.405760527,369614
1413393997.455760479,369798
1413393997.505760431,369967
1413393997.555760384,370115
1413393997.605760574,370259
1413393997.655760527,370434
1413393997.705760479,370568
1413393997.755760431,370757
1413393997.805760384,370933
1413393997.855760574,371107
1413393997.905760527,371305
1413393997.955760479,371500
1413393998.005760431,371672
1413393998.055760384,371860
1413393998.105760574,372044
1413393998.155760527,372162
1413393998.205760479,372340
1413393998.255760431,372489
1413393998.305760384,372688
1413393998.355760574,372872
1413393998.405760527,373080
1413393998.455760479,373221
1413393998.505760431,373366
1413393998.555760384,373517
1413393998.605760574,373685
1413393998.655760527,373825
1413393998.705760479,373998
1413393998.755760431,374188
1413393998.805760384,374344
1413393998.855760574,374537
1413393998.905760527,374699
1413393998.955760479,374845
1413393999.005760431,375023
1413393999.055760384,375212
1413393999.105760574,375362
1413393999.155760527,375569
1413393999.205760479,375709
1413393999.255760431,375860
1413393999.305760384,376067
1413393999.355760574,376193
1413393999.405760527,376380
1413393999.455760479,376615
1413393999.505760431,376759
1413393999.555760384,376899
1413393999.605760574,377093
1413393999.655760527,377262
1413393999.705760479,377418
1413393999.755760431,377617
1413393999.805760384,377758
1413393999.855760574,377923
1413393999.905760527,378108
1413393999.955760479,378260
1413394000.005760431,378408
1413394000.055760384,378564
1413394000.105760574,378708
1413394000.155760527,378852
1413394000.205760479,378988
1413394000.255760431,379194
1413394000.305760384,379343
1413394000.355760574,379499
1413394000.405760527,379654
1413394000.455760479,379791
1413394000.505760431,379981
1413394000.555760384,380130
1413394000.605760574,380266
1413394000.655760527,380411
1413394000.705760479,380569
1413394000.755760431,380716
1413394000.805760384,380873
1413394000.855760574,381026
1413394000.905760527,381167
1413394000.955760479,381334
1413394001.005760431,381491
1413394001.055760384,381628
1413394001.105760574,381793
1413394001.155760527,381960
1413394001.205760479,382108
1413394001.255760431,382261
1413394001.305760384,382435
1413394001.355760574,382583
1413394001.405760527,382753
1413394001.455760479,382907
1413394001.505760431,383079
1413394001.555760384,383263
1413394001.605760574,383411
1413394001.655760527,383558
1413394001.705760479,383732
1413394001.755760431,383879
1413394001.805760384,384034
1413394001.855760574,384208
1413394001.905760527,384361
1413394001.955760479,384505
1413394002.005760431,384687
1413394002.055760384,384896
1413394002.105760574,385014
1413394002.155760527,385193
1413394002.205760479,385355
1413394002.255760431,385506
1413394002.305760384,385687
1413394002.355760574,385859
1413394002.405760527,385998
1413394002.455760479,386177
1413394002.505760431,386315
1413394002.555760384,386468
1413394002.605760574,386630
1413394002.655760527,386812
1413394002.705760479,386970
1413394002.755760431,387172
1413394002.805760384,387343
1413394002.855760574,387509
1413394002.905760527,387674
1413394002.955760479,387819
1413394003.005760431,387963
1413394003.055760384,388185
1413394003.105760574,388335
1413394003.155760527,388481
1413394003.205760479,388685
1413394003.255760431,388836
1413394003.305760384,388991
1413394003.355760574,389167
