1403638127.345097065,2302.94
1403638127.395097017,2479.45
1403638127.44509697,2568.85
1403638127.495096922,2662.21
1403638127.545097113,2739.75
1403638127.595097065,2834.35
1403638127.645097017,2930.05
1403638127.69509697,3023.75
1403638127.745096922,3104.83
1403638127.795097113,3197.91
1403638127.845097065,3292.97
1403638127.895097017,3382.18
1403638127.94509697,3500.49
1403638127.995096922,3587.35
1403638128.045097113,3681.61
1403638128.095097065,3758.23
1403638128.145097017,3874.73
1403638128.19509697,3962.63
1403638128.245096922,4051.12
1403638128.295097113,4139.69
1403638128.345097065,4235.45
1403638128.395097017,4327.29
1403638128.44509697,4452.87
1403638128.495096922,4538.54
1403638128.545097113,4629.6
1403638128.595097065,4739.47
1403638128.645097017,4835.35
1403638128.69509697,4925.25
1403638128.745096922,5022.98
1403638128.795097113,5111.35
1403638128.845097065,5203.66
1403638128.895097017,5292.93
1403638128.94509697,5413.12
1403638128.995096922,5506.41
1403638129.045097113,5627.63
1403638129.095097065,5723.96
1403638129.145097017,5831.55
1403638129.19509697,5923.84
1403638129.245096922,6035.47
1403638129.295097113,6131.26
1403638129.345097065,6210.37
1403638129.395097017,6307.66
1403638129.44509697,6402.88
1403638129.495096922,6489.69
1403638129.545097113,6581.85
1403638129.595097065,6668.48
1403638129.645097017,6767.38
1403638129.69509697,6855.54
1403638129.745096922,6953.29
1403638129.795097113,7046.83
1403638129.845097065,7136.98
1403638129.895097017,7236.43
1403638129.94509697,7332.21
1403638129.995096922,7442.85
1403638130.045097113,7553.1
1403638130.095097065,7656.55
1403638130.145097017,7757.37
1403638130.19509697,7850.59
1403638130.245096922,7963.91
1403638130.295097113,8065.31
1403638130.345097065,8160.52
1403638130.395097017,8254.38
1403638130.44509697,8343.34
1403638130.495096922,8437.41
1403638130.545097113,8539.68
1403638130.595097065,8630.8
1403638130.645097017,8729.92
1403638130.69509697,8823.23
1403638130.745096922,8918.08
1403638130.795097113,9014
1403638130.845097065,9129.88
1403638130.895097017,9232.6
1403638130.94509697,9322.39
1403638130.995096922,9414.84
1403638131.045097113,9519.73
1403638131.095097065,9618.44
1403638131.145097017,9719.74
1403638131.19509697,9812.76
1403638131.245096922,9924.43
1403638131.295097113,10010.7
1403638131.345097065,10109.7
1403638131.395097017,10223.1
1403638131.44509697,10324
1403638131.495096922,10423.1
1403638131.545097113,10516.1
1403638131.595097065,10609.3
1403638131.645097017,10723.5
1403638131.69509697,10821
1403638131.745096922,10916.3
1403638131.795097113,11043
1403638131.845097065,11146.5
1403638131.895097017,11240.3
1403638131.94509697,11333.2
1403638131.995096922,11429.7
1403638132.045097113,11516.8
1403638132.095097065,11610.9
1403638132.145097017,11710.9
1403638132.19509697,11813.1
1403638132.245096922,11908.3
1403638132.295097113,12010.1
1403638132.345097065,12102.5
1403638132.395097017,12194.5
1403638132.44509697,12299.9
1403638132.495096922,12389.7
1403638132.545097113,12491.9
1403638132.595097065,12581.1
1403638132.645097017,12686
1403638132.69509697,12778.5
1403638132.745096922,12875.4
1403638132.795097113,12992.4
1403638132.845097065,13085.7
1403638132.895097017,13190.2
1403638132.94509697,13290.5
1403638132.995096922,13388.1
1403638133.045097113,13481.7
1403638133.095097065,13588
1403638133.145097017,13680.7
1403638133.19509697,13790.4
1403638133.245096922,13920.2
1403638133.295097113,14026.3
1403638133.345097065,14121.9
1403638133.395097017,14210.8
1403638133.44509697,14313.8
1403638133.495096922,14415
1403638133.545097113,14509.8
1403638133.595097065,14608.8
1403638133.645097017,14700.2
1403638133.69509697,14816.6
1403638133.745096922,14903.9
1403638133.795097113,15000.6
1403638133.845097065,15106.5
1403638133.895097017,15210.2
1403638133.94509697,15299.3
1403638133.995096922,15389
1403638134.045097113,15504.3
1403638134.095097065,15612.8
1403638134.145097017,15708
1403638134.19509697,15803.2
1403638134.245096922,15910.8
1403638134.295097113,16007.5
1403638134.345097065,16103.6
1403638134.395097017,16190.9
1403638134.44509697,16305.3
1403638134.495096922,16406.5
1403638134.545097113,16501
1403638134.595097065,16600
1403638134.645097017,16707
1403638134.69509697,16800.7
1403638134.745096922,16897.7
1403638134.795097113,16993.1
1403638134.845097065,17096.5
1403638134.895097017,17199.1
1403638134.94509697,17297.8
1403638134.995096922,17387.7
1403638135.045097113,17545.6
1403638135.095097065,17639.9
1403638135.145097017,17735.3
1403638135.19509697,17830.3
1403638135.245096922,17917.3
1403638135.295097113,18018.2
1403638135.345097065,18120.4
1403638135.395097017,18213.5
1403638135.44509697,18304.2
1403638135.495096922,18418.9
1403638135.545097113,18505.3
1403638135.595097065,18602.8
1403638135.645097017,18690.8
1403638135.69509697,18815.6
1403638135.745096922,18914.7
1403638135.795097113,19005.2
1403638135.845097065,19097
1403638135.895097017,19201.2
1403638135.94509697,19298.7
1403638135.995096922,19387.8
1403638136.045097113,19534.3
1403638136.095097065,19651.2
1403638136.145097017,19739.7
1403638136.19509697,19840.9
1403638136.245096922,19951
1403638136.295097113,20049.6
1403638136.345097065,20167
1403638136.395097017,20265.6
1403638136.44509697,20363.6
1403638136.495096922,20463.6
1403638136.545097113,20568.5
1403638136.595097065,20658.8
1403638136.645097017,20757.8
1403638136.69509697,20867.9
1403638136.745096922,20957.2
1403638136.795097113,21078.2
1403638136.845097065,21188.5
1403638136.895097017,21301.8
1403638136.94509697,21397
1403638136.995096922,21494.3
1403638137.045097113,21618.1
1403638137.095097065,21729.9
1403638137.145097017,21820.9
1403638137.19509697,21914.5
1403638137.245096922,22010.5
1403638137.295097113,22120.5
1403638137.345097065,22207.4
1403638137.395097017,22307.9
1403638137.44509697,22405.5
1403638137.495096922,22514.1
1403638137.545097113,22613.7
1403638137.595097065,22727.7
1403638137.645097017,22828.6
1403638137.69509697,22942.8
1403638137.745096922,23039.9
1403638137.795097113,23130.8
1403638137.845097065,23238.5
1403638137.895097017,23350.7
1403638137.94509697,23437.7
1403638137.995096922,23536.1
1403638138.045097113,23644.7
1403638138.095097065,23741.4
1403638138.145097017,23853.6
1403638138.19509697,23951.4
1403638138.245096922,24053.3
1403638138.295097113,24151.2
1403638138.345097065,24245.5
1403638138.395097017,24339.1
1403638138.44509697,24451.7
1403638138.495096922,24571.5
1403638138.545097113,24656.2
1403638138.595097065,24754.1
1403638138.645097017,24881.8
1403638138.69509697,24976.4
1403638138.745096922,25074.5
1403638138.795097113,25174.2
1403638138.845097065,25263.6
1403638138.895097017,25361.6
1403638138.94509697,25461.1
1403638138.995096922,25550.2
1403638139.045097113,25669.3
1403638139.095097065,25765.8
1403638139.145097017,25852.8
1403638139.19509697,25976.4
1403638139.245096922,26076.6
1403638139.295097113,26193.4
1403638139.345097065,26277.3
1403638139.395097017,26369.9
1403638139.44509697,26453.9
1403638139.495096922,26555.1
1403638139.545097113,26664.8
1403638139.595097065,26758.1
1403638139.645097017,26847.5
1403638139.69509697,26946.2
1403638139.745096922,27035.3
1403638139.795097113,27123.9
1403638139.845097065,27234
1403638139.895097017,27324.9
1403638139.94509697,27407.4
1403638139.995096922,27497.1
1403638140.045097113,27585.4
1403638140.095097065,27680.9
1403638140.145097017,27778.4
1403638140.19509697,27872.4
1403638140.245096922,27972.8
1403638140.295097113,28068.6
1403638140.345097065,28160.6
1403638140.395097017,28255.7
1403638140.44509697,28353.4
1403638140.495096922,28435.8
1403638140.545097113,28533
1403638140.595097065,28629.5
1403638140.645097017,28721.6
1403638140.69509697,28816.8
1403638140.745096922,28943.6
1403638140.795097113,29032.7
1403638140.845097065,29140.2
1403638140.895097017,29226.3
1403638140.94509697,29329.2
1403638140.995096922,29424.9
1403638141.045097113,29527.5
1403638141.095097065,29613.5
1403638141.145097017,29711.6
1403638141.19509697,29806.4
1403638141.245096922,29902.7
1403638141.295097113,29989.5
1403638141.345097065,30095.1
1403638141.395097017,30181.8
1403638141.44509697,30275.4
1403638141.495096922,30365.2
1403638141.545097113,30459.9
1403638141.595097065,30555.4
1403638141.645097017,30639.1
1403638141.69509697,30738.9
1403638141.745096922,30833.6
1403638141.795097113,30928.8
1403638141.845097065,31017.8
1403638141.895097017,31105.4
1403638141.94509697,31215.8
1403638141.995096922,31330.2
1403638142.045097113,31435.4
1403638142.095097065,31526
1403638142.145097017,31621
1403638142.19509697,31705.6
1403638142.245096922,31797.8
1403638142.295097113,31874.7
1403638142.345097065,31995.1
1403638142.395097017,32086
1403638142.44509697,32168.4
1403638142.495096922,32278.5
1403638142.545097113,32371.7
1403638142.595097065,32461
1403638142.645097017,32543.2
1403638142.69509697,32647.7
1403638142.745096922,32730.2
1403638142.795097113,32829.5
1403638142.845097065,32923.3
1403638142.895097017,33013.6
1403638142.94509697,33108.4
1403638142.995096922,33204.3
1403638143.045097113,33303.3
1403638143.095097065,33402.9
1403638143.145097017,33496.3
1403638143.19509697,33585.8
1403638143.245096922,33673.2
1403638143.295097113,33766.2
1403638143.345097065,33862.5
1403638143.395097017,33963.6
1403638143.44509697,34055.2
1403638143.495096922,34149
1403638143.545097113,34246.1
1403638143.595097065,34336.2
1403638143.645097017,34421.6
1403638143.69509697,34516.8
1403638143.745096922,34622.4
1403638143.795097113,34712.8
1403638143.845097065,34800.7
1403638143.895097017,34902.6
1403638143.94509697,34992.6
1403638143.995096922,35078.5
1403638144.045097113,35178.3
1403638144.095097065,35285.1
1403638144.145097017,35390.1
1403638144.19509697,35475.7
1403638144.245096922,35570.5
1403638144.295097113,35664.9
1403638144.345097065,35752
1403638144.395097017,35852
1403638144.44509697,35950
1403638144.495096922,36070.5
1403638144.545097113,36156.9
1403638144.595097065,36249.8
1403638144.645097017,36346.1
1403638144.69509697,36440.5
1403638144.745096922,36530
1403638144.795097113,36633.7
1403638144.845097065,36717.1
1403638144.895097017,36810.1
1403638144.94509697,36898.5
1403638144.995096922,36987.2
1403638145.045097113,37077.3
1403638145.095097065,37169.7
1403638145.145097017,37251.2
1403638145.19509697,37349.9
1403638145.245096922,37445.1
1403638145.295097113,37546.2
1403638145.345097065,37638.9
1403638145.395097017,37735.5
1403638145.44509697,37820.5
1403638145.495096922,37916.2
1403638145.545097113,38015.6
1403638145.595097065,38124.6
1403638145.645097017,38208.8
1403638145.69509697,38304.3
1403638145.745096922,38401.1
1403638145.795097113,38490.1
1403638145.845097065,38583.9
1403638145.895097017,38681.5
1403638145.94509697,38766.3
1403638145.995096922,38863.3
1403638146.045097113,38952.5
1403638146.095097065,39072.4
1403638146.145097017,39161.3
1403638146.19509697,39275
1403638146.245096922,39370.2
1403638146.295097113,39473.7
1403638146.345097065,39559.7
1403638146.395097017,39650.2
1403638146.44509697,39728.7
1403638146.495096922,39829.2
1403638146.545097113,39921.6
1403638146.595097065,39994.7
1403638146.645097017,40082.9
1403638146.69509697,40166.3
1403638146.745096922,40261.5
1403638146.795097113,40352.5
1403638146.845097065,40473
1403638146.895097017,40574.5
1403638146.94509697,40669.6
1403638146.995096922,40751
1403638147.045097113,40842.4
1403638147.095097065,40925.1
1403638147.145097017,41013.7
1403638147.19509697,41103.3
1403638147.245096922,41196.2
1403638147.295097113,41286.4
1403638147.345097065,41391.6
1403638147.395097017,41482
1403638147.44509697,41571.9
1403638147.495096922,41664.8
1403638147.545097113,41752.4
1403638147.595097065,41858.7
1403638147.645097017,41941.2
1403638147.69509697,42051.5
1403638147.745096922,42148.8
1403638147.795097113,42248.1
1403638147.845097065,42349.2
1403638147.895097017,42440.4
1403638147.94509697,42538
1403638147.995096922,42617.3
1403638148.045097113,42714.1
1403638148.095097065,42807
1403638148.145097017,42891.5
1403638148.19509697,42976.1
1403638148.245096922,43098.1
1403638148.295097113,43206.3
1403638148.345097065,43300.3
1403638148.395097017,43392.8
1403638148.44509697,43484.8
1403638148.495096922,43578
1403638148.545097113,43667.5
1403638148.595097065,43769.6
1403638148.645097017,43861.4
1403638148.69509697,43948.6
1403638148.745096922,44038.9
1403638148.795097113,44130.8
1403638148.845097065,44225.3
1403638148.895097017,44314.2
1403638148.94509697,44409.3
1403638148.995096922,44506.9
1403638149.045097113,44597.4
1403638149.095097065,44700.4
1403638149.145097017,44802.1
1403638149.19509697,44890.3
1403638149.245096922,44989.1
1403638149.295097113,45083.5
1403638149.345097065,45246.4
1403638149.395097017,45350.7
1403638149.44509697,45456.4
1403638149.495096922,45550.3
1403638149.545097113,45670.2
1403638149.595097065,45758.9
1403638149.645097017,45863.9
1403638149.69509697,45957.5
1403638149.745096922,46039.6
1403638149.795097113,46130.6
1403638149.845097065,46248
1403638149.895097017,46340.7
1403638149.94509697,46429.3
1403638149.995096922,46541.7
1403638150.045097113,46653.7
1403638150.095097065,46748.5
1403638150.145097017,46843.1
1403638150.19509697,46942.2
1403638150.245096922,47042.6
1403638150.295097113,47128.7
1403638150.345097065,47251.8
1403638150.395097017,47345.7
1403638150.44509697,47443.3
1403638150.495096922,47532.4
1403638150.545097113,47623.3
1403638150.595097065,47713.4
1403638150.645097017,47814.7
1403638150.69509697,47911.1
1403638150.745096922,48037
1403638150.795097113,48134.1
1403638150.845097065,48242.8
1403638150.895097017,48346.6
1403638150.94509697,48440.4
1403638150.995096922,48543.7
1403638151.045097113,48652.5
1403638151.095097065,48762.3
1403638151.145097017,48859
1403638151.19509697,48946.6
1403638151.245096922,49073.2
1403638151.295097113,49177.4
1403638151.345097065,49273.7
1403638151.395097017,49367.2
1403638151.44509697,49473.3
1403638151.495096922,49573.2
1403638151.545097113,49685.1
1403638151.595097065,49782.6
1403638151.645097017,49890.5
1403638151.69509697,49978.5
1403638151.745096922,50096.2
1403638151.795097113,50196.9
1403638151.845097065,50323.5
1403638151.895097017,50441.5
1403638151.94509697,50527.9
1403638151.995096922,50631.1
1403638152.045097113,50722.3
1403638152.095097065,50830.3
1403638152.145097017,50930.6
1403638152.19509697,51014.8
1403638152.245096922,51111.3
1403638152.295097113,51211.3
1403638152.345097065,51302
1403638152.395097017,51399.4
1403638152.44509697,51503.1
1403638152.495096922,51608.8
1403638152.545097113,51700.6
1403638152.595097065,51826.4
1403638152.645097017,51919.2
1403638152.69509697,52033.5
1403638152.745096922,52134.2
1403638152.795097113,52219.1
1403638152.845097065,52314
1403638152.895097017,52420
1403638152.94509697,52516
1403638152.995096922,52615.1
1403638153.045097113,52725.7
1403638153.095097065,52842.4
1403638153.145097017,52960.6
1403638153.19509697,53053.3
1403638153.245096922,53165.5
1403638153.295097113,53269.6
1403638153.345097065,53377.2
1403638153.395097017,53468.2
1403638153.44509697,53560.7
1403638153.495096922,53680.8
1403638153.545097113,53784.5
1403638153.595097065,53876.2
1403638153.645097017,53997.5
1403638153.69509697,54114.8
1403638153.745096922,54206.6
1403638153.795097113,54297.6
1403638153.845097065,54386.8
1403638153.895097017,54491.1
1403638153.94509697,54586.1
1403638153.995096922,54683
1403638154.045097113,54795.9
1403638154.095097065,54888.2
1403638154.145097017,54979.4
1403638154.19509697,55080.1
1403638154.245096922,55187.7
1403638154.295097113,55306.1
1403638154.345097065,55400.1
1403638154.395097017,55502.4
1403638154.44509697,55642.9
1403638154.495096922,55758.5
1403638154.545097113,55855.2
1403638154.595097065,55943.2
1403638154.645097017,56051.6
1403638154.69509697,56157.7
1403638154.745096922,56255.2
1403638154.795097113,56346.7
1403638154.845097065,56457.6
1403638154.895097017,56562.6
1403638154.94509697,56657.1
1403638154.995096922,56747.2
1403638155.045097113,56864.7
1403638155.095097065,56978.8
1403638155.145097017,57064.7
1403638155.19509697,57157.9
1403638155.245096922,57258
1403638155.295097113,57371
1403638155.345097065,57465.1
1403638155.395097017,57557.5
1403638155.44509697,57671
1403638155.495096922,57760.6
1403638155.545097113,57865
1403638155.595097065,57954.3
1403638155.645097017,58068.2
1403638155.69509697,58179.9
1403638155.745096922,58271.4
1403638155.795097113,58372.3
1403638155.845097065,58518
1403638155.895097017,58631.8
1403638155.94509697,58716.4
1403638155.995096922,58815.4
1403638156.045097113,58929.7
1403638156.095097065,59020.6
1403638156.145097017,59119
1403638156.19509697,59211.8
1403638156.245096922,59305.6
1403638156.295097113,59429.7
1403638156.345097065,59541.6
1403638156.395097017,59632.3
1403638156.44509697,59720.1
1403638156.495096922,59818.6
1403638156.545097113,59934.5
1403638156.595097065,60017.7
1403638156.645097017,60139.3
1403638156.69509697,60257.3
1403638156.745096922,60354.2
1403638156.795097113,60453.1
1403638156.845097065,60546.3
1403638156.895097017,60644.2
1403638156.94509697,60736.7
1403638156.995096922,60835
1403638157.045097113,60950.4
1403638157.095097065,61086.1
1403638157.145097017,61200.5
1403638157.19509697,61313.1
1403638157.245096922,61418.6
1403638157.295097113,61534.8
1403638157.345097065,61630.6
1403638157.395097017,61717.8
1403638157.44509697,61812.1
1403638157.495096922,61914.3
1403638157.545097113,62013.3
1403638157.595097065,62109
1403638157.645097017,62232.6
1403638157.69509697,62355.5
1403638157.745096922,62450.8
1403638157.795097113,62562.8
1403638157.845097065,62655.3
1403638157.895097017,62783.9
1403638157.94509697,62902.6
1403638157.995096922,62994.6
1403638158.045097113,63090
1403638158.095097065,63220.8
1403638158.145097017,63340.6
1403638158.19509697,63428.9
1403638158.245096922,63548.6
1403638158.295097113,63653.2
1403638158.345097065,63772.6
1403638158.395097017,63862.9
1403638158.44509697,63974.1
1403638158.495096922,64094.3
1403638158.545097113,64202.4
1403638158.595097065,64296.6
1403638158.645097017,64409.2
1403638158.69509697,64520.2
1403638158.745096922,64640.4
1403638158.795097113,64738.2
1403638158.845097065,64837.5
1403638158.895097017,64950.5
1403638158.94509697,65071.3
1403638158.995096922,65165.8
1403638159.045097113,65276.2
1403638159.095097065,65403.5
1403638159.145097017,65496.8
1403638159.19509697,65589
1403638159.245096922,65696.4
1403638159.295097113,65798.1
1403638159.345097065,65897.3
1403638159.395097017,66019.2
1403638159.44509697,66122.4
1403638159.495096922,66246.7
1403638159.545097113,66349
1403638159.595097065,66437.7
1403638159.645097017,66551.1
1403638159.69509697,66665.2
1403638159.745096922,66759.1
1403638159.795097113,66850
1403638159.845097065,66947.4
1403638159.895097017,67075.4
1403638159.94509697,67170.1
1403638159.995096922,67268.5
1403638160.045097113,67365.9
1403638160.095097065,67478.9
1403638160.145097017,67574.8
1403638160.19509697,67673
1403638160.245096922,67782.1
1403638160.295097113,67868
1403638160.345097065,67982.9
1403638160.395097017,68079.5
1403638160.44509697,68184.5
1403638160.495096922,68295.6
1403638160.545097113,68407.2
1403638160.595097065,68498.2
1403638160.645097017,68589.6
1403638160.69509697,68689.1
1403638160.745096922,68809.6
1403638160.795097113,68910
1403638160.845097065,69011.1
1403638160.895097017,69134.8
1403638160.94509697,69253.1
1403638160.995096922,69349.6
1403638161.045097113,69453.9
1403638161.095097065,69571.4
1403638161.145097017,69661.5
1403638161.19509697,69766.3
1403638161.245096922,69869.5
1403638161.295097113,69983.8
1403638161.345097065,70093.7
1403638161.395097017,70195.2
1403638161.44509697,70297.2
1403638161.495096922,70414.3
1403638161.545097113,70515.1
1403638161.595097065,70605.2
1403638161.645097017,70711.4
1403638161.69509697,70829.6
1403638161.745096922,70939.3
1403638161.795097113,71037.4
1403638161.845097065,71143.5
1403638161.895097017,71259.6
1403638161.94509697,71356.6
1403638161.995096922,71468.3
1403638162.045097113,71556.9
1403638162.095097065,71664.4
1403638162.145097017,71773
1403638162.19509697,71861.7
1403638162.245096922,71957.6
1403638162.295097113,72083.4
1403638162.345097065,72187.2
1403638162.395097017,72278.8
1403638162.44509697,72371.9
1403638162.495096922,72485.3
1403638162.545097113,72591.1
1403638162.595097065,72690.8
1403638162.645097017,72796.9
1403638162.69509697,72908.9
1403638162.745096922,73019.3
1403638162.795097113,73108.9
1403638162.845097065,73242
1403638162.895097017,73360.5
1403638162.94509697,73473.3
1403638162.995096922,73570.9
1403638163.045097113,73678.7
1403638163.095097065,73779.7
1403638163.145097017,73892.1
1403638163.19509697,73982.8
1403638163.245096922,74080.3
1403638163.295097113,74196.8
1403638163.345097065,74333.1
1403638163.395097017,74445.5
1403638163.44509697,74536.9
1403638163.495096922,74650.8
1403638163.545097113,74743.5
1403638163.595097065,74839.1
1403638163.645097017,74944
1403638163.69509697,75057.9
1403638163.745096922,75165.2
1403638163.795097113,75262.2
1403638163.845097065,75359.4
1403638163.895097017,75466.3
1403638163.94509697,75562.5
1403638163.995096922,75652.6
1403638164.045097113,75754.3
1403638164.095097065,75900.5
1403638164.145097017,75999.2
1403638164.19509697,76093.5
1403638164.245096922,76188.1
1403638164.295097113,76292.5
1403638164.345097065,76421.7
1403638164.395097017,76514.9
1403638164.44509697,76646.9
1403638164.495096922,76735.8
1403638164.545097113,76851.7
1403638164.595097065,76949.4
1403638164.645097017,77059.5
1403638164.69509697,77183.3
1403638164.745096922,77310
1403638164.795097113,77402.9
1403638164.845097065,77489.4
1403638164.895097017,77608.1
1403638164.94509697,77732.1
1403638164.995096922,77821.9
1403638165.045097113,77937.4
1403638165.095097065,78043.6
1403638165.145097017,78152.8
1403638165.19509697,78250.1
1403638165.245096922,78339.8
1403638165.295097113,78455.7
1403638165.345097065,78576.3
1403638165.395097017,78679.2
1403638165.44509697,78810.3
1403638165.495096922,78922.5
1403638165.545097113,79022.5
1403638165.595097065,79120.9
1403638165.645097017,79242.2
1403638165.69509697,79358
1403638165.745096922,79453
1403638165.795097113,79547.1
1403638165.845097065,79642.8
1403638165.895097017,79736.9
1403638165.94509697,79841.4
1403638165.995096922,79933.2
1403638166.045097113,80035
1403638166.095097065,80143.6
1403638166.145097017,80253.3
1403638166.19509697,80349.8
1403638166.245096922,80452.6
1403638166.295097113,80557.1
1403638166.345097065,80668.1
1403638166.395097017,80764.8
1403638166.44509697,80891.3
1403638166.495096922,81007.1
1403638166.545097113,81121.8
1403638166.595097065,81213.8
1403638166.645097017,81316.2
1403638166.69509697,81427.2
1403638166.745096922,81523.5
1403638166.795097113,81618.4
1403638166.845097065,81729.6
1403638166.895097017,81831.4
1403638166.94509697,81938.1
1403638166.995096922,82035.1
1403638167.045097113,82140.5
1403638167.095097065,82227.8
1403638167.145097017,82338
1403638167.19509697,82435.7
1403638167.245096922,82559.9
1403638167.295097113,82690.6
1403638167.345097065,82784.5
1403638167.395097017,82880.8
1403638167.44509697,83024.6
1403638167.495096922,83135.2
1403638167.545097113,83250.7
1403638167.595097065,83353.8
1403638167.645097017,83448.6
1403638167.69509697,83549.8
1403638167.745096922,83667.2
1403638167.795097113,83759
1403638167.845097065,83853.1
1403638167.895097017,83982.6
1403638167.94509697,84096.9
1403638167.995096922,84186.8
1403638168.045097113,84299.3
1403638168.095097065,84390.5
1403638168.145097017,84530.1
1403638168.19509697,84633
1403638168.245096922,84752.2
1403638168.295097113,84870.8
1403638168.345097065,84983.8
1403638168.395097017,85086
1403638168.44509697,85197.3
1403638168.495096922,85317.1
1403638168.545097113,85423.2
1403638168.595097065,85541.1
1403638168.645097017,85665.3
1403638168.69509697,85776.9
1403638168.745096922,85878.2
1403638168.795097113,85980
1403638168.845097065,86092.2
1403638168.895097017,86212
1403638168.94509697,86323
1403638168.995096922,86415.9
1403638169.045097113,86512
1403638169.095097065,86623.4
1403638169.145097017,86745.5
1403638169.19509697,86843.7
1403638169.245096922,86961.8
1403638169.295097113,87084.2
1403638169.345097065,87184.9
1403638169.395097017,87277.9
1403638169.44509697,87376.4
1403638169.495096922,87486.1
1403638169.545097113,87579.8
1403638169.595097065,87662.5
1403638169.645097017,87785.5
1403638169.69509697,87900.8
1403638169.745096922,88006.3
1403638169.795097113,88093.3
1403638169.845097065,88199.2
1403638169.895097017,88315.5
1403638169.94509697,88432.9
1403638169.995096922,88525.4
1403638170.045097113,88641.1
1403638170.095097065,88741.4
1403638170.145097017,88850
1403638170.19509697,88949
1403638170.245096922,89085.6
1403638170.295097113,89187.3
1403638170.345097065,89296.9
1403638170.395097017,89395.3
1403638170.44509697,89485.6
1403638170.495096922,89609.2
1403638170.545097113,89730.2
1403638170.595097065,89826.8
1403638170.645097017,89923
1403638170.69509697,90048.5
1403638170.745096922,90153
1403638170.795097113,90244.6
1403638170.845097065,90340.6
1403638170.895097017,90459.1
1403638170.94509697,90563.9
1403638170.995096922,90663.9
1403638171.045097113,90779.7
1403638171.095097065,90889
1403638171.145097017,90988.6
1403638171.19509697,91093.2
1403638171.245096922,91213.3
1403638171.295097113,91332.1
1403638171.345097065,91430.7
1403638171.395097017,91519.3
1403638171.44509697,91669.8
1403638171.495096922,91763.5
1403638171.545097113,91862.6
1403638171.595097065,91957.8
1403638171.645097017,92075.5
1403638171.69509697,92185.1
1403638171.745096922,92312.4
1403638171.795097113,92408.7
1403638171.845097065,92506.2
1403638171.895097017,92610.4
1403638171.94509697,92728.5
1403638171.995096922,92844.8
1403638172.045097113,92936.6
1403638172.095097065,93052.3
1403638172.145097017,93174.1
1403638172.19509697,93274.5
1403638172.245096922,93364.8
1403638172.295097113,93480.8
1403638172.345097065,93599.6
1403638172.395097017,93709.8
1403638172.44509697,93832.3
1403638172.495096922,93932.7
1403638172.545097113,94030
1403638172.595097065,94127.5
1403638172.645097017,94242.5
1403638172.69509697,94351.4
1403638172.745096922,94469
1403638172.795097113,94566.1
1403638172.845097065,94671.7
1403638172.895097017,94780.8
1403638172.94509697,94895.9
1403638172.995096922,94987
1403638173.045097113,95107.8
1403638173.095097065,95226.4
1403638173.145097017,95342.4
1403638173.19509697,95435
1403638173.245096922,95521.3
1403638173.295097113,95632.2
1403638173.345097065,95723.3
1403638173.395097017,95831.8
1403638173.44509697,95949.3
1403638173.495096922,96067.6
1403638173.545097113,96166.1
1403638173.595097065,96253.9
1403638173.645097017,96360.4
1403638173.69509697,96464.9
1403638173.745096922,96563
1403638173.795097113,96661.2
1403638173.845097065,96789.3
1403638173.895097017,96908
1403638173.94509697,97016
1403638173.995096922,97104.6
1403638174.045097113,97210
1403638174.095097065,97305.9
1403638174.145097017,97401.9
1403638174.19509697,97486.7
1403638174.245096922,97613.9
1403638174.295097113,97712.6
1403638174.345097065,97809.6
1403638174.395097017,97901
1403638174.44509697,98013.2
1403638174.495096922,98127
1403638174.545097113,98234.2
1403638174.595097065,98317.5
1403638174.645097017,98416.7
1403638174.69509697,98530.9
1403638174.745096922,98628.3
1403638174.795097113,98725.6
1403638174.845097065,98815.8
1403638174.895097017,98945.1
1403638174.94509697,99043.2
1403638174.995096922,99134.5
1403638175.045097113,99257.9
1403638175.095097065,99345.4
1403638175.145097017,99453.8
1403638175.19509697,99550.8
1403638175.245096922,99665.9
1403638175.295097113,99782.7
1403638175.345097065,99872.6
1403638175.395097017,99970.9
1403638175.44509697,100070
1403638175.495096922,100189
1403638175.545097113,100295
1403638175.595097065,100404
1403638175.645097017,100531
1403638175.69509697,100624
1403638175.745096922,100739
1403638175.795097113,100837
1403638175.845097065,100944
1403638175.895097017,101066
1403638175.94509697,101179
1403638175.995096922,101299
1403638176.045097113,101414
1403638176.095097065,101517
1403638176.145097017,101640
1403638176.19509697,101736
1403638176.245096922,101845
1403638176.295097113,101948
1403638176.345097065,102073
1403638176.395097017,102161
1403638176.44509697,102266
1403638176.495096922,102364
1403638176.545097113,102512
1403638176.595097065,102600
1403638176.645097017,102710
1403638176.69509697,102801
1403638176.745096922,102926
1403638176.795097113,103026
1403638176.845097065,103138
1403638176.895097017,103262
1403638176.94509697,103382
1403638176.995096922,103476
1403638177.045097113,103612
1403638177.095097065,103731
1403638177.145097017,103847
1403638177.19509697,103946
1403638177.245096922,104034
1403638177.295097113,104156
1403638177.345097065,104274
1403638177.395097017,104382
1403638177.44509697,104522
1403638177.495096922,104632
1403638177.545097113,104741
1403638177.595097065,104828
1403638177.645097017,104931
1403638177.69509697,105049
1403638177.745096922,105162
1403638177.795097113,105256
1403638177.845097065,105353
1403638177.895097017,105445
1403638177.94509697,105572
1403638177.995096922,105663
1403638178.045097113,105791
1403638178.095097065,105912
1403638178.145097017,106011
1403638178.19509697,106104
1403638178.245096922,106205
1403638178.295097113,106319
1403638178.345097065,106422
1403638178.395097017,106545
1403638178.44509697,106640
1403638178.495096922,106778
1403638178.545097113,106884
1403638178.595097065,106976
1403638178.645097017,107073
1403638178.69509697,107199
1403638178.745096922,107313
1403638178.795097113,107405
1403638178.845097065,107520
1403638178.895097017,107621
1403638178.94509697,107729
1403638178.995096922,107816
1403638179.045097113,107929
1403638179.095097065,108040
1403638179.145097017,108154
1403638179.19509697,108252
1403638179.245096922,108348
1403638179.295097113,108442
1403638179.345097065,108543
1403638179.395097017,108641
1403638179.44509697,108761
1403638179.495096922,108852
1403638179.545097113,108962
1403638179.595097065,109062
1403638179.645097017,109170
1403638179.69509697,109278
1403638179.745096922,109383
1403638179.795097113,109481
1403638179.845097065,109592
1403638179.895097017,109706
1403638179.94509697,109809
1403638179.995096922,109906
1403638180.045097113,110041
1403638180.095097065,110158
1403638180.145097017,110281
1403638180.19509697,110382
1403638180.245096922,110480
1403638180.295097113,110594
1403638180.345097065,110686
1403638180.395097017,110790
1403638180.44509697,110888
1403638180.495096922,111015
1403638180.545097113,111131
1403638180.595097065,111228
1403638180.645097017,111365
1403638180.69509697,111474
1403638180.745096922,111586
1403638180.795097113,111686
1403638180.845097065,111804
1403638180.895097017,111910
1403638180.94509697,112020
1403638180.995096922,112116
1403638181.045097113,112211
1403638181.095097065,112311
1403638181.145097017,112399
1403638181.19509697,112504
1403638181.245096922,112616
1403638181.295097113,112707
1403638181.345097065,112810
1403638181.395097017,112923
1403638181.44509697,113010
1403638181.495096922,113138
1403638181.545097113,113273
1403638181.595097065,113360
1403638181.645097017,113455
1403638181.69509697,113575
1403638181.745096922,113697
1403638181.795097113,113786
1403638181.845097065,113898
1403638181.895097017,114027
1403638181.94509697,114122
1403638181.995096922,114225
1403638182.045097113,114333
1403638182.095097065,114441
1403638182.145097017,114552
1403638182.19509697,114658
1403638182.245096922,114756
1403638182.295097113,114892
1403638182.345097065,114994
1403638182.395097017,115092
1403638182.44509697,115218
1403638182.495096922,115332
1403638182.545097113,115453
1403638182.595097065,115549
1403638182.645097017,115667
1403638182.69509697,115756
1403638182.745096922,115872
1403638182.795097113,115965
1403638182.845097065,116079
1403638182.895097017,116175
1403638182.94509697,116309
1403638182.995096922,116402
1403638183.045097113,116499
1403638183.095097065,116613
1403638183.145097017,116733
1403638183.19509697,116828
1403638183.245096922,116917
1403638183.295097113,117053
1403638183.345097065,117166
1403638183.395097017,117265
1403638183.44509697,117370
1403638183.495096922,117484
1403638183.545097113,117611
1403638183.595097065,117708
1403638183.645097017,117826
1403638183.69509697,117931
1403638183.745096922,118028
1403638183.795097113,118123
1403638183.845097065,118211
1403638183.895097017,118343
1403638183.94509697,118469
1403638183.995096922,118565
1403638184.045097113,118659
1403638184.095097065,118777
1403638184.145097017,118898
1403638184.19509697,118994
1403638184.245096922,119104
1403638184.295097113,119208
1403638184.345097065,119337
1403638184.395097017,119435
1403638184.44509697,119532
1403638184.495096922,119645
1403638184.545097113,119745
1403638184.595097065,119843
1403638184.645097017,119941
1403638184.69509697,120061
1403638184.745096922,120181
1403638184.795097113,120273
1403638184.845097065,120380
1403638184.895097017,120487
1403638184.94509697,120591
1403638184.995096922,120686
1403638185.045097113,120798
1403638185.095097065,120918
1403638185.145097017,121005
1403638185.19509697,121112
1403638185.245096922,121219
1403638185.295097113,121328
1403638185.345097065,121465
1403638185.395097017,121582
1403638185.44509697,121750
1403638185.495096922,121846
1403638185.545097113,121943
1403638185.595097065,122045
1403638185.645097017,122135
1403638185.69509697,122252
1403638185.745096922,122385
1403638185.795097113,122473
1403638185.845097065,122574
1403638185.895097017,122670
1403638185.94509697,122757
1403638185.995096922,122863
1403638186.045097113,122964
1403638186.095097065,123074
1403638186.145097017,123172
1403638186.19509697,123277
1403638186.245096922,123370
1403638186.295097113,123506
1403638186.345097065,123616
1403638186.395097017,123726
1403638186.44509697,123838
1403638186.495096922,123958
1403638186.545097113,124046
1403638186.595097065,124151
1403638186.645097017,124252
1403638186.69509697,124349
1403638186.745096922,124458
1403638186.795097113,124554
1403638186.845097065,124666
1403638186.895097017,124772
1403638186.94509697,124892
1403638186.995096922,124984
1403638187.045097113,125092
1403638187.095097065,125213
1403638187.145097017,125329
1403638187.19509697,125444
1403638187.245096922,125553
1403638187.295097113,125676
1403638187.345097065,125773
1403638187.395097017,125879
1403638187.44509697,125973
1403638187.495096922,126096
1403638187.545097113,126225
1403638187.595097065,126315
1403638187.645097017,126416
1403638187.69509697,126534
1403638187.745096922,126637
1403638187.795097113,126748
1403638187.845097065,126846
1403638187.895097017,126952
1403638187.94509697,127068
1403638187.995096922,127168
1403638188.045097113,127276
1403638188.095097065,127398
1403638188.145097017,127526
1403638188.19509697,127622
1403638188.245096922,127717
1403638188.295097113,127822
1403638188.345097065,127938
1403638188.395097017,128038
1403638188.44509697,128144
1403638188.495096922,128267
1403638188.545097113,128374
1403638188.595097065,128471
1403638188.645097017,128580
1403638188.69509697,128697
1403638188.745096922,128794
1403638188.795097113,128889
1403638188.845097065,129005
1403638188.895097017,129126
1403638188.94509697,129229
1403638188.995096922,129341
1403638189.045097113,129470
1403638189.095097065,129590
1403638189.145097017,129695
1403638189.19509697,129798
1403638189.245096922,129914
1403638189.295097113,129995
1403638189.345097065,130103
1403638189.395097017,130208
1403638189.44509697,130321
1403638189.495096922,130414
1403638189.545097113,130542
1403638189.595097065,130638
1403638189.645097017,130752
1403638189.69509697,130854
1403638189.745096922,130960
1403638189.795097113,131050
1403638189.845097065,131134
1403638189.895097017,131263
1403638189.94509697,131381
1403638189.995096922,131477
1403638190.045097113,131582
1403638190.095097065,131699
1403638190.145097017,131811
1403638190.19509697,131895
1403638190.245096922,132008
1403638190.295097113,132096
1403638190.345097065,132195
1403638190.395097017,132296
1403638190.44509697,132394
1403638190.495096922,132506
1403638190.545097113,132624
1403638190.595097065,132715
1403638190.645097017,132837
1403638190.69509697,132955
1403638190.745096922,133059
1403638190.795097113,133157
1403638190.845097065,133264
1403638190.895097017,133374
1403638190.94509697,133496
1403638190.995096922,133605
1403638191.045097113,133697
1403638191.095097065,133808
1403638191.145097017,133923
1403638191.19509697,134010
1403638191.245096922,134118
1403638191.295097113,134227
1403638191.345097065,134351
1403638191.395097017,134438
1403638191.44509697,134573
1403638191.495096922,134686
1403638191.545097113,134795
1403638191.595097065,134891
1403638191.645097017,135010
1403638191.69509697,135144
1403638191.745096922,135258
1403638191.795097113,135346
1403638191.845097065,135451
1403638191.895097017,135555
1403638191.94509697,135660
1403638191.995096922,135764
1403638192.045097113,135890
1403638192.095097065,135995
1403638192.145097017,136103
1403638192.19509697,136216
1403638192.245096922,136331
1403638192.295097113,136441
1403638192.345097065,136549
1403638192.395097017,136655
1403638192.44509697,136742
1403638192.495096922,136862
1403638192.545097113,136968
1403638192.595097065,137065
1403638192.645097017,137190
1403638192.69509697,137307
1403638192.745096922,137414
1403638192.795097113,137506
1403638192.845097065,137599
1403638192.895097017,137714
1403638192.94509697,137830
1403638192.995096922,137919
1403638193.045097113,138011
1403638193.095097065,138110
1403638193.145097017,138238
1403638193.19509697,138355
1403638193.245096922,138464
1403638193.295097113,138549
1403638193.345097065,138650
1403638193.395097017,138759
1403638193.44509697,138877
1403638193.495096922,138967
1403638193.545097113,139072
1403638193.595097065,139170
1403638193.645097017,139255
1403638193.69509697,139355
1403638193.745096922,139477
1403638193.795097113,139558
1403638193.845097065,139691
1403638193.895097017,139781
1403638193.94509697,139907
1403638193.995096922,140006
1403638194.045097113,140117
1403638194.095097065,140231
1403638194.145097017,140341
1403638194.19509697,140457
1403638194.245096922,140570
1403638194.295097113,140685
1403638194.345097065,140800
1403638194.395097017,140889
1403638194.44509697,141007
1403638194.495096922,141127
1403638194.545097113,141239
1403638194.595097065,141335
1403638194.645097017,141445
1403638194.69509697,141559
1403638194.745096922,141674
1403638194.795097113,141769
1403638194.845097065,141878
1403638194.895097017,141971
1403638194.94509697,142064
1403638194.995096922,142151
1403638195.045097113,142245
1403638195.095097065,142348
1403638195.145097017,142468
1403638195.19509697,142567
1403638195.245096922,142675
1403638195.295097113,142787
1403638195.345097065,142915
1403638195.395097017,143010
1403638195.44509697,143120
1403638195.495096922,143241
1403638195.545097113,143365
1403638195.595097065,143458
1403638195.645097017,143555
1403638195.69509697,143660
1403638195.745096922,143790
1403638195.795097113,143884
1403638195.845097065,143994
1403638195.895097017,144092
1403638195.94509697,144228
1403638195.995096922,144320
1403638196.045097113,144446
1403638196.095097065,144545
1403638196.145097017,144653
1403638196.19509697,144753
1403638196.245096922,144881
1403638196.295097113,144993
1403638196.345097065,145089
1403638196.395097017,145183
1403638196.44509697,145300
1403638196.495096922,145428
1403638196.545097113,145547
1403638196.595097065,145637
1403638196.645097017,145750
1403638196.69509697,145863
1403638196.745096922,145986
1403638196.795097113,146083
1403638196.845097065,146190
1403638196.895097017,146304
1403638196.94509697,146446
1403638196.995096922,146544
1403638197.045097113,146678
1403638197.095097065,146782
1403638197.145097017,146900
1403638197.19509697,146989
1403638197.245096922,147115
1403638197.295097113,147229
1403638197.345097065,147336
1403638197.395097017,147453
1403638197.44509697,147551
1403638197.495096922,147664
1403638197.545097113,147792
1403638197.595097065,147884
1403638197.645097017,148002
1403638197.69509697,148087
1403638197.745096922,148180
1403638197.795097113,148273
1403638197.845097065,148404
1403638197.895097017,148523
1403638197.94509697,148645
1403638197.995096922,148729
1403638198.045097113,148858
1403638198.095097065,148957
1403638198.145097017,149067
1403638198.19509697,149158
1403638198.245096922,149264
1403638198.295097113,149382
1403638198.345097065,149502
1403638198.395097017,149588
1403638198.44509697,149681
1403638198.495096922,149788
1403638198.545097113,149907
1403638198.595097065,149999
1403638198.645097017,150103
1403638198.69509697,150219
1403638198.745096922,150310
1403638198.795097113,150405
1403638198.845097065,150509
1403638198.895097017,150598
1403638198.94509697,150723
1403638198.995096922,150821
1403638199.045097113,150933
1403638199.095097065,151052
1403638199.145097017,151150
1403638199.19509697,151244
1403638199.245096922,151339
1403638199.295097113,151429
1403638199.345097065,151564
1403638199.395097017,151656
1403638199.44509697,151751
1403638199.495096922,151861
1403638199.545097113,151964
1403638199.595097065,152056
1403638199.645097017,152155
1403638199.69509697,152273
1403638199.745096922,152395
1403638199.795097113,152488
1403638199.845097065,152599
1403638199.895097017,152712
1403638199.94509697,152829
1403638199.995096922,152918
1403638200.045097113,153067
1403638200.095097065,153205
1403638200.145097017,153350
1403638200.19509697,153440
1403638200.245096922,153538
1403638200.295097113,153638
1403638200.345097065,153771
1403638200.395097017,153868
1403638200.44509697,153979
1403638200.495096922,154106
1403638200.545097113,154220
1403638200.595097065,154317
1403638200.645097017,154421
1403638200.69509697,154534
1403638200.745096922,154662
1403638200.795097113,154759
1403638200.845097065,154848
1403638200.895097017,154944
1403638200.94509697,155057
1403638200.995096922,155153
1403638201.045097113,155302
1403638201.095097065,155426
1403638201.145097017,155541
1403638201.19509697,155630
1403638201.245096922,155761
1403638201.295097113,155892
1403638201.345097065,156008
1403638201.395097017,156101
1403638201.44509697,156221
1403638201.495096922,156341
1403638201.545097113,156433
1403638201.595097065,156541
1403638201.645097017,156627
1403638201.69509697,156722
1403638201.745096922,156851
1403638201.795097113,156941
1403638201.845097065,157049
1403638201.895097017,157172
1403638201.94509697,157283
1403638201.995096922,157390
1403638202.045097113,157489
1403638202.095097065,157598
1403638202.145097017,157726
1403638202.19509697,157824
1403638202.245096922,157931
1403638202.295097113,158056
1403638202.345097065,158172
1403638202.395097017,158270
1403638202.44509697,158378
1403638202.495096922,158484
1403638202.545097113,158616
1403638202.595097065,158712
1403638202.645097017,158820
1403638202.69509697,158929
1403638202.745096922,159045
1403638202.795097113,159142
1403638202.845097065,159259
1403638202.895097017,159378
1403638202.94509697,159462
1403638202.995096922,159556
1403638203.045097113,159681
1403638203.095097065,159793
1403638203.145097017,159918
1403638203.19509697,160013
1403638203.245096922,160121
1403638203.295097113,160210
1403638203.345097065,160317
1403638203.395097017,160437
1403638203.44509697,160523
1403638203.495096922,160641
1403638203.545097113,160755
1403638203.595097065,160864
1403638203.645097017,160990
1403638203.69509697,161102
1403638203.745096922,161212
1403638203.795097113,161305
1403638203.845097065,161397
1403638203.895097017,161529
1403638203.94509697,161653
1403638203.995096922,161750
1403638204.045097113,161877
1403638204.095097065,161995
1403638204.145097017,162115
1403638204.19509697,162201
1403638204.245096922,162310
1403638204.295097113,162423
1403638204.345097065,162517
1403638204.395097017,162616
1403638204.44509697,162713
1403638204.495096922,162829
1403638204.545097113,162971
1403638204.595097065,163066
1403638204.645097017,163179
1403638204.69509697,163297
1403638204.745096922,163422
1403638204.795097113,163519
1403638204.845097065,163632
1403638204.895097017,163758
1403638204.94509697,163867
1403638204.995096922,163965
1403638205.045097113,164074
1403638205.095097065,164174
1403638205.145097017,164287
1403638205.19509697,164382
1403638205.245096922,164491
1403638205.295097113,164617
1403638205.345097065,164737
1403638205.395097017,164840
1403638205.44509697,164936
1403638205.495096922,165041
1403638205.545097113,165163
1403638205.595097065,165258
1403638205.645097017,165365
1403638205.69509697,165491
1403638205.745096922,165611
1403638205.795097113,165706
1403638205.845097065,165814
1403638205.895097017,165917
1403638205.94509697,166039
1403638205.995096922,166156
1403638206.045097113,166268
1403638206.095097065,166373
1403638206.145097017,166502
1403638206.19509697,166608
1403638206.245096922,166706
1403638206.295097113,166819
1403638206.345097065,166941
1403638206.395097017,167028
1403638206.44509697,167157
1403638206.495096922,167273
1403638206.545097113,167394
1403638206.595097065,167502
1403638206.645097017,167607
1403638206.69509697,167740
1403638206.745096922,167862
1403638206.795097113,167949
1403638206.845097065,168045
1403638206.895097017,168144
1403638206.94509697,168254
1403638206.995096922,168339
1403638207.045097113,168446
1403638207.095097065,168558
1403638207.145097017,168668
1403638207.19509697,168778
1403638207.245096922,168888
1403638207.295097113,168973
1403638207.345097065,169064
1403638207.395097017,169166
1403638207.44509697,169270
1403638207.495096922,169369
1403638207.545097113,169468
1403638207.595097065,169585
1403638207.645097017,169690
1403638207.69509697,169814
1403638207.745096922,169923
1403638207.795097113,170025
1403638207.845097065,170135
1403638207.895097017,170241
1403638207.94509697,170344
1403638207.995096922,170456
1403638208.045097113,170550
1403638208.095097065,170678
1403638208.145097017,170795
1403638208.19509697,170888
1403638208.245096922,170982
1403638208.295097113,171104
1403638208.345097065,171195
1403638208.395097017,171305
1403638208.44509697,171422
1403638208.495096922,171562
1403638208.545097113,171672
1403638208.595097065,171768
1403638208.645097017,171859
1403638208.69509697,171969
1403638208.745096922,172082
1403638208.795097113,172177
1403638208.845097065,172278
1403638208.895097017,172369
1403638208.94509697,172466
1403638208.995096922,172600
1403638209.045097113,172703
1403638209.095097065,172810
1403638209.145097017,172905
1403638209.19509697,173017
1403638209.245096922,173115
1403638209.295097113,173235
1403638209.345097065,173345
1403638209.395097017,173460
1403638209.44509697,173567
1403638209.495096922,173683
1403638209.545097113,173801
1403638209.595097065,173893
1403638209.645097017,174011
1403638209.69509697,174141
1403638209.745096922,174265
1403638209.795097113,174370
1403638209.845097065,174484
1403638209.895097017,174613
1403638209.94509697,174712
1403638209.995096922,174814
1403638210.045097113,174915
1403638210.095097065,175047
1403638210.145097017,175152
1403638210.19509697,175261
1403638210.245096922,175368
1403638210.295097113,175478
1403638210.345097065,175596
1403638210.395097017,175706
1403638210.44509697,175807
1403638210.495096922,175918
1403638210.545097113,176034
1403638210.595097065,176145
1403638210.645097017,176242
1403638210.69509697,176356
1403638210.745096922,176470
1403638210.795097113,176587
1403638210.845097065,176678
1403638210.895097017,176800
1403638210.94509697,176911
1403638210.995096922,177033
1403638211.045097113,177127
1403638211.095097065,177245
1403638211.145097017,177348
1403638211.19509697,177467
1403638211.245096922,177588
1403638211.295097113,177721
1403638211.345097065,177839
1403638211.395097017,177935
1403638211.44509697,178034
1403638211.495096922,178150
1403638211.545097113,178269
1403638211.595097065,178390
1403638211.645097017,178483
1403638211.69509697,178616
1403638211.745096922,178711
1403638211.795097113,178827
1403638211.845097065,178928
1403638211.895097017,179047
1403638211.94509697,179192
1403638211.995096922,179323
1403638212.045097113,179415
1403638212.095097065,179535
1403638212.145097017,179685
1403638212.19509697,179778
1403638212.245096922,179894
1403638212.295097113,179994
1403638212.345097065,180133
1403638212.395097017,180227
1403638212.44509697,180323
1403638212.495096922,180443
1403638212.545097113,180548
1403638212.595097065,180672
1403638212.645097017,180802
1403638212.69509697,180922
1403638212.745096922,181008
1403638212.795097113,181131
1403638212.845097065,181261
1403638212.895097017,181358
1403638212.94509697,181479
1403638212.995096922,181588
1403638213.045097113,181699
1403638213.095097065,181800
1403638213.145097017,181915
1403638213.19509697,182039
1403638213.245096922,182140
1403638213.295097113,182274
1403638213.345097065,182381
1403638213.395097017,182501
1403638213.44509697,182604
1403638213.495096922,182697
1403638213.545097113,182805
1403638213.595097065,182897
1403638213.645097017,182998
1403638213.69509697,183116
1403638213.745096922,183235
1403638213.795097113,183317
1403638213.845097065,183422
1403638213.895097017,183513
1403638213.94509697,183622
1403638213.995096922,183739
1403638214.045097113,183847
1403638214.095097065,183951
1403638214.145097017,184064
1403638214.19509697,184166
1403638214.245096922,184260
1403638214.295097113,184375
1403638214.345097065,184490
1403638214.395097017,184609
1403638214.44509697,184716
1403638214.495096922,184810
1403638214.545097113,184906
1403638214.595097065,185028
1403638214.645097017,185171
1403638214.69509697,185282
1403638214.745096922,185410
1403638214.795097113,185555
1403638214.845097065,185639
1403638214.895097017,185740
1403638214.94509697,185854
1403638214.995096922,185969
1403638215.045097113,186052
1403638215.095097065,186180
1403638215.145097017,186294
1403638215.19509697,186406
1403638215.245096922,186530
1403638215.295097113,186631
1403638215.345097065,186739
1403638215.395097017,186859
1403638215.44509697,186963
1403638215.495096922,187071
1403638215.545097113,187174
1403638215.595097065,187282
1403638215.645097017,187399
1403638215.69509697,187484
1403638215.745096922,187596
1403638215.795097113,187730
1403638215.845097065,187839
1403638215.895097017,187923
1403638215.94509697,188044
1403638215.995096922,188173
1403638216.045097113,188272
1403638216.095097065,188396
1403638216.145097017,188517
1403638216.19509697,188645
1403638216.245096922,188738
1403638216.295097113,188842
1403638216.345097065,188941
1403638216.395097017,189078
1403638216.44509697,189171
1403638216.495096922,189307
1403638216.545097113,189417
1403638216.595097065,189514
1403638216.645097017,189607
1403638216.69509697,189722
1403638216.745096922,189834
1403638216.795097113,189961
1403638216.845097065,190075
1403638216.895097017,190208
1403638216.94509697,190293
1403638216.995096922,190404
1403638217.045097113,190519
1403638217.095097065,190608
1403638217.145097017,190735
1403638217.19509697,190868
1403638217.245096922,190990
1403638217.295097113,191117
1403638217.345097065,191219
1403638217.395097017,191326
1403638217.44509697,191427
1403638217.495096922,191552
1403638217.545097113,191667
1403638217.595097065,191799
1403638217.645097017,191905
1403638217.69509697,192027
1403638217.745096922,192113
1403638217.795097113,192224
1403638217.845097065,192325
1403638217.895097017,192448
1403638217.94509697,192564
1403638217.995096922,192687
1403638218.045097113,192794
1403638218.095097065,192915
1403638218.145097017,193008
1403638218.19509697,193143
1403638218.245096922,193271
1403638218.295097113,193371
1403638218.345097065,193486
1403638218.395097017,193602
1403638218.44509697,193693
1403638218.495096922,193824
1403638218.545097113,193948
1403638218.595097065,194049
1403638218.645097017,194146
1403638218.69509697,194262
1403638218.745096922,194363
1403638218.795097113,194503
1403638218.845097065,194606
1403638218.895097017,194701
1403638218.94509697,194823
1403638218.995096922,194967
1403638219.045097113,195066
1403638219.095097065,195179
1403638219.145097017,195293
1403638219.19509697,195408
1403638219.245096922,195499
1403638219.295097113,195617
1403638219.345097065,195730
1403638219.395097017,195834
1403638219.44509697,195921
1403638219.495096922,196049
1403638219.545097113,196194
1403638219.595097065,196286
1403638219.645097017,196379
1403638219.69509697,196489
1403638219.745096922,196583
1403638219.795097113,196702
1403638219.845097065,196812
1403638219.895097017,196926
1403638219.94509697,197043
1403638219.995096922,197137
1403638220.045097113,197238
1403638220.095097065,197370
1403638220.145097017,197490
1403638220.19509697,197583
1403638220.245096922,197702
1403638220.295097113,197807
1403638220.345097065,197919
1403638220.395097017,198033
1403638220.44509697,198155
1403638220.495096922,198277
1403638220.545097113,198397
1403638220.595097065,198515
1403638220.645097017,198630
1403638220.69509697,198721
1403638220.745096922,198825
1403638220.795097113,198945
1403638220.845097065,199070
1403638220.895097017,199182
1403638220.94509697,199301
1403638220.995096922,199393
1403638221.045097113,199494
1403638221.095097065,199592
1403638221.145097017,199711
1403638221.19509697,199831
1403638221.245096922,199954
1403638221.295097113,200053
1403638221.345097065,200148
1403638221.395097017,200260
1403638221.44509697,200376
1403638221.495096922,200488
1403638221.545097113,200578
1403638221.595097065,200710
1403638221.645097017,200829
1403638221.69509697,200945
1403638221.745096922,201060
1403638221.795097113,201181
1403638221.845097065,201277
1403638221.895097017,201395
1403638221.94509697,201482
1403638221.995096922,201615
1403638222.045097113,201739
1403638222.095097065,201839
1403638222.145097017,201936
1403638222.19509697,202040
1403638222.245096922,202143
1403638222.295097113,202247
1403638222.345097065,202356
1403638222.395097017,202476
1403638222.44509697,202577
1403638222.495096922,202700
1403638222.545097113,202811
1403638222.595097065,202913
1403638222.645097017,203004
1403638222.69509697,203109
1403638222.745096922,203221
1403638222.795097113,203323
1403638222.845097065,203450
1403638222.895097017,203537
1403638222.94509697,203656
1403638222.995096922,203753
1403638223.045097113,203862
1403638223.095097065,203979
1403638223.145097017,204092
1403638223.19509697,204211
1403638223.245096922,204326
1403638223.295097113,204439
1403638223.345097065,204531
1403638223.395097017,204665
1403638223.44509697,204774
1403638223.495096922,204893
1403638223.545097113,205006
1403638223.595097065,205119
1403638223.645097017,205237
1403638223.69509697,205341
1403638223.745096922,205439
1403638223.795097113,205568
1403638223.845097065,205696
1403638223.895097017,205792
1403638223.94509697,205898
1403638223.995096922,205991
1403638224.045097113,206090
1403638224.095097065,206194
1403638224.145097017,206293
1403638224.19509697,206407
1403638224.245096922,206537
1403638224.295097113,206639
1403638224.345097065,206755
1403638224.395097017,206876
1403638224.44509697,206996
1403638224.495096922,207085
1403638224.545097113,207201
1403638224.595097065,207327
1403638224.645097017,207437
1403638224.69509697,207540
1403638224.745096922,207652
1403638224.795097113,207739
1403638224.845097065,207869
1403638224.895097017,207990
1403638224.94509697,208111
1403638224.995096922,208196
1403638225.045097113,208312
1403638225.095097065,208429
1403638225.145097017,208556
1403638225.19509697,208679
1403638225.245096922,208778
1403638225.295097113,208908
1403638225.345097065,208993
1403638225.395097017,209087
1403638225.44509697,209179
1403638225.495096922,209282
1403638225.545097113,209389
1403638225.595097065,209509
1403638225.645097017,209637
1403638225.69509697,209737
1403638225.745096922,209848
1403638225.795097113,209966
1403638225.845097065,210085
1403638225.895097017,210191
1403638225.94509697,210304
1403638225.995096922,210414
1403638226.045097113,210538
1403638226.095097065,210632
1403638226.145097017,210742
1403638226.19509697,210847
1403638226.245096922,210960
1403638226.295097113,211075
1403638226.345097065,211173
1403638226.395097017,211264
1403638226.44509697,211371
1403638226.495096922,211468
1403638226.545097113,211582
1403638226.595097065,211696
1403638226.645097017,211814
1403638226.69509697,211934
1403638226.745096922,212032
1403638226.795097113,212126
1403638226.845097065,212228
1403638226.895097017,212319
1403638226.94509697,212414
1403638226.995096922,212519
1403638227.045097113,212638
1403638227.095097065,212731
1403638227.145097017,212829
1403638227.19509697,212919
1403638227.245096922,213006
1403638227.295097113,213111
1403638227.345097065,213218
1403638227.395097017,213315
1403638227.44509697,213429
1403638227.495096922,213533
1403638227.545097113,213627
1403638227.595097065,213709
1403638227.645097017,213804
1403638227.69509697,213926
1403638227.745096922,214057
1403638227.795097113,214169
1403638227.845097065,214266
1403638227.895097017,214376
1403638227.94509697,214499
1403638227.995096922,214587
1403638228.045097113,214727
1403638228.095097065,214830
1403638228.145097017,214941
1403638228.19509697,215037
1403638228.245096922,215167
1403638228.295097113,215271
1403638228.345097065,215388
1403638228.395097017,215488
1403638228.44509697,215619
1403638228.495096922,215716
1403638228.545097113,215846
1403638228.595097065,215942
1403638228.645097017,216064
1403638228.69509697,216170
1403638228.745096922,216300
1403638228.795097113,216400
1403638228.845097065,216523
