1403638518.127829552,5.38357
1403638518.177829504,4.81391
1403638518.227829456,4.60587
1403638518.277829409,3.58254
1403638518.327829599,4.45574
1403638518.377829552,4.4703
1403638518.427829504,4.2301
1403638518.477829456,4.44292
1403638518.527829409,4.51303
1403638518.577829599,3.77625
1403638518.627829552,4.55965
1403638518.677829504,4.86846
1403638518.727829456,5.00618
1403638518.777829409,3.87042
1403638518.827829599,4.10898
1403638518.877829552,4.52127
1403638518.927829504,4.41144
1403638518.977829456,4.24092
1403638519.027829409,4.41347
1403638519.077829599,4.45368
1403638519.127829552,3.77136
1403638519.177829504,3.71589
1403638519.227829456,4.45171
1403638519.277829409,5.22112
1403638519.327829599,3.10856
1403638519.377829552,4.34933
1403638519.427829504,4.59438
1403638519.477829456,4.8286
1403638519.527829409,4.74129
1403638519.577829599,2.93236
1403638519.627829552,4.30609
1403638519.677829504,5.01937
1403638519.727829456,3.09897
1403638519.777829409,4.1461
1403638519.827829599,3.04588
1403638519.877829552,4.41643
1403638519.927829504,3.78321
1403638519.977829456,3.18974
1403638520.027829409,2.98189
1403638520.077829599,3.97909
1403638520.127829552,4.67982
1403638520.177829504,3.19155
1403638520.227829456,4.19755
1403638520.277829409,3.27806
1403638520.327829599,4.57859
1403638520.377829552,4.39598
1403638520.427829504,3.6342
1403638520.477829456,5.16046
1403638520.527829409,4.3663
1403638520.577829599,4.61309
1403638520.627829552,3.17019
1403638520.677829504,3.18333
1403638520.727829456,2.98989
1403638520.777829409,4.33582
1403638520.827829599,3.95421
1403638520.877829552,4.33881
1403638520.927829504,3.3308
1403638520.977829456,3.52815
1403638521.027829409,3.02064
1403638521.077829599,5.14448
1403638521.127829552,3.17514
1403638521.177829504,4.84175
1403638521.227829456,3.90835
1403638521.277829409,4.50878
1403638521.327829599,4.56175
1403638521.377829552,4.21494
1403638521.427829504,4.29028
1403638521.477829456,3.28794
1403638521.527829409,4.96527
1403638521.577829599,3.12286
1403638521.627829552,4.31445
1403638521.677829504,4.89907
1403638521.727829456,4.26051
1403638521.777829409,4.76696
1403638521.827829599,5.11048
1403638521.877829552,4.91164
1403638521.927829504,4.65068
1403638521.977829456,3.17991
1403638522.027829409,4.16857
1403638522.077829599,5.65122
1403638522.127829552,14.4607
1403638522.177829504,8.77016
1403638522.227829456,8.63331
1403638522.277829409,10.9765
1403638522.327829599,9.28705
1403638522.377829552,7.51112
1403638522.427829504,9.53054
1403638522.477829456,9.88523
1403638522.527829409,9.97132
1403638522.577829599,14.2136
1403638522.627829552,12.8453
1403638522.677829504,15.5475
1403638522.727829456,14.0727
1403638522.777829409,13.0966
1403638522.827829599,15.0427
1403638522.877829552,17.7714
1403638522.927829504,17.4909
1403638522.977829456,18.786
1403638523.027829409,17.5826
1403638523.077829599,20.7893
1403638523.127829552,19.7246
1403638523.177829504,17.5154
1403638523.227829456,20.6538
1403638523.277829409,20.3527
1403638523.327829599,18.339
1403638523.377829552,19.8633
1403638523.427829504,19.4914
1403638523.477829456,20.1544
1403638523.527829409,18.3689
1403638523.577829599,20.4136
1403638523.627829552,19.2498
1403638523.677829504,17.6103
1403638523.727829456,19.6582
1403638523.777829409,17.2242
1403638523.827829599,17.7107
1403638523.877829552,16.6468
1403638523.927829504,17.0857
1403638523.977829456,17.6433
1403638524.027829409,15.5061
1403638524.077829599,16.1604
1403638524.127829552,17.2588
1403638524.177829504,18.607
1403638524.227829456,12.252
1403638524.277829409,17.5718
1403638524.327829599,16.4183
1403638524.377829552,18.9319
1403638524.427829504,21.4379
1403638524.477829456,21.3332
1403638524.527829409,18.5871
1403638524.577829599,19.1048
1403638524.627829552,18.7668
1403638524.677829504,21.2703
1403638524.727829456,19.8798
1403638524.777829409,19.9277
1403638524.827829599,21.5691
1403638524.877829552,23.0226
1403638524.927829504,23.2546
1403638524.977829456,21.0998
1403638525.027829409,20.7056
1403638525.077829599,20.76
1403638525.127829552,19.1917
1403638525.177829504,20.2164
1403638525.227829456,23.1626
1403638525.277829409,20.5391
1403638525.327829599,21.9246
1403638525.377829552,19.1579
1403638525.427829504,17.9451
1403638525.477829456,21.2959
1403638525.527829409,19.3254
1403638525.577829599,17.0965
1403638525.627829552,21.1421
1403638525.677829504,18.2809
1403638525.727829456,16.9786
1403638525.777829409,17.596
1403638525.827829599,14.4324
1403638525.877829552,14.044
1403638525.927829504,15.1832
1403638525.977829456,17.1321
1403638526.027829409,15.5751
1403638526.077829599,16.6529
1403638526.127829552,16.9669
1403638526.177829504,16.0534
1403638526.227829456,19.5437
1403638526.277829409,18.126
1403638526.327829599,18.2444
1403638526.377829552,19.6017
1403638526.427829504,20.956
1403638526.477829456,20.1395
1403638526.527829409,16.5138
1403638526.577829599,18.9209
1403638526.627829552,20.3759
1403638526.677829504,21.448
1403638526.727829456,19.3809
1403638526.777829409,20.7428
1403638526.827829599,21.0884
1403638526.877829552,19.4539
1403638526.927829504,19.2175
1403638526.977829456,20.2002
1403638527.027829409,17.659
1403638527.077829599,16.7952
1403638527.127829552,18.687
1403638527.177829504,18.1667
1403638527.227829456,19.0087
1403638527.277829409,18.2862
1403638527.327829599,17.4513
1403638527.377829552,14.388
1403638527.427829504,17.4231
1403638527.477829456,20.7989
1403638527.527829409,18.205
1403638527.577829599,17.6888
1403638527.627829552,18.2483
1403638527.677829504,20.285
1403638527.727829456,18.5583
1403638527.777829409,17.3448
1403638527.827829599,20.1369
1403638527.877829552,18.9656
1403638527.927829504,16.0835
1403638527.977829456,19.3958
1403638528.027829409,19.4049
1403638528.077829599,19.6014
1403638528.127829552,21.5501
1403638528.177829504,19.5858
1403638528.227829456,19.2677
1403638528.277829409,21.596
1403638528.327829599,21.7761
1403638528.377829552,22.4636
1403638528.427829504,16.5126
1403638528.477829456,22.3857
1403638528.527829409,23.6362
1403638528.577829599,23.2292
1403638528.627829552,23.2315
1403638528.677829504,22.6622
1403638528.727829456,21.1492
1403638528.777829409,19.8822
1403638528.827829599,19.8914
1403638528.877829552,20.2223
1403638528.927829504,22.6024
1403638528.977829456,22.7928
1403638529.027829409,20.4748
1403638529.077829599,23.9001
1403638529.127829552,20.5565
1403638529.177829504,21.8808
1403638529.227829456,19.3553
1403638529.277829409,20.3683
1403638529.327829599,21.749
1403638529.377829552,20.8773
1403638529.427829504,21.8433
1403638529.477829456,21.3248
1403638529.527829409,22.8904
1403638529.577829599,19.9575
1403638529.627829552,20.3639
1403638529.677829504,21.3566
1403638529.727829456,18.5244
1403638529.777829409,19.4926
1403638529.827829599,20.3458
1403638529.877829552,17.42
1403638529.927829504,17.1324
1403638529.977829456,18.918
1403638530.027829409,15.1156
1403638530.077829599,16.1656
1403638530.127829552,18.6107
1403638530.177829504,17.178
1403638530.227829456,14.7098
1403638530.277829409,14.8752
1403638530.327829599,14.8298
1403638530.377829552,15.9686
1403638530.427829504,17.893
1403638530.477829456,16.6562
1403638530.527829409,14.8336
1403638530.577829599,13.006
1403638530.627829552,17.8306
1403638530.677829504,13.0615
1403638530.727829456,13.5097
1403638530.777829409,15.6732
1403638530.827829599,15.5738
1403638530.877829552,13.9996
1403638530.927829504,15.5287
1403638530.977829456,11.0897
1403638531.027829409,15.9634
1403638531.077829599,16.1173
1403638531.127829552,13.6941
1403638531.177829504,11.8781
1403638531.227829456,15.1027
1403638531.277829409,14.9701
1403638531.327829599,14.7304
1403638531.377829552,14.3488
1403638531.427829504,14.7217
1403638531.477829456,14.4375
1403638531.527829409,15.9184
1403638531.577829599,12.748
1403638531.627829552,12.9175
1403638531.677829504,14.6356
1403638531.727829456,14.1831
1403638531.777829409,13.3763
1403638531.827829599,14.2267
1403638531.877829552,13.9181
1403638531.927829504,14.5397
1403638531.977829456,14.9646
1403638532.027829409,9.64503
1403638532.077829599,15.7659
1403638532.127829552,15.9918
1403638532.177829504,13.8024
1403638532.227829456,15.1795
1403638532.277829409,12.867
1403638532.327829599,13.8036
1403638532.377829552,15.7882
1403638532.427829504,14.2272
1403638532.477829456,12.1709
1403638532.527829409,16.679
1403638532.577829599,14.0401
1403638532.627829552,11.6618
1403638532.677829504,14.237
1403638532.727829456,14.4521
1403638532.777829409,13.7035
1403638532.827829599,14.5668
1403638532.877829552,15.9364
1403638532.927829504,13.2767
1403638532.977829456,15.2304
1403638533.027829409,16.7915
1403638533.077829599,12.3114
1403638533.127829552,15.3372
1403638533.177829504,13.6701
1403638533.227829456,14.9439
1403638533.277829409,11.3992
1403638533.327829599,16.5813
1403638533.377829552,13.6136
1403638533.427829504,15.18
1403638533.477829456,15.0765
1403638533.527829409,13.6311
1403638533.577829599,14.8174
1403638533.627829552,12.3233
1403638533.677829504,11.4609
1403638533.727829456,13.9497
1403638533.777829409,14.5288
1403638533.827829599,12.4562
1403638533.877829552,12.8913
1403638533.927829504,14.3485
1403638533.977829456,12.0429
1403638534.027829409,14.6119
1403638534.077829599,14.389
1403638534.127829552,15.2913
1403638534.177829504,14.0103
1403638534.227829456,14.1303
1403638534.277829409,10.2553
1403638534.327829599,16.9453
1403638534.377829552,14.3811
1403638534.427829504,13.2554
1403638534.477829456,14.6046
1403638534.527829409,12.85
1403638534.577829599,15.3696
1403638534.627829552,15.4939
1403638534.677829504,15.0481
1403638534.727829456,13.4185
1403638534.777829409,12.4776
1403638534.827829599,15.6481
1403638534.877829552,13.7983
1403638534.927829504,14.6583
1403638534.977829456,17.4991
1403638535.027829409,14.389
1403638535.077829599,15.0016
1403638535.127829552,15.6166
1403638535.177829504,13.5539
1403638535.227829456,12.3969
1403638535.277829409,14.2453
1403638535.327829599,14.5857
1403638535.377829552,16.4058
1403638535.427829504,11.2355
1403638535.477829456,15.8225
1403638535.527829409,14.611
1403638535.577829599,12.103
1403638535.627829552,14.6925
1403638535.677829504,16.6703
1403638535.727829456,14.0682
1403638535.777829409,13.3997
1403638535.827829599,13.7765
1403638535.877829552,14.8633
1403638535.927829504,13.9525
1403638535.977829456,14.47
1403638536.027829409,14.8494
1403638536.077829599,13.4745
1403638536.127829552,15.519
1403638536.177829504,14.0645
1403638536.227829456,11.7634
1403638536.277829409,15.5119
1403638536.327829599,15.6757
1403638536.377829552,14.0551
1403638536.427829504,14.1383
1403638536.477829456,15.8799
1403638536.527829409,14.8627
1403638536.577829599,16.882
1403638536.627829552,17.8234
1403638536.677829504,13.9236
1403638536.727829456,14.2115
1403638536.777829409,16.0664
1403638536.827829599,13.1149
1403638536.877829552,15.672
1403638536.927829504,11.1675
1403638536.977829456,14.3606
1403638537.027829409,15.5529
1403638537.077829599,12.8685
1403638537.127829552,16.4325
1403638537.177829504,14.0048
1403638537.227829456,16.9119
1403638537.277829409,12.2909
1403638537.327829599,14.9883
1403638537.377829552,13.8471
1403638537.427829504,13.4826
1403638537.477829456,12.3081
1403638537.527829409,14.0775
1403638537.577829599,14.6721
1403638537.627829552,16.8653
1403638537.677829504,17.1625
1403638537.727829456,15.8688
1403638537.777829409,14.4839
1403638537.827829599,16.3666
1403638537.877829552,13.39
1403638537.927829504,13.7392
1403638537.977829456,14.5135
1403638538.027829409,14.8241
1403638538.077829599,15.5649
1403638538.127829552,14.9449
1403638538.177829504,13.175
1403638538.227829456,15.1644
1403638538.277829409,16.3035
1403638538.327829599,13.3995
1403638538.377829552,13.8702
1403638538.427829504,15.7195
1403638538.477829456,13.982
1403638538.527829409,17.1691
1403638538.577829599,13.2565
1403638538.627829552,13.6752
1403638538.677829504,16.2577
1403638538.727829456,16.7873
1403638538.777829409,14.1539
1403638538.827829599,12.9679
1403638538.877829552,14.5147
1403638538.927829504,13.3364
1403638538.977829456,13.9856
1403638539.027829409,17.6199
1403638539.077829599,15.31
1403638539.127829552,16.7078
1403638539.177829504,19.7414
1403638539.227829456,16.6926
1403638539.277829409,18.0629
1403638539.327829599,18.6749
1403638539.377829552,16.8032
1403638539.427829504,17.617
1403638539.477829456,19.8626
1403638539.527829409,19.1036
1403638539.577829599,22.5867
1403638539.627829552,21.0014
1403638539.677829504,20.1749
1403638539.727829456,19.9901
1403638539.777829409,20.3324
1403638539.827829599,22.3723
1403638539.877829552,21.9954
1403638539.927829504,23.6617
1403638539.977829456,20.584
1403638540.027829409,19.3113
1403638540.077829599,22.1348
1403638540.127829552,20.5524
1403638540.177829504,20.546
1403638540.227829456,19.1356
1403638540.277829409,21.643
1403638540.327829599,23.3101
1403638540.377829552,21.5007
1403638540.427829504,23.0154
1403638540.477829456,20.8407
1403638540.527829409,24.203
1403638540.577829599,23.0997
1403638540.627829552,20.515
1403638540.677829504,21.6809
1403638540.727829456,22.0341
1403638540.777829409,21.1843
1403638540.827829599,21.8169
1403638540.877829552,21.6188
1403638540.927829504,21.4835
1403638540.977829456,21.2953
1403638541.027829409,19.4171
1403638541.077829599,20.1912
1403638541.127829552,21.3694
1403638541.177829504,23.2562
1403638541.227829456,23.356
1403638541.277829409,21.4273
1403638541.327829599,22.1957
1403638541.377829552,21.2713
1403638541.427829504,20.3001
1403638541.477829456,22.1887
1403638541.527829409,22.2482
1403638541.577829599,21.9396
1403638541.627829552,23.0161
1403638541.677829504,21.1641
1403638541.727829456,21.7515
1403638541.777829409,23.4989
1403638541.827829599,23.8673
1403638541.877829552,20.2701
1403638541.927829504,23.5481
1403638541.977829456,21.6441
1403638542.027829409,23.8305
1403638542.077829599,23.6371
1403638542.127829552,23.6337
1403638542.177829504,20.5045
1403638542.227829456,22.0874
1403638542.277829409,24.2742
1403638542.327829599,23.6457
1403638542.377829552,21.146
1403638542.427829504,20.4105
1403638542.477829456,21.6288
1403638542.527829409,20.1945
1403638542.577829599,20.7724
1403638542.627829552,22.8964
1403638542.677829504,22.7829
1403638542.727829456,23.0639
1403638542.777829409,24.4062
1403638542.827829599,25.4682
1403638542.877829552,25.1451
1403638542.927829504,22.9872
1403638542.977829456,23.6478
1403638543.027829409,23.1655
1403638543.077829599,25.3439
1403638543.127829552,24.056
1403638543.177829504,24.7194
1403638543.227829456,26.202
1403638543.277829409,23.7463
1403638543.327829599,25.3496
1403638543.377829552,23.8536
1403638543.427829504,21.6822
1403638543.477829456,23.1072
1403638543.527829409,25.5819
1403638543.577829599,24.8363
1403638543.627829552,22.7841
1403638543.677829504,23.8285
1403638543.727829456,23.0727
1403638543.777829409,23.0918
1403638543.827829599,22.7362
1403638543.877829552,22.3644
1403638543.927829504,22.0778
1403638543.977829456,23.3332
1403638544.027829409,22.8132
1403638544.077829599,22.102
1403638544.127829552,24.9308
1403638544.177829504,20.6159
1403638544.227829456,22.759
1403638544.277829409,23.0405
1403638544.327829599,24.4037
1403638544.377829552,23.0967
1403638544.427829504,23.1708
1403638544.477829456,23.8896
1403638544.527829409,23.3125
1403638544.577829599,25.6878
1403638544.627829552,21.1661
1403638544.677829504,26.3936
1403638544.727829456,22.3848
1403638544.777829409,24.8324
1403638544.827829599,22.8178
1403638544.877829552,25.3221
1403638544.927829504,24.5202
1403638544.977829456,23.1399
1403638545.027829409,23.1157
1403638545.077829599,22.7841
1403638545.127829552,23.6102
1403638545.177829504,26.5284
1403638545.227829456,23.3188
1403638545.277829409,26.3397
1403638545.327829599,23.9444
1403638545.377829552,25.6611
1403638545.427829504,26.0206
1403638545.477829456,26.0263
1403638545.527829409,24.3478
1403638545.577829599,26.2563
1403638545.627829552,23.5884
1403638545.677829504,24.2976
1403638545.727829456,22.7899
1403638545.777829409,22.1166
1403638545.827829599,21.0572
1403638545.877829552,22.0155
1403638545.927829504,23.2658
1403638545.977829456,20.7106
1403638546.027829409,22.2461
1403638546.077829599,23.4224
1403638546.127829552,20.8726
1403638546.177829504,25.1542
1403638546.227829456,22.1125
1403638546.277829409,19.0805
1403638546.327829599,23.2357
1403638546.377829552,24.5402
1403638546.427829504,18.0965
1403638546.477829456,24.3936
1403638546.527829409,24.1101
1403638546.577829599,23.3332
1403638546.627829552,24.7795
1403638546.677829504,24.5493
1403638546.727829456,24.0183
1403638546.777829409,24.6973
1403638546.827829599,26.1914
1403638546.877829552,22.7158
1403638546.927829504,22.2402
1403638546.977829456,21.9836
1403638547.027829409,22.9457
1403638547.077829599,25.0833
1403638547.127829552,21.8636
1403638547.177829504,22.8215
1403638547.227829456,25.4405
1403638547.277829409,24.3109
1403638547.327829599,23.7507
1403638547.377829552,22.9594
1403638547.427829504,24.3545
1403638547.477829456,23.2329
1403638547.527829409,23.1356
1403638547.577829599,21.8917
1403638547.627829552,24.7297
1403638547.677829504,23.3672
1403638547.727829456,24.3285
1403638547.777829409,25.0696
1403638547.827829599,24.2342
1403638547.877829552,24.2999
1403638547.927829504,21.9612
1403638547.977829456,23.5029
1403638548.027829409,22.3352
1403638548.077829599,17.7675
1403638548.127829552,24.1833
1403638548.177829504,21.4354
1403638548.227829456,21.6515
1403638548.277829409,23.8867
1403638548.327829599,25.3837
1403638548.377829552,23.9436
1403638548.427829504,22.6668
1403638548.477829456,22.4251
1403638548.527829409,20.6348
1403638548.577829599,23.425
1403638548.627829552,21.1673
1403638548.677829504,21.4708
1403638548.727829456,24.4277
1403638548.777829409,24.6639
1403638548.827829599,21.921
1403638548.877829552,25.4676
1403638548.927829504,25.2397
1403638548.977829456,22.5495
1403638549.027829409,25.1533
1403638549.077829599,22.1858
1403638549.127829552,24.4953
1403638549.177829504,22.9964
1403638549.227829456,21.2483
1403638549.277829409,22.1974
1403638549.327829599,25.2299
1403638549.377829552,24.6798
1403638549.427829504,19.9589
1403638549.477829456,25.5069
1403638549.527829409,20.9275
1403638549.577829599,23.8221
1403638549.627829552,23.1592
1403638549.677829504,23.7196
1403638549.727829456,22.2002
1403638549.777829409,23.8375
1403638549.827829599,22.3472
1403638549.877829552,23.2187
1403638549.927829504,26.1865
1403638549.977829456,23.5022
1403638550.027829409,18.8568
1403638550.077829599,22.2557
1403638550.127829552,24.9975
1403638550.177829504,24.4861
1403638550.227829456,22.7601
1403638550.277829409,22.3975
1403638550.327829599,20.1979
1403638550.377829552,23.4285
1403638550.427829504,23.9649
1403638550.477829456,21.2722
1403638550.527829409,22.8879
1403638550.577829599,25.0756
1403638550.627829552,22.345
1403638550.677829504,23.0465
1403638550.727829456,24.6443
1403638550.777829409,23.7392
1403638550.827829599,22.5081
1403638550.877829552,24.9486
1403638550.927829504,22.9037
1403638550.977829456,25.9307
1403638551.027829409,22.006
1403638551.077829599,21.4414
1403638551.127829552,25.5823
1403638551.177829504,22.9349
1403638551.227829456,21.2998
1403638551.277829409,26.5189
1403638551.327829599,21.882
1403638551.377829552,21.9968
1403638551.427829504,24.7606
1403638551.477829456,23.154
1403638551.527829409,23.3178
1403638551.577829599,25.6622
1403638551.627829552,23.9649
1403638551.677829504,22.8194
1403638551.727829456,23.9329
1403638551.777829409,24.9302
1403638551.827829599,24.9809
1403638551.877829552,23.8863
1403638551.927829504,23.4394
1403638551.977829456,22.7228
1403638552.027829409,22.9485
1403638552.077829599,25.5552
1403638552.127829552,25.6028
1403638552.177829504,22.9473
1403638552.227829456,25.1752
1403638552.277829409,23.3168
1403638552.327829599,26.3796
1403638552.377829552,25.5324
1403638552.427829504,23.0501
1403638552.477829456,26.4021
1403638552.527829409,25.8315
1403638552.577829599,25.179
1403638552.627829552,23.0266
1403638552.677829504,23.735
1403638552.727829456,25.5378
1403638552.777829409,25.7178
1403638552.827829599,26.2959
1403638552.877829552,24.7669
1403638552.927829504,26.9916
1403638552.977829456,26.1207
1403638553.027829409,24.2555
1403638553.077829599,26.5525
1403638553.127829552,23.6385
1403638553.177829504,22.9639
1403638553.227829456,26.0893
1403638553.277829409,25.777
1403638553.327829599,22.1798
1403638553.377829552,24.3342
1403638553.427829504,26.2828
1403638553.477829456,24.6652
1403638553.527829409,24.5907
1403638553.577829599,24.2617
1403638553.627829552,25.4027
1403638553.677829504,23.6191
1403638553.727829456,23.6838
1403638553.777829409,24.6555
1403638553.827829599,25.8191
1403638553.877829552,27.9001
1403638553.927829504,21.7045
1403638553.977829456,24.1695
1403638554.027829409,27.0228
1403638554.077829599,24.9753
1403638554.127829552,23.2407
1403638554.177829504,23.8876
1403638554.227829456,25.331
1403638554.277829409,24.414
1403638554.327829599,26.6608
1403638554.377829552,25.3787
1403638554.427829504,23.9766
1403638554.477829456,26.2975
1403638554.527829409,19.2937
1403638554.577829599,18.3116
1403638554.627829552,23.7668
1403638554.677829504,23.0938
1403638554.727829456,24.8806
1403638554.777829409,25.2682
1403638554.827829599,24.7742
1403638554.877829552,25.4436
1403638554.927829504,24.1351
1403638554.977829456,24.8769
1403638555.027829409,24.4448
1403638555.077829599,23.6724
1403638555.127829552,22.8715
1403638555.177829504,26.3428
1403638555.227829456,25.6354
1403638555.277829409,24.1714
1403638555.327829599,24.3722
1403638555.377829552,22.8565
1403638555.427829504,21.9228
1403638555.477829456,21.7845
1403638555.527829409,22.629
1403638555.577829599,22.764
1403638555.627829552,26.3836
1403638555.677829504,26.1983
1403638555.727829456,22.0301
1403638555.777829409,23.8847
1403638555.827829599,21.8119
1403638555.877829552,23.9831
1403638555.927829504,24.5598
1403638555.977829456,25.5121
1403638556.027829409,24.6423
1403638556.077829599,26.4655
1403638556.127829552,22.824
1403638556.177829504,25.4585
1403638556.227829456,26.2512
1403638556.277829409,25.6866
1403638556.327829599,25.9349
1403638556.377829552,24.3085
1403638556.427829504,25.6281
1403638556.477829456,22.0934
1403638556.527829409,24.2677
1403638556.577829599,23.3607
1403638556.627829552,25.5634
1403638556.677829504,26.4117
1403638556.727829456,26.6626
1403638556.777829409,23.4417
1403638556.827829599,24.0322
1403638556.877829552,25.2792
1403638556.927829504,22.1776
1403638556.977829456,22.6023
1403638557.027829409,22.6319
1403638557.077829599,24.0914
1403638557.127829552,22.4026
1403638557.177829504,25.1533
1403638557.227829456,25.012
1403638557.277829409,23.4926
1403638557.327829599,23.6001
1403638557.377829552,22.3796
1403638557.427829504,24.3941
1403638557.477829456,25.6697
1403638557.527829409,25.1678
1403638557.577829599,27.1979
1403638557.627829552,22.7986
1403638557.677829504,25.0089
1403638557.727829456,23.7061
1403638557.777829409,24.9387
1403638557.827829599,24.9172
1403638557.877829552,25.1603
1403638557.927829504,24.2967
1403638557.977829456,23.4489
1403638558.027829409,26.0865
1403638558.077829599,24.6968
1403638558.127829552,23.9925
1403638558.177829504,23.4246
1403638558.227829456,23.6778
1403638558.277829409,23.1073
1403638558.327829599,24.5211
1403638558.377829552,23.0319
1403638558.427829504,23.4834
1403638558.477829456,23.4524
1403638558.527829409,22.8536
1403638558.577829599,22.3567
1403638558.627829552,22.6722
1403638558.677829504,25.9887
1403638558.727829456,24.5092
1403638558.777829409,23.659
1403638558.827829599,24.9072
1403638558.877829552,22.7026
1403638558.927829504,23.1419
1403638558.977829456,25.1495
1403638559.027829409,22.1453
1403638559.077829599,25.3248
1403638559.127829552,23.9874
1403638559.177829504,21.9292
1403638559.227829456,23.1437
1403638559.277829409,25.2044
1403638559.327829599,23.7411
1403638559.377829552,25.4474
1403638559.427829504,22.8741
1403638559.477829456,24.0245
1403638559.527829409,23.7255
1403638559.577829599,25.2641
1403638559.627829552,21.9966
1403638559.677829504,23.4615
1403638559.727829456,23.4818
1403638559.777829409,21.749
1403638559.827829599,25.8045
1403638559.877829552,25.319
1403638559.927829504,22.5822
1403638559.977829456,24.0089
1403638560.027829409,22.1249
1403638560.077829599,20.8765
1403638560.127829552,24.766
1403638560.177829504,21.7207
1403638560.227829456,19.9295
1403638560.277829409,21.4273
1403638560.327829599,22.5044
1403638560.377829552,21.8932
1403638560.427829504,20.6324
1403638560.477829456,22.6257
1403638560.527829409,22.2781
1403638560.577829599,19.5784
1403638560.627829552,20.345
1403638560.677829504,23.147
1403638560.727829456,23.0754
1403638560.777829409,21.6123
1403638560.827829599,21.1955
1403638560.877829552,22.6264
1403638560.927829504,19.1248
1403638560.977829456,20.5418
1403638561.027829409,22.1608
1403638561.077829599,19.5083
1403638561.127829552,21.6781
1403638561.177829504,20.2427
1403638561.227829456,20.6512
1403638561.277829409,19.6217
1403638561.327829599,21.3871
1403638561.377829552,21.5956
1403638561.427829504,20.902
1403638561.477829456,22.0831
1403638561.527829409,21.7072
1403638561.577829599,21.4659
1403638561.627829552,24.2415
1403638561.677829504,21.0518
1403638561.727829456,21.57
1403638561.777829409,22.4201
1403638561.827829599,23.7991
1403638561.877829552,23.8282
1403638561.927829504,21.3699
1403638561.977829456,23.8718
1403638562.027829409,22.7523
1403638562.077829599,25.0643
1403638562.127829552,22.8765
1403638562.177829504,21.0484
1403638562.227829456,23.6565
1403638562.277829409,21.9651
1403638562.327829599,21.901
1403638562.377829552,21.7573
1403638562.427829504,23.6505
1403638562.477829456,22.6438
1403638562.527829409,22.7843
1403638562.577829599,22.2246
1403638562.627829552,21.1239
1403638562.677829504,24.4112
1403638562.727829456,24.0649
1403638562.777829409,21.3944
1403638562.827829599,22.1859
1403638562.877829552,22.5997
1403638562.927829504,22.9394
1403638562.977829456,24.4454
1403638563.027829409,21.4731
1403638563.077829599,22.3431
1403638563.127829552,23.4458
1403638563.177829504,23.4819
1403638563.227829456,21.615
1403638563.277829409,23.0092
1403638563.327829599,23.2256
1403638563.377829552,20.6447
1403638563.427829504,22.3446
1403638563.477829456,22.2523
1403638563.527829409,23.0432
1403638563.577829599,22.7467
1403638563.627829552,22.4703
1403638563.677829504,23.2808
1403638563.727829456,24.5292
1403638563.777829409,22.8734
1403638563.827829599,24.8475
1403638563.877829552,24.0989
1403638563.927829504,24.6219
1403638563.977829456,22.2092
1403638564.027829409,25.1608
1403638564.077829599,22.7249
1403638564.127829552,22.2429
1403638564.177829504,23.9567
1403638564.227829456,23.596
1403638564.277829409,22.0677
1403638564.327829599,22.1664
1403638564.377829552,23.655
1403638564.427829504,24.4809
1403638564.477829456,23.5225
1403638564.527829409,23.8076
1403638564.577829599,20.7809
1403638564.627829552,24.0612
1403638564.677829504,23.7827
1403638564.727829456,21.6586
1403638564.777829409,23.5593
1403638564.827829599,21.1424
1403638564.877829552,22.1119
1403638564.927829504,24.5286
1403638564.977829456,24.4112
1403638565.027829409,22.0761
1403638565.077829599,24.1168
1403638565.127829552,22.1968
1403638565.177829504,23.4439
1403638565.227829456,22.9421
1403638565.277829409,21.0872
1403638565.327829599,21.359
1403638565.377829552,24.0926
1403638565.427829504,23.3878
1403638565.477829456,21.8626
1403638565.527829409,21.2512
1403638565.577829599,18.6294
1403638565.627829552,19.693
1403638565.677829504,22.9309
1403638565.727829456,22.0675
1403638565.777829409,22.4347
1403638565.827829599,20.5957
1403638565.877829552,20.9051
1403638565.927829504,20.9321
1403638565.977829456,21.9872
1403638566.027829409,20.1821
1403638566.077829599,20.8448
1403638566.127829552,23.2789
1403638566.177829504,19.0505
1403638566.227829456,21.1055
1403638566.277829409,21.2662
1403638566.327829599,23.0831
1403638566.377829552,20.2017
1403638566.427829504,17.336
1403638566.477829456,22.0329
1403638566.527829409,20.0674
1403638566.577829599,18.7236
1403638566.627829552,22.0376
1403638566.677829504,20.2429
1403638566.727829456,22.6489
1403638566.777829409,20.7124
1403638566.827829599,21.7166
1403638566.877829552,23.3717
1403638566.927829504,21.8467
1403638566.977829456,23.6881
1403638567.027829409,21.8838
1403638567.077829599,23.2467
1403638567.127829552,21.6433
1403638567.177829504,24.9255
1403638567.227829456,25.5719
1403638567.277829409,22.0566
1403638567.327829599,25.009
1403638567.377829552,22.4022
1403638567.427829504,23.809
1403638567.477829456,23.478
1403638567.527829409,23.2518
1403638567.577829599,24.3103
1403638567.627829552,22.909
1403638567.677829504,22.292
1403638567.727829456,25.5354
1403638567.777829409,24.7716
1403638567.827829599,23.364
1403638567.877829552,24.6655
1403638567.927829504,25.4292
1403638567.977829456,24.7637
1403638568.027829409,23.1434
1403638568.077829599,23.214
1403638568.127829552,25.8048
1403638568.177829504,23.0111
1403638568.227829456,23.7198
1403638568.277829409,26.8177
1403638568.327829599,25.3877
1403638568.377829552,24.7844
1403638568.427829504,27.1495
1403638568.477829456,24.4541
1403638568.527829409,27.4091
1403638568.577829599,25.4894
1403638568.627829552,23.9055
1403638568.677829504,26.0157
1403638568.727829456,24.2035
1403638568.777829409,25.0363
1403638568.827829599,27.3496
1403638568.877829552,24.4796
1403638568.927829504,25.8129
1403638568.977829456,26.7529
1403638569.027829409,25.1728
1403638569.077829599,26.3067
1403638569.127829552,25.7999
1403638569.177829504,25.1587
1403638569.227829456,21.502
1403638569.277829409,24.8019
1403638569.327829599,25.0178
1403638569.377829552,24.8905
1403638569.427829504,27.5288
1403638569.477829456,27.662
1403638569.527829409,27.0964
1403638569.577829599,26.8879
1403638569.627829552,27.0103
1403638569.677829504,24.7035
1403638569.727829456,27.7536
1403638569.777829409,27.961
1403638569.827829599,27.2125
1403638569.877829552,25.5302
1403638569.927829504,26.343
1403638569.977829456,27.1635
1403638570.027829409,24.6433
1403638570.077829599,28.5722
1403638570.127829552,23.8332
1403638570.177829504,26.1154
1403638570.227829456,29.1178
1403638570.277829409,23.7595
1403638570.327829599,26.8607
1403638570.377829552,26.4964
1403638570.427829504,24.9677
1403638570.477829456,23.106
1403638570.527829409,27.3514
1403638570.577829599,26.5044
1403638570.627829552,25.1546
1403638570.677829504,27.2225
1403638570.727829456,23.5232
1403638570.777829409,23.5983
1403638570.827829599,24.9281
1403638570.877829552,23.9382
1403638570.927829504,23.2423
1403638570.977829456,27.6221
1403638571.027829409,24.5153
1403638571.077829599,25.1916
1403638571.127829552,26.178
1403638571.177829504,25.0763
1403638571.227829456,24.0623
1403638571.277829409,24.0357
1403638571.327829599,24.1937
1403638571.377829552,23.5249
1403638571.427829504,26.1741
1403638571.477829456,24.3867
1403638571.527829409,25.3002
1403638571.577829599,25.5897
1403638571.627829552,25.2003
1403638571.677829504,23.7121
1403638571.727829456,23.095
1403638571.777829409,22.9594
1403638571.827829599,22.714
1403638571.877829552,24.2024
1403638571.927829504,23.368
1403638571.977829456,25.701
1403638572.027829409,23.3866
1403638572.077829599,22.667
1403638572.127829552,25.8975
1403638572.177829504,25.6669
1403638572.227829456,21.6959
1403638572.277829409,26.4675
1403638572.327829599,24.4462
1403638572.377829552,22.8091
1403638572.427829504,25.4562
1403638572.477829456,22.893
1403638572.527829409,25.0536
1403638572.577829599,22.993
1403638572.627829552,22.6789
1403638572.677829504,23.2619
1403638572.727829456,24.6323
1403638572.777829409,24.7762
1403638572.827829599,22.3304
1403638572.877829552,24.4701
1403638572.927829504,22.8277
1403638572.977829456,23.6556
1403638573.027829409,24.6408
1403638573.077829599,24.8819
1403638573.127829552,23.4662
1403638573.177829504,24.4468
1403638573.227829456,24.3895
1403638573.277829409,24.6434
1403638573.327829599,22.5776
1403638573.377829552,23.6963
1403638573.427829504,23.7648
1403638573.477829456,24.6922
1403638573.527829409,22.6368
1403638573.577829599,22.0152
1403638573.627829552,23.269
1403638573.677829504,24.2431
1403638573.727829456,20.2251
1403638573.777829409,22.8869
1403638573.827829599,22.0138
1403638573.877829552,21.1146
1403638573.927829504,23.5508
1403638573.977829456,22.6104
1403638574.027829409,20.2234
1403638574.077829599,22.7761
1403638574.127829552,19.7236
1403638574.177829504,21.6312
1403638574.227829456,22.0966
1403638574.277829409,19.2546
1403638574.327829599,22.6406
1403638574.377829552,24.5231
1403638574.427829504,24.1515
1403638574.477829456,22.5744
1403638574.527829409,22.5788
1403638574.577829599,21.7241
1403638574.627829552,21.3389
1403638574.677829504,23.5789
1403638574.727829456,24.1274
1403638574.777829409,22.7027
1403638574.827829599,23.178
1403638574.877829552,23.4971
1403638574.927829504,23.293
1403638574.977829456,25.2622
1403638575.027829409,24.5532
1403638575.077829599,22.1671
1403638575.127829552,21.3649
1403638575.177829504,22.1709
1403638575.227829456,25.0335
1403638575.277829409,25.1034
1403638575.327829599,25.0809
1403638575.377829552,22.4451
1403638575.427829504,23.943
1403638575.477829456,24.4793
1403638575.527829409,20.5293
1403638575.577829599,25.2295
1403638575.627829552,23.0672
1403638575.677829504,22.1335
1403638575.727829456,25.3778
1403638575.777829409,23.6915
1403638575.827829599,22.2673
1403638575.877829552,22.6714
1403638575.927829504,21.1698
1403638575.977829456,18.3456
1403638576.027829409,21.1191
1403638576.077829599,22.7226
1403638576.127829552,22.1765
1403638576.177829504,22.8897
1403638576.227829456,24.488
1403638576.277829409,20.0718
1403638576.327829599,22.8944
1403638576.377829552,21.4304
1403638576.427829504,23.2222
1403638576.477829456,21.873
1403638576.527829409,25.1098
1403638576.577829599,18.6489
1403638576.627829552,23.1486
1403638576.677829504,21.8645
1403638576.727829456,20.0119
1403638576.777829409,21.479
1403638576.827829599,22.8519
1403638576.877829552,18.7487
1403638576.927829504,25.1757
1403638576.977829456,22.6295
1403638577.027829409,20.4751
1403638577.077829599,23.1816
1403638577.127829552,24.6262
1403638577.177829504,19.6928
1403638577.227829456,21.6712
1403638577.277829409,22.9572
1403638577.327829599,18.8173
1403638577.377829552,23.1869
1403638577.427829504,23.895
1403638577.477829456,23.4444
1403638577.527829409,25.3765
1403638577.577829599,20.4529
1403638577.627829552,20.3157
1403638577.677829504,21.5363
1403638577.727829456,23.2204
1403638577.777829409,21.679
1403638577.827829599,23.5101
1403638577.877829552,24.2592
1403638577.927829504,19.4639
1403638577.977829456,22.3543
1403638578.027829409,22.0474
1403638578.077829599,19.469
1403638578.127829552,24.7837
1403638578.177829504,24.1272
1403638578.227829456,22.7119
1403638578.277829409,26.2972
1403638578.327829599,25.1257
1403638578.377829552,20.2786
1403638578.427829504,25.8909
1403638578.477829456,22.5197
1403638578.527829409,20.881
1403638578.577829599,22.4235
1403638578.627829552,24.2267
1403638578.677829504,21.4315
1403638578.727829456,23.8824
1403638578.777829409,24.6684
1403638578.827829599,21.2117
1403638578.877829552,22.9067
1403638578.927829504,24.3081
1403638578.977829456,20.0834
1403638579.027829409,24.5546
1403638579.077829599,23.3619
1403638579.127829552,21.2546
1403638579.177829504,23.39
1403638579.227829456,25.2053
1403638579.277829409,22.4362
1403638579.327829599,25.3313
1403638579.377829552,24.4546
1403638579.427829504,19.009
1403638579.477829456,24.7642
1403638579.527829409,22.482
1403638579.577829599,21.537
1403638579.627829552,23.3016
1403638579.677829504,21.8816
1403638579.727829456,18.4123
1403638579.777829409,22.9041
1403638579.827829599,23.6838
1403638579.877829552,17.5375
1403638579.927829504,21.0243
1403638579.977829456,18.622
1403638580.027829409,21.485
1403638580.077829599,21.3769
1403638580.127829552,20.1138
1403638580.177829504,17.6136
1403638580.227829456,18.0349
1403638580.277829409,19.9591
1403638580.327829599,16.8682
1403638580.377829552,20.8287
1403638580.427829504,19.8098
1403638580.477829456,19.2906
1403638580.527829409,22.4873
1403638580.577829599,19.8551
1403638580.627829552,15.3237
1403638580.677829504,17.3329
1403638580.727829456,18.6359
1403638580.777829409,16.4222
1403638580.827829599,18.6953
1403638580.877829552,18.9923
1403638580.927829504,17.5283
1403638580.977829456,18.9926
1403638581.027829409,20.7413
1403638581.077829599,18.2626
1403638581.127829552,20.5238
1403638581.177829504,19.3186
1403638581.227829456,18.1083
1403638581.277829409,20.5771
1403638581.327829599,18.8359
1403638581.377829552,19.8057
1403638581.427829504,19.2444
1403638581.477829456,22.142
1403638581.527829409,20.0748
1403638581.577829599,20.9014
1403638581.627829552,19.6968
1403638581.677829504,17.6543
1403638581.727829456,21.988
1403638581.777829409,21.9596
1403638581.827829599,21.255
1403638581.877829552,22.226
1403638581.927829504,21.9328
1403638581.977829456,20.3139
1403638582.027829409,22.535
1403638582.077829599,22.4792
1403638582.127829552,19.023
1403638582.177829504,20.172
1403638582.227829456,20.9224
1403638582.277829409,19.8097
1403638582.327829599,22.5069
1403638582.377829552,22.2167
1403638582.427829504,20.7399
1403638582.477829456,21.8285
1403638582.527829409,20.517
1403638582.577829599,21.1661
1403638582.627829552,23.0297
1403638582.677829504,21.9369
1403638582.727829456,22.8191
1403638582.777829409,23.7513
1403638582.827829599,22.8188
1403638582.877829552,18.7979
1403638582.927829504,25.2176
1403638582.977829456,22.374
1403638583.027829409,22.0549
1403638583.077829599,20.3643
1403638583.127829552,21.8945
1403638583.177829504,19.1462
1403638583.227829456,21.5905
1403638583.277829409,20.7741
1403638583.327829599,20.7369
1403638583.377829552,21.1343
1403638583.427829504,21.8554
1403638583.477829456,19.4555
1403638583.527829409,21.8204
1403638583.577829599,21.384
1403638583.627829552,20.0398
1403638583.677829504,22.6205
1403638583.727829456,22.2361
1403638583.777829409,19.9668
1403638583.827829599,23.9564
1403638583.877829552,22.2373
1403638583.927829504,22.1831
1403638583.977829456,22.116
1403638584.027829409,22.8965
1403638584.077829599,20.7926
1403638584.127829552,21.7403
1403638584.177829504,22.5983
1403638584.227829456,18.4422
1403638584.277829409,22.7213
1403638584.327829599,25.3692
1403638584.377829552,18.831
1403638584.427829504,21.0347
1403638584.477829456,24.2059
1403638584.527829409,21.5979
1403638584.577829599,25.8306
1403638584.627829552,24.4098
1403638584.677829504,21.3165
1403638584.727829456,24.8435
1403638584.777829409,25.8273
1403638584.827829599,21.5866
1403638584.877829552,24.5237
1403638584.927829504,22.349
1403638584.977829456,17.6468
1403638585.027829409,21.5499
1403638585.077829599,22.2683
1403638585.127829552,18.2994
1403638585.177829504,18.1954
1403638585.227829456,21.7987
1403638585.277829409,20.3635
1403638585.327829599,24.5338
1403638585.377829552,24.0462
1403638585.427829504,21.8075
1403638585.477829456,22.8046
1403638585.527829409,22.5077
1403638585.577829599,20.5145
1403638585.627829552,22.9676
1403638585.677829504,21.6835
1403638585.727829456,20.1774
1403638585.777829409,19.7392
1403638585.827829599,19.754
1403638585.877829552,17.6685
1403638585.927829504,18.9426
1403638585.977829456,20.437
1403638586.027829409,18.5681
1403638586.077829599,18.9582
1403638586.127829552,18.7139
1403638586.177829504,20.1912
1403638586.227829456,22.3094
1403638586.277829409,23.1789
1403638586.327829599,20.3676
1403638586.377829552,21.3188
1403638586.427829504,23.679
1403638586.477829456,22.1235
1403638586.527829409,22.6017
1403638586.577829599,23.9966
1403638586.627829552,22.0859
1403638586.677829504,23.774
1403638586.727829456,23.795
1403638586.777829409,23.9149
1403638586.827829599,24.2691
1403638586.877829552,22.5651
1403638586.927829504,22.7506
1403638586.977829456,24.201
1403638587.027829409,24.4622
1403638587.077829599,22.9318
1403638587.127829552,26.0667
1403638587.177829504,22.8428
1403638587.227829456,22.0426
1403638587.277829409,23.3657
1403638587.327829599,23.2175
1403638587.377829552,24.1034
1403638587.427829504,21.6609
1403638587.477829456,24.7089
1403638587.527829409,22.0792
1403638587.577829599,19.8124
1403638587.627829552,22.0344
1403638587.677829504,19.5134
1403638587.727829456,22.0365
1403638587.777829409,24.3481
1403638587.827829599,20.465
1403638587.877829552,25.4705
1403638587.927829504,25.3845
1403638587.977829456,24.6047
1403638588.027829409,23.7424
1403638588.077829599,23.7019
1403638588.127829552,24.7406
1403638588.177829504,25.6402
1403638588.227829456,21.5818
1403638588.277829409,23.8578
1403638588.327829599,22.3312
1403638588.377829552,23.4771
1403638588.427829504,21.1153
1403638588.477829456,23.7275
1403638588.527829409,22.09
1403638588.577829599,22.3086
1403638588.627829552,23.4828
1403638588.677829504,23.7002
1403638588.727829456,21.8227
1403638588.777829409,23.0853
1403638588.827829599,23.782
1403638588.877829552,20.8712
1403638588.927829504,24.0016
1403638588.977829456,21.5509
1403638589.027829409,18.1761
1403638589.077829599,24.5253
1403638589.127829552,22.2926
1403638589.177829504,23.0415
1403638589.227829456,24.7413
1403638589.277829409,22.2226
1403638589.327829599,21.55
1403638589.377829552,22.0381
1403638589.427829504,21.9545
1403638589.477829456,24.4376
1403638589.527829409,23.0025
1403638589.577829599,24.9664
1403638589.627829552,23.5317
1403638589.677829504,26.3763
1403638589.727829456,24.7452
1403638589.777829409,22.3192
1403638589.827829599,24.5644
1403638589.877829552,23.3709
1403638589.927829504,26.1163
1403638589.977829456,24.33
1403638590.027829409,24.2262
1403638590.077829599,23.2739
1403638590.127829552,27.141
1403638590.177829504,25.7336
1403638590.227829456,22.5252
1403638590.277829409,21.249
1403638590.327829599,23.363
1403638590.377829552,25.22
1403638590.427829504,24.4789
1403638590.477829456,25.3945
1403638590.527829409,25.0462
1403638590.577829599,24.0667
1403638590.627829552,26.8616
1403638590.677829504,24.1303
1403638590.727829456,25.8847
1403638590.777829409,26.1074
1403638590.827829599,26.1662
1403638590.877829552,24.9849
1403638590.927829504,24.9983
1403638590.977829456,25.6935
1403638591.027829409,22.9061
1403638591.077829599,26.8815
1403638591.127829552,25.3606
1403638591.177829504,26.2887
1403638591.227829456,23.8403
1403638591.277829409,23.7045
1403638591.327829599,24.0571
1403638591.377829552,25.6235
1403638591.427829504,26.1375
1403638591.477829456,25.8103
1403638591.527829409,25.5679
1403638591.577829599,23.6674
1403638591.627829552,23.7093
1403638591.677829504,23.9938
1403638591.727829456,24.7168
1403638591.777829409,24.4932
1403638591.827829599,25.9113
1403638591.877829552,25.5029
1403638591.927829504,26.1799
1403638591.977829456,27.3227
1403638592.027829409,23.4754
1403638592.077829599,24.5542
1403638592.127829552,24.3042
1403638592.177829504,25.4632
1403638592.227829456,26.5241
1403638592.277829409,23.2573
1403638592.327829599,24.5575
1403638592.377829552,23.2186
1403638592.427829504,25.7465
1403638592.477829456,22.8604
1403638592.527829409,26.1075
1403638592.577829599,25.591
1403638592.627829552,25.0136
1403638592.677829504,25.9334
1403638592.727829456,26.619
1403638592.777829409,24.3005
1403638592.827829599,25.0573
1403638592.877829552,25.555
1403638592.927829504,23.1019
1403638592.977829456,25.2532
1403638593.027829409,25.3403
1403638593.077829599,24.0217
1403638593.127829552,24.1992
1403638593.177829504,27.2164
1403638593.227829456,24.3199
1403638593.277829409,24.8154
1403638593.327829599,24.7202
1403638593.377829552,23.3927
1403638593.427829504,22.5843
1403638593.477829456,25.0174
1403638593.527829409,24.0935
1403638593.577829599,25.3351
1403638593.627829552,23.4782
1403638593.677829504,21.3721
1403638593.727829456,24.6815
1403638593.777829409,24.5607
1403638593.827829599,23.7779
1403638593.877829552,22.2012
1403638593.927829504,23.62
1403638593.977829456,19.9084
1403638594.027829409,23.3618
1403638594.077829599,22.5117
1403638594.127829552,23.7157
1403638594.177829504,25.4276
1403638594.227829456,24.6006
1403638594.277829409,25.4051
1403638594.327829599,22.3793
1403638594.377829552,22.8297
1403638594.427829504,22.4419
1403638594.477829456,23.0765
1403638594.527829409,25.6232
1403638594.577829599,22.3783
1403638594.627829552,24.2939
1403638594.677829504,25.4822
1403638594.727829456,23.4802
1403638594.777829409,23.6783
1403638594.827829599,24.4342
1403638594.877829552,25.4648
1403638594.927829504,25.8138
1403638594.977829456,25.0851
1403638595.027829409,22.9639
1403638595.077829599,27.0749
1403638595.127829552,25.1926
1403638595.177829504,25.256
1403638595.227829456,24.5889
1403638595.277829409,24.7418
1403638595.327829599,20.4144
1403638595.377829552,26.2615
1403638595.427829504,24.925
1403638595.477829456,22.7295
1403638595.527829409,26.9662
1403638595.577829599,26.5448
1403638595.627829552,26.0423
1403638595.677829504,27.4594
1403638595.727829456,24.8135
1403638595.777829409,26.7066
1403638595.827829599,26.646
1403638595.877829552,24.9907
1403638595.927829504,24.9672
1403638595.977829456,24.053
1403638596.027829409,25.8396
1403638596.077829599,26.6087
1403638596.127829552,27.0935
1403638596.177829504,24.8372
1403638596.227829456,25.0829
1403638596.277829409,26.3648
1403638596.327829599,23.7837
1403638596.377829552,24.1516
1403638596.427829504,24.3252
1403638596.477829456,25.6711
1403638596.527829409,21.3008
1403638596.577829599,25.5021
1403638596.627829552,26.2901
1403638596.677829504,24.2046
1403638596.727829456,21.2348
1403638596.777829409,24.0652
1403638596.827829599,23.4252
1403638596.877829552,22.8516
1403638596.927829504,24.5598
1403638596.977829456,24.1614
1403638597.027829409,26.5627
1403638597.077829599,22.7178
1403638597.127829552,25.5236
1403638597.177829504,23.7752
1403638597.227829456,23.8146
1403638597.277829409,25.2145
1403638597.327829599,23.6354
1403638597.377829552,23.0597
1403638597.427829504,22.7191
1403638597.477829456,25.1973
1403638597.527829409,22.8869
1403638597.577829599,24.6105
1403638597.627829552,23.5743
1403638597.677829504,25.087
1403638597.727829456,23.4141
1403638597.777829409,23.1545
1403638597.827829599,23.617
1403638597.877829552,22.4971
1403638597.927829504,24.1921
1403638597.977829456,24.7306
1403638598.027829409,25.7627
1403638598.077829599,24.1834
1403638598.127829552,24.6541
1403638598.177829504,22.3218
1403638598.227829456,23.93
1403638598.277829409,25.0466
1403638598.327829599,26.7489
1403638598.377829552,25.0591
1403638598.427829504,27.4504
1403638598.477829456,26.2496
1403638598.527829409,24.0758
1403638598.577829599,25.4377
1403638598.627829552,23.5106
1403638598.677829504,26.169
1403638598.727829456,23.5846
1403638598.777829409,23.84
1403638598.827829599,24.3453
1403638598.877829552,25.472
1403638598.927829504,22.8177
1403638598.977829456,24.6291
1403638599.027829409,25.8373
1403638599.077829599,23.3557
1403638599.127829552,24.0776
1403638599.177829504,25.7497
1403638599.227829456,22.3302
1403638599.277829409,26.7019
1403638599.327829599,23.9897
1403638599.377829552,22.5896
1403638599.427829504,24.7916
1403638599.477829456,24.3405
1403638599.527829409,20.8866
1403638599.577829599,22.2989
1403638599.627829552,23.76
1403638599.677829504,23.9975
1403638599.727829456,24.8826
1403638599.777829409,26.011
1403638599.827829599,20.6631
1403638599.877829552,21.0928
1403638599.927829504,25.9781
1403638599.977829456,20.649
1403638600.027829409,23.2702
1403638600.077829599,25.8738
1403638600.127829552,20.5555
1403638600.177829504,25.5364
1403638600.227829456,25.7412
1403638600.277829409,20.9799
1403638600.327829599,24.5424
1403638600.377829552,25.9666
1403638600.427829504,21.2971
1403638600.477829456,23.4611
1403638600.527829409,24.2885
1403638600.577829599,22.5898
1403638600.627829552,25.9219
1403638600.677829504,25.9812
1403638600.727829456,22.3886
1403638600.777829409,23.8323
1403638600.827829599,23.2061
1403638600.877829552,23.8374
1403638600.927829504,24.0107
1403638600.977829456,25.4355
1403638601.027829409,23.6077
1403638601.077829599,23.0027
1403638601.127829552,23.9643
1403638601.177829504,23.0727
1403638601.227829456,22.5083
1403638601.277829409,23.4417
1403638601.327829599,22.5748
1403638601.377829552,23.3617
1403638601.427829504,23.0394
1403638601.477829456,22.9922
1403638601.527829409,25.767
1403638601.577829599,22.9769
1403638601.627829552,23.013
1403638601.677829504,22.5946
1403638601.727829456,21.8782
1403638601.777829409,20.592
1403638601.827829599,21.8737
1403638601.877829552,19.0949
1403638601.927829504,21.9115
1403638601.977829456,24.4156
1403638602.027829409,22.5488
1403638602.077829599,21.0287
1403638602.127829552,23.7098
1403638602.177829504,25.2109
1403638602.227829456,20.0991
1403638602.277829409,24.1799
1403638602.327829599,25.5723
1403638602.377829552,18.783
1403638602.427829504,25.3436
1403638602.477829456,24.5692
1403638602.527829409,21.0914
1403638602.577829599,22.1481
1403638602.627829552,18.7415
1403638602.677829504,19.4412
1403638602.727829456,23.9146
1403638602.777829409,22.8036
1403638602.827829599,19.8687
1403638602.877829552,23.6629
1403638602.927829504,24.9696
1403638602.977829456,21.9935
1403638603.027829409,23.3668
1403638603.077829599,24.8245
1403638603.127829552,22.2046
1403638603.177829504,23.4485
1403638603.227829456,26.1349
1403638603.277829409,22.3478
1403638603.327829599,22.2912
1403638603.377829552,26.18
1403638603.427829504,20.782
1403638603.477829456,23.7594
1403638603.527829409,26.2747
1403638603.577829599,21.2894
1403638603.627829552,22.207
1403638603.677829504,25.8112
1403638603.727829456,21.6171
1403638603.777829409,25.3186
1403638603.827829599,23.192
1403638603.877829552,22.2155
1403638603.927829504,26.4904
1403638603.977829456,24.8838
1403638604.027829409,21.1449
1403638604.077829599,22.9461
1403638604.127829552,23.1611
1403638604.177829504,23.9739
1403638604.227829456,24.4775
1403638604.277829409,25.4189
1403638604.327829599,22.9772
1403638604.377829552,24.0962
1403638604.427829504,23.7003
1403638604.477829456,23.2348
1403638604.527829409,23.657
1403638604.577829599,23.5348
1403638604.627829552,21.4744
1403638604.677829504,23.4948
1403638604.727829456,24.209
1403638604.777829409,21.7534
1403638604.827829599,23.7085
1403638604.877829552,24.037
1403638604.927829504,20.9702
1403638604.977829456,26.0629
1403638605.027829409,24.1611
1403638605.077829599,21.667
1403638605.127829552,23.8414
1403638605.177829504,25.7371
1403638605.227829456,21.5129
1403638605.277829409,25.2233
1403638605.327829599,27.9044
1403638605.377829552,22.192
1403638605.427829504,24.81
1403638605.477829456,27.0804
1403638605.527829409,21.4994
1403638605.577829599,24.2102
1403638605.627829552,26.3882
1403638605.677829504,21.8013
1403638605.727829456,23.3916
1403638605.777829409,27.3797
1403638605.827829599,21.0341
1403638605.877829552,27.5171
1403638605.927829504,27.7939
1403638605.977829456,21.1394
1403638606.027829409,26.3059
1403638606.077829599,24.5657
1403638606.127829552,23.2643
1403638606.177829504,24.0994
1403638606.227829456,24.6168
1403638606.277829409,22.363
1403638606.327829599,26.2927
1403638606.377829552,23.8707
1403638606.427829504,24.2524
1403638606.477829456,24.0269
1403638606.527829409,27.16
1403638606.577829599,20.9201
1403638606.627829552,25.7231
1403638606.677829504,24.6228
1403638606.727829456,21.3775
1403638606.777829409,26.4101
1403638606.827829599,24.2992
1403638606.877829552,22.2335
1403638606.927829504,27.2804
1403638606.977829456,24.3491
1403638607.027829409,21.464
1403638607.077829599,24.3033
1403638607.127829552,24.296
1403638607.177829504,20.4759
1403638607.227829456,23.596
1403638607.277829409,25.2298
1403638607.327829599,23.0506
1403638607.377829552,25.0014
1403638607.427829504,24.7331
1403638607.477829456,20.5918
1403638607.527829409,27.6068
1403638607.577829599,24.5869
1403638607.627829552,21.3925
1403638607.677829504,25.7049
1403638607.727829456,26.3781
1403638607.777829409,20.5476
1403638607.827829599,27.0935
1403638607.877829552,24.4013
1403638607.927829504,22.7392
1403638607.977829456,25.0123
1403638608.027829409,25.3118
1403638608.077829599,20.2025
1403638608.127829552,26.1833
1403638608.177829504,24.1928
1403638608.227829456,20.904
1403638608.277829409,26.5896
1403638608.327829599,26.0215
1403638608.377829552,20.0247
1403638608.427829504,23.0358
1403638608.477829456,23.4419
1403638608.527829409,20.0558
1403638608.577829599,23.6352
1403638608.627829552,25.8293
1403638608.677829504,19.6708
1403638608.727829456,23.7198
1403638608.777829409,24.3186
1403638608.827829599,19.4842
1403638608.877829552,25.0271
1403638608.927829504,25.3467
1403638608.977829456,20.1644
1403638609.027829409,23.9154
1403638609.077829599,23.5167
1403638609.127829552,20.3339
1403638609.177829504,24.1175
1403638609.227829456,24.3374
1403638609.277829409,19.4185
1403638609.327829599,23.5571
1403638609.377829552,26.1445
1403638609.427829504,19.9332
1403638609.477829456,23.6711
1403638609.527829409,23.3007
1403638609.577829599,22.0632
1403638609.627829552,25.3432
1403638609.677829504,24.6399
1403638609.727829456,21.0441
1403638609.777829409,25.0732
1403638609.827829599,22.9472
1403638609.877829552,19.8692
1403638609.927829504,23.5636
1403638609.977829456,25.254
1403638610.027829409,19.6059
1403638610.077829599,23.2928
1403638610.127829552,22.7106
1403638610.177829504,20.9749
1403638610.227829456,23.8973
1403638610.277829409,25.7128
1403638610.327829599,21.1876
1403638610.377829552,25.9364
1403638610.427829504,25.9572
1403638610.477829456,21.0223
1403638610.527829409,26.1164
1403638610.577829599,23.0101
1403638610.627829552,20.8934
1403638610.677829504,24.4088
1403638610.727829456,25.5248
1403638610.777829409,20.845
1403638610.827829599,24.9552
1403638610.877829552,23.1654
1403638610.927829504,20.496
1403638610.977829456,26.5051
1403638611.027829409,26.4496
1403638611.077829599,20.0634
1403638611.127829552,23.1335
1403638611.177829504,26.2139
1403638611.227829456,21.0837
1403638611.277829409,26.2897
1403638611.327829599,24.7582
1403638611.377829552,20.4947
1403638611.427829504,26.9629
1403638611.477829456,25.0716
1403638611.527829409,19.8453
1403638611.577829599,26.5093
1403638611.627829552,25.1993
1403638611.677829504,20.3492
1403638611.727829456,27.6287
1403638611.777829409,25.8248
1403638611.827829599,20.7959
1403638611.877829552,26.2947
1403638611.927829504,26.7354
1403638611.977829456,20.3432
1403638612.027829409,25.0334
1403638612.077829599,23.8244
1403638612.127829552,20.8671
1403638612.177829504,25.5182
1403638612.227829456,26.6366
1403638612.277829409,21.1738
1403638612.327829599,24.9208
1403638612.377829552,25.4115
1403638612.427829504,21.3634
1403638612.477829456,27.487
1403638612.527829409,26.8877
1403638612.577829599,21.918
1403638612.627829552,25.7126
1403638612.677829504,25.8249
1403638612.727829456,21.1313
1403638612.777829409,26.815
1403638612.827829599,27.2607
1403638612.877829552,21.8126
1403638612.927829504,25.3891
1403638612.977829456,26.2239
1403638613.027829409,21.5391
1403638613.077829599,23.8035
1403638613.127829552,24.8887
1403638613.177829504,25.3081
1403638613.227829456,24.919
1403638613.277829409,25.45
1403638613.327829599,23.3423
1403638613.377829552,25.0559
1403638613.427829504,29.3102
1403638613.477829456,22.7079
1403638613.527829409,29.293
1403638613.577829599,28.0684
1403638613.627829552,22.666
1403638613.677829504,23.0602
1403638613.727829456,25.9581
1403638613.777829409,22.7
1403638613.827829599,25.352
1403638613.877829552,25.585
1403638613.927829504,22.9788
1403638613.977829456,26.5878
1403638614.027829409,27.8008
1403638614.077829599,21.5637
1403638614.127829552,25.0718
1403638614.177829504,26.2992
1403638614.227829456,20.7285
1403638614.277829409,26.4713
1403638614.327829599,24.7736
1403638614.377829552,21.1621
1403638614.427829504,26.42
1403638614.477829456,26.2623
1403638614.527829409,20.7749
1403638614.577829599,25.7442
1403638614.627829552,21.3412
1403638614.677829504,20.2503
1403638614.727829456,26.0989
1403638614.777829409,24.645
1403638614.827829599,20.6675
1403638614.877829552,24.5788
1403638614.927829504,24.0025
1403638614.977829456,19.1844
1403638615.027829409,24.2228
1403638615.077829599,22.2425
1403638615.127829552,19.0893
1403638615.177829504,21.3823
1403638615.227829456,20.3891
1403638615.277829409,22.8695
1403638615.327829599,24.1308
1403638615.377829552,22.2708
1403638615.427829504,18.8284
1403638615.477829456,24.6029
1403638615.527829409,24.6574
1403638615.577829599,18.154
1403638615.627829552,23.6412
1403638615.677829504,24.9498
1403638615.727829456,20.6233
1403638615.777829409,25.2027
1403638615.827829599,24.4253
1403638615.877829552,21.39
1403638615.927829504,23.3536
1403638615.977829456,24.0568
1403638616.027829409,21.9302
1403638616.077829599,26.1054
1403638616.127829552,26.5383
1403638616.177829504,22.6184
1403638616.227829456,26.4392
1403638616.277829409,27.7043
1403638616.327829599,22.3933
1403638616.377829552,28.4993
1403638616.427829504,26.8904
1403638616.477829456,24.0971
1403638616.527829409,27.6294
1403638616.577829599,27.4238
1403638616.627829552,26.7127
1403638616.677829504,29.071
1403638616.727829456,25.5575
1403638616.777829409,24.6539
1403638616.827829599,25.3856
1403638616.877829552,26.6928
1403638616.927829504,24.8796
1403638616.977829456,25.329
1403638617.027829409,31.7048
1403638617.077829599,26.9936
1403638617.127829552,27.9276
1403638617.177829504,29.1929
1403638617.227829456,26.1057
1403638617.277829409,27.6673
1403638617.327829599,27.0754
1403638617.377829552,25.9106
1403638617.427829504,27.6081
1403638617.477829456,28.771
1403638617.527829409,25.5469
1403638617.577829599,29.457
1403638617.627829552,29.6689
1403638617.677829504,26.2167
1403638617.727829456,26.7696
1403638617.777829409,27.9979
1403638617.827829599,26.2469
1403638617.877829552,29.7641
1403638617.927829504,28.3234
1403638617.977829456,26.167
1403638618.027829409,28.697
1403638618.077829599,28.2674
1403638618.127829552,26.2642
1403638618.177829504,27.3554
1403638618.227829456,30.6197
1403638618.277829409,26.2401
1403638618.327829599,27.7498
1403638618.377829552,29.3212
1403638618.427829504,26.4092
1403638618.477829456,29.0532
1403638618.527829409,31.0704
1403638618.577829599,26.3118
1403638618.627829552,28.997
1403638618.677829504,27.2477
1403638618.727829456,26.1174
1403638618.777829409,27.1149
1403638618.827829599,28.1452
1403638618.877829552,26.354
1403638618.927829504,28.9836
1403638618.977829456,29.7847
1403638619.027829409,27.2909
1403638619.077829599,29.0166
1403638619.127829552,30.1374
1403638619.177829504,25.9695
1403638619.227829456,29.6913
1403638619.277829409,30.183
1403638619.327829599,25.8393
1403638619.377829552,27.6541
1403638619.427829504,29.2695
1403638619.477829456,24.5063
1403638619.527829409,27.7035
1403638619.577829599,29.9369
1403638619.627829552,25.0737
1403638619.677829504,28.0563
1403638619.727829456,25.0488
1403638619.777829409,25.1373
1403638619.827829599,29.3106
1403638619.877829552,29.4254
1403638619.927829504,26.4856
1403638619.977829456,28.559
1403638620.027829409,31.7906
1403638620.077829599,27.1995
1403638620.127829552,30.2428
1403638620.177829504,30.6181
1403638620.227829456,26.6547
1403638620.277829409,30.8532
1403638620.327829599,30.8838
1403638620.377829552,27.316
1403638620.427829504,29.841
1403638620.477829456,31.5159
1403638620.527829409,27.1711
1403638620.577829599,30.7739
1403638620.627829552,29.8827
1403638620.677829504,26.17
1403638620.727829456,29.6132
1403638620.777829409,27.9939
1403638620.827829599,27.2386
1403638620.877829552,30.0596
1403638620.927829504,28.8883
1403638620.977829456,25.9603
1403638621.027829409,28.6734
1403638621.077829599,29.1264
1403638621.127829552,25.807
1403638621.177829504,28.9961
1403638621.227829456,30.8251
1403638621.277829409,26.5172
1403638621.327829599,28.7275
1403638621.377829552,29.1365
1403638621.427829504,26.6458
1403638621.477829456,29.5625
1403638621.527829409,28.2467
1403638621.577829599,26.5879
1403638621.627829552,29.6619
1403638621.677829504,29.9519
1403638621.727829456,26.3886
1403638621.777829409,27.2575
1403638621.827829599,30.1091
1403638621.877829552,25.6135
1403638621.927829504,28.8296
1403638621.977829456,28.6005
1403638622.027829409,25.7077
1403638622.077829599,27.5607
1403638622.127829552,31.0102
1403638622.177829504,26.9784
1403638622.227829456,28.3578
1403638622.277829409,32.1926
1403638622.327829599,26.8556
1403638622.377829552,30.2013
1403638622.427829504,28.7978
1403638622.477829456,26.3481
1403638622.527829409,30.4532
1403638622.577829599,32.4546
1403638622.627829552,26.4965
1403638622.677829504,25.3677
1403638622.727829456,30.1712
1403638622.777829409,24.8908
1403638622.827829599,28.3654
1403638622.877829552,28.1823
1403638622.927829504,26.105
1403638622.977829456,28.8516
1403638623.027829409,30.2832
1403638623.077829599,28.3554
1403638623.127829552,29.9262
1403638623.177829504,28.9398
1403638623.227829456,26.7485
1403638623.277829409,30.3869
1403638623.327829599,29.8417
1403638623.377829552,27.1039
1403638623.427829504,30.0664
1403638623.477829456,30.1941
1403638623.527829409,28.4015
1403638623.577829599,29.312
1403638623.627829552,30.0898
1403638623.677829504,27.8572
1403638623.727829456,29.4146
1403638623.777829409,30.2458
1403638623.827829599,28.1707
1403638623.877829552,31.2764
1403638623.927829504,32.4634
1403638623.977829456,26.974
1403638624.027829409,29.8105
1403638624.077829599,31.5391
1403638624.127829552,28.5023
1403638624.177829504,29.6883
1403638624.227829456,29.8088
1403638624.277829409,28.409
1403638624.327829599,31.782
1403638624.377829552,30.5216
1403638624.427829504,28.7538
1403638624.477829456,30.3273
1403638624.527829409,30.4933
1403638624.577829599,27.7212
1403638624.627829552,31.2525
1403638624.677829504,30.9374
1403638624.727829456,27.8846
1403638624.777829409,28.9365
1403638624.827829599,29.9667
1403638624.877829552,28.1845
1403638624.927829504,27.2481
1403638624.977829456,31.9324
1403638625.027829409,28.4706
1403638625.077829599,32.1821
1403638625.127829552,30.4347
1403638625.177829504,27.9401
1403638625.227829456,28.9092
1403638625.277829409,31.7993
1403638625.327829599,28.5655
1403638625.377829552,29.4757
1403638625.427829504,31.3767
1403638625.477829456,29.2963
1403638625.527829409,28.1652
1403638625.577829599,32.1012
1403638625.627829552,28.6536
1403638625.677829504,30.0929
1403638625.727829456,31.1283
1403638625.777829409,27.8159
1403638625.827829599,30.834
1403638625.877829552,30.4181
1403638625.927829504,27.9779
1403638625.977829456,29.1721
1403638626.027829409,32.7816
1403638626.077829599,28.4215
1403638626.127829552,31.9824
1403638626.177829504,30.6154
1403638626.227829456,28.4494
1403638626.277829409,29.9055
1403638626.327829599,32.8023
1403638626.377829552,27.6532
1403638626.427829504,31.7581
1403638626.477829456,31.31
1403638626.527829409,27.7269
1403638626.577829599,29.5831
1403638626.627829552,30.2736
1403638626.677829504,28.0276
1403638626.727829456,29.6121
1403638626.777829409,29.5043
1403638626.827829599,27.4537
1403638626.877829552,29.6428
1403638626.927829504,30.0941
1403638626.977829456,27.0947
1403638627.027829409,29.0253
1403638627.077829599,30.4349
1403638627.127829552,26.6175
1403638627.177829504,29.1199
1403638627.227829456,30.0086
1403638627.277829409,27.4799
1403638627.327829599,30.1073
1403638627.377829552,29.7284
1403638627.427829504,26.6657
1403638627.477829456,29.2968
1403638627.527829409,27.9418
1403638627.577829599,25.9695
1403638627.627829552,30.461
1403638627.677829504,30.7626
1403638627.727829456,25.8438
1403638627.777829409,29.5071
1403638627.827829599,31.282
1403638627.877829552,26.1031
1403638627.927829504,27.6462
1403638627.977829456,26.2076
1403638628.027829409,25.239
1403638628.077829599,25.1419
1403638628.127829552,29.8941
1403638628.177829504,25.5846
1403638628.227829456,26.7008
1403638628.277829409,27.9785
1403638628.327829599,25.5719
1403638628.377829552,25.9875
1403638628.427829504,26.3837
1403638628.477829456,24.3967
1403638628.527829409,28.3647
1403638628.577829599,27.4804
1403638628.627829552,25.2254
1403638628.677829504,28.3823
1403638628.727829456,29.509
1403638628.777829409,24.4912
1403638628.827829599,27.8996
1403638628.877829552,28.7615
1403638628.927829504,23.9799
1403638628.977829456,26.4619
1403638629.027829409,27.0169
1403638629.077829599,22.9624
1403638629.127829552,23.3773
1403638629.177829504,26.767
1403638629.227829456,22.717
1403638629.277829409,26.4856
1403638629.327829599,26.0232
1403638629.377829552,23.0801
1403638629.427829504,24.7311
1403638629.477829456,24.9579
1403638629.527829409,20.9282
1403638629.577829599,25.261
1403638629.627829552,26.1464
1403638629.677829504,22.2099
1403638629.727829456,25.3457
1403638629.777829409,27.5452
1403638629.827829599,23.7943
1403638629.877829552,26.7362
1403638629.927829504,25.7122
1403638629.977829456,24.8107
1403638630.027829409,27.2821
1403638630.077829599,26.2037
1403638630.127829552,22.6878
1403638630.177829504,25.9651
1403638630.227829456,25.8214
1403638630.277829409,18.832
1403638630.327829599,23.3592
1403638630.377829552,20.9953
1403638630.427829504,20.2417
1403638630.477829456,22.2683
1403638630.527829409,22.5868
1403638630.577829599,19.0678
1403638630.627829552,22.769
1403638630.677829504,21.6541
1403638630.727829456,17.8236
1403638630.777829409,17.604
1403638630.827829599,19.5025
1403638630.877829552,18.5628
1403638630.927829504,20.5029
1403638630.977829456,21.514
1403638631.027829409,14.3562
1403638631.077829599,19.2077
1403638631.127829552,21.7108
1403638631.177829504,19.8554
1403638631.227829456,19.9296
1403638631.277829409,21.7482
1403638631.327829599,14.9102
1403638631.377829552,20.7609
1403638631.427829504,18.7562
1403638631.477829456,15.357
1403638631.527829409,21.4684
1403638631.577829599,18.7762
1403638631.627829552,18.1164
1403638631.677829504,21.1811
