1.40364e+09,9.657
1.40364e+09,9.82068
1.40364e+09,22.5064
1.40364e+09,17.2694
1.40364e+09,11.3528
1.40364e+09,14.6154
1.40364e+09,16.0883
1.40364e+09,15.6335
1.40364e+09,17.5381
1.40364e+09,16.2546
1.40364e+09,14.6213
1.40364e+09,16.3543
1.40364e+09,11.5242
1.40364e+09,9.89515
1.40364e+09,11.7386
1.40364e+09,7.91851
1.40364e+09,9.89478
1.40364e+09,9.55499
1.40364e+09,12.6867
1.40364e+09,12.325
1.40364e+09,10.3049
1.40364e+09,10.835
1.40364e+09,15.0517
1.40364e+09,17.8395
1.40364e+09,15.7146
1.40364e+09,15.6799
1.40364e+09,14.0677
1.40364e+09,17.0733
1.40364e+09,17.3901
1.40364e+09,18.7397
1.40364e+09,15.9264
1.40364e+09,19.0717
1.40364e+09,15.3753
1.40364e+09,19.0139
1.40364e+09,19.2977
1.40364e+09,18.7562
1.40364e+09,15.2955
1.40364e+09,14.2479
1.40364e+09,17.5419
1.40364e+09,18.8219
1.40364e+09,17.6163
1.40364e+09,17.5642
1.40364e+09,15.4788
1.40364e+09,16.29
1.40364e+09,12.7175
1.40364e+09,19.1387
1.40364e+09,15.7632
1.40364e+09,11.4221
1.40364e+09,9.0098
1.40364e+09,11.6607
1.40364e+09,14.9946
1.40364e+09,14.2919
1.40364e+09,17.348
1.40364e+09,16.058
1.40364e+09,17.7367
1.40364e+09,16.3725
1.40364e+09,16.2983
1.40364e+09,15.8721
1.40364e+09,17.1311
1.40364e+09,16.7705
1.40364e+09,13.7985
1.40364e+09,15.9493
1.40364e+09,14.9037
1.40364e+09,16.3797
1.40364e+09,19.7221
1.40364e+09,15.5899
1.40364e+09,18.9945
1.40364e+09,18.1273
1.40364e+09,19.2461
1.40364e+09,19.6242
1.40364e+09,19.4935
1.40364e+09,18.3154
1.40364e+09,21.7858
1.40364e+09,19.9445
1.40364e+09,19.2983
1.40364e+09,15.3653
1.40364e+09,18.0973
1.40364e+09,14.7701
1.40364e+09,19.508
1.40364e+09,14.45
1.40364e+09,16.7072
1.40364e+09,13.5238
1.40364e+09,15.6488
1.40364e+09,12.4835
1.40364e+09,13.2202
1.40364e+09,11.7695
1.40364e+09,15.3496
1.40364e+09,12.1412
1.40364e+09,14.2912
1.40364e+09,16.3561
1.40364e+09,20.6176
1.40364e+09,17.5633
1.40364e+09,19.4404
1.40364e+09,17.5898
1.40364e+09,17.833
1.40364e+09,18.6394
1.40364e+09,17.8059
1.40364e+09,15.6624
1.40364e+09,16.1902
1.40364e+09,20.4965
1.40364e+09,19.1489
1.40364e+09,20.131
1.40364e+09,21.3641
1.40364e+09,18.1455
1.40364e+09,15.9278
1.40364e+09,15.8931
1.40364e+09,15.0528
1.40364e+09,15.9537
1.40364e+09,15.8344
1.40364e+09,18.8707
1.40364e+09,20.8772
1.40364e+09,18.8998
1.40364e+09,17.6788
1.40364e+09,20.3183
1.40364e+09,16.0291
1.40364e+09,15.6861
1.40364e+09,18.8775
1.40364e+09,20.1838
1.40364e+09,14.8172
1.40364e+09,14.4117
1.40364e+09,13.3002
1.40364e+09,14.0447
1.40364e+09,16.3658
1.40364e+09,14.8189
1.40364e+09,13.4182
1.40364e+09,12.0437
1.40364e+09,16.977
1.40364e+09,19.2196
1.40364e+09,19.137
1.40364e+09,12.9366
1.40364e+09,13.612
1.40364e+09,14.6763
1.40364e+09,14.9328
1.40364e+09,15.0744
1.40364e+09,12.4872
1.40364e+09,12.679
1.40364e+09,14.253
1.40364e+09,16.9121
1.40364e+09,15.8986
1.40364e+09,16.1387
1.40364e+09,16.3379
1.40364e+09,16.5985
1.40364e+09,17.5535
1.40364e+09,14.0952
1.40364e+09,13.737
1.40364e+09,13.2807
1.40364e+09,15.9559
1.40364e+09,18.1296
1.40364e+09,16.5525
1.40364e+09,13.4096
1.40364e+09,19.8858
1.40364e+09,14.0676
1.40364e+09,18.82
1.40364e+09,17.1049
1.40364e+09,14.6127
1.40364e+09,15.4593
1.40364e+09,18.3749
1.40364e+09,16.424
1.40364e+09,15.1143
1.40364e+09,14.7827
1.40364e+09,16.0915
1.40364e+09,20.5774
1.40364e+09,14.3201
1.40364e+09,13.3534
1.40364e+09,18.055
1.40364e+09,18.2681
1.40364e+09,15.6004
1.40364e+09,20.2556
1.40364e+09,15.4024
1.40364e+09,15.8718
1.40364e+09,18.4266
1.40364e+09,19.5745
1.40364e+09,19.1195
1.40364e+09,19.522
1.40364e+09,19.4445
1.40364e+09,19.8552
1.40364e+09,20.3509
1.40364e+09,18.4413
1.40364e+09,14.9609
1.40364e+09,15.1503
1.40364e+09,17.7459
1.40364e+09,15.0858
1.40364e+09,15.8127
1.40364e+09,18.0829
1.40364e+09,18.9772
1.40364e+09,15.8335
1.40364e+09,15.2607
1.40364e+09,16.0362
1.40364e+09,16.3
1.40364e+09,19.8826
1.40364e+09,18.8825
1.40364e+09,19.0807
1.40364e+09,18.0493
1.40364e+09,18.511
1.40364e+09,13.5852
1.40364e+09,13.7505
1.40364e+09,18.2062
1.40364e+09,14.535
1.40364e+09,13.8154
1.40364e+09,18.3962
1.40364e+09,13.6818
1.40364e+09,13.9689
1.40364e+09,16.6214
1.40364e+09,14.0612
1.40364e+09,14.0953
1.40364e+09,13.4283
1.40364e+09,13.5415
1.40364e+09,12.5323
1.40364e+09,17.9589
1.40364e+09,16.3404
1.40364e+09,15.5024
1.40364e+09,17.112
1.40364e+09,18.9608
1.40364e+09,17.3641
1.40364e+09,16.5362
1.40364e+09,20.0341
1.40364e+09,14.4352
1.40364e+09,15.8429
1.40364e+09,17.4604
1.40364e+09,20.1103
1.40364e+09,20.4835
1.40364e+09,20.0919
1.40364e+09,20.7772
1.40364e+09,19.9075
1.40364e+09,20.7977
1.40364e+09,22.0641
1.40364e+09,15.1193
1.40364e+09,15.8397
1.40364e+09,19.1732
1.40364e+09,20.3374
1.40364e+09,19.17
1.40364e+09,18.0176
1.40364e+09,15.3829
1.40364e+09,17.4743
1.40364e+09,17.796
1.40364e+09,21.5563
1.40364e+09,21.931
1.40364e+09,19.3887
1.40364e+09,15.1574
1.40364e+09,15.5912
1.40364e+09,16.4765
1.40364e+09,18.8756
1.40364e+09,19.8377
1.40364e+09,18.5401
1.40364e+09,19.4234
1.40364e+09,20.3657
1.40364e+09,17.0502
1.40364e+09,17.8042
1.40364e+09,14.8229
1.40364e+09,14.671
1.40364e+09,13.4083
1.40364e+09,20.0566
1.40364e+09,14.5858
1.40364e+09,14.2558
1.40364e+09,16.5907
1.40364e+09,14.4721
1.40364e+09,14.3066
1.40364e+09,16.9295
1.40364e+09,20.327
1.40364e+09,14.3026
1.40364e+09,13.9467
1.40364e+09,12.3736
1.40364e+09,16.8997
1.40364e+09,13.2141
1.40364e+09,13.0924
1.40364e+09,18.3889
1.40364e+09,12.7636
1.40364e+09,13.4659
1.40364e+09,12.9503
1.40364e+09,12.9299
1.40364e+09,12.9403
1.40364e+09,12.9003
1.40364e+09,13.0578
1.40364e+09,18.0693
1.40364e+09,13.2976
1.40364e+09,13.6587
1.40364e+09,17.9732
1.40364e+09,18.478
1.40364e+09,13.647
1.40364e+09,15.3018
1.40364e+09,14.6391
1.40364e+09,14.4183
1.40364e+09,13.918
1.40364e+09,15.1713
1.40364e+09,15.4965
1.40364e+09,19.8564
1.40364e+09,16.0959
1.40364e+09,16.5244
1.40364e+09,15.9201
1.40364e+09,21.2777
1.40364e+09,15.9422
1.40364e+09,16.7141
1.40364e+09,17.9507
1.40364e+09,21.6097
1.40364e+09,17.2786
1.40364e+09,18.99
1.40364e+09,14.5296
1.40364e+09,14.3063
1.40364e+09,15.8818
1.40364e+09,14.474
1.40364e+09,13.6758
1.40364e+09,17.6948
1.40364e+09,14.0718
1.40364e+09,14.2992
1.40364e+09,17.5355
1.40364e+09,14.5096
1.40364e+09,14.2048
1.40364e+09,17.0591
1.40364e+09,13.6656
1.40364e+09,13.5842
1.40364e+09,14.9594
1.40364e+09,12.2841
1.40364e+09,12.2676
1.40364e+09,17.5998
1.40364e+09,12.6355
1.40364e+09,12.9894
1.40364e+09,15.8146
1.40364e+09,13.5678
1.40364e+09,14.413
1.40364e+09,18.3422
1.40364e+09,14.7287
1.40364e+09,15.1688
1.40364e+09,10.982
1.40364e+09,11.3341
1.40364e+09,15.2019
1.40364e+09,12.0752
1.40364e+09,12.1818
1.40364e+09,13.0584
1.40364e+09,15.913
1.40364e+09,12.3278
1.40364e+09,11.755
1.40364e+09,16.1279
1.40364e+09,15.993
1.40364e+09,16.9903
1.40364e+09,11.7346
1.40364e+09,16.4888
1.40364e+09,17.0574
1.40364e+09,15.3945
1.40364e+09,12.7967
1.40364e+09,13.4484
1.40364e+09,17.6409
1.40364e+09,19.1148
1.40364e+09,16.4456
1.40364e+09,15.6666
1.40364e+09,17.613
1.40364e+09,19.113
1.40364e+09,17.2265
1.40364e+09,16.2311
1.40364e+09,13.0303
1.40364e+09,12.9256
1.40364e+09,15.9916
1.40364e+09,16.4113
1.40364e+09,16.0377
1.40364e+09,12.0738
1.40364e+09,12.0354
1.40364e+09,11.5775
1.40364e+09,11.77
1.40364e+09,11.7308
1.40364e+09,12.8235
1.40364e+09,11.6515
1.40364e+09,11.2703
1.40364e+09,11.691
1.40364e+09,13.3846
1.40364e+09,16.3492
1.40364e+09,11.606
1.40364e+09,11.8776
1.40364e+09,14.8849
1.40364e+09,15.4455
1.40364e+09,11.8793
1.40364e+09,11.7414
1.40364e+09,12.4164
1.40364e+09,11.4925
1.40364e+09,11.5327
1.40364e+09,12.5428
1.40364e+09,12.1343
1.40364e+09,13.4145
1.40364e+09,16.4943
1.40364e+09,11.2361
1.40364e+09,11.3795
1.40364e+09,12.1506
1.40364e+09,10.8383
1.40364e+09,11.6827
1.40364e+09,12.8947
1.40364e+09,10.7859
1.40364e+09,10.1918
1.40364e+09,12.1581
1.40364e+09,10.1912
1.40364e+09,11.5382
1.40364e+09,14.3365
1.40364e+09,10.1423
1.40364e+09,11.4753
1.40364e+09,11.2922
1.40364e+09,10.8394
1.40364e+09,9.71045
1.40364e+09,17.2568
1.40364e+09,16.4782
1.40364e+09,14.0241
1.40364e+09,9.81621
1.40364e+09,8.93731
1.40364e+09,12.3208
1.40364e+09,14.0609
1.40364e+09,10.1241
1.40364e+09,9.23825
1.40364e+09,11.4392
1.40364e+09,14.3976
1.40364e+09,12.562
1.40364e+09,10.1095
1.40364e+09,10.6891
1.40364e+09,15.5637
1.40364e+09,14.5944
1.40364e+09,15.6959
1.40364e+09,14.7056
1.40364e+09,15.2326
1.40364e+09,12.9595
1.40364e+09,11.0015
1.40364e+09,16.282
1.40364e+09,10.5465
1.40364e+09,10.7499
1.40364e+09,12.734
1.40364e+09,13.3083
1.40364e+09,14.3165
1.40364e+09,11.511
1.40364e+09,15.712
1.40364e+09,13.8132
1.40364e+09,11.0681
1.40364e+09,13.3163
1.40364e+09,10.7278
1.40364e+09,11.3267
1.40364e+09,16.1822
1.40364e+09,14.9416
1.40364e+09,14.6278
1.40364e+09,15.2518
1.40364e+09,16.5703
1.40364e+09,15.5149
1.40364e+09,15.4425
1.40364e+09,15.262
1.40364e+09,10.5637
1.40364e+09,11.3335
1.40364e+09,15.7422
1.40364e+09,17.2078
1.40364e+09,15.7519
1.40364e+09,16.6009
1.40364e+09,15.9108
1.40364e+09,15.2903
1.40364e+09,13.351
1.40364e+09,16.9153
1.40364e+09,10.6946
1.40364e+09,9.89394
1.40364e+09,12.5337
1.40364e+09,14.504
1.40364e+09,14.9679
1.40364e+09,16.9758
1.40364e+09,16.5717
1.40364e+09,13.346
1.40364e+09,16.479
1.40364e+09,14.7752
1.40364e+09,10.6335
1.40364e+09,9.84243
1.40364e+09,15.9015
1.40364e+09,15.0746
1.40364e+09,15.6353
1.40364e+09,14.8592
1.40364e+09,14.4722
1.40364e+09,15.5701
1.40364e+09,14.7544
1.40364e+09,14.3366
1.40364e+09,10.6876
1.40364e+09,11.6954
1.40364e+09,16.621
1.40364e+09,14.1323
1.40364e+09,15.0164
1.40364e+09,17.6077
1.40364e+09,16.2661
1.40364e+09,13.8933
1.40364e+09,13.8268
1.40364e+09,13.8489
1.40364e+09,10.7923
1.40364e+09,11.2568
1.40364e+09,15.6873
1.40364e+09,14.9163
1.40364e+09,15.0831
1.40364e+09,14.8878
1.40364e+09,14.9311
1.40364e+09,17.4165
1.40364e+09,16.8419
1.40364e+09,15.3205
1.40364e+09,10.8817
1.40364e+09,10.0413
1.40364e+09,15.7786
1.40364e+09,17.2598
1.40364e+09,16.7873
1.40364e+09,14.2535
1.40364e+09,14.5685
1.40364e+09,16.7551
1.40364e+09,16.5897
1.40364e+09,15.317
1.40364e+09,10.8888
1.40364e+09,11.494
1.40364e+09,18.0996
1.40364e+09,17.2171
1.40364e+09,15.1063
1.40364e+09,15.5409
1.40364e+09,17.5804
1.40364e+09,17.5378
1.40364e+09,15.0895
1.40364e+09,15.8342
1.40364e+09,11.3484
1.40364e+09,14.153
1.40364e+09,14.5388
1.40364e+09,15.1489
1.40364e+09,17.2331
1.40364e+09,14.2423
1.40364e+09,17.8637
1.40364e+09,17.0478
1.40364e+09,11.2976
1.40364e+09,14.8594
1.40364e+09,11.1355
1.40364e+09,13.2091
1.40364e+09,16.1927
1.40364e+09,15.3186
1.40364e+09,15.0463
1.40364e+09,15.634
1.40364e+09,14.8349
1.40364e+09,14.557
1.40364e+09,16.3377
1.40364e+09,15.6135
1.40364e+09,10.7893
1.40364e+09,10.885
1.40364e+09,10.0324
1.40364e+09,15.6215
1.40364e+09,14.7773
1.40364e+09,17.5959
1.40364e+09,13.6303
1.40364e+09,13.0594
1.40364e+09,14.5748
1.40364e+09,14.9592
1.40364e+09,11.0204
1.40364e+09,11.342
1.40364e+09,12.3
1.40364e+09,14.4549
1.40364e+09,14.9694
1.40364e+09,16.6908
1.40364e+09,17.0507
1.40364e+09,14.9356
1.40364e+09,17.152
1.40364e+09,15.1773
1.40364e+09,11.1399
1.40364e+09,11.603
1.40364e+09,15.6227
1.40364e+09,15.1464
1.40364e+09,15.3062
1.40364e+09,15.2903
1.40364e+09,12.6628
1.40364e+09,17.6219
1.40364e+09,16.2879
1.40364e+09,15.5244
1.40364e+09,10.9314
1.40364e+09,11.1028
1.40364e+09,11.2373
1.40364e+09,11.2646
1.40364e+09,17.4808
1.40364e+09,15.7531
1.40364e+09,15.6152
1.40364e+09,18.0225
1.40364e+09,14.9979
1.40364e+09,17.2682
1.40364e+09,10.9113
1.40364e+09,11.3216
1.40364e+09,12.8136
1.40364e+09,15.0987
1.40364e+09,13.0426
1.40364e+09,13.3534
1.40364e+09,15.5771
1.40364e+09,14.3345
1.40364e+09,17.1178
1.40364e+09,17.8967
1.40364e+09,10.6366
1.40364e+09,11.1262
1.40364e+09,9.48754
1.40364e+09,15.297
1.40364e+09,14.1369
1.40364e+09,15.4644
1.40364e+09,15.2128
1.40364e+09,17.0123
1.40364e+09,17.6372
1.40364e+09,15.3831
1.40364e+09,10.7469
1.40364e+09,11.2214
1.40364e+09,13.986
1.40364e+09,15.0491
1.40364e+09,13.4335
1.40364e+09,16.67
1.40364e+09,11.9581
1.40364e+09,13.8169
1.40364e+09,16.727
1.40364e+09,18.0355
1.40364e+09,11.1055
1.40364e+09,11.2751
1.40364e+09,12.2814
1.40364e+09,14.9124
1.40364e+09,14.5631
1.40364e+09,12.9535
1.40364e+09,16.3983
1.40364e+09,14.9252
1.40364e+09,16.5092
1.40364e+09,15.8618
1.40364e+09,10.9298
1.40364e+09,11.3536
1.40364e+09,13.8594
1.40364e+09,14.0911
1.40364e+09,16.7265
1.40364e+09,16.8743
1.40364e+09,17.6261
1.40364e+09,14.7871
1.40364e+09,15.9092
1.40364e+09,15.3591
1.40364e+09,10.9692
1.40364e+09,11.2262
1.40364e+09,13.6048
1.40364e+09,15.6291
1.40364e+09,14.3683
1.40364e+09,13.6385
1.40364e+09,17.0754
1.40364e+09,15.783
1.40364e+09,16.0057
1.40364e+09,17.8244
1.40364e+09,10.805
1.40364e+09,11.0112
1.40364e+09,11.0651
1.40364e+09,15.0774
1.40364e+09,14.1962
1.40364e+09,16.2326
1.40364e+09,17.0388
1.40364e+09,15.4607
1.40364e+09,14.9251
1.40364e+09,15.3778
1.40364e+09,10.6315
1.40364e+09,10.5461
1.40364e+09,12.3392
1.40364e+09,14.3951
1.40364e+09,14.5843
1.40364e+09,18.1385
1.40364e+09,16.1173
1.40364e+09,15.1287
1.40364e+09,14.9492
1.40364e+09,13.7317
1.40364e+09,10.8859
1.40364e+09,11.1641
1.40364e+09,13.9716
1.40364e+09,12.4592
1.40364e+09,16.3531
1.40364e+09,15.5684
1.40364e+09,15.8804
1.40364e+09,17.0498
1.40364e+09,15.8902
1.40364e+09,15.6512
1.40364e+09,10.4874
1.40364e+09,11.0458
1.40364e+09,13.5505
1.40364e+09,14.0223
1.40364e+09,16.2449
1.40364e+09,16.4107
1.40364e+09,16.4687
1.40364e+09,14.0078
1.40364e+09,15.9499
1.40364e+09,15.1484
1.40364e+09,10.6591
1.40364e+09,11.0507
1.40364e+09,11.867
1.40364e+09,17.0626
1.40364e+09,16.4959
1.40364e+09,12.8954
1.40364e+09,15.9092
1.40364e+09,15.5657
1.40364e+09,15.6096
1.40364e+09,14.2107
1.40364e+09,10.5823
1.40364e+09,10.8593
1.40364e+09,12.2146
1.40364e+09,13.9526
1.40364e+09,15.8479
1.40364e+09,14.9763
1.40364e+09,14.3169
1.40364e+09,15.1042
1.40364e+09,15.3018
1.40364e+09,17.1855
1.40364e+09,10.583
1.40364e+09,11.1316
1.40364e+09,10.9649
1.40364e+09,14.441
1.40364e+09,15.4699
1.40364e+09,16.1755
1.40364e+09,15.4089
1.40364e+09,14.1841
1.40364e+09,16.0181
1.40364e+09,15.883
1.40364e+09,10.7168
1.40364e+09,10.8615
1.40364e+09,12.9822
1.40364e+09,15.6199
1.40364e+09,14.3833
1.40364e+09,16.9722
1.40364e+09,15.815
1.40364e+09,15.7382
1.40364e+09,15.218
1.40364e+09,14.4239
1.40364e+09,10.4972
1.40364e+09,10.8168
1.40364e+09,10.9699
1.40364e+09,10.7498
1.40364e+09,11.1822
1.40364e+09,17.0713
1.40364e+09,13.6808
1.40364e+09,15.1033
1.40364e+09,16.9669
1.40364e+09,13.7304
1.40364e+09,10.6341
1.40364e+09,10.7172
1.40364e+09,12.9643
1.40364e+09,17.0689
1.40364e+09,15.702
1.40364e+09,13.8873
1.40364e+09,17.039
1.40364e+09,16.1877
1.40364e+09,12.5503
1.40364e+09,16.7664
1.40364e+09,10.5944
1.40364e+09,10.9186
1.40364e+09,12.2552
1.40364e+09,17.2813
1.40364e+09,15.7304
1.40364e+09,14.4563
1.40364e+09,14.9535
1.40364e+09,15.5609
1.40364e+09,17.7004
1.40364e+09,15.2068
1.40364e+09,10.8443
1.40364e+09,10.9671
1.40364e+09,9.65047
1.40364e+09,14.8256
1.40364e+09,16.6406
1.40364e+09,15.7976
1.40364e+09,12.2066
1.40364e+09,14.2545
1.40364e+09,13.452
1.40364e+09,12.8899
1.40364e+09,10.7236
1.40364e+09,10.9596
1.40364e+09,11.7739
1.40364e+09,16.903
1.40364e+09,15.6184
1.40364e+09,12.2315
1.40364e+09,14.4296
1.40364e+09,15.7893
1.40364e+09,14.627
1.40364e+09,17.861
1.40364e+09,10.6485
1.40364e+09,10.8998
1.40364e+09,11.6293
1.40364e+09,16.1526
1.40364e+09,15.2537
1.40364e+09,13.696
1.40364e+09,17.011
1.40364e+09,17.6906
1.40364e+09,13.7398
1.40364e+09,14.4273
1.40364e+09,10.8208
1.40364e+09,10.9642
1.40364e+09,13.9581
1.40364e+09,14.3852
1.40364e+09,16.3907
1.40364e+09,16.9056
1.40364e+09,13.6981
1.40364e+09,16.9443
1.40364e+09,16.8293
1.40364e+09,16.2513
1.40364e+09,10.5086
1.40364e+09,10.8956
1.40364e+09,9.44911
1.40364e+09,16.8053
1.40364e+09,16.5594
1.40364e+09,15.3728
1.40364e+09,14.5532
1.40364e+09,14.7074
1.40364e+09,15.4212
1.40364e+09,13.2099
1.40364e+09,10.8059
1.40364e+09,10.8373
1.40364e+09,11.9881
1.40364e+09,12.9057
1.40364e+09,17.5821
1.40364e+09,14.3
1.40364e+09,17.1802
1.40364e+09,15.6376
1.40364e+09,15.7086
1.40364e+09,14.0759
1.40364e+09,10.6282
1.40364e+09,10.7585
1.40364e+09,13.3325
1.40364e+09,17.003
1.40364e+09,16.7606
1.40364e+09,15.5714
1.40364e+09,12.8038
1.40364e+09,17.7419
1.40364e+09,14.2585
1.40364e+09,15.1329
1.40364e+09,10.7438
1.40364e+09,10.7381
1.40364e+09,10.7442
1.40364e+09,11.7165
1.40364e+09,14.6453
1.40364e+09,15.7363
1.40364e+09,16.894
1.40364e+09,15.6753
1.40364e+09,14.4687
1.40364e+09,14.3953
1.40364e+09,10.9361
1.40364e+09,11.0198
1.40364e+09,11.7844
1.40364e+09,15.4646
1.40364e+09,17.1508
1.40364e+09,17.3553
1.40364e+09,16.9817
1.40364e+09,16.0084
1.40364e+09,16.8593
1.40364e+09,17.6962
1.40364e+09,10.755
1.40364e+09,10.9828
1.40364e+09,10.7859
1.40364e+09,15.1767
1.40364e+09,14.618
1.40364e+09,17.5819
1.40364e+09,14.0993
1.40364e+09,13.4623
1.40364e+09,11.0335
1.40364e+09,17.2198
1.40364e+09,10.5759
1.40364e+09,11.0347
1.40364e+09,11.3627
1.40364e+09,13.2243
1.40364e+09,14.3866
1.40364e+09,13.7116
1.40364e+09,14.5048
1.40364e+09,16.2449
1.40364e+09,13.3353
1.40364e+09,17.4523
1.40364e+09,10.5903
1.40364e+09,11.4894
1.40364e+09,12.8096
1.40364e+09,15.6342
1.40364e+09,15.3545
1.40364e+09,14.8847
1.40364e+09,15.4646
1.40364e+09,14.8728
1.40364e+09,16.6669
1.40364e+09,13.1365
1.40364e+09,10.5813
1.40364e+09,10.7885
1.40364e+09,10.8861
1.40364e+09,10.8807
1.40364e+09,11.1134
1.40364e+09,17.659
1.40364e+09,16.6728
1.40364e+09,15.0796
1.40364e+09,14.5425
1.40364e+09,18.1835
1.40364e+09,10.6871
1.40364e+09,10.923
1.40364e+09,10.2777
1.40364e+09,14.163
1.40364e+09,15.7316
1.40364e+09,14.2333
1.40364e+09,15.2682
1.40364e+09,15.294
1.40364e+09,14.8869
1.40364e+09,16.7336
1.40364e+09,10.8606
1.40364e+09,11.1299
1.40364e+09,11.2905
1.40364e+09,14.4413
1.40364e+09,16.6788
1.40364e+09,14.453
1.40364e+09,15.7175
1.40364e+09,15.2103
1.40364e+09,14.6033
1.40364e+09,14.7963
1.40364e+09,10.8893
1.40364e+09,10.8832
1.40364e+09,12.7553
1.40364e+09,14.707
1.40364e+09,12.8176
1.40364e+09,15.9576
1.40364e+09,9.81296
1.40364e+09,9.86056
1.40364e+09,11.0006
1.40364e+09,10.1024
1.40364e+09,9.95281
1.40364e+09,13.6613
1.40364e+09,13.2246
1.40364e+09,15.7634
1.40364e+09,13.3304
1.40364e+09,13.1
1.40364e+09,10.2234
1.40364e+09,9.7892
1.40364e+09,9.19915
1.40364e+09,10.3678
1.40364e+09,10.0936
1.40364e+09,12.9308
1.40364e+09,11.3302
1.40364e+09,11.643
1.40364e+09,12.4962
1.40364e+09,15.849
1.40364e+09,15.2169
1.40364e+09,16.2576
1.40364e+09,14.6335
1.40364e+09,17.448
1.40364e+09,14.9296
1.40364e+09,15.1972
1.40364e+09,11.6316
1.40364e+09,12.1942
1.40364e+09,13.2266
1.40364e+09,16.9294
1.40364e+09,17.6114
1.40364e+09,18.8196
1.40364e+09,16.0926
1.40364e+09,19.6709
1.40364e+09,16.1772
1.40364e+09,17.9116
1.40364e+09,14.2433
1.40364e+09,14.0587
1.40364e+09,12.6955
1.40364e+09,17.2946
1.40364e+09,18.2084
1.40364e+09,18.5781
1.40364e+09,18.8243
1.40364e+09,18.9711
1.40364e+09,19.4719
1.40364e+09,15.6881
1.40364e+09,15.4878
1.40364e+09,15.4635
1.40364e+09,13.9266
1.40364e+09,19.9086
1.40364e+09,20.2926
1.40364e+09,17.6064
1.40364e+09,20.2096
1.40364e+09,18.6784
1.40364e+09,20.2207
1.40364e+09,19.7182
1.40364e+09,14.9902
1.40364e+09,15.024
1.40364e+09,18.0514
1.40364e+09,17.3071
1.40364e+09,20.587
1.40364e+09,20.104
1.40364e+09,19.0749
1.40364e+09,19.112
1.40364e+09,19.2428
1.40364e+09,19.4393
1.40364e+09,15.8944
1.40364e+09,15.4155
1.40364e+09,15.9679
1.40364e+09,17.5425
1.40364e+09,18.6774
1.40364e+09,20.1295
1.40364e+09,20.0214
1.40364e+09,20.9827
1.40364e+09,20.7236
1.40364e+09,19.6594
1.40364e+09,16.4535
1.40364e+09,16.5709
1.40364e+09,18.025
1.40364e+09,19.5646
1.40364e+09,21.7448
1.40364e+09,21.2281
1.40364e+09,17.5979
1.40364e+09,17.6083
1.40364e+09,17.3317
1.40364e+09,22.1542
1.40364e+09,21.4131
1.40364e+09,22.1753
1.40364e+09,20.3749
1.40364e+09,19.8436
1.40364e+09,16.3524
1.40364e+09,17.0367
1.40364e+09,17.3442
1.40364e+09,17.0019
1.40364e+09,19.6234
1.40364e+09,20.8965
1.40364e+09,16.5467
1.40364e+09,16.3633
1.40364e+09,17.479
1.40364e+09,17.8149
1.40364e+09,16.5441
1.40364e+09,15.5247
1.40364e+09,17.7752
1.40364e+09,18.8552
1.40364e+09,14.6528
1.40364e+09,15.122
1.40364e+09,15.7086
1.40364e+09,19.3216
1.40364e+09,13.8364
1.40364e+09,13.7272
1.40364e+09,12.0961
1.40364e+09,17.8476
1.40364e+09,13.6395
1.40364e+09,13.6835
1.40364e+09,12.2674
1.40364e+09,19.1064
1.40364e+09,13.9322
1.40364e+09,13.6935
1.40364e+09,12.3104
1.40364e+09,17.0044
1.40364e+09,14.1249
1.40364e+09,14.4526
1.40364e+09,13.4378
1.40364e+09,19.5711
1.40364e+09,15.3833
1.40364e+09,15.5547
1.40364e+09,14.2412
1.40364e+09,21.4206
1.40364e+09,19.0424
1.40364e+09,20.7453
1.40364e+09,21.516
1.40364e+09,18.7889
1.40364e+09,16.4531
1.40364e+09,17.2576
1.40364e+09,18.9468
1.40364e+09,19.8624
1.40364e+09,21.0716
1.40364e+09,20.3101
1.40364e+09,20.1993
1.40364e+09,21.8647
1.40364e+09,21.8112
1.40364e+09,19.9933
1.40364e+09,18.1735
1.40364e+09,18.2309
1.40364e+09,17.6413
1.40364e+09,24.6807
1.40364e+09,20.979
1.40364e+09,22.5124
1.40364e+09,23.0772
1.40364e+09,18.6596
1.40364e+09,20.6088
1.40364e+09,20.0901
1.40364e+09,18.322
1.40364e+09,18.9433
1.40364e+09,19.797
1.40364e+09,19.4974
1.40364e+09,24.1826
1.40364e+09,20.9818
1.40364e+09,23.0414
1.40364e+09,18.6744
1.40364e+09,19.1527
1.40364e+09,18.4214
1.40364e+09,22.8427
1.40364e+09,23.4499
1.40364e+09,20.471
1.40364e+09,23.712
1.40364e+09,20.9046
1.40364e+09,21.2936
1.40364e+09,22.7172
1.40364e+09,17.6797
1.40364e+09,18.1438
1.40364e+09,17.6736
1.40364e+09,19.166
1.40364e+09,18.1198
1.40364e+09,18.3465
1.40364e+09,18.7352
1.40364e+09,21.6673
1.40364e+09,22.1901
1.40364e+09,22.6947
1.40364e+09,21.7919
1.40364e+09,21.6892
1.40364e+09,23.4106
1.40364e+09,23.9147
1.40364e+09,18.2813
1.40364e+09,18.817
1.40364e+09,18.612
1.40364e+09,21.3446
1.40364e+09,22.9333
1.40364e+09,22.4101
1.40364e+09,21.026
1.40364e+09,23.4294
1.40364e+09,18.0945
1.40364e+09,18.5651
1.40364e+09,18.2521
1.40364e+09,19.0978
1.40364e+09,21.3405
1.40364e+09,21.9387
1.40364e+09,18.3957
1.40364e+09,19.1453
1.40364e+09,18.035
1.40364e+09,17.2172
1.40364e+09,23.4008
1.40364e+09,19.7888
1.40364e+09,18.4972
1.40364e+09,18.3649
1.40364e+09,16.8062
1.40364e+09,21.4747
1.40364e+09,19.9114
1.40364e+09,21.0139
1.40364e+09,18.5579
1.40364e+09,18.7563
1.40364e+09,18.5988
1.40364e+09,16.8115
1.40364e+09,21.3283
1.40364e+09,21.5999
1.40364e+09,18.5733
1.40364e+09,18.9482
1.40364e+09,18.4235
1.40364e+09,17.0033
1.40364e+09,21.2969
1.40364e+09,22.6736
1.40364e+09,18.4607
1.40364e+09,18.7158
1.40364e+09,18.194
1.40364e+09,19.0565
1.40364e+09,23.1104
1.40364e+09,18.3431
1.40364e+09,18.4229
1.40364e+09,17.9972
1.40364e+09,17.1064
1.40364e+09,18.0237
1.40364e+09,17.9161
1.40364e+09,18.0878
1.40364e+09,17.5352
1.40364e+09,15.9708
1.40364e+09,22.2085
1.40364e+09,22.5826
1.40364e+09,16.8626
1.40364e+09,17.2153
1.40364e+09,16.698
1.40364e+09,15.889
1.40364e+09,22.0956
1.40364e+09,16.906
1.40364e+09,17.0798
1.40364e+09,16.6118
1.40364e+09,15.4764
1.40364e+09,21.8292
1.40364e+09,17.8667
1.40364e+09,17.8012
1.40364e+09,17.3116
1.40364e+09,16.3172
1.40364e+09,21.0477
1.40364e+09,20.9586
1.40364e+09,19.8418
1.40364e+09,21.0545
1.40364e+09,23.4997
1.40364e+09,17.787
1.40364e+09,18.3326
1.40364e+09,18.2738
1.40364e+09,16.8409
1.40364e+09,22.3389
1.40364e+09,22.5921
1.40364e+09,21.4668
1.40364e+09,18.722
1.40364e+09,17.5543
1.40364e+09,18.2923
1.40364e+09,17.5376
1.40364e+09,16.0212
1.40364e+09,17.1992
1.40364e+09,17.4718
1.40364e+09,16.8613
1.40364e+09,16.3578
1.40364e+09,17.5314
1.40364e+09,17.696
1.40364e+09,17.4995
1.40364e+09,16.1557
1.40364e+09,21.8446
1.40364e+09,18.0746
1.40364e+09,18.3874
1.40364e+09,17.5369
1.40364e+09,16.5179
1.40364e+09,21.9387
1.40364e+09,17.423
1.40364e+09,17.8677
1.40364e+09,17.2451
1.40364e+09,16.5136
1.40364e+09,21.7311
1.40364e+09,21.0013
1.40364e+09,24.2012
1.40364e+09,17.5522
1.40364e+09,18.0889
1.40364e+09,17.2904
1.40364e+09,16.0201
1.40364e+09,20.7335
1.40364e+09,16.9465
1.40364e+09,17.0812
1.40364e+09,16.9978
1.40364e+09,15.7286
1.40364e+09,21.306
1.40364e+09,17.5921
1.40364e+09,17.944
1.40364e+09,17.3806
1.40364e+09,17.0248
1.40364e+09,19.0373
1.40364e+09,17.5501
1.40364e+09,17.5204
1.40364e+09,17.2248
1.40364e+09,16.3178
1.40364e+09,22.7868
1.40364e+09,17.7818
1.40364e+09,17.9189
1.40364e+09,17.7701
1.40364e+09,16.6213
1.40364e+09,19.7466
1.40364e+09,21.5805
1.40364e+09,18.0358
1.40364e+09,18.1897
1.40364e+09,17.6855
1.40364e+09,16.4969
1.40364e+09,23.1674
1.40364e+09,18.5659
1.40364e+09,18.4702
1.40364e+09,18.0212
1.40364e+09,16.8322
1.40364e+09,21.1016
1.40364e+09,24.8982
1.40364e+09,23.5436
1.40364e+09,22.3157
1.40364e+09,21.7266
1.40364e+09,18.2736
1.40364e+09,18.7751
1.40364e+09,18.654
1.40364e+09,17.7565
1.40364e+09,21.5857
1.40364e+09,20.4428
1.40364e+09,22.8074
1.40364e+09,22.6421
1.40364e+09,21.2776
1.40364e+09,23.6134
1.40364e+09,18.5164
1.40364e+09,18.8906
1.40364e+09,18.5077
1.40364e+09,17.2882
1.40364e+09,22.3148
1.40364e+09,21.0325
1.40364e+09,21.9671
1.40364e+09,22.4322
1.40364e+09,20.9884
1.40364e+09,21.4315
1.40364e+09,18.4146
1.40364e+09,19.0947
1.40364e+09,18.6981
1.40364e+09,17.2544
1.40364e+09,20.6932
1.40364e+09,21.373
1.40364e+09,19.5196
1.40364e+09,23.4635
1.40364e+09,18.3077
1.40364e+09,18.735
1.40364e+09,18.7396
1.40364e+09,17.6827
1.40364e+09,22.1126
1.40364e+09,23.4237
1.40364e+09,21.9755
1.40364e+09,18.201
1.40364e+09,23.9754
1.40364e+09,20.1926
1.40364e+09,18.7059
1.40364e+09,19.3282
1.40364e+09,18.5011
1.40364e+09,18.5452
1.40364e+09,19.4172
1.40364e+09,20.831
1.40364e+09,24.1523
1.40364e+09,22.0888
1.40364e+09,23.1599
1.40364e+09,24.5027
1.40364e+09,19.3028
1.40364e+09,20.0813
1.40364e+09,19.7242
1.40364e+09,18.2632
1.40364e+09,24.349
1.40364e+09,25.1694
1.40364e+09,22.9431
1.40364e+09,23.6256
1.40364e+09,22.4501
1.40364e+09,24.2803
1.40364e+09,19.5019
1.40364e+09,20.2259
1.40364e+09,19.7856
1.40364e+09,18.2384
1.40364e+09,23.64
1.40364e+09,24.4457
1.40364e+09,23.1567
1.40364e+09,22.5913
1.40364e+09,24.7113
1.40364e+09,22.8829
1.40364e+09,19.3898
1.40364e+09,19.5317
1.40364e+09,19.1514
1.40364e+09,20.068
1.40364e+09,20.1537
1.40364e+09,19.1593
1.40364e+09,19.2401
1.40364e+09,19.1553
1.40364e+09,18.3105
1.40364e+09,22.3157
1.40364e+09,22.3242
1.40364e+09,19.3943
1.40364e+09,19.9561
1.40364e+09,18.9341
1.40364e+09,20.1616
1.40364e+09,20.9438
1.40364e+09,17.8128
1.40364e+09,18.399
1.40364e+09,18.1543
1.40364e+09,18.9975
1.40364e+09,24.3028
1.40364e+09,20.9594
1.40364e+09,22.8027
1.40364e+09,18.7946
1.40364e+09,18.8847
1.40364e+09,18.7324
1.40364e+09,20.2673
1.40364e+09,19.0462
1.40364e+09,22.6637
1.40364e+09,20.5446
1.40364e+09,18.7626
1.40364e+09,19.2247
1.40364e+09,19.035
1.40364e+09,20.8668
1.40364e+09,17.9062
1.40364e+09,24.6155
1.40364e+09,18.7512
1.40364e+09,18.683
1.40364e+09,18.3776
1.40364e+09,17.249
1.40364e+09,20.7361
1.40364e+09,19.5392
1.40364e+09,18.0507
1.40364e+09,17.9371
1.40364e+09,17.1014
1.40364e+09,18.7763
1.40364e+09,18.061
1.40364e+09,17.2046
1.40364e+09,17.5779
1.40364e+09,16.454
1.40364e+09,22.7918
1.40364e+09,18.5545
1.40364e+09,18.9434
1.40364e+09,18.7777
1.40364e+09,18.9615
1.40364e+09,21.5466
1.40364e+09,18.9949
1.40364e+09,19.2066
1.40364e+09,18.8552
1.40364e+09,17.6948
1.40364e+09,23.6215
1.40364e+09,22.8374
1.40364e+09,22.5015
1.40364e+09,20.6608
1.40364e+09,22.1145
1.40364e+09,19.75
1.40364e+09,18.4519
1.40364e+09,18.5531
1.40364e+09,17.5853
1.40364e+09,17.4153
1.40364e+09,24.3132
1.40364e+09,20.5819
1.40364e+09,22.0944
1.40364e+09,18.5667
1.40364e+09,18.8592
1.40364e+09,18.1447
1.40364e+09,17.3438
1.40364e+09,23.6221
1.40364e+09,19.2769
1.40364e+09,19.1903
1.40364e+09,18.1804
1.40364e+09,16.757
1.40364e+09,22.937
1.40364e+09,19.383
1.40364e+09,19.3839
1.40364e+09,19.012
1.40364e+09,17.4822
1.40364e+09,23.513
1.40364e+09,24.3114
1.40364e+09,19.6886
1.40364e+09,19.5918
1.40364e+09,18.3772
1.40364e+09,17.4445
1.40364e+09,20.2981
1.40364e+09,20.8349
1.40364e+09,23.8025
1.40364e+09,23.5559
1.40364e+09,21.3802
1.40364e+09,21.8024
1.40364e+09,19.2634
1.40364e+09,19.5016
1.40364e+09,18.9185
1.40364e+09,17.9021
1.40364e+09,24.4954
1.40364e+09,23.7787
1.40364e+09,21.0583
1.40364e+09,23.1602
1.40364e+09,19.1535
1.40364e+09,18.9692
1.40364e+09,18.9339
1.40364e+09,17.7101
1.40364e+09,22.0431
1.40364e+09,19.7003
1.40364e+09,19.6166
1.40364e+09,19.0106
1.40364e+09,18.0759
1.40364e+09,22.7467
1.40364e+09,23.0199
1.40364e+09,20.5348
1.40364e+09,21.0353
1.40364e+09,24.3575
1.40364e+09,19.1712
1.40364e+09,19.2654
1.40364e+09,18.5955
1.40364e+09,17.4982
1.40364e+09,23.1811
1.40364e+09,23.4742
1.40364e+09,18.877
1.40364e+09,19.2729
1.40364e+09,19.2585
1.40364e+09,17.7216
1.40364e+09,23.0452
1.40364e+09,22.1659
1.40364e+09,21.5496
1.40364e+09,21.7288
1.40364e+09,21.4515
1.40364e+09,21.408
1.40364e+09,20.0917
1.40364e+09,21.8424
1.40364e+09,20.3291
1.40364e+09,22.1754
1.40364e+09,23.1428
1.40364e+09,23.664
1.40364e+09,24.9938
1.40364e+09,25.4868
1.40364e+09,23.7847
1.40364e+09,23.7401
1.40364e+09,19.6924
1.40364e+09,20.3763
1.40364e+09,20.2123
1.40364e+09,18.8255
1.40364e+09,24.7274
1.40364e+09,23.7661
1.40364e+09,22.6146
1.40364e+09,20.0214
1.40364e+09,19.6093
1.40364e+09,19.5826
1.40364e+09,18.1931
1.40364e+09,23.7383
1.40364e+09,18.6362
1.40364e+09,18.5014
1.40364e+09,17.8282
1.40364e+09,16.3123
1.40364e+09,20.6173
1.40364e+09,18.5548
1.40364e+09,18.2788
1.40364e+09,17.7974
1.40364e+09,17.1112
1.40364e+09,20.5861
1.40364e+09,19.3549
1.40364e+09,18.2436
1.40364e+09,18.2168
1.40364e+09,18.5773
1.40364e+09,18.1219
1.40364e+09,22.5461
1.40364e+09,23.2455
1.40364e+09,21.6576
1.40364e+09,19.2377
1.40364e+09,21.6739
1.40364e+09,24.6287
1.40364e+09,18.2101
1.40364e+09,18.5196
1.40364e+09,18.1683
1.40364e+09,19.6333
1.40364e+09,19.9918
1.40364e+09,20.6426
1.40364e+09,23.0267
1.40364e+09,23.2955
1.40364e+09,18.506
1.40364e+09,18.5539
1.40364e+09,18.4969
1.40364e+09,17.6782
1.40364e+09,22.8222
1.40364e+09,22.2245
1.40364e+09,23.6003
1.40364e+09,24.0242
1.40364e+09,23.1624
1.40364e+09,19.673
1.40364e+09,19.0472
1.40364e+09,19.5717
1.40364e+09,18.6051
1.40364e+09,16.9717
1.40364e+09,20.8176
1.40364e+09,17.9851
1.40364e+09,17.7539
1.40364e+09,17.3798
1.40364e+09,16.1243
1.40364e+09,19.6999
1.40364e+09,17.2279
1.40364e+09,17.4548
1.40364e+09,17.1495
1.40364e+09,15.3497
1.40364e+09,22.31
1.40364e+09,17.1701
1.40364e+09,17.5105
1.40364e+09,17.1444
1.40364e+09,15.7682
1.40364e+09,20.1146
1.40364e+09,17.2241
1.40364e+09,17.3785
1.40364e+09,17.4236
1.40364e+09,16.962
1.40364e+09,20.7545
1.40364e+09,21.4996
1.40364e+09,20.5454
1.40364e+09,17.1161
1.40364e+09,17.7993
1.40364e+09,16.989
1.40364e+09,17.6675
1.40364e+09,18.1385
1.40364e+09,16.9224
1.40364e+09,16.8672
1.40364e+09,15.8926
1.40364e+09,15.4114
1.40364e+09,16.2268
1.40364e+09,16.4681
1.40364e+09,15.8441
1.40364e+09,19.3636
1.40364e+09,19.5472
1.40364e+09,16.0188
1.40364e+09,15.9291
1.40364e+09,15.5831
1.40364e+09,17.7574
1.40364e+09,16.3695
1.40364e+09,16.8029
1.40364e+09,16.9577
1.40364e+09,16.2102
1.40364e+09,16.8035
1.40364e+09,19.0685
1.40364e+09,21.059
1.40364e+09,19.6108
1.40364e+09,15.8839
1.40364e+09,16.1189
1.40364e+09,15.9189
1.40364e+09,17.7331
1.40364e+09,19.1419
1.40364e+09,20.0172
1.40364e+09,20.1869
1.40364e+09,16.1191
1.40364e+09,16.5534
1.40364e+09,16.0571
1.40364e+09,15.031
1.40364e+09,19.2469
1.40364e+09,21.836
1.40364e+09,20.8274
1.40364e+09,17.8319
1.40364e+09,17.0778
1.40364e+09,17.1178
1.40364e+09,16.2898
1.40364e+09,19.5308
1.40364e+09,19.6481
1.40364e+09,18.7691
1.40364e+09,19.414
1.40364e+09,16.636
1.40364e+09,16.7295
1.40364e+09,15.967
1.40364e+09,16.0548
1.40364e+09,17.5058
1.40364e+09,17.323
1.40364e+09,16.4761
1.40364e+09,17.566
1.40364e+09,22.222
1.40364e+09,18.8899
1.40364e+09,17.1788
1.40364e+09,17.1025
1.40364e+09,16.6823
1.40364e+09,15.8626
1.40364e+09,19.3063
1.40364e+09,19.8021
1.40364e+09,16.9465
1.40364e+09,17.3458
1.40364e+09,16.7023
1.40364e+09,16.0683
1.40364e+09,21.4717
1.40364e+09,19.7977
1.40364e+09,16.7077
1.40364e+09,16.5256
1.40364e+09,16.0881
1.40364e+09,17.4516
1.40364e+09,19.2753
1.40364e+09,19.1091
1.40364e+09,15.9579
1.40364e+09,17.0552
1.40364e+09,15.8904
1.40364e+09,15.3394
1.40364e+09,19.1901
1.40364e+09,19.7768
1.40364e+09,16.8909
1.40364e+09,16.317
1.40364e+09,16.2564
1.40364e+09,16.1501
1.40364e+09,20.9523
1.40364e+09,16.8834
1.40364e+09,18.2318
1.40364e+09,16.4324
1.40364e+09,15.9779
1.40364e+09,15.6292
1.40364e+09,14.8886
1.40364e+09,17.8801
1.40364e+09,16.9511
1.40364e+09,16.0293
1.40364e+09,16.0454
1.40364e+09,16.9761
1.40364e+09,19.954
1.40364e+09,18.4744
1.40364e+09,22.2957
1.40364e+09,16.4061
1.40364e+09,16.9655
1.40364e+09,16.3464
1.40364e+09,18.2357
1.40364e+09,18.6601
1.40364e+09,21.507
1.40364e+09,20.6905
1.40364e+09,20.8972
1.40364e+09,19.6272
1.40364e+09,21.5218
1.40364e+09,16.9755
1.40364e+09,17.2356
1.40364e+09,16.5108
1.40364e+09,15.4094
1.40364e+09,19.5427
1.40364e+09,17.3723
1.40364e+09,17.1172
1.40364e+09,18.7391
1.40364e+09,18.9419
1.40364e+09,20.4725
1.40364e+09,16.5943
1.40364e+09,17.0538
1.40364e+09,16.1824
1.40364e+09,18.934
1.40364e+09,21.0128
1.40364e+09,20.7079
1.40364e+09,21.6578
1.40364e+09,19.3571
1.40364e+09,20.6896
1.40364e+09,22.2613
1.40364e+09,16.7811
1.40364e+09,17.5566
1.40364e+09,19.6292
1.40364e+09,21.9663
1.40364e+09,20.6524
1.40364e+09,21.8454
1.40364e+09,22.3815
1.40364e+09,23.4803
1.40364e+09,18.8711
1.40364e+09,23.1481
1.40364e+09,17.1574
1.40364e+09,17.6729
1.40364e+09,17.348
1.40364e+09,20.3226
1.40364e+09,19.9257
1.40364e+09,21.7091
1.40364e+09,17.7186
1.40364e+09,18.0055
1.40364e+09,18.8919
1.40364e+09,21.5287
1.40364e+09,18.0388
1.40364e+09,18.399
1.40364e+09,17.7579
1.40364e+09,18.307
1.40364e+09,20.7131
1.40364e+09,17.1901
1.40364e+09,20.5136
1.40364e+09,20.5835
1.40364e+09,17.1976
1.40364e+09,17.5943
1.40364e+09,17.8045
1.40364e+09,16.0553
1.40364e+09,19.4317
1.40364e+09,16.5842
1.40364e+09,16.8756
1.40364e+09,15.321
1.40364e+09,19.736
1.40364e+09,19.7448
1.40364e+09,16.7586
1.40364e+09,17.2356
1.40364e+09,15.8517
1.40364e+09,22.0228
1.40364e+09,17.5424
1.40364e+09,17.9932
1.40364e+09,17.7239
1.40364e+09,19.0741
1.40364e+09,18.8485
1.40364e+09,18.786
1.40364e+09,19.4852
1.40364e+09,21.571
1.40364e+09,18.4375
1.40364e+09,18.4001
1.40364e+09,17.9431
1.40364e+09,16.9552
1.40364e+09,19.1743
1.40364e+09,19.152
1.40364e+09,17.7427
1.40364e+09,20.5897
1.40364e+09,21.7627
1.40364e+09,19.7008
1.40364e+09,19.7848
1.40364e+09,20.0218
1.40364e+09,19.9988
1.40364e+09,18.3532
1.40364e+09,24.317
1.40364e+09,21.4125
1.40364e+09,23.0831
1.40364e+09,20.3577
1.40364e+09,20.8302
1.40364e+09,20.2017
1.40364e+09,22.59
1.40364e+09,23.1718
1.40364e+09,23.2899
1.40364e+09,20.04
1.40364e+09,20.278
1.40364e+09,19.653
1.40364e+09,22.8339
1.40364e+09,19.4868
1.40364e+09,19.7453
1.40364e+09,19.2005
1.40364e+09,22.0898
1.40364e+09,19.5536
1.40364e+09,20.3742
1.40364e+09,19.6849
1.40364e+09,20.8201
1.40364e+09,20.1467
1.40364e+09,20.4687
1.40364e+09,19.6261
1.40364e+09,21.8808
1.40364e+09,19.9466
1.40364e+09,20.1124
1.40364e+09,19.2945
1.40364e+09,20.3165
1.40364e+09,19.4545
1.40364e+09,19.8446
1.40364e+09,19.5368
1.40364e+09,20.8081
1.40364e+09,19.0783
1.40364e+09,19.8962
1.40364e+09,19.4308
1.40364e+09,21.3892
1.40364e+09,19.7967
1.40364e+09,20.1337
1.40364e+09,19.8434
1.40364e+09,19.0469
1.40364e+09,18.8608
1.40364e+09,19.2606
1.40364e+09,18.6526
1.40364e+09,20.2565
1.40364e+09,18.4938
1.40364e+09,18.9412
1.40364e+09,18.8334
1.40364e+09,19.6633
1.40364e+09,18.9086
1.40364e+09,19.2932
1.40364e+09,18.9756
1.40364e+09,22.5298
1.40364e+09,21.1748
1.40364e+09,23.3811
1.40364e+09,18.8756
1.40364e+09,19.5719
1.40364e+09,18.6673
1.40364e+09,18.5942
1.40364e+09,24.173
1.40364e+09,18.7717
1.40364e+09,19.1085
1.40364e+09,18.8559
1.40364e+09,17.5565
1.40364e+09,25.1331
1.40364e+09,24.4367
1.40364e+09,19.1547
1.40364e+09,19.335
1.40364e+09,18.8741
1.40364e+09,18.4825
1.40364e+09,21.5282
1.40364e+09,19.1389
1.40364e+09,18.7817
1.40364e+09,18.2567
1.40364e+09,18.2541
1.40364e+09,18.4779
1.40364e+09,18.8703
1.40364e+09,19.1793
1.40364e+09,19.4275
1.40364e+09,18.8729
1.40364e+09,19.1393
1.40364e+09,18.6672
1.40364e+09,17.2381
1.40364e+09,24.4381
1.40364e+09,18.3684
1.40364e+09,18.8479
1.40364e+09,18.1796
1.40364e+09,19.4256
1.40364e+09,18.6209
1.40364e+09,18.6823
1.40364e+09,18.129
1.40364e+09,19.97
1.40364e+09,18.418
1.40364e+09,18.7864
1.40364e+09,19.2046
1.40364e+09,21.374
1.40364e+09,19.5038
1.40364e+09,19.9164
1.40364e+09,19.5283
1.40364e+09,19.1267
1.40364e+09,20.9672
1.40364e+09,20.0964
1.40364e+09,20.0338
1.40364e+09,18.3185
1.40364e+09,25.7404
1.40364e+09,25.1719
1.40364e+09,20.0265
1.40364e+09,21.1826
1.40364e+09,21.0697
1.40364e+09,20.055
1.40364e+09,26.3113
1.40364e+09,23.1299
1.40364e+09,24.702
1.40364e+09,25.8983
1.40364e+09,19.6788
1.40364e+09,20.494
1.40364e+09,20.4497
1.40364e+09,19.0908
1.40364e+09,25.572
1.40364e+09,20.6035
1.40364e+09,20.9207
1.40364e+09,20.845
1.40364e+09,20.2513
1.40364e+09,23.4939
1.40364e+09,23.7383
1.40364e+09,23.9939
1.40364e+09,25.9257
1.40364e+09,20.5982
1.40364e+09,21.5702
1.40364e+09,20.5987
1.40364e+09,19.0807
1.40364e+09,24.2819
1.40364e+09,24.2807
1.40364e+09,20.5412
1.40364e+09,21.3132
1.40364e+09,20.6412
1.40364e+09,19.4834
1.40364e+09,25.1888
1.40364e+09,24.1527
1.40364e+09,20.6326
1.40364e+09,20.624
1.40364e+09,20.0039
1.40364e+09,18.7584
1.40364e+09,22.1005
1.40364e+09,19.4433
1.40364e+09,20.4502
1.40364e+09,20.2936
1.40364e+09,19.6618
1.40364e+09,24.9095
1.40364e+09,21.7734
1.40364e+09,21.7641
1.40364e+09,21.9454
1.40364e+09,20.7646
1.40364e+09,26.0933
1.40364e+09,27.2002
1.40364e+09,26.3367
1.40364e+09,25.1065
1.40364e+09,25.7211
1.40364e+09,25.358
1.40364e+09,20.7157
1.40364e+09,21.0355
1.40364e+09,21.0264
1.40364e+09,20.019
1.40364e+09,25.8096
1.40364e+09,26.721
1.40364e+09,26.0492
1.40364e+09,25.4024
1.40364e+09,25.1345
1.40364e+09,26.818
1.40364e+09,21.6013
1.40364e+09,22.3214
1.40364e+09,21.6961
1.40364e+09,22.328
1.40364e+09,20.7999
1.40364e+09,24.1155
1.40364e+09,24.0112
1.40364e+09,24.935
1.40364e+09,26.6499
1.40364e+09,27.6237
1.40364e+09,21.6291
1.40364e+09,22.4313
1.40364e+09,23.8985
1.40364e+09,21.4264
1.40364e+09,24.6447
1.40364e+09,25.9222
1.40364e+09,25.1295
1.40364e+09,25.8613
1.40364e+09,27.8044
1.40364e+09,24.8699
1.40364e+09,22.3423
1.40364e+09,22.8164
1.40364e+09,22.8471
1.40364e+09,21.4947
1.40364e+09,25.3718
1.40364e+09,26.2857
1.40364e+09,26.2237
1.40364e+09,27.2087
1.40364e+09,26.6421
1.40364e+09,26.582
1.40364e+09,22.2099
1.40364e+09,23.4627
1.40364e+09,22.8447
1.40364e+09,21.6263
1.40364e+09,24.4919
1.40364e+09,26.5916
1.40364e+09,27.3677
1.40364e+09,27.1502
1.40364e+09,27.375
1.40364e+09,21.362
1.40364e+09,21.9423
1.40364e+09,21.1075
1.40364e+09,21.9425
1.40364e+09,20.6129
1.40364e+09,22.7816
1.40364e+09,21.3816
1.40364e+09,21.0761
1.40364e+09,19.322
1.40364e+09,23.1354
1.40364e+09,24.6221
1.40364e+09,19.9745
1.40364e+09,21.2326
1.40364e+09,20.4475
1.40364e+09,19.0463
1.40364e+09,23.7832
1.40364e+09,24.5677
1.40364e+09,25.6031
1.40364e+09,25.5059
1.40364e+09,20.7319
1.40364e+09,21.0828
1.40364e+09,20.2295
1.40364e+09,19.1339
1.40364e+09,25.2148
1.40364e+09,24.675
1.40364e+09,22.2891
1.40364e+09,26.0808
1.40364e+09,24.6495
1.40364e+09,20.6325
1.40364e+09,21.4188
1.40364e+09,20.6591
1.40364e+09,19.2689
1.40364e+09,23.3297
1.40364e+09,24.1472
1.40364e+09,26.0025
1.40364e+09,19.3095
1.40364e+09,22.971
1.40364e+09,21.5001
1.40364e+09,20.2075
1.40364e+09,20.6232
1.40364e+09,20.4903
1.40364e+09,19.0484
1.40364e+09,23.1415
1.40364e+09,22.973
1.40364e+09,19.9342
1.40364e+09,20.5088
1.40364e+09,19.5625
1.40364e+09,19.0012
1.40364e+09,18.1615
1.40364e+09,21.1786
1.40364e+09,20.9437
1.40364e+09,20.0731
1.40364e+09,20.2129
1.40364e+09,19.9874
1.40364e+09,18.5576
1.40364e+09,23.1721
1.40364e+09,23.7034
1.40364e+09,23.247
1.40364e+09,23.5924
1.40364e+09,23.7691
1.40364e+09,23.312
1.40364e+09,18.4605
1.40364e+09,19.0563
1.40364e+09,19.0473
1.40364e+09,17.8466
1.40364e+09,22.5024
1.40364e+09,22.2165
1.40364e+09,22.9169
1.40364e+09,22.5643
1.40364e+09,19.0152
1.40364e+09,19.2621
1.40364e+09,18.879
1.40364e+09,17.4364
1.40364e+09,20.3905
1.40364e+09,21.2185
1.40364e+09,22.4527
1.40364e+09,23.2025
1.40364e+09,18.5551
1.40364e+09,19.2942
1.40364e+09,19.3592
1.40364e+09,17.4491
1.40364e+09,21.1415
1.40364e+09,21.685
1.40364e+09,21.3155
1.40364e+09,22.6877
1.40364e+09,20.8249
1.40364e+09,22.6915
1.40364e+09,19.8059
1.40364e+09,19.4123
1.40364e+09,19.2585
1.40364e+09,17.8235
1.40364e+09,23.3116
1.40364e+09,22.8592
1.40364e+09,21.3911
1.40364e+09,23.3023
1.40364e+09,21.7092
1.40364e+09,22.7696
1.40364e+09,20.3402
1.40364e+09,19.8915
1.40364e+09,20.3409
1.40364e+09,21.3196
1.40364e+09,18.9441
1.40364e+09,22.8894
1.40364e+09,24.8748
1.40364e+09,24.8286
1.40364e+09,22.4763
1.40364e+09,23.9531
1.40364e+09,19.071
1.40364e+09,20.1093
1.40364e+09,20.1548
1.40364e+09,19.2627
1.40364e+09,18.8782
1.40364e+09,25.167
1.40364e+09,19.6065
1.40364e+09,19.8902
1.40364e+09,19.5725
1.40364e+09,21.2238
1.40364e+09,18.5905
1.40364e+09,19.7073
1.40364e+09,19.8734
1.40364e+09,19.5118
1.40364e+09,18.6072
1.40364e+09,22.5359
1.40364e+09,22.0214
1.40364e+09,23.7906
1.40364e+09,22.9256
1.40364e+09,19.2182
1.40364e+09,19.7991
1.40364e+09,19.5203
1.40364e+09,20.5814
1.40364e+09,18.9254
1.40364e+09,20.6925
1.40364e+09,23.2628
1.40364e+09,20.2778
1.40364e+09,18.0861
1.40364e+09,19.2976
1.40364e+09,18.9146
1.40364e+09,17.5898
1.40364e+09,22.7489
1.40364e+09,21.2765
1.40364e+09,23.7261
1.40364e+09,21.3759
1.40364e+09,22.6317
1.40364e+09,23.6934
1.40364e+09,19.5362
1.40364e+09,21.2087
1.40364e+09,19.7647
1.40364e+09,19.3642
1.40364e+09,19.1636
1.40364e+09,22.4065
1.40364e+09,25.6531
1.40364e+09,23.6271
1.40364e+09,21.9211
1.40364e+09,24.9037
1.40364e+09,19.6127
1.40364e+09,20.3665
1.40364e+09,19.4334
1.40364e+09,18.2913
1.40364e+09,21.0269
1.40364e+09,22.3126
1.40364e+09,22.9225
1.40364e+09,22.6455
1.40364e+09,21.836
1.40364e+09,19.673
1.40364e+09,19.8673
1.40364e+09,19.2514
1.40364e+09,18.1565
1.40364e+09,22.1832
1.40364e+09,24.6186
1.40364e+09,22.1148
1.40364e+09,18.3787
1.40364e+09,23.2675
1.40364e+09,24.0667
1.40364e+09,19.7119
1.40364e+09,19.9263
1.40364e+09,19.3596
1.40364e+09,18.1824
1.40364e+09,21.6955
1.40364e+09,23.8083
1.40364e+09,22.5243
1.40364e+09,24.2593
1.40364e+09,19.6497
1.40364e+09,19.6428
1.40364e+09,19.4538
1.40364e+09,20.1926
1.40364e+09,18.8018
1.40364e+09,22.954
1.40364e+09,23.2027
1.40364e+09,22.085
1.40364e+09,22.1272
1.40364e+09,20.1314
1.40364e+09,19.8812
1.40364e+09,20.9833
1.40364e+09,19.5107
1.40364e+09,19.6255
1.40364e+09,24.4346
1.40364e+09,22.7829
1.40364e+09,22.2504
1.40364e+09,23.889
1.40364e+09,19.412
1.40364e+09,19.7276
1.40364e+09,19.7042
1.40364e+09,18.5889
1.40364e+09,22.2648
1.40364e+09,24.4388
1.40364e+09,23.493
1.40364e+09,22.6666
1.40364e+09,19.274
1.40364e+09,19.5208
1.40364e+09,19.1164
1.40364e+09,17.449
1.40364e+09,21.5878
1.40364e+09,21.8488
1.40364e+09,22.5751
1.40364e+09,23.7526
1.40364e+09,20.9845
1.40364e+09,22.9196
1.40364e+09,18.6026
1.40364e+09,19.0459
1.40364e+09,18.7968
1.40364e+09,17.1634
1.40364e+09,22.3294
1.40364e+09,21.1728
1.40364e+09,23.741
1.40364e+09,23.4912
1.40364e+09,22.6982
1.40364e+09,17.8583
1.40364e+09,18.2858
1.40364e+09,17.8089
1.40364e+09,16.5006
1.40364e+09,23.344
1.40364e+09,20.19
1.40364e+09,21.1109
1.40364e+09,22.7318
1.40364e+09,17.9084
1.40364e+09,18.1939
1.40364e+09,17.868
1.40364e+09,17.8543
1.40364e+09,16.2194
1.40364e+09,19.4181
1.40364e+09,20.6156
1.40364e+09,18.0581
1.40364e+09,18.1962
1.40364e+09,18.1467
1.40364e+09,17.2434
1.40364e+09,22.2249
1.40364e+09,20.758
1.40364e+09,20.9776
1.40364e+09,17.5907
1.40364e+09,18.2847
1.40364e+09,17.8176
1.40364e+09,16.7308
1.40364e+09,21.8786
1.40364e+09,17.6315
1.40364e+09,17.6727
1.40364e+09,17.5654
1.40364e+09,16.6208
1.40364e+09,20.8683
1.40364e+09,21.3635
1.40364e+09,18.5364
1.40364e+09,18.8052
1.40364e+09,18.7265
1.40364e+09,17.1193
1.40364e+09,21.3352
1.40364e+09,23.069
1.40364e+09,18.364
1.40364e+09,18.2535
1.40364e+09,17.8771
1.40364e+09,16.4821
1.40364e+09,19.4103
1.40364e+09,18.0406
1.40364e+09,17.4241
1.40364e+09,17.3915
1.40364e+09,16.4327
1.40364e+09,20.3216
1.40364e+09,23.1952
1.40364e+09,18.3025
1.40364e+09,19.0887
1.40364e+09,17.9214
1.40364e+09,16.7669
1.40364e+09,21.6911
1.40364e+09,23.0638
1.40364e+09,22.4211
1.40364e+09,18.4243
1.40364e+09,18.3061
1.40364e+09,18.4108
1.40364e+09,17.003
1.40364e+09,22.8212
1.40364e+09,18.2553
1.40364e+09,18.6711
1.40364e+09,18.5389
1.40364e+09,17.2326
1.40364e+09,20.5369
1.40364e+09,22.1245
1.40364e+09,23.5646
1.40364e+09,23.1377
1.40364e+09,18.2761
1.40364e+09,18.4051
1.40364e+09,18.3782
1.40364e+09,17.0874
1.40364e+09,19.5345
1.40364e+09,21.8418
1.40364e+09,17.0705
1.40364e+09,16.9735
1.40364e+09,16.5978
1.40364e+09,16.8932
1.40364e+09,16.5761
1.40364e+09,16.9326
1.40364e+09,16.6555
1.40364e+09,15.295
1.40364e+09,18.4137
1.40364e+09,16.1963
1.40364e+09,16.4247
1.40364e+09,16.4521
1.40364e+09,15.39
1.40364e+09,21.9905
1.40364e+09,16.2532
1.40364e+09,16.7823
1.40364e+09,16.8288
1.40364e+09,16.1781
1.40364e+09,22.2473
1.40364e+09,17.467
1.40364e+09,18.3939
1.40364e+09,18.3256
1.40364e+09,18.7389
1.40364e+09,21.2015
1.40364e+09,23.7786
1.40364e+09,17.9997
1.40364e+09,18.8645
1.40364e+09,17.9536
1.40364e+09,18.3937
1.40364e+09,23.7431
1.40364e+09,21.5723
1.40364e+09,22.3933
1.40364e+09,21.8129
1.40364e+09,21.2195
1.40364e+09,21.9835
1.40364e+09,18.7532
1.40364e+09,19.4933
1.40364e+09,19.2395
1.40364e+09,17.9995
1.40364e+09,24.7193
1.40364e+09,19.9516
1.40364e+09,20.1292
1.40364e+09,20.1284
1.40364e+09,18.8402
1.40364e+09,23.8875
1.40364e+09,25.2665
1.40364e+09,23.6135
1.40364e+09,23.7982
1.40364e+09,23.3568
1.40364e+09,25.5866
1.40364e+09,20.5289
1.40364e+09,20.9637
1.40364e+09,21.1047
1.40364e+09,19.0745
1.40364e+09,26.0117
1.40364e+09,22.9731
1.40364e+09,23.2492
1.40364e+09,25.4709
1.40364e+09,24.9636
1.40364e+09,20.9664
1.40364e+09,20.8878
1.40364e+09,21.0489
1.40364e+09,19.6005
1.40364e+09,20.0978
1.40364e+09,23.4434
1.40364e+09,24.3027
1.40364e+09,20.9341
1.40364e+09,21.47
1.40364e+09,20.9522
1.40364e+09,19.344
1.40364e+09,24.2822
1.40364e+09,24.5219
1.40364e+09,23.4921
1.40364e+09,23.8578
1.40364e+09,24.9892
1.40364e+09,26.373
1.40364e+09,21.0137
1.40364e+09,21.0634
1.40364e+09,21.2488
1.40364e+09,20.2082
1.40364e+09,22.7745
1.40364e+09,22.9854
1.40364e+09,24.027
1.40364e+09,24.097
1.40364e+09,20.3742
1.40364e+09,25.7974
1.40364e+09,20.7025
1.40364e+09,20.7756
1.40364e+09,20.9287
1.40364e+09,19.0064
1.40364e+09,24.0259
1.40364e+09,24.7855
1.40364e+09,25.2844
1.40364e+09,24.34
1.40364e+09,23.3302
1.40364e+09,25.6464
1.40364e+09,20.9276
1.40364e+09,21.2386
1.40364e+09,21.2709
1.40364e+09,19.6483
1.40364e+09,24.1178
1.40364e+09,25.5144
1.40364e+09,26.6776
1.40364e+09,26.3206
1.40364e+09,26.5851
1.40364e+09,24.0227
1.40364e+09,21.9483
1.40364e+09,21.4295
1.40364e+09,20.9864
1.40364e+09,19.2555
1.40364e+09,23.0912
1.40364e+09,24.44
1.40364e+09,23.1862
1.40364e+09,22.8038
1.40364e+09,23.386
1.40364e+09,23.5769
1.40364e+09,21.2413
1.40364e+09,22.0904
1.40364e+09,21.1553
1.40364e+09,21.527
1.40364e+09,22.0962
1.40364e+09,23.858
1.40364e+09,24.3028
1.40364e+09,24.3017
1.40364e+09,25.3473
1.40364e+09,26.4167
1.40364e+09,21.5094
1.40364e+09,21.885
1.40364e+09,21.9181
1.40364e+09,23.296
1.40364e+09,21.6007
1.40364e+09,26.6399
1.40364e+09,26.7389
1.40364e+09,25.7553
1.40364e+09,24.9739
1.40364e+09,26.0411
1.40364e+09,21.3964
1.40364e+09,22.2323
1.40364e+09,21.8448
1.40364e+09,21.9188
1.40364e+09,19.8577
1.40364e+09,26.7601
1.40364e+09,26.4942
1.40364e+09,21.8809
1.40364e+09,22.2598
1.40364e+09,21.6577
1.40364e+09,22.2213
1.40364e+09,21.2414
1.40364e+09,24.7152
1.40364e+09,27.0934
1.40364e+09,25.1069
1.40364e+09,22.5379
1.40364e+09,21.8983
1.40364e+09,22.503
1.40364e+09,22.0532
1.40364e+09,22.7207
1.40364e+09,20.545
1.40364e+09,27.7624
1.40364e+09,27.4966
1.40364e+09,22.5048
1.40364e+09,22.1854
1.40364e+09,22.0332
1.40364e+09,22.7357
1.40364e+09,20.3985
1.40364e+09,27.7539
1.40364e+09,22.4418
1.40364e+09,23.0352
1.40364e+09,23.0386
1.40364e+09,22.872
1.40364e+09,21.2982
1.40364e+09,25.7795
1.40364e+09,24.6405
1.40364e+09,24.8903
1.40364e+09,21.919
1.40364e+09,27.2009
1.40364e+09,22.8384
1.40364e+09,23.9067
1.40364e+09,23.3365
1.40364e+09,23.8349
1.40364e+09,21.9762
1.40364e+09,28.1173
1.40364e+09,26.0393
1.40364e+09,28.7072
1.40364e+09,25.8548
1.40364e+09,28.933
1.40364e+09,23.4365
1.40364e+09,24.0741
1.40364e+09,23.4316
1.40364e+09,23.1016
1.40364e+09,21.5039
1.40364e+09,26.7605
1.40364e+09,22.5131
1.40364e+09,28.0791
1.40364e+09,28.0297
1.40364e+09,26.444
1.40364e+09,23.4061
1.40364e+09,23.311
1.40364e+09,23.9694
1.40364e+09,23.5568
1.40364e+09,21.9014
1.40364e+09,25.2288
1.40364e+09,27.2734
1.40364e+09,23.753
1.40364e+09,23.3583
1.40364e+09,22.9747
1.40364e+09,21.9709
1.40364e+09,22.4296
1.40364e+09,22.891
1.40364e+09,23.3431
1.40364e+09,22.6628
1.40364e+09,22.5756
1.40364e+09,21.3562
1.40364e+09,28.8287
1.40364e+09,25.7653
1.40364e+09,27.5256
1.40364e+09,27.7591
1.40364e+09,28.8442
1.40364e+09,23.1769
1.40364e+09,23.7549
1.40364e+09,23.8034
1.40364e+09,23.638
1.40364e+09,22.2621
1.40364e+09,26.9412
1.40364e+09,23.5007
1.40364e+09,24.2377
1.40364e+09,23.8193
1.40364e+09,23.0558
1.40364e+09,21.5677
1.40364e+09,26.8206
1.40364e+09,22.6818
1.40364e+09,23.5641
1.40364e+09,22.5181
1.40364e+09,22.6154
1.40364e+09,20.7392
1.40364e+09,26.4495
1.40364e+09,22.5506
1.40364e+09,23.3719
1.40364e+09,22.5234
1.40364e+09,22.1684
1.40364e+09,21.47
1.40364e+09,26.4158
1.40364e+09,22.1151
1.40364e+09,22.6372
1.40364e+09,22.2441
1.40364e+09,21.6355
1.40364e+09,21.611
1.40364e+09,22.523
1.40364e+09,23.9356
1.40364e+09,23.0791
1.40364e+09,22.9577
1.40364e+09,25.1995
1.40364e+09,27.1658
1.40364e+09,23.0265
1.40364e+09,23.27
1.40364e+09,23.116
1.40364e+09,22.4641
1.40364e+09,22.0009
1.40364e+09,24.4585
1.40364e+09,25.7242
1.40364e+09,22.4532
1.40364e+09,23.1964
1.40364e+09,22.5747
1.40364e+09,22.3423
1.40364e+09,21.4963
1.40364e+09,25.2844
1.40364e+09,24.9605
1.40364e+09,22.5142
1.40364e+09,23.6351
1.40364e+09,22.654
1.40364e+09,22.0696
1.40364e+09,21.2523
1.40364e+09,27.842
1.40364e+09,22.5655
1.40364e+09,22.3112
1.40364e+09,22.0848
1.40364e+09,22.0082
1.40364e+09,21.6389
1.40364e+09,21.4402
1.40364e+09,22.3861
1.40364e+09,21.8416
1.40364e+09,21.6115
1.40364e+09,20.5443
1.40364e+09,27.7568
1.40364e+09,21.713
1.40364e+09,21.67
1.40364e+09,21.4722
1.40364e+09,21.3745
1.40364e+09,20.5457
1.40364e+09,26.8708
1.40364e+09,21.893
1.40364e+09,23.611
1.40364e+09,21.7421
1.40364e+09,21.6511
1.40364e+09,21.0798
1.40364e+09,21.6491
1.40364e+09,22.3528
1.40364e+09,21.2221
1.40364e+09,21.2715
1.40364e+09,20.9331
1.40364e+09,21.6167
1.40364e+09,22.5159
1.40364e+09,21.785
1.40364e+09,21.9455
1.40364e+09,20.6689
1.40364e+09,25.7016
1.40364e+09,21.6681
1.40364e+09,22.0794
1.40364e+09,21.707
1.40364e+09,21.8302
1.40364e+09,20.1603
1.40364e+09,23.7752
1.40364e+09,20.7613
1.40364e+09,21.4894
1.40364e+09,20.9432
1.40364e+09,20.2899
1.40364e+09,19.2897
1.40364e+09,24.8936
1.40364e+09,20.7126
1.40364e+09,21.2329
1.40364e+09,20.8079
1.40364e+09,20.7702
1.40364e+09,20.0874
1.40364e+09,23.6969
1.40364e+09,23.5311
1.40364e+09,23.8947
1.40364e+09,20.5243
1.40364e+09,20.9446
1.40364e+09,20.2661
1.40364e+09,20.4821
1.40364e+09,19.1181
1.40364e+09,23.8684
1.40364e+09,23.6382
1.40364e+09,24.3004
1.40364e+09,20.343
1.40364e+09,21.5618
1.40364e+09,20.4588
1.40364e+09,20.0608
1.40364e+09,18.963
1.40364e+09,23.2468
1.40364e+09,21.0312
1.40364e+09,21.3213
1.40364e+09,20.8477
1.40364e+09,20.3065
1.40364e+09,19.2262
1.40364e+09,23.2066
1.40364e+09,20.7201
1.40364e+09,21.5439
1.40364e+09,20.8161
1.40364e+09,20.7605
1.40364e+09,19.326
1.40364e+09,26.4621
1.40364e+09,20.9943
1.40364e+09,20.4372
1.40364e+09,20.6865
1.40364e+09,20.0227
1.40364e+09,18.9782
1.40364e+09,23.193
1.40364e+09,20.8324
1.40364e+09,20.8766
1.40364e+09,20.0428
1.40364e+09,19.722
1.40364e+09,18.1921
1.40364e+09,22.275
1.40364e+09,19.761
1.40364e+09,20.3216
1.40364e+09,19.9802
1.40364e+09,19.6419
1.40364e+09,18.6774
1.40364e+09,23.4136
1.40364e+09,20.1644
1.40364e+09,21.1431
1.40364e+09,19.8742
1.40364e+09,19.6289
1.40364e+09,18.4346
1.40364e+09,23.9301
1.40364e+09,19.9063
1.40364e+09,20.6653
1.40364e+09,20.4242
1.40364e+09,20.6076
1.40364e+09,19.4034
1.40364e+09,22.8561
1.40364e+09,23.2449
1.40364e+09,25.0069
1.40364e+09,19.7048
1.40364e+09,20.5313
1.40364e+09,19.5097
1.40364e+09,20.2125
1.40364e+09,18.4013
1.40364e+09,23.4658
1.40364e+09,22.7076
1.40364e+09,19.8423
1.40364e+09,20.3111
1.40364e+09,19.8846
1.40364e+09,19.89
1.40364e+09,18.8152
1.40364e+09,23.2309
1.40364e+09,20.2535
1.40364e+09,20.8423
1.40364e+09,20.4739
1.40364e+09,20.0302
1.40364e+09,18.5999
1.40364e+09,23.7599
1.40364e+09,22.7318
1.40364e+09,19.2604
1.40364e+09,19.7166
1.40364e+09,18.7181
1.40364e+09,18.523
1.40364e+09,17.6725
1.40364e+09,22.2459
1.40364e+09,19.6719
1.40364e+09,20.4168
1.40364e+09,19.4971
1.40364e+09,19.5308
1.40364e+09,18.1275
1.40364e+09,22.6186
1.40364e+09,25.7301
1.40364e+09,22.5012
1.40364e+09,24.9754
1.40364e+09,24.9842
1.40364e+09,20.797
1.40364e+09,20.7171
1.40364e+09,20.0515
1.40364e+09,20.3426
1.40364e+09,18.7793
1.40364e+09,24.36
1.40364e+09,24.4777
1.40364e+09,23.0886
1.40364e+09,21.2626
1.40364e+09,21.5788
1.40364e+09,21.2535
1.40364e+09,20.7991
1.40364e+09,19.2679
1.40364e+09,25.3785
1.40364e+09,22.5277
1.40364e+09,23.2401
1.40364e+09,25.5826
1.40364e+09,25.2801
1.40364e+09,20.2299
1.40364e+09,20.8903
1.40364e+09,20.7906
1.40364e+09,20.4495
1.40364e+09,19.0262
1.40364e+09,24.0599
1.40364e+09,20.6183
1.40364e+09,20.9084
1.40364e+09,21.0053
1.40364e+09,20.8352
1.40364e+09,20.1766
1.40364e+09,25.4307
1.40364e+09,26.0392
1.40364e+09,21.5275
1.40364e+09,21.4954
1.40364e+09,21.5214
1.40364e+09,21.7504
1.40364e+09,19.8595
1.40364e+09,24.2693
1.40364e+09,21.5796
1.40364e+09,22.2403
1.40364e+09,21.452
1.40364e+09,21.3696
1.40364e+09,20.3151
1.40364e+09,26.4566
1.40364e+09,22.6547
1.40364e+09,22.3412
1.40364e+09,23.6653
1.40364e+09,22.4675
1.40364e+09,21.0993
1.40364e+09,26.2262
1.40364e+09,26.8266
1.40364e+09,24.4154
1.40364e+09,26.9843
1.40364e+09,26.8302
1.40364e+09,21.7009
1.40364e+09,21.9355
1.40364e+09,22.1643
1.40364e+09,21.8599
1.40364e+09,20.4822
1.40364e+09,24.7213
1.40364e+09,24.8503
1.40364e+09,21.5971
1.40364e+09,22.8138
1.40364e+09,21.3914
1.40364e+09,21.497
1.40364e+09,20.5918
1.40364e+09,19.4859
1.40364e+09,24.2796
1.40364e+09,21.7983
1.40364e+09,22.0349
1.40364e+09,21.5722
1.40364e+09,21.9394
1.40364e+09,20.2728
1.40364e+09,22.9389
1.40364e+09,26.9045
1.40364e+09,21.7892
1.40364e+09,24.9784
1.40364e+09,25.8082
1.40364e+09,21.0232
1.40364e+09,21.3814
1.40364e+09,21.3277
1.40364e+09,21.992
1.40364e+09,20.8512
1.40364e+09,25.7278
1.40364e+09,26.4508
1.40364e+09,24.3787
1.40364e+09,25.8207
1.40364e+09,27.6359
1.40364e+09,23.3094
1.40364e+09,23.3596
1.40364e+09,23.251
1.40364e+09,22.888
1.40364e+09,22.4233
1.40364e+09,21.7862
1.40364e+09,25.4103
1.40364e+09,27.7036
1.40364e+09,26.8028
1.40364e+09,25.3786
1.40364e+09,23.0314
1.40364e+09,22.632
1.40364e+09,23.1112
1.40364e+09,22.2491
1.40364e+09,21.862
1.40364e+09,21.5019
1.40364e+09,27.4486
1.40364e+09,21.8737
1.40364e+09,22.1199
1.40364e+09,21.9213
1.40364e+09,21.569
1.40364e+09,20.5627
1.40364e+09,24.0785
1.40364e+09,21.2235
1.40364e+09,22.0108
1.40364e+09,21.5299
1.40364e+09,21.4962
1.40364e+09,20.7225
1.40364e+09,25.3944
1.40364e+09,26.7507
1.40364e+09,24.6456
1.40364e+09,24.6662
1.40364e+09,25.5313
1.40364e+09,21.5864
1.40364e+09,21.9082
1.40364e+09,22.0455
1.40364e+09,21.7972
1.40364e+09,20.4237
1.40364e+09,24.0146
1.40364e+09,27.1189
1.40364e+09,26.8037
1.40364e+09,26.6403
1.40364e+09,21.8096
1.40364e+09,21.7418
1.40364e+09,21.911
1.40364e+09,22.6027
1.40364e+09,20.1113
1.40364e+09,22.7686
1.40364e+09,26.1578
1.40364e+09,21.7784
1.40364e+09,21.6821
1.40364e+09,21.5321
1.40364e+09,20.9018
1.40364e+09,19.8472
1.40364e+09,22.8696
1.40364e+09,20.3737
1.40364e+09,20.9167
1.40364e+09,20.5307
1.40364e+09,20.5411
1.40364e+09,19.3534
1.40364e+09,22.9913
1.40364e+09,21.2506
1.40364e+09,21.5648
1.40364e+09,21.3512
1.40364e+09,22.4018
1.40364e+09,20.0801
1.40364e+09,23.09
1.40364e+09,25.3759
1.40364e+09,25.0293
1.40364e+09,21.2655
1.40364e+09,21.2435
1.40364e+09,20.9424
1.40364e+09,21.2078
1.40364e+09,19.6972
1.40364e+09,23.7505
1.40364e+09,20.8136
1.40364e+09,21.6331
1.40364e+09,21.1958
1.40364e+09,20.8973
1.40364e+09,19.6619
1.40364e+09,23.6378
1.40364e+09,25.2376
1.40364e+09,24.4972
1.40364e+09,20.7542
1.40364e+09,21.6118
1.40364e+09,20.9765
1.40364e+09,20.9272
1.40364e+09,19.3124
1.40364e+09,23.5223
1.40364e+09,21.7502
1.40364e+09,24.3294
1.40364e+09,21.175
1.40364e+09,21.8082
1.40364e+09,21.5277
1.40364e+09,21.5722
1.40364e+09,20.5111
1.40364e+09,24.2206
1.40364e+09,26.6327
1.40364e+09,24.7012
1.40364e+09,24.1844
1.40364e+09,26.4505
1.40364e+09,21.8836
1.40364e+09,22.0775
1.40364e+09,22.4955
1.40364e+09,22.2313
1.40364e+09,21.1862
1.40364e+09,24.3739
1.40364e+09,26.8758
1.40364e+09,26.226
1.40364e+09,23.7981
1.40364e+09,26.3817
1.40364e+09,22.5818
1.40364e+09,22.6555
1.40364e+09,22.7051
1.40364e+09,23.4141
1.40364e+09,22.9063
1.40364e+09,21.5441
1.40364e+09,27.0827
1.40364e+09,27.7026
1.40364e+09,26.4973
1.40364e+09,27.524
1.40364e+09,23.1819
1.40364e+09,23.4193
1.40364e+09,23.6183
1.40364e+09,23.091
1.40364e+09,26.1128
1.40364e+09,28.5712
1.40364e+09,22.4392
1.40364e+09,24.6893
1.40364e+09,27.5977
1.40364e+09,27.8911
1.40364e+09,23.0261
1.40364e+09,23.2971
1.40364e+09,23.1563
1.40364e+09,23.3911
1.40364e+09,23.5001
1.40364e+09,22.2632
1.40364e+09,28.6708
1.40364e+09,25.9913
1.40364e+09,25.9813
1.40364e+09,26.7184
1.40364e+09,23.7165
1.40364e+09,23.9059
1.40364e+09,24.6141
1.40364e+09,23.627
1.40364e+09,22.5459
1.40364e+09,26.4704
1.40364e+09,27.0535
1.40364e+09,25.2396
1.40364e+09,26.4537
1.40364e+09,28.4316
1.40364e+09,23.8263
1.40364e+09,24.3978
1.40364e+09,24.9923
1.40364e+09,23.8889
1.40364e+09,22.9562
1.40364e+09,27.7727
1.40364e+09,29.4976
1.40364e+09,23.9733
1.40364e+09,23.9046
1.40364e+09,23.6269
1.40364e+09,23.7493
1.40364e+09,25.3001
1.40364e+09,22.2951
1.40364e+09,26.4909
1.40364e+09,23.3167
1.40364e+09,23.5211
1.40364e+09,23.2724
1.40364e+09,23.0339
1.40364e+09,22.4438
1.40364e+09,24.6572
1.40364e+09,29.2551
1.40364e+09,28.6101
1.40364e+09,27.0491
1.40364e+09,27.0841
1.40364e+09,24.2481
1.40364e+09,24.1125
1.40364e+09,24.0638
1.40364e+09,24.1029
1.40364e+09,25.2885
1.40364e+09,22.9219
1.40364e+09,27.3376
1.40364e+09,28.161
1.40364e+09,29.4971
1.40364e+09,28.6079
1.40364e+09,24.5327
1.40364e+09,24.5345
1.40364e+09,24.5573
1.40364e+09,24.4109
1.40364e+09,25.2267
1.40364e+09,23.4942
1.40364e+09,29.6876
1.40364e+09,27.2239
1.40364e+09,27.3222
1.40364e+09,27.8529
1.40364e+09,24.3729
1.40364e+09,25.1555
1.40364e+09,25.2669
1.40364e+09,25.0139
1.40364e+09,23.4554
1.40364e+09,24.9486
1.40364e+09,27.7244
1.40364e+09,27.6122
1.40364e+09,30.9724
1.40364e+09,29.1583
1.40364e+09,24.9734
1.40364e+09,25.0655
1.40364e+09,25.8666
1.40364e+09,24.9543
1.40364e+09,25.8665
1.40364e+09,24.0724
1.40364e+09,27.0844
1.40364e+09,28.024
1.40364e+09,29.9391
1.40364e+09,28.8354
1.40364e+09,24.4406
1.40364e+09,24.6416
1.40364e+09,24.9573
1.40364e+09,25.0588
1.40364e+09,24.4884
1.40364e+09,23.549
1.40364e+09,27.8311
1.40364e+09,30.1887
1.40364e+09,27.9177
1.40364e+09,24.389
1.40364e+09,24.6221
1.40364e+09,25.2303
1.40364e+09,25.5174
1.40364e+09,24.9437
1.40364e+09,24.8853
1.40364e+09,25.5489
1.40364e+09,24.5678
1.40364e+09,23.5032
1.40364e+09,27.4223
1.40364e+09,29.6241
1.40364e+09,24.766
1.40364e+09,25.154
1.40364e+09,26.4278
1.40364e+09,25.4846
1.40364e+09,24.9221
1.40364e+09,23.9747
1.40364e+09,31.3194
1.40364e+09,27.628
1.40364e+09,27.5968
1.40364e+09,27.7521
1.40364e+09,24.9078
1.40364e+09,24.7198
1.40364e+09,25.1829
1.40364e+09,25.3731
1.40364e+09,24.045
1.40364e+09,24.8391
1.40364e+09,29.2481
1.40364e+09,29.137
1.40364e+09,26.9735
1.40364e+09,27.4839
1.40364e+09,24.3555
1.40364e+09,24.6129
1.40364e+09,24.7563
1.40364e+09,24.932
1.40364e+09,24.3602
1.40364e+09,23.1581
1.40364e+09,30.215
1.40364e+09,24.7881
1.40364e+09,24.7804
1.40364e+09,24.6973
1.40364e+09,24.4178
1.40364e+09,24.097
1.40364e+09,22.8246
1.40364e+09,28.574
1.40364e+09,24.5722
1.40364e+09,24.6017
1.40364e+09,24.3745
1.40364e+09,24.618
1.40364e+09,24.2314
1.40364e+09,23.9531
1.40364e+09,23.5532
1.40364e+09,24.9476
1.40364e+09,22.3508
1.40364e+09,26.8106
1.40364e+09,23.9814
1.40364e+09,24.1088
1.40364e+09,24.3149
1.40364e+09,24.3997
1.40364e+09,24.9749
1.40364e+09,22.7295
1.40364e+09,26.4577
1.40364e+09,24.293
1.40364e+09,24.6238
1.40364e+09,24.1182
1.40364e+09,24.1699
1.40364e+09,23.6312
1.40364e+09,22.3515
1.40364e+09,27.2833
1.40364e+09,24.1393
1.40364e+09,24.8218
1.40364e+09,24.9145
1.40364e+09,24.0103
1.40364e+09,23.8453
1.40364e+09,23.0722
1.40364e+09,29.3213
1.40364e+09,27.1158
1.40364e+09,26.989
1.40364e+09,28.4235
1.40364e+09,24.3893
1.40364e+09,24.5366
1.40364e+09,24.5845
1.40364e+09,25.4088
1.40364e+09,24.5533
1.40364e+09,23.6197
1.40364e+09,28.2902
1.40364e+09,30.0879
1.40364e+09,29.9056
1.40364e+09,27.8923
1.40364e+09,25.1282
1.40364e+09,25.3148
1.40364e+09,25.2102
1.40364e+09,25.573
1.40364e+09,25.1513
1.40364e+09,24.1041
1.40364e+09,27.6424
1.40364e+09,29.8685
1.40364e+09,27.5687
1.40364e+09,27.6579
1.40364e+09,25.1643
1.40364e+09,25.4222
1.40364e+09,25.0257
1.40364e+09,25.9325
1.40364e+09,24.9441
1.40364e+09,23.8296
1.40364e+09,29.3168
1.40364e+09,28.6772
1.40364e+09,24.2775
1.40364e+09,24.6964
1.40364e+09,24.6872
1.40364e+09,25.6364
1.40364e+09,24.8432
1.40364e+09,23.9677
1.40364e+09,29.7793
1.40364e+09,29.9577
1.40364e+09,25.5545
1.40364e+09,24.6907
1.40364e+09,24.5004
1.40364e+09,26.6535
1.40364e+09,25.4504
1.40364e+09,23.1329
1.40364e+09,26.3066
1.40364e+09,24.4334
1.40364e+09,25.0788
1.40364e+09,24.3881
1.40364e+09,24.6548
1.40364e+09,23.9848
1.40364e+09,23.3217
1.40364e+09,27.6028
1.40364e+09,27.0116
1.40364e+09,27.1061
1.40364e+09,28.0601
1.40364e+09,24.6914
1.40364e+09,24.7876
1.40364e+09,24.4965
1.40364e+09,25.3466
1.40364e+09,24.0422
1.40364e+09,23.6723
1.40364e+09,29.6581
1.40364e+09,27.1397
1.40364e+09,27.9819
1.40364e+09,30.0071
1.40364e+09,25.1654
1.40364e+09,25.2263
1.40364e+09,25.0372
1.40364e+09,25.1752
1.40364e+09,24.8787
1.40364e+09,23.4478
1.40364e+09,28.1299
1.40364e+09,28.5076
1.40364e+09,28.5515
1.40364e+09,27.6359
1.40364e+09,25.1601
1.40364e+09,25.1319
1.40364e+09,25.1646
1.40364e+09,25.1404
1.40364e+09,24.6878
1.40364e+09,26.8784
1.40364e+09,23.8289
1.40364e+09,30.1387
1.40364e+09,26.1719
1.40364e+09,27.0353
1.40364e+09,24.7019
1.40364e+09,25.3459
1.40364e+09,26.1324
1.40364e+09,25.4144
1.40364e+09,25.1693
1.40364e+09,24.0537
1.40364e+09,24.8004
1.40364e+09,29.9623
1.40364e+09,26.923
1.40364e+09,27.8624
1.40364e+09,25.5015
1.40364e+09,25.7247
1.40364e+09,25.8802
1.40364e+09,25.3368
1.40364e+09,25.7687
1.40364e+09,23.8706
1.40364e+09,27.9258
1.40364e+09,27.3819
1.40364e+09,24.5237
1.40364e+09,24.9116
1.40364e+09,25.2383
1.40364e+09,25.4249
1.40364e+09,24.345
1.40364e+09,23.576
1.40364e+09,27.6171
1.40364e+09,25.099
1.40364e+09,25.0741
1.40364e+09,24.9708
1.40364e+09,25.0323
1.40364e+09,24.6984
1.40364e+09,23.8802
1.40364e+09,27.7295
1.40364e+09,31.0814
1.40364e+09,27.246
1.40364e+09,29.3492
1.40364e+09,24.8151
1.40364e+09,24.8478
1.40364e+09,24.432
1.40364e+09,24.6266
1.40364e+09,24.3438
1.40364e+09,23.6366
1.40364e+09,26.6519
1.40364e+09,24.9233
1.40364e+09,24.7825
1.40364e+09,24.8822
1.40364e+09,24.5734
1.40364e+09,25.8563
1.40364e+09,23.4362
1.40364e+09,27.5026
1.40364e+09,29.0272
1.40364e+09,24.5017
1.40364e+09,24.9221
1.40364e+09,24.2616
1.40364e+09,24.7559
1.40364e+09,24.1111
1.40364e+09,23.3432
1.40364e+09,28.2051
1.40364e+09,25.7599
1.40364e+09,28.8594
1.40364e+09,28.0447
1.40364e+09,24.2817
1.40364e+09,24.754
1.40364e+09,25.9697
1.40364e+09,25.9183
1.40364e+09,24.8998
1.40364e+09,23.979
1.40364e+09,29.8739
1.40364e+09,29.7781
1.40364e+09,29.3425
1.40364e+09,29.5447
1.40364e+09,24.5872
1.40364e+09,24.9327
1.40364e+09,24.8919
1.40364e+09,25.1378
1.40364e+09,24.8353
1.40364e+09,24.9593
1.40364e+09,24.8933
1.40364e+09,23.1389
1.40364e+09,28.6827
1.40364e+09,24.0019
1.40364e+09,24.1907
1.40364e+09,23.77
1.40364e+09,24.0293
1.40364e+09,23.2842
1.40364e+09,22.7181
1.40364e+09,24.5377
1.40364e+09,24.2458
1.40364e+09,24.0467
1.40364e+09,24.3608
1.40364e+09,24.1493
1.40364e+09,23.1546
1.40364e+09,23.8227
1.40364e+09,29.4913
1.40364e+09,29.1236
1.40364e+09,28.0807
1.40364e+09,28.3946
1.40364e+09,25.4239
1.40364e+09,25.0516
1.40364e+09,24.7079
1.40364e+09,24.541
1.40364e+09,25.1035
1.40364e+09,24.0645
1.40364e+09,28.2247
1.40364e+09,29.9924
1.40364e+09,31.0538
1.40364e+09,28.0564
1.40364e+09,25.1636
1.40364e+09,25.1378
1.40364e+09,25.0224
1.40364e+09,25.1137
1.40364e+09,24.6828
1.40364e+09,23.7679
1.40364e+09,28.0758
1.40364e+09,27.4108
1.40364e+09,30.0928
1.40364e+09,29.4181
1.40364e+09,24.6454
1.40364e+09,24.5821
1.40364e+09,24.3179
1.40364e+09,24.0624
1.40364e+09,24.2386
1.40364e+09,22.9243
1.40364e+09,27.4327
1.40364e+09,24.885
1.40364e+09,24.704
1.40364e+09,24.3408
1.40364e+09,24.9368
1.40364e+09,23.5189
1.40364e+09,22.9928
1.40364e+09,27.784
1.40364e+09,28.8946
1.40364e+09,28.4149
1.40364e+09,24.9234
1.40364e+09,24.8
1.40364e+09,24.9425
1.40364e+09,24.2062
1.40364e+09,24.4459
1.40364e+09,24.6647
1.40364e+09,22.9362
1.40364e+09,28.5014
1.40364e+09,26.6782
1.40364e+09,28.5543
1.40364e+09,29.6084
1.40364e+09,25.1186
1.40364e+09,25.8122
1.40364e+09,24.9948
1.40364e+09,26.2668
1.40364e+09,25.452
1.40364e+09,24.583
1.40364e+09,30.3078
1.40364e+09,29.4082
1.40364e+09,28.9116
1.40364e+09,30.8113
1.40364e+09,24.9638
1.40364e+09,25.3845
1.40364e+09,24.688
1.40364e+09,23.4611
1.40364e+09,23.6232
1.40364e+09,22.5002
1.40364e+09,27.656
1.40364e+09,23.8778
1.40364e+09,24.4473
1.40364e+09,24.7509
1.40364e+09,25.4252
1.40364e+09,24.0919
1.40364e+09,23.307
1.40364e+09,27.0796
1.40364e+09,29.8726
1.40364e+09,28.5824
1.40364e+09,27.7996
1.40364e+09,24.984
1.40364e+09,24.6617
1.40364e+09,24.0278
1.40364e+09,24.6402
1.40364e+09,23.9758
1.40364e+09,22.7573
1.40364e+09,27.5648
1.40364e+09,23.889
1.40364e+09,24.1117
1.40364e+09,23.6203
1.40364e+09,24.6791
1.40364e+09,23.3749
1.40364e+09,23.7307
1.40364e+09,25.0384
1.40364e+09,23.7683
1.40364e+09,24.2733
1.40364e+09,23.065
1.40364e+09,23.3802
1.40364e+09,21.6785
1.40364e+09,24.46
1.40364e+09,23.3552
1.40364e+09,23.2259
1.40364e+09,22.6344
1.40364e+09,22.7018
1.40364e+09,21.6937
1.40364e+09,21.5025
1.40364e+09,28.0903
1.40364e+09,23.8991
1.40364e+09,23.716
1.40364e+09,23.6404
1.40364e+09,24.4624
1.40364e+09,23.1469
1.40364e+09,22.507
1.40364e+09,26.6707
1.40364e+09,26.4796
1.40364e+09,24.5898
1.40364e+09,28.0011
1.40364e+09,23.3941
1.40364e+09,23.5919
1.40364e+09,23.1259
1.40364e+09,24.228
1.40364e+09,24.0037
1.40364e+09,22.0487
1.40364e+09,27.7571
1.40364e+09,27.5321
1.40364e+09,28.3552
1.40364e+09,26.5006
1.40364e+09,22.8215
1.40364e+09,23.0397
1.40364e+09,22.848
1.40364e+09,23.2464
1.40364e+09,22.7867
1.40364e+09,22.4124
1.40364e+09,28.1505
1.40364e+09,27.5425
1.40364e+09,27.2259
1.40364e+09,27.8357
1.40364e+09,23.2787
1.40364e+09,23.6247
1.40364e+09,24.0284
1.40364e+09,23.6777
1.40364e+09,23.5121
1.40364e+09,22.8824
1.40364e+09,26.2761
1.40364e+09,24.045
1.40364e+09,24.6292
1.40364e+09,24.4684
1.40364e+09,24.7887
1.40364e+09,24.2299
1.40364e+09,22.8236
1.40364e+09,30.0791
1.40364e+09,29.0514
1.40364e+09,27.3031
1.40364e+09,27.0451
1.40364e+09,24.5393
1.40364e+09,26.4637
1.40364e+09,26.107
1.40364e+09,25.2055
1.40364e+09,24.9002
1.40364e+09,24.7608
1.40364e+09,23.8787
1.40364e+09,29.6751
1.40364e+09,27.2893
1.40364e+09,29.7477
1.40364e+09,24.9539
1.40364e+09,24.9308
1.40364e+09,24.8489
1.40364e+09,24.9364
1.40364e+09,25.1653
1.40364e+09,24.0532
1.40364e+09,27.5605
1.40364e+09,29.1711
1.40364e+09,28.0602
1.40364e+09,28.9933
1.40364e+09,24.8638
1.40364e+09,26.1597
1.40364e+09,24.3456
1.40364e+09,25.1664
1.40364e+09,24.1253
1.40364e+09,23.5512
1.40364e+09,29.3487
1.40364e+09,28.5996
1.40364e+09,26.083
1.40364e+09,27.9154
1.40364e+09,24.4015
1.40364e+09,24.7289
1.40364e+09,25.1699
1.40364e+09,25.2458
1.40364e+09,24.515
1.40364e+09,24.8591
1.40364e+09,23.1786
1.40364e+09,29.1783
1.40364e+09,30.2184
1.40364e+09,25.0206
1.40364e+09,25.219
1.40364e+09,25.3298
1.40364e+09,24.4081
1.40364e+09,25.0369
1.40364e+09,24.1082
1.40364e+09,23.4703
1.40364e+09,29.9948
1.40364e+09,29.6905
1.40364e+09,29.3143
1.40364e+09,24.7661
1.40364e+09,25.0656
1.40364e+09,25.1847
1.40364e+09,25.3841
1.40364e+09,25.0801
1.40364e+09,24.2375
1.40364e+09,30.319
1.40364e+09,28.3462
1.40364e+09,29.3348
1.40364e+09,30.5602
1.40364e+09,25.3552
1.40364e+09,25.2
1.40364e+09,25.4588
1.40364e+09,25.5717
1.40364e+09,25.456
1.40364e+09,24.7904
1.40364e+09,28.0997
1.40364e+09,28.8398
1.40364e+09,25.8274
1.40364e+09,26.0565
1.40364e+09,25.8318
1.40364e+09,25.8124
1.40364e+09,26.0881
1.40364e+09,25.264
1.40364e+09,30.8804
1.40364e+09,28.4468
1.40364e+09,27.3855
1.40364e+09,29.8268
1.40364e+09,25.6921
1.40364e+09,26.1876
1.40364e+09,26.8742
1.40364e+09,26.0533
1.40364e+09,25.4375
1.40364e+09,26.7504
1.40364e+09,24.7458
1.40364e+09,30.5162
1.40364e+09,30.996
1.40364e+09,29.7121
1.40364e+09,26.1238
1.40364e+09,25.9701
1.40364e+09,25.9356
1.40364e+09,25.9899
1.40364e+09,25.8738
1.40364e+09,25.2094
1.40364e+09,29.5047
1.40364e+09,28.8873
1.40364e+09,29.3002
1.40364e+09,30.866
1.40364e+09,25.6926
1.40364e+09,25.9407
1.40364e+09,26.0814
1.40364e+09,25.0074
1.40364e+09,26.1218
1.40364e+09,24.0532
1.40364e+09,29.7267
1.40364e+09,25.5751
1.40364e+09,25.2679
1.40364e+09,25.2903
1.40364e+09,25.7376
1.40364e+09,24.9758
1.40364e+09,24.1064
1.40364e+09,28.0966
1.40364e+09,30.7134
1.40364e+09,30.0175
1.40364e+09,24.4784
1.40364e+09,24.4069
1.40364e+09,23.9166
1.40364e+09,23.7697
1.40364e+09,24.0026
1.40364e+09,22.8449
1.40364e+09,27.3505
1.40364e+09,28.973
1.40364e+09,24.069
1.40364e+09,27.5403
1.40364e+09,24.0717
1.40364e+09,24.1316
1.40364e+09,24.0164
1.40364e+09,24.1653
1.40364e+09,24.2202
1.40364e+09,24.6996
1.40364e+09,23.092
1.40364e+09,25.5884
1.40364e+09,27.6394
1.40364e+09,27.1589
1.40364e+09,23.985
1.40364e+09,24.1299
1.40364e+09,24.0089
1.40364e+09,24.0497
1.40364e+09,23.8902
1.40364e+09,23.6055
1.40364e+09,23.2132
1.40364e+09,22.4946
1.40364e+09,29.3954
1.40364e+09,23.6921
1.40364e+09,24.1506
1.40364e+09,23.61
1.40364e+09,23.609
1.40364e+09,23.5178
1.40364e+09,22.5277
1.40364e+09,25.7595
1.40364e+09,23.7476
1.40364e+09,24.0495
1.40364e+09,23.8788
1.40364e+09,23.4424
1.40364e+09,23.5896
1.40364e+09,23.6863
1.40364e+09,22.2295
1.40364e+09,26.9062
1.40364e+09,26.7792
1.40364e+09,28.0026
1.40364e+09,24.1647
1.40364e+09,24.5269
1.40364e+09,24.0279
1.40364e+09,24.7509
1.40364e+09,24.1569
1.40364e+09,23.4753
1.40364e+09,28.5032
1.40364e+09,27.7988
1.40364e+09,23.169
1.40364e+09,26.2561
1.40364e+09,23.8847
1.40364e+09,23.676
1.40364e+09,24.4854
1.40364e+09,24.1293
1.40364e+09,23.4862
1.40364e+09,23.651
1.40364e+09,22.301
1.40364e+09,27.7907
1.40364e+09,24.3605
1.40364e+09,23.9759
1.40364e+09,23.3682
1.40364e+09,24.2745
1.40364e+09,23.2964
1.40364e+09,22.6653
1.40364e+09,28.5724
1.40364e+09,28.4959
1.40364e+09,24.2225
1.40364e+09,23.1564
1.40364e+09,22.8613
1.40364e+09,23.4911
1.40364e+09,22.1107
1.40364e+09,21.6515
1.40364e+09,27.8851
1.40364e+09,22.7556
1.40364e+09,22.7436
1.40364e+09,22.5887
1.40364e+09,22.5155
1.40364e+09,21.9691
1.40364e+09,21.297
1.40364e+09,24.7572
1.40364e+09,21.4222
1.40364e+09,21.4858
1.40364e+09,20.9065
1.40364e+09,20.848
1.40364e+09,20.3094
1.40364e+09,18.4488
1.40364e+09,22.9896
1.40364e+09,19.9995
1.40364e+09,19.9945
1.40364e+09,19.8343
1.40364e+09,19.4409
1.40364e+09,19.8296
1.40364e+09,18.858
1.40364e+09,25.508
1.40364e+09,23.9896
1.40364e+09,20.7869
1.40364e+09,21.049
1.40364e+09,21.1136
1.40364e+09,21.2262
1.40364e+09,20.5987
1.40364e+09,19.3657
1.40364e+09,22.2621
1.40364e+09,20.5535
1.40364e+09,20.8718
1.40364e+09,21.0086
1.40364e+09,20.5458
1.40364e+09,20.9147
1.40364e+09,19.5527
1.40364e+09,26.0444
1.40364e+09,26.1414
1.40364e+09,26.76
1.40364e+09,25.9373
1.40364e+09,21.3939
1.40364e+09,21.7029
1.40364e+09,21.1396
1.40364e+09,20.8099
1.40364e+09,21.207
1.40364e+09,19.0247
1.40364e+09,24.5134
1.40364e+09,20.0944
1.40364e+09,20.0615
1.40364e+09,19.6121
1.40364e+09,19.0783
1.40364e+09,21.3392
1.40364e+09,17.4343
1.40364e+09,23.3219
1.40364e+09,18.1916
1.40364e+09,18.8823
1.40364e+09,18.7299
1.40364e+09,18.1005
1.40364e+09,16.5648
1.40364e+09,21.2185
1.40364e+09,22.8314
1.40364e+09,16.9151
1.40364e+09,17.9121
1.40364e+09,17.5321
1.40364e+09,17.5473
1.40364e+09,16.2596
1.40364e+09,19.7866
1.40364e+09,22.8328
1.40364e+09,22.5391
1.40364e+09,21.1987
1.40364e+09,17.4473
1.40364e+09,17.4565
1.40364e+09,17.4988
1.40364e+09,17.4085
1.40364e+09,16.1818
1.40364e+09,20.1489
1.40364e+09,23.6945
1.40364e+09,21.9248
1.40364e+09,21.0797
1.40364e+09,17.3421
1.40364e+09,17.8647
1.40364e+09,16.5703
1.40364e+09,16.0905
1.40364e+09,14.3584
1.40364e+09,19.4226
1.40364e+09,15.5173
1.40364e+09,16.0451
1.40364e+09,15.2359
1.40364e+09,15.4249
1.40364e+09,15.1605
1.40364e+09,16.6332
1.40364e+09,15.4149
1.40364e+09,16.4946
1.40364e+09,15.4751
1.40364e+09,15.2325
1.40364e+09,14.5697
1.40364e+09,20.1963
1.40364e+09,15.5902
1.40364e+09,16.0961
1.40364e+09,16.0007
1.40364e+09,15.6753
1.40364e+09,14.8295
1.40364e+09,18.7896
1.40364e+09,19.2689
1.40364e+09,19.2376
1.40364e+09,14.096
1.40364e+09,14.8706
1.40364e+09,13.96
1.40364e+09,14.1537
1.40364e+09,12.6483
1.40364e+09,17.2517
1.40364e+09,13.1844
1.40364e+09,12.7247
1.40364e+09,12.2488
1.40364e+09,11.5979
1.40364e+09,15.0624
1.40364e+09,13.5867
1.40364e+09,14.6189
1.40364e+09,12.3845
1.40364e+09,12.0653
1.40364e+09,17.0938
1.40364e+09,13.5132
1.40364e+09,13.1896
1.40364e+09,11.6687
1.40364e+09,12.2514
1.40364e+09,12.6827
1.40364e+09,12.739
1.40364e+09,11.7999
1.40364e+09,19.0802
1.40364e+09,12.8952
1.40364e+09,15.7318
1.40364e+09,16.1808
1.40364e+09,12.9361
1.40364e+09,12.9808
1.40364e+09,13.0101
