1403715523.962142944,3.52764
1403715524.012142897,3.34714
1403715524.062143087,11.349
1403715524.11214304,3.82035
1403715524.162142992,4.54904
1403715524.212142944,4.17778
1403715524.262142897,3.25256
1403715524.312143087,4.30178
1403715524.36214304,4.17847
1403715524.412142992,5.20696
1403715524.462142944,4.92797
1403715524.512142897,5.15008
1403715524.562143087,3.96831
1403715524.61214304,4.90052
1403715524.662142992,4.86982
1403715524.712142944,5.09076
1403715524.762142897,3.36366
1403715524.812143087,3.61737
1403715524.86214304,4.27804
1403715524.912142992,6.50801
1403715524.962142944,3.97909
1403715525.012142897,5.64682
1403715525.062143087,3.77153
1403715525.11214304,6.91852
1403715525.162142992,4.03651
1403715525.212142944,4.59677
1403715525.262142897,4.1117
1403715525.312143087,4.63894
1403715525.36214304,4.78806
1403715525.412142992,5.1719
1403715525.462142944,3.94971
1403715525.512142897,5.88692
1403715525.562143087,3.80662
1403715525.61214304,5.00579
1403715525.662142992,4.82445
1403715525.712142944,7.09527
1403715525.762142897,5.79927
1403715525.812143087,7.1192
1403715525.86214304,5.60284
1403715525.912142992,5.5429
1403715525.962142944,5.44507
1403715526.012142897,7.69111
1403715526.062143087,3.8186
1403715526.11214304,5.99265
1403715526.162142992,5.12717
1403715526.212142944,6.99188
1403715526.262142897,5.41227
1403715526.312143087,5.47737
1403715526.36214304,3.95397
1403715526.412142992,6.94394
1403715526.462142944,5.1504
1403715526.512142897,7.528
1403715526.562143087,5.40551
1403715526.61214304,6.72187
1403715526.662142992,5.78899
1403715526.712142944,7.50102
1403715526.762142897,5.61398
1403715526.812143087,7.34924
1403715526.86214304,4.0635
1403715526.912142992,4.84423
1403715526.962142944,4.43073
1403715527.012142897,4.98795
1403715527.062143087,5.85413
1403715527.11214304,8.03617
1403715527.162142992,4.20513
1403715527.212142944,7.94264
1403715527.262142897,5.71944
1403715527.312143087,7.05197
1403715527.36214304,5.76747
1403715527.412142992,7.48879
1403715527.462142944,4.02261
1403715527.512142897,7.48492
1403715527.562143087,5.11428
1403715527.61214304,7.10274
1403715527.662142992,3.88528
1403715527.712142944,5.17895
1403715527.762142897,4.96926
1403715527.812143087,5.31935
1403715527.86214304,5.48118
1403715527.912142992,7.74159
1403715527.962142944,4.01952
1403715528.012142897,8.37868
1403715528.062143087,3.95612
1403715528.11214304,8.07575
1403715528.162142992,3.94365
1403715528.212142944,6.97922
1403715528.262142897,5.14878
1403715528.312143087,5.03138
1403715528.36214304,4.43889
1403715528.412142992,5.68478
1403715528.462142944,3.79374
1403715528.512142897,8.14648
1403715528.562143087,3.89424
1403715528.61214304,6.6446
1403715528.662142992,4.13214
1403715528.712142944,8.31729
1403715528.762142897,4.66193
1403715528.812143087,8.41193
1403715528.86214304,7.23846
1403715528.912142992,8.90778
1403715528.962142944,6.16905
1403715529.012142897,10.6653
1403715529.062143087,6.21682
1403715529.11214304,9.62704
1403715529.162142992,9.29783
1403715529.212142944,12.2409
1403715529.262142897,11.6915
1403715529.312143087,13.5825
1403715529.36214304,11.5448
1403715529.412142992,16.3992
1403715529.462142944,19.3442
1403715529.512142897,19.5946
1403715529.562143087,13.5082
1403715529.61214304,18.6888
1403715529.662142992,20.5843
1403715529.712142944,20.5815
1403715529.762142897,17.5201
1403715529.812143087,21.3611
1403715529.86214304,21.4378
1403715529.912142992,20.1842
1403715529.962142944,21.0817
1403715530.012142897,24.5327
1403715530.062143087,21.3521
1403715530.11214304,23.5752
1403715530.162142992,22.0944
1403715530.212142944,25.8967
1403715530.262142897,23.5727
1403715530.312143087,24.9404
1403715530.36214304,21.2855
1403715530.412142992,24.7662
1403715530.462142944,25.4408
1403715530.512142897,24.8865
1403715530.562143087,21.9921
1403715530.61214304,23.6345
1403715530.662142992,22.5132
1403715530.712142944,23.2684
1403715530.762142897,21.497
1403715530.812143087,21.3237
1403715530.86214304,23.9921
1403715530.912142992,25.5465
1403715530.962142944,22.241
1403715531.012142897,26.1383
1403715531.062143087,25.0487
1403715531.11214304,25.2408
1403715531.162142992,26.3497
1403715531.212142944,28.8764
1403715531.262142897,25.188
1403715531.312143087,29.6471
1403715531.36214304,24.6567
1403715531.412142992,25.5671
1403715531.462142944,24.5127
1403715531.512142897,24.3739
1403715531.562143087,22.6153
1403715531.61214304,27.1166
1403715531.662142992,24.1146
1403715531.712142944,23.8272
1403715531.762142897,22.0057
1403715531.812143087,25.1794
1403715531.86214304,22.6996
1403715531.912142992,24.9532
1403715531.962142944,24.9109
1403715532.012142897,24.7672
1403715532.062143087,22.0506
1403715532.11214304,23.6224
1403715532.162142992,24.2859
1403715532.212142944,22.4804
1403715532.262142897,22.2392
1403715532.312143087,21.1096
1403715532.36214304,22.6254
1403715532.412142992,23.5518
1403715532.462142944,21.2626
1403715532.512142897,24.6461
1403715532.562143087,19.7778
1403715532.61214304,22.8108
1403715532.662142992,19.5351
1403715532.712142944,20.2265
1403715532.762142897,17.7725
1403715532.812143087,22.8165
1403715532.86214304,18.6639
1403715532.912142992,20.4453
1403715532.962142944,21.9111
1403715533.012142897,22.904
1403715533.062143087,20.1129
1403715533.11214304,26.7919
1403715533.162142992,23.2433
1403715533.212142944,25.8027
1403715533.262142897,25.5319
1403715533.312143087,25.0709
1403715533.36214304,19.7209
1403715533.412142992,24.4166
1403715533.462142944,21.11
1403715533.512142897,23.9991
1403715533.562143087,25.6299
1403715533.61214304,27.0742
1403715533.662142992,24.3046
1403715533.712142944,27.7362
1403715533.762142897,25.7792
1403715533.812143087,26.2243
1403715533.86214304,25.7831
1403715533.912142992,25.9709
1403715533.962142944,26.4855
1403715534.012142897,26.5207
1403715534.062143087,25.1299
1403715534.11214304,24.7204
1403715534.162142992,26.347
1403715534.212142944,23.6513
1403715534.262142897,26.0879
1403715534.312143087,27.4763
1403715534.36214304,25.9989
1403715534.412142992,28.4359
1403715534.462142944,24.8854
1403715534.512142897,27.4859
1403715534.562143087,25.5701
1403715534.61214304,26.0387
1403715534.662142992,27.9491
1403715534.712142944,25.0678
1403715534.762142897,26.5988
1403715534.812143087,28.6196
1403715534.86214304,26.3141
1403715534.912142992,25.9253
1403715534.962142944,26.7615
1403715535.012142897,27.0229
1403715535.062143087,27.1395
1403715535.11214304,25.9142
1403715535.162142992,26.4808
1403715535.212142944,22.751
1403715535.262142897,27.3965
1403715535.312143087,28.3485
1403715535.36214304,27.7345
1403715535.412142992,26.7385
1403715535.462142944,27.1556
1403715535.512142897,27.7648
1403715535.562143087,26.3012
1403715535.61214304,24.8582
1403715535.662142992,24.0207
1403715535.712142944,26.1135
1403715535.762142897,24.6218
1403715535.812143087,27.0983
1403715535.86214304,25.8322
1403715535.912142992,25.19
1403715535.962142944,26.0305
1403715536.012142897,24.0863
1403715536.062143087,22.8194
1403715536.11214304,25.4019
1403715536.162142992,25.6513
1403715536.212142944,25.5556
1403715536.262142897,24.1596
1403715536.312143087,23.185
1403715536.36214304,21.9552
1403715536.412142992,24.1184
1403715536.462142944,24.0388
1403715536.512142897,26.1101
1403715536.562143087,19.7729
1403715536.61214304,22.396
1403715536.662142992,22.3545
1403715536.712142944,21.6798
1403715536.762142897,21.5003
1403715536.812143087,23.6034
1403715536.86214304,21.9168
1403715536.912142992,20.6191
1403715536.962142944,20.3749
1403715537.012142897,21.689
1403715537.062143087,20.2903
1403715537.11214304,20.4899
1403715537.162142992,23.3238
1403715537.212142944,21.982
1403715537.262142897,19.6294
1403715537.312143087,21.8328
1403715537.36214304,19.5474
1403715537.412142992,18.4297
1403715537.462142944,21.0373
1403715537.512142897,20.6956
1403715537.562143087,21.4667
1403715537.61214304,23.9801
1403715537.662142992,20.7329
1403715537.712142944,24.4767
1403715537.762142897,22.4247
1403715537.812143087,23.552
1403715537.86214304,24.2388
1403715537.912142992,23.1016
1403715537.962142944,24.6214
1403715538.012142897,27.2022
1403715538.062143087,19.9104
1403715538.11214304,20.3782
1403715538.162142992,23.7627
1403715538.212142944,21.8078
1403715538.262142897,22.0839
1403715538.312143087,24.1916
1403715538.36214304,24.1508
1403715538.412142992,23.7098
1403715538.462142944,24.356
1403715538.512142897,26.1812
1403715538.562143087,22.9776
1403715538.61214304,24.1591
1403715538.662142992,25.3331
1403715538.712142944,25.4467
1403715538.762142897,25.7284
1403715538.812143087,26.4008
1403715538.86214304,22.3369
1403715538.912142992,27.2599
1403715538.962142944,24.6889
1403715539.012142897,24.0116
1403715539.062143087,26.6555
1403715539.11214304,27.6732
1403715539.162142992,25.2454
1403715539.212142944,24.4731
1403715539.262142897,25.3802
1403715539.312143087,27.7996
1403715539.36214304,22.5358
1403715539.412142992,28.8565
1403715539.462142944,27.0228
1403715539.512142897,25.6898
1403715539.562143087,23.8963
1403715539.61214304,27.4617
1403715539.662142992,24.5674
1403715539.712142944,24.4113
1403715539.762142897,24.5861
1403715539.812143087,25.7845
1403715539.86214304,24.4812
1403715539.912142992,26.6573
1403715539.962142944,23.1837
1403715540.012142897,26.7976
1403715540.062143087,24.2517
1403715540.11214304,24.7526
1403715540.162142992,24.4156
1403715540.212142944,27.6201
1403715540.262142897,24.359
1403715540.312143087,27.7815
1403715540.36214304,25.2647
1403715540.412142992,26.5853
1403715540.462142944,26.9025
1403715540.512142897,25.948
1403715540.562143087,24.4372
1403715540.61214304,26.578
1403715540.662142992,27.0175
1403715540.712142944,25.599
1403715540.762142897,26.4603
1403715540.812143087,26.5866
1403715540.86214304,26.9641
1403715540.912142992,25.0272
1403715540.962142944,24.1962
1403715541.012142897,24.0978
1403715541.062143087,26.1729
1403715541.11214304,24.4445
1403715541.162142992,26.2073
1403715541.212142944,24.9555
1403715541.262142897,24.7716
1403715541.312143087,21.51
1403715541.36214304,23.0528
1403715541.412142992,24.0939
1403715541.462142944,20.4435
1403715541.512142897,20.5506
1403715541.562143087,24.9642
1403715541.61214304,23.2471
1403715541.662142992,22.5538
1403715541.712142944,24.319
1403715541.762142897,20.0251
1403715541.812143087,22.8383
1403715541.86214304,20.0601
1403715541.912142992,23.867
1403715541.962142944,21.5209
1403715542.012142897,23.2881
1403715542.062143087,24.5549
1403715542.11214304,24.1295
1403715542.162142992,24.8334
1403715542.212142944,24.2214
1403715542.262142897,22.2889
1403715542.312143087,27.3301
1403715542.36214304,22.7987
1403715542.412142992,25.0621
1403715542.462142944,24.5855
1403715542.512142897,26.5922
1403715542.562143087,25.7368
1403715542.61214304,28.3067
1403715542.662142992,27.1793
1403715542.712142944,26.0772
1403715542.762142897,25.8985
1403715542.812143087,27.066
1403715542.86214304,25.7266
1403715542.912142992,26.5248
1403715542.962142944,21.1824
1403715543.012142897,25.7989
1403715543.062143087,25.4283
1403715543.11214304,28.1229
1403715543.162142992,27.4914
1403715543.212142944,25.6269
1403715543.262142897,26.3383
1403715543.312143087,24.4335
1403715543.36214304,24.2315
1403715543.412142992,26.9562
1403715543.462142944,25.8592
1403715543.512142897,24.5192
1403715543.562143087,25.3103
1403715543.61214304,29.5635
1403715543.662142992,23.4638
1403715543.712142944,27.4135
1403715543.762142897,26.8727
1403715543.812143087,26.5457
1403715543.86214304,25.507
1403715543.912142992,26.2224
1403715543.962142944,24.4398
1403715544.012142897,27.3886
1403715544.062143087,24.1035
1403715544.11214304,23.7849
1403715544.162142992,25.3576
1403715544.212142944,26.6168
1403715544.262142897,23.0092
1403715544.312143087,26.1765
1403715544.36214304,23.7765
1403715544.412142992,23.8413
1403715544.462142944,23.6203
1403715544.512142897,26.4536
1403715544.562143087,22.7531
1403715544.61214304,29.0036
1403715544.662142992,28.1615
1403715544.712142944,26.9026
1403715544.762142897,28.358
1403715544.812143087,27.6205
1403715544.86214304,26.1368
1403715544.912142992,26.3875
1403715544.962142944,24.6162
1403715545.012142897,24.5444
1403715545.062143087,23.3776
1403715545.11214304,26.4484
1403715545.162142992,23.1799
1403715545.212142944,21.8156
1403715545.262142897,25.6607
1403715545.312143087,25.6865
1403715545.36214304,26.1685
1403715545.412142992,27.8831
1403715545.462142944,27.8499
1403715545.512142897,26.1603
1403715545.562143087,29.444
1403715545.61214304,29.2396
1403715545.662142992,26.5331
1403715545.712142944,26.1415
1403715545.762142897,27.4424
1403715545.812143087,27.402
1403715545.86214304,24.0106
1403715545.912142992,27.4134
1403715545.962142944,26.5326
1403715546.012142897,25.2612
1403715546.062143087,26.1334
1403715546.11214304,27.4204
1403715546.162142992,26.4342
1403715546.212142944,26.976
1403715546.262142897,27.5628
1403715546.312143087,28.162
1403715546.36214304,27.4243
1403715546.412142992,26.9337
1403715546.462142944,24.8154
1403715546.512142897,28.4735
1403715546.562143087,29.2988
1403715546.61214304,28.2186
1403715546.662142992,29.5388
1403715546.712142944,29.4201
1403715546.762142897,25.4559
1403715546.812143087,29.597
1403715546.86214304,28.0854
1403715546.912142992,28.0428
1403715546.962142944,27.7372
1403715547.012142897,27.0343
1403715547.062143087,26.5625
1403715547.11214304,26.9508
1403715547.162142992,25.6428
1403715547.212142944,26.621
1403715547.262142897,26.9025
1403715547.312143087,28.2021
1403715547.36214304,23.8363
1403715547.412142992,26.1393
1403715547.462142944,26.5553
1403715547.512142897,25.8321
1403715547.562143087,27.1602
1403715547.61214304,26.4254
1403715547.662142992,28.2804
1403715547.712142944,24.639
1403715547.762142897,21.6059
1403715547.812143087,24.7384
1403715547.86214304,23.6763
1403715547.912142992,25.1052
1403715547.962142944,21.9406
1403715548.012142897,24.94
1403715548.062143087,19.4141
1403715548.11214304,21.1276
1403715548.162142992,21.8139
1403715548.212142944,22.7666
1403715548.262142897,21.7199
1403715548.312143087,23.4142
1403715548.36214304,23.0083
1403715548.412142992,21.9593
1403715548.462142944,22.5298
1403715548.512142897,25.1882
1403715548.562143087,22.3517
1403715548.61214304,22.9911
1403715548.662142992,25.0056
1403715548.712142944,25.3505
1403715548.762142897,21.7301
1403715548.812143087,23.6841
1403715548.86214304,23.6401
1403715548.912142992,23.6983
1403715548.962142944,25.3259
1403715549.012142897,26.1424
1403715549.062143087,22.3263
1403715549.11214304,28.0266
1403715549.162142992,23.5108
1403715549.212142944,25.5047
1403715549.262142897,25.7897
1403715549.312143087,25.5631
1403715549.36214304,23.2058
1403715549.412142992,27.1761
1403715549.462142944,24.5643
1403715549.512142897,25.8978
1403715549.562143087,20.1429
1403715549.61214304,24.2301
1403715549.662142992,22.8425
1403715549.712142944,21.1841
1403715549.762142897,26.2685
1403715549.812143087,24.5793
1403715549.86214304,20.8619
1403715549.912142992,26.2402
1403715549.962142944,25.3876
1403715550.012142897,26.0406
1403715550.062143087,23.8699
1403715550.11214304,25.4533
1403715550.162142992,25.6151
1403715550.212142944,28.7514
1403715550.262142897,24.3177
1403715550.312143087,26.5294
1403715550.36214304,26.1059
1403715550.412142992,25.0326
1403715550.462142944,26.3581
1403715550.512142897,28.029
1403715550.562143087,26.5188
1403715550.61214304,27.2045
1403715550.662142992,23.4449
1403715550.712142944,25.1125
1403715550.762142897,27.9863
1403715550.812143087,25.5574
1403715550.86214304,27.7252
1403715550.912142992,28.172
1403715550.962142944,25.1705
1403715551.012142897,26.7375
1403715551.062143087,27.9035
1403715551.11214304,25.6539
1403715551.162142992,26.6272
1403715551.212142944,27.5383
1403715551.262142897,24.9679
1403715551.312143087,28.3079
1403715551.36214304,21.2604
1403715551.412142992,26.6073
1403715551.462142944,26.8626
1403715551.512142897,28.3783
1403715551.562143087,25.1512
1403715551.61214304,27.027
1403715551.662142992,26.7883
1403715551.712142944,28.3348
1403715551.762142897,26.7927
1403715551.812143087,28.6648
1403715551.86214304,24.3537
1403715551.912142992,25.9405
1403715551.962142944,25.7375
1403715552.012142897,29.0287
1403715552.062143087,26.8271
1403715552.11214304,27.5642
1403715552.162142992,23.5818
1403715552.212142944,27.4808
1403715552.262142897,26.2984
1403715552.312143087,27.2975
1403715552.36214304,21.883
1403715552.412142992,25.6163
1403715552.462142944,24.8838
1403715552.512142897,24.38
1403715552.562143087,23.8851
1403715552.61214304,23.0879
1403715552.662142992,26.156
1403715552.712142944,26.1864
1403715552.762142897,25.8356
1403715552.812143087,27.3276
1403715552.86214304,22.2421
1403715552.912142992,27.1637
1403715552.962142944,25.2199
1403715553.012142897,26.4059
1403715553.062143087,23.8945
1403715553.11214304,28.8418
1403715553.162142992,24.8785
1403715553.212142944,25.0081
1403715553.262142897,26.6951
1403715553.312143087,23.8365
1403715553.36214304,25.8224
1403715553.412142992,27.7932
1403715553.462142944,25.5993
1403715553.512142897,25.8237
1403715553.562143087,26.1901
1403715553.61214304,24.6011
1403715553.662142992,24.7686
1403715553.712142944,26.2081
1403715553.762142897,23.9501
1403715553.812143087,23.5758
1403715553.86214304,25.0301
1403715553.912142992,26.8709
1403715553.962142944,23.3989
1403715554.012142897,22.1479
1403715554.062143087,25.1011
1403715554.11214304,25.2886
1403715554.162142992,21.6467
1403715554.212142944,22.2921
1403715554.262142897,23.2008
1403715554.312143087,24.777
1403715554.36214304,20.7158
1403715554.412142992,18.6195
1403715554.462142944,21.4486
1403715554.512142897,21.3263
1403715554.562143087,17.5829
1403715554.61214304,18.8246
1403715554.662142992,16.0256
1403715554.712142944,19.4747
1403715554.762142897,20.6499
1403715554.812143087,19.9232
1403715554.86214304,19.3093
1403715554.912142992,22.2245
1403715554.962142944,18.5376
1403715555.012142897,19.7054
1403715555.062143087,19.3071
1403715555.11214304,18.849
1403715555.162142992,20.8885
1403715555.212142944,22.4671
1403715555.262142897,20.2067
1403715555.312143087,25.1951
1403715555.36214304,23.0435
1403715555.412142992,24.6439
1403715555.462142944,24.6066
1403715555.512142897,22.6564
1403715555.562143087,23.9903
1403715555.61214304,21.7819
1403715555.662142992,20.1378
1403715555.712142944,21.6713
1403715555.762142897,22.8811
1403715555.812143087,25.7384
1403715555.86214304,17.3569
1403715555.912142992,21.7199
1403715555.962142944,21.7609
1403715556.012142897,24.3775
1403715556.062143087,24.4708
1403715556.11214304,24.3096
1403715556.162142992,23.6425
1403715556.212142944,25.8424
1403715556.262142897,25.6015
1403715556.312143087,25.2089
1403715556.36214304,23.9377
1403715556.412142992,26.4559
1403715556.462142944,23.5079
1403715556.512142897,26.2032
1403715556.562143087,25.6294
1403715556.61214304,22.9491
1403715556.662142992,23.4342
1403715556.712142944,25.0157
1403715556.762142897,25.9046
1403715556.812143087,28.0544
1403715556.86214304,26.3467
1403715556.912142992,23.107
1403715556.962142944,25.4954
1403715557.012142897,25.8144
1403715557.062143087,25.521
1403715557.11214304,25.3605
1403715557.162142992,23.3721
1403715557.212142944,25.0962
1403715557.262142897,23.0729
1403715557.312143087,25.7315
1403715557.36214304,23.2414
1403715557.412142992,23.8351
1403715557.462142944,22.8436
1403715557.512142897,27.7946
1403715557.562143087,25.0122
1403715557.61214304,27.7444
1403715557.662142992,24.5846
1403715557.712142944,26.8284
1403715557.762142897,23.3163
1403715557.812143087,26.3031
1403715557.86214304,24.5724
1403715557.912142992,25.6579
1403715557.962142944,26.0865
1403715558.012142897,24.8224
1403715558.062143087,25.4006
1403715558.11214304,26.6503
1403715558.162142992,26.5629
1403715558.212142944,24.2931
1403715558.262142897,24.4963
1403715558.312143087,25.1591
1403715558.36214304,22.5943
1403715558.412142992,25.9127
1403715558.462142944,23.7928
1403715558.512142897,22.9647
1403715558.562143087,22.9707
1403715558.61214304,25.2724
1403715558.662142992,22.7054
1403715558.712142944,27.3829
1403715558.762142897,26.6952
1403715558.812143087,24.6708
1403715558.86214304,25.9721
1403715558.912142992,25.1316
1403715558.962142944,21.6091
1403715559.012142897,25.62
1403715559.062143087,24.5161
1403715559.11214304,25.2576
1403715559.162142992,23.1915
1403715559.212142944,27.2006
1403715559.262142897,25.4903
1403715559.312143087,26.6558
1403715559.36214304,23.8973
1403715559.412142992,25.5422
1403715559.462142944,26.9127
1403715559.512142897,27.7804
1403715559.562143087,22.5224
1403715559.61214304,28.8831
1403715559.662142992,26.7081
1403715559.712142944,30.4109
1403715559.762142897,26.5175
1403715559.812143087,28.7732
1403715559.86214304,25.359
1403715559.912142992,29.3652
1403715559.962142944,23.6152
1403715560.012142897,27.1194
1403715560.062143087,25.6131
1403715560.11214304,29.7403
1403715560.162142992,27.0752
1403715560.212142944,27.7664
1403715560.262142897,27.4034
1403715560.312143087,28.1959
1403715560.36214304,26.664
1403715560.412142992,27.7404
1403715560.462142944,27.1028
1403715560.512142897,31.3194
1403715560.562143087,23.8856
1403715560.61214304,27.6113
1403715560.662142992,25.3326
1403715560.712142944,28.8021
1403715560.762142897,27.7437
1403715560.812143087,29.2549
1403715560.86214304,25.4105
1403715560.912142992,27.2383
1403715560.962142944,25.4365
1403715561.012142897,26.8343
1403715561.062143087,25.5063
1403715561.11214304,28.275
1403715561.162142992,24.6386
1403715561.212142944,25.3787
1403715561.262142897,22.4693
1403715561.312143087,26.2711
1403715561.36214304,26.4982
1403715561.412142992,27.9811
1403715561.462142944,24.8278
1403715561.512142897,27.4062
1403715561.562143087,24.8549
1403715561.61214304,25.4502
1403715561.662142992,25.9858
1403715561.712142944,27.7313
1403715561.762142897,25.7431
1403715561.812143087,25.8394
1403715561.86214304,26.0521
1403715561.912142992,25.7518
1403715561.962142944,26.1484
1403715562.012142897,25.4829
1403715562.062143087,25.8535
1403715562.11214304,24.3087
1403715562.162142992,24.3429
1403715562.212142944,24.701
1403715562.262142897,22.9917
1403715562.312143087,24.2207
1403715562.36214304,23.6837
1403715562.412142992,26.5768
1403715562.462142944,23.4487
1403715562.512142897,25.2653
1403715562.562143087,19.9691
1403715562.61214304,23.9088
1403715562.662142992,23.0511
1403715562.712142944,24.8822
1403715562.762142897,22.716
1403715562.812143087,23.5999
1403715562.86214304,20.9051
1403715562.912142992,27.3937
1403715562.962142944,20.6129
1403715563.012142897,27.2566
1403715563.062143087,20.5283
1403715563.11214304,26.1906
1403715563.162142992,20.1623
1403715563.212142944,23.5922
1403715563.262142897,18.8917
1403715563.312143087,26.9571
1403715563.36214304,22.9428
1403715563.412142992,25.9121
1403715563.462142944,20.2531
1403715563.512142897,25.3431
1403715563.562143087,20.0624
1403715563.61214304,24.8229
1403715563.662142992,20.5813
1403715563.712142944,26.3313
1403715563.762142897,22.0687
1403715563.812143087,23.2164
1403715563.86214304,22.7895
1403715563.912142992,23.3259
1403715563.962142944,21.4724
1403715564.012142897,22.2464
1403715564.062143087,20.9618
1403715564.11214304,24.6517
1403715564.162142992,20.3145
1403715564.212142944,23.111
1403715564.262142897,19.8527
1403715564.312143087,22.6147
1403715564.36214304,19.9087
1403715564.412142992,21.4857
1403715564.462142944,19.1728
1403715564.512142897,22.1787
1403715564.562143087,24.5578
1403715564.61214304,25.64
1403715564.662142992,22.0966
1403715564.712142944,25.0158
1403715564.762142897,21.8959
1403715564.812143087,26.3685
1403715564.86214304,23.1229
1403715564.912142992,26.9122
1403715564.962142944,22.4377
1403715565.012142897,26.9132
1403715565.062143087,24.9472
1403715565.11214304,26.7718
1403715565.162142992,23.4259
1403715565.212142944,27.3076
1403715565.262142897,26.4408
1403715565.312143087,27.4
1403715565.36214304,23.2602
1403715565.412142992,25.1299
1403715565.462142944,21.2437
1403715565.512142897,24.9035
1403715565.562143087,20.9691
1403715565.61214304,25.6541
1403715565.662142992,18.661
1403715565.712142944,24.1144
1403715565.762142897,19.5959
1403715565.812143087,23.0843
1403715565.86214304,20.7363
1403715565.912142992,23.0537
1403715565.962142944,18.9094
1403715566.012142897,23.5082
1403715566.062143087,21.2284
1403715566.11214304,24.48
1403715566.162142992,20.2364
1403715566.212142944,24.6658
1403715566.262142897,24.2084
1403715566.312143087,26.4994
1403715566.36214304,23.6899
1403715566.412142992,26.9178
1403715566.462142944,21.4999
1403715566.512142897,24.5635
1403715566.562143087,21.1143
1403715566.61214304,26.3538
1403715566.662142992,22.2815
1403715566.712142944,23.4095
1403715566.762142897,22.7229
1403715566.812143087,24.1882
1403715566.86214304,20.8652
1403715566.912142992,26.239
1403715566.962142944,20.068
1403715567.012142897,24.1976
1403715567.062143087,23.5341
1403715567.11214304,22.4494
1403715567.162142992,22.5357
1403715567.212142944,26.2323
1403715567.262142897,23.2325
1403715567.312143087,28.5326
1403715567.36214304,24.1852
1403715567.412142992,29.3776
1403715567.462142944,24.3886
1403715567.512142897,28.3031
1403715567.562143087,24.3574
1403715567.61214304,27.7736
1403715567.662142992,24.2817
1403715567.712142944,27.7578
1403715567.762142897,21.4375
1403715567.812143087,27.5483
1403715567.86214304,21.9561
1403715567.912142992,26.7418
1403715567.962142944,20.6972
1403715568.012142897,25.1457
1403715568.062143087,22.3908
1403715568.11214304,25.2026
1403715568.162142992,19.2473
1403715568.212142944,22.9763
1403715568.262142897,19.426
1403715568.312143087,22.2845
1403715568.36214304,19.1641
1403715568.412142992,21.6292
1403715568.462142944,19.0764
1403715568.512142897,20.4474
1403715568.562143087,18.6656
1403715568.61214304,25.3565
1403715568.662142992,19.743
1403715568.712142944,23.2731
1403715568.762142897,21.6331
1403715568.812143087,23.1898
1403715568.86214304,20.7013
1403715568.912142992,26.7297
1403715568.962142944,20.9915
1403715569.012142897,27.1211
1403715569.062143087,21.4113
1403715569.11214304,24.6099
1403715569.162142992,21.2008
1403715569.212142944,23.6258
1403715569.262142897,20.6278
1403715569.312143087,23.2937
1403715569.36214304,19.5095
1403715569.412142992,23.3236
1403715569.462142944,22.1724
1403715569.512142897,24.7188
1403715569.562143087,20.4876
1403715569.61214304,22.3922
1403715569.662142992,19.4938
1403715569.712142944,23.9773
1403715569.762142897,19.3391
1403715569.812143087,22.5369
1403715569.86214304,18.3493
1403715569.912142992,21.4362
1403715569.962142944,17.9134
1403715570.012142897,23.6774
1403715570.062143087,18.6214
1403715570.11214304,21.9446
1403715570.162142992,16.987
1403715570.212142944,23.5239
1403715570.262142897,16.7958
1403715570.312143087,21.1552
1403715570.36214304,19.0914
1403715570.412142992,16.5897
1403715570.462142944,13.5902
1403715570.512142897,16.1697
1403715570.562143087,13.6501
1403715570.61214304,17.1259
1403715570.662142992,19.1108
1403715570.712142944,22.2676
1403715570.762142897,21.7468
1403715570.812143087,26.9025
1403715570.86214304,25.1898
1403715570.912142992,27.7491
1403715570.962142944,23.3509
1403715571.012142897,25.4341
1403715571.062143087,23.1903
1403715571.11214304,26.6871
1403715571.162142992,21.4983
1403715571.212142944,27.6126
1403715571.262142897,22.7675
1403715571.312143087,28.5707
1403715571.36214304,24.0688
1403715571.412142992,26.5058
1403715571.462142944,21.418
1403715571.512142897,26.6416
1403715571.562143087,21.9045
1403715571.61214304,27.7791
1403715571.662142992,22.8581
1403715571.712142944,27.4553
1403715571.762142897,23.2719
1403715571.812143087,26.9183
1403715571.86214304,22.4946
1403715571.912142992,24.522
1403715571.962142944,22.4622
1403715572.012142897,27.6343
1403715572.062143087,21.5456
1403715572.11214304,24.8349
1403715572.162142992,22.5377
1403715572.212142944,28.2406
1403715572.262142897,21.9613
1403715572.312143087,27.3986
1403715572.36214304,22.2737
1403715572.412142992,24.6573
1403715572.462142944,23.2121
1403715572.512142897,25.0873
1403715572.562143087,22.4807
1403715572.61214304,24.4436
1403715572.662142992,25.1179
1403715572.712142944,25.3078
1403715572.762142897,21.148
1403715572.812143087,25.534
1403715572.86214304,20.2222
1403715572.912142992,24.5838
1403715572.962142944,21.6807
1403715573.012142897,25.9792
1403715573.062143087,23.0099
1403715573.11214304,27.2813
1403715573.162142992,21.0189
1403715573.212142944,24.7607
1403715573.262142897,21.7517
1403715573.312143087,23.688
1403715573.36214304,21.7853
1403715573.412142992,25.169
1403715573.462142944,21.2107
1403715573.512142897,24.6716
1403715573.562143087,22.0629
1403715573.61214304,27.8619
1403715573.662142992,21.1908
1403715573.712142944,25.0335
1403715573.762142897,25.9827
1403715573.812143087,26.4596
1403715573.86214304,24.0358
1403715573.912142992,27.1478
1403715573.962142944,21.0446
1403715574.012142897,25.3152
1403715574.062143087,21.6376
1403715574.11214304,24.0253
1403715574.162142992,22.2343
1403715574.212142944,25.8692
1403715574.262142897,22.4282
1403715574.312143087,28.1468
1403715574.36214304,21.4406
1403715574.412142992,25.4126
1403715574.462142944,21.2687
1403715574.512142897,24.9791
1403715574.562143087,19.6412
1403715574.61214304,22.2676
1403715574.662142992,19.7037
1403715574.712142944,23.5904
1403715574.762142897,20.4624
1403715574.812143087,23.2766
1403715574.86214304,19.0817
1403715574.912142992,23.4915
1403715574.962142944,22.9957
1403715575.012142897,22.8172
1403715575.062143087,19.214
1403715575.11214304,23.2332
1403715575.162142992,22.1514
1403715575.212142944,22.79
1403715575.262142897,19.4933
1403715575.312143087,21.1103
1403715575.36214304,19.4507
1403715575.412142992,23.0569
1403715575.462142944,17.8603
1403715575.512142897,24.3252
1403715575.562143087,21.0138
1403715575.61214304,21.6982
1403715575.662142992,18.0338
1403715575.712142944,21.693
1403715575.762142897,19.7083
1403715575.812143087,23.6915
1403715575.86214304,18.9909
1403715575.912142992,21.8448
1403715575.962142944,19.0228
1403715576.012142897,21.0117
1403715576.062143087,18.5227
1403715576.11214304,21.9666
1403715576.162142992,18.6547
1403715576.212142944,21.962
1403715576.262142897,19.9143
1403715576.312143087,24.3418
1403715576.36214304,18.5698
1403715576.412142992,23.5931
1403715576.462142944,18.9288
1403715576.512142897,23.5784
1403715576.562143087,20.0898
1403715576.61214304,23.9178
1403715576.662142992,20.564
1403715576.712142944,24.8413
1403715576.762142897,20.5806
1403715576.812143087,25.0153
1403715576.86214304,19.7535
1403715576.912142992,23.983
1403715576.962142944,20.0131
1403715577.012142897,25.1052
1403715577.062143087,21.1634
1403715577.11214304,24.0827
1403715577.162142992,21.074
1403715577.212142944,25.6283
1403715577.262142897,24.9249
1403715577.312143087,25.4532
1403715577.36214304,21.0071
1403715577.412142992,27.3206
1403715577.462142944,21.1105
1403715577.512142897,25.7619
1403715577.562143087,21.8914
1403715577.61214304,24.1882
1403715577.662142992,21.8968
1403715577.712142944,26.9417
1403715577.762142897,22.038
1403715577.812143087,28.5942
1403715577.86214304,22.0571
1403715577.912142992,25.6846
1403715577.962142944,22.6304
1403715578.012142897,25.4813
1403715578.062143087,22.4602
1403715578.11214304,23.894
1403715578.162142992,22.4671
1403715578.212142944,27.9989
1403715578.262142897,21.0475
1403715578.312143087,26.3175
1403715578.36214304,20.6764
1403715578.412142992,22.4569
1403715578.462142944,19.6798
1403715578.512142897,25.2773
1403715578.562143087,20.2951
1403715578.61214304,26.0364
1403715578.662142992,20.0978
1403715578.712142944,17.6836
1403715578.762142897,17.2069
1403715578.812143087,22.3946
1403715578.86214304,17.7353
1403715578.912142992,21.7294
1403715578.962142944,19.8252
1403715579.012142897,23.1297
1403715579.062143087,21.37
1403715579.11214304,25.15
1403715579.162142992,18.0422
1403715579.212142944,22.3574
1403715579.262142897,21.679
1403715579.312143087,21.5931
1403715579.36214304,16.2459
1403715579.412142992,21.0308
1403715579.462142944,20.4359
1403715579.512142897,21.5781
1403715579.562143087,18.4318
1403715579.61214304,22.1877
1403715579.662142992,22.2588
1403715579.712142944,20.149
1403715579.762142897,22.7169
1403715579.812143087,22.7336
1403715579.86214304,18.0805
1403715579.912142992,22.6926
1403715579.962142944,24.1449
1403715580.012142897,26.6621
1403715580.062143087,22.5001
1403715580.11214304,25.592
1403715580.162142992,21.5493
1403715580.212142944,25.1926
1403715580.262142897,22.8455
1403715580.312143087,23.4524
1403715580.36214304,26.7668
1403715580.412142992,26.5305
1403715580.462142944,24.1344
1403715580.512142897,26.8115
1403715580.562143087,25.8592
1403715580.61214304,27.1181
1403715580.662142992,22.7704
1403715580.712142944,27.8497
1403715580.762142897,25.8137
1403715580.812143087,27.4579
1403715580.86214304,25.9395
1403715580.912142992,26.7774
1403715580.962142944,26.1618
1403715581.012142897,25.5376
1403715581.062143087,25.0257
1403715581.11214304,27.149
1403715581.162142992,24.7059
1403715581.212142944,25.9742
1403715581.262142897,27.1487
1403715581.312143087,26.11
1403715581.36214304,26.4342
1403715581.412142992,26.908
1403715581.462142944,23.8712
1403715581.512142897,23.6474
1403715581.562143087,25.6741
1403715581.61214304,26.4603
1403715581.662142992,26.6007
1403715581.712142944,27.9159
1403715581.762142897,23.8665
1403715581.812143087,25.7401
1403715581.86214304,22.9828
1403715581.912142992,22.6234
1403715581.962142944,17.4152
1403715582.012142897,18.3831
1403715582.062143087,17.6199
1403715582.11214304,19.2121
1403715582.162142992,20.7035
1403715582.212142944,21.4008
1403715582.262142897,20.5675
1403715582.312143087,24.9511
1403715582.36214304,22.1522
1403715582.412142992,25.3646
1403715582.462142944,20.3184
1403715582.512142897,23.8185
1403715582.562143087,23.7498
1403715582.61214304,21.1547
1403715582.662142992,20.1128
1403715582.712142944,23.4341
1403715582.762142897,18.6141
1403715582.812143087,22.8944
1403715582.86214304,21.1043
1403715582.912142992,20.2805
1403715582.962142944,18.4502
1403715583.012142897,21.4125
1403715583.062143087,19.165
1403715583.11214304,24.4804
1403715583.162142992,19.6979
1403715583.212142944,19.2841
1403715583.262142897,17.0745
1403715583.312143087,18.5282
1403715583.36214304,17.0901
1403715583.412142992,18.7783
1403715583.462142944,19.5639
1403715583.512142897,21.4078
1403715583.562143087,18.8166
1403715583.61214304,19.3224
1403715583.662142992,18.5937
1403715583.712142944,19.1861
1403715583.762142897,20.5722
1403715583.812143087,21.0569
1403715583.86214304,19.8839
1403715583.912142992,19.6695
1403715583.962142944,19.3864
1403715584.012142897,21.1837
1403715584.062143087,22.1801
1403715584.11214304,23.5793
1403715584.162142992,21.8122
1403715584.212142944,22.0715
1403715584.262142897,22.0957
1403715584.312143087,22.2615
1403715584.36214304,21.3686
1403715584.412142992,20.5614
1403715584.462142944,21.8272
1403715584.512142897,26.6347
1403715584.562143087,23.6243
1403715584.61214304,27.9005
1403715584.662142992,25.935
1403715584.712142944,28.6398
1403715584.762142897,26.6268
1403715584.812143087,26.1707
1403715584.86214304,25.3035
1403715584.912142992,26.2975
1403715584.962142944,25.6585
1403715585.012142897,22.5949
1403715585.062143087,25.6367
1403715585.11214304,26.7462
1403715585.162142992,28.0986
1403715585.212142944,26.2154
1403715585.262142897,24.0805
1403715585.312143087,26.0215
1403715585.36214304,26.6806
1403715585.412142992,23.6592
1403715585.462142944,27.27
1403715585.512142897,27.8032
1403715585.562143087,24.781
1403715585.61214304,27.1496
1403715585.662142992,26.5608
1403715585.712142944,24.4161
1403715585.762142897,27.4923
1403715585.812143087,26.0932
1403715585.86214304,26.4477
1403715585.912142992,24.7303
1403715585.962142944,24.5967
1403715586.012142897,28.6135
1403715586.062143087,26.6353
1403715586.11214304,25.647
1403715586.162142992,25.1168
1403715586.212142944,27.5619
1403715586.262142897,26.0664
1403715586.312143087,29.5582
1403715586.36214304,27.8983
1403715586.412142992,27.3771
1403715586.462142944,24.6199
1403715586.512142897,30.4005
1403715586.562143087,28.7766
1403715586.61214304,30.057
1403715586.662142992,25.0394
1403715586.712142944,28.4308
1403715586.762142897,24.4674
1403715586.812143087,26.5603
1403715586.86214304,28.3423
1403715586.912142992,28.3824
1403715586.962142944,25.9701
1403715587.012142897,30.3066
1403715587.062143087,24.5305
1403715587.11214304,29.2327
1403715587.162142992,26.9108
1403715587.212142944,26.763
1403715587.262142897,25.4108
1403715587.312143087,27.6815
1403715587.36214304,24.598
1403715587.412142992,30.4584
1403715587.462142944,24.3952
1403715587.512142897,25.9216
1403715587.562143087,25.6981
1403715587.61214304,28.4413
1403715587.662142992,26.5059
1403715587.712142944,27.8154
1403715587.762142897,26.5657
1403715587.812143087,26.1716
1403715587.86214304,24.5101
1403715587.912142992,25.9886
1403715587.962142944,23.2255
1403715588.012142897,26.7189
1403715588.062143087,26.5243
1403715588.11214304,29.1079
1403715588.162142992,24.7493
1403715588.212142944,29.6779
1403715588.262142897,23.5022
1403715588.312143087,28.2297
1403715588.36214304,25.4259
1403715588.412142992,26.8701
1403715588.462142944,23.5205
1403715588.512142897,23.9871
1403715588.562143087,25.1145
1403715588.61214304,28.0511
1403715588.662142992,24.4883
1403715588.712142944,25.2038
1403715588.762142897,22.714
1403715588.812143087,28.1061
1403715588.86214304,22.3967
1403715588.912142992,27.1149
1403715588.962142944,21.9506
1403715589.012142897,26.6118
1403715589.062143087,24.6586
1403715589.11214304,30.6735
1403715589.162142992,23.915
1403715589.212142944,28.5758
1403715589.262142897,23.5008
1403715589.312143087,27.4209
1403715589.36214304,23.1779
1403715589.412142992,27.772
1403715589.462142944,22.7822
1403715589.512142897,27.7946
1403715589.562143087,21.946
1403715589.61214304,28.4384
1403715589.662142992,22.7901
1403715589.712142944,26.9752
1403715589.762142897,23.0695
1403715589.812143087,26.6279
1403715589.86214304,23.2169
1403715589.912142992,28.7214
1403715589.962142944,25.4922
1403715590.012142897,28.8954
1403715590.062143087,26.0251
1403715590.11214304,22.3517
1403715590.162142992,23.0037
1403715590.212142944,26.26
1403715590.262142897,24.7574
1403715590.312143087,27.1618
1403715590.36214304,25.2303
1403715590.412142992,27.4678
1403715590.462142944,24.933
1403715590.512142897,27.2928
1403715590.562143087,25.3671
1403715590.61214304,25.8719
1403715590.662142992,25.6699
1403715590.712142944,27.1742
1403715590.762142897,25.6495
1403715590.812143087,23.5393
1403715590.86214304,24.9168
1403715590.912142992,28.7369
1403715590.962142944,25.496
1403715591.012142897,26.2892
1403715591.062143087,25.2099
1403715591.11214304,29.0608
1403715591.162142992,24.525
1403715591.212142944,25.5769
1403715591.262142897,22.5894
1403715591.312143087,25.7169
1403715591.36214304,22.0612
1403715591.412142992,24.0594
1403715591.462142944,25.5576
1403715591.512142897,24.2349
1403715591.562143087,22.8093
1403715591.61214304,25.7823
1403715591.662142992,23.0265
1403715591.712142944,22.5756
1403715591.762142897,22.9685
1403715591.812143087,24.6836
1403715591.86214304,23.6317
1403715591.912142992,27.6117
1403715591.962142944,24.2063
1403715592.012142897,26.0617
1403715592.062143087,24.3005
1403715592.11214304,27.9099
1403715592.162142992,23.5919
1403715592.212142944,25.9622
1403715592.262142897,23.5514
1403715592.312143087,25.388
1403715592.36214304,22.7491
1403715592.412142992,25.8254
1403715592.462142944,22.9218
1403715592.512142897,25.6313
1403715592.562143087,21.9789
1403715592.61214304,23.8178
1403715592.662142992,22.9999
1403715592.712142944,23.0445
1403715592.762142897,20.5412
1403715592.812143087,27.0359
1403715592.86214304,21.8401
1403715592.912142992,25.9171
1403715592.962142944,23.5776
1403715593.012142897,23.6677
1403715593.062143087,22.9175
1403715593.11214304,25.659
1403715593.162142992,21.3705
1403715593.212142944,24.5347
1403715593.262142897,22.1933
1403715593.312143087,23.3519
1403715593.36214304,21.3159
1403715593.412142992,22.7315
1403715593.462142944,23.2567
1403715593.512142897,26.0251
1403715593.562143087,24.5632
1403715593.61214304,26.8885
1403715593.662142992,25.2404
1403715593.712142944,28.012
1403715593.762142897,24.4223
1403715593.812143087,30.1457
1403715593.86214304,25.7256
1403715593.912142992,27.1955
1403715593.962142944,24.6714
1403715594.012142897,28.634
1403715594.062143087,24.9312
1403715594.11214304,25.8657
1403715594.162142992,27.9451
1403715594.212142944,29.7139
1403715594.262142897,26.7788
1403715594.312143087,29.97
1403715594.36214304,24.0371
1403715594.412142992,26.146
1403715594.462142944,26.5875
1403715594.512142897,28.9141
1403715594.562143087,24.3327
1403715594.61214304,26.7813
1403715594.662142992,24.9244
1403715594.712142944,29.6009
1403715594.762142897,24.8601
1403715594.812143087,26.0476
1403715594.86214304,24.2922
1403715594.912142992,26.4904
1403715594.962142944,24.6809
1403715595.012142897,26.0084
1403715595.062143087,23.412
1403715595.11214304,27.2485
1403715595.162142992,24.3139
1403715595.212142944,28.8823
1403715595.262142897,24.5382
1403715595.312143087,25.1152
1403715595.36214304,24.368
1403715595.412142992,28.2374
1403715595.462142944,24.7628
1403715595.512142897,27.6058
1403715595.562143087,24.713
1403715595.61214304,28.2075
1403715595.662142992,24.7041
1403715595.712142944,30.395
1403715595.762142897,23.9623
1403715595.812143087,25.1231
1403715595.86214304,23.8435
1403715595.912142992,27.2264
1403715595.962142944,24.6449
1403715596.012142897,26.2953
1403715596.062143087,24.1969
1403715596.11214304,28.3979
1403715596.162142992,24.1626
1403715596.212142944,25.864
1403715596.262142897,24.4631
1403715596.312143087,28.0562
1403715596.36214304,24.9688
1403715596.412142992,27.1115
1403715596.462142944,24.9267
1403715596.512142897,30.1898
1403715596.562143087,25.5411
1403715596.61214304,26.6449
1403715596.662142992,25.4131
1403715596.712142944,29.3547
1403715596.762142897,25.5371
1403715596.812143087,30.1612
1403715596.86214304,26.009
1403715596.912142992,29.7147
1403715596.962142944,26.3444
1403715597.012142897,30.1756
1403715597.062143087,26.4376
1403715597.11214304,30.7471
1403715597.162142992,25.4602
1403715597.212142944,27.9708
1403715597.262142897,25.3244
1403715597.312143087,26.7964
1403715597.36214304,24.6398
1403715597.412142992,26.7247
1403715597.462142944,23.6025
1403715597.512142897,24.5164
1403715597.562143087,23.5472
1403715597.61214304,27.8965
1403715597.662142992,23.0472
1403715597.712142944,25.7833
1403715597.762142897,23.5842
1403715597.812143087,23.8282
1403715597.86214304,23.2753
1403715597.912142992,23.9058
1403715597.962142944,23.0826
1403715598.012142897,25.2773
1403715598.062143087,23.2368
1403715598.11214304,25.2801
1403715598.162142992,23.1351
1403715598.212142944,25.7784
1403715598.262142897,22.4393
1403715598.312143087,25.0823
1403715598.36214304,23.926
1403715598.412142992,25.0909
1403715598.462142944,23.2583
1403715598.512142897,25.6914
1403715598.562143087,23.9872
1403715598.61214304,24.0338
1403715598.662142992,24.5836
1403715598.712142944,25.5881
1403715598.762142897,23.7268
1403715598.812143087,24.2504
1403715598.86214304,21.7736
1403715598.912142992,24.0685
1403715598.962142944,21.8422
1403715599.012142897,23.1533
1403715599.062143087,21.4613
1403715599.11214304,22.1823
1403715599.162142992,21.981
1403715599.212142944,24.2743
1403715599.262142897,20.6169
1403715599.312143087,22.3391
1403715599.36214304,20.4053
1403715599.412142992,21.8618
1403715599.462142944,20.4593
1403715599.512142897,24.024
1403715599.562143087,20.5737
1403715599.61214304,25.0964
1403715599.662142992,20.4338
1403715599.712142944,19.9822
1403715599.762142897,20.2495
1403715599.812143087,19.6196
1403715599.86214304,20.3381
1403715599.912142992,21.0054
1403715599.962142944,21.0671
1403715600.012142897,22.7476
1403715600.062143087,20.8771
1403715600.11214304,22.7722
1403715600.162142992,22.6768
1403715600.212142944,25.5461
1403715600.262142897,24.1793
1403715600.312143087,24.7367
1403715600.36214304,23.8717
1403715600.412142992,26.6191
1403715600.462142944,23.7596
1403715600.512142897,24.6857
1403715600.562143087,24.2714
1403715600.61214304,26.9388
1403715600.662142992,25.9398
1403715600.712142944,29.5882
1403715600.762142897,26.1169
1403715600.812143087,28.2699
1403715600.86214304,25.3076
1403715600.912142992,27.5885
1403715600.962142944,26.5424
1403715601.012142897,31.3837
1403715601.062143087,26.7755
1403715601.11214304,27.6743
1403715601.162142992,25.884
1403715601.212142944,27.7606
1403715601.262142897,25.7367
1403715601.312143087,27.2068
1403715601.36214304,25.4932
1403715601.412142992,25.5002
1403715601.462142944,25.7332
1403715601.512142897,26.2646
1403715601.562143087,24.9503
1403715601.61214304,25.2543
1403715601.662142992,25.0136
1403715601.712142944,27.5557
1403715601.762142897,24.8953
1403715601.812143087,25.6837
1403715601.86214304,24.8241
1403715601.912142992,26.726
1403715601.962142944,25.4124
1403715602.012142897,25.7397
1403715602.062143087,24.6786
1403715602.11214304,24.9052
1403715602.162142992,23.4762
1403715602.212142944,29.1471
1403715602.262142897,25.6894
1403715602.312143087,26.7132
1403715602.36214304,26.1349
1403715602.412142992,29.4842
1403715602.462142944,26.4133
1403715602.512142897,29.4233
1403715602.562143087,27.0007
1403715602.61214304,29.1041
1403715602.662142992,27.8936
1403715602.712142944,29.2609
1403715602.762142897,27.9264
1403715602.812143087,29.7533
1403715602.86214304,28.3691
1403715602.912142992,31.9939
1403715602.962142944,27.1104
1403715603.012142897,29.7449
1403715603.062143087,27.2079
1403715603.11214304,30.8756
1403715603.162142992,27.363
1403715603.212142944,31.6349
1403715603.262142897,26.5831
1403715603.312143087,27.6036
1403715603.36214304,26.3304
1403715603.412142992,30.2219
1403715603.462142944,27.3606
1403715603.512142897,27.9438
1403715603.562143087,26.434
1403715603.61214304,30.3796
1403715603.662142992,26.0867
1403715603.712142944,29.3299
1403715603.762142897,24.8979
1403715603.812143087,26.8862
1403715603.86214304,23.7616
1403715603.912142992,26.9176
1403715603.962142944,21.7279
1403715604.012142897,23.5617
1403715604.062143087,20.4825
1403715604.11214304,24.3677
1403715604.162142992,21.5515
1403715604.212142944,24.9705
1403715604.262142897,20.0676
1403715604.312143087,22.5141
1403715604.36214304,21.7314
1403715604.412142992,24.6524
1403715604.462142944,19.4111
1403715604.512142897,23.9671
1403715604.562143087,18.3577
1403715604.61214304,25.1224
1403715604.662142992,18.8824
1403715604.712142944,21.4697
1403715604.762142897,19.3038
1403715604.812143087,24.9997
1403715604.86214304,18.9488
1403715604.912142992,25.385
1403715604.962142944,18.9662
1403715605.012142897,24.2359
1403715605.062143087,19.0599
1403715605.11214304,25.7905
1403715605.162142992,18.6404
1403715605.212142944,22.5396
1403715605.262142897,18.8202
1403715605.312143087,26.2753
1403715605.36214304,18.6629
1403715605.412142992,23.8141
1403715605.462142944,18.8201
1403715605.512142897,25.7578
1403715605.562143087,18.6425
1403715605.61214304,25.0283
1403715605.662142992,18.6513
1403715605.712142944,23.5126
1403715605.762142897,17.3124
1403715605.812143087,23.4116
1403715605.86214304,19.5184
1403715605.912142992,23.7812
1403715605.962142944,18.8213
1403715606.012142897,24.0574
1403715606.062143087,18.3242
1403715606.11214304,21.6373
1403715606.162142992,15.7008
1403715606.212142944,18.9064
1403715606.262142897,15.3706
1403715606.312143087,22.3704
1403715606.36214304,20.3743
1403715606.412142992,16.9418
1403715606.462142944,17.4754
1403715606.512142897,19.192
1403715606.562143087,17.0179
1403715606.61214304,18.7107
1403715606.662142992,14.0083
1403715606.712142944,18.0932
1403715606.762142897,16.5114
1403715606.812143087,21.2678
1403715606.86214304,16.574
1403715606.912142992,19.9278
1403715606.962142944,15.9365
1403715607.012142897,19.9867
1403715607.062143087,12.822
1403715607.11214304,18.4858
1403715607.162142992,13.209
1403715607.212142944,14.8466
1403715607.262142897,16.0521
1403715607.312143087,18.5114
1403715607.36214304,14.5112
1403715607.412142992,17.3371
1403715607.462142944,13.7101
1403715607.512142897,17.334
1403715607.562143087,14.2713
1403715607.61214304,15.2307
1403715607.662142992,11.3067
1403715607.712142944,18.0997
1403715607.762142897,14.7383
1403715607.812143087,12.7604
1403715607.86214304,13.7152
1403715607.912142992,16.2887
1403715607.962142944,13.9924
1403715608.012142897,17.5063
1403715608.062143087,14.0842
1403715608.11214304,17.0795
1403715608.162142992,12.6976
1403715608.212142944,16.5623
1403715608.262142897,13.0671
1403715608.312143087,14.6342
1403715608.36214304,14.1783
1403715608.412142992,15.126
1403715608.462142944,12.9468
1403715608.512142897,17.1302
1403715608.562143087,13.3743
1403715608.61214304,16.8782
1403715608.662142992,14.9208
1403715608.712142944,17.3021
1403715608.762142897,12.6019
1403715608.812143087,13.6674
1403715608.86214304,12.1875
1403715608.912142992,16.3379
1403715608.962142944,14.8533
1403715609.012142897,17.4182
1403715609.062143087,13.3771
1403715609.11214304,17.0742
1403715609.162142992,12.9374
1403715609.212142944,14.5248
1403715609.262142897,10.2544
1403715609.312143087,14.5641
1403715609.36214304,13.6956
