1413394881.605760574,6.13992
1413394881.655760527,6.15185
1413394881.705760479,7.79505
1413394881.755760431,19.5389
1413394881.805760384,17.054
1413394881.855760574,17.5447
1413394881.905760527,15.6407
1413394881.955760479,17.8008
1413394882.005760431,15.9627
1413394882.055760384,20.3574
1413394882.105760574,16.6026
1413394882.155760527,17.0593
1413394882.205760479,20.1805
1413394882.255760431,19.072
1413394882.305760384,17.5428
1413394882.355760574,18.3447
1413394882.405760527,18.8134
1413394882.455760479,19.2046
1413394882.505760431,22.4158
1413394882.555760384,21.4366
1413394882.605760574,18.354
1413394882.655760527,18.3807
1413394882.705760479,18.1901
1413394882.755760431,16.9297
1413394882.805760384,20.6073
1413394882.855760574,16.5791
1413394882.905760527,19.6457
1413394882.955760479,16.7224
1413394883.005760431,17.9384
1413394883.055760384,16.7049
1413394883.105760574,17.6587
1413394883.155760527,18.3545
1413394883.205760479,18.0948
1413394883.255760431,18.9386
1413394883.305760384,17.9628
1413394883.355760574,16.865
1413394883.405760527,19.6766
1413394883.455760479,17.9396
1413394883.505760431,18.6127
1413394883.555760384,18.0582
1413394883.605760574,18.075
1413394883.655760527,17.6646
1413394883.705760479,18.8363
1413394883.755760431,16.7783
1413394883.805760384,20.331
1413394883.855760574,19.951
1413394883.905760527,20.7452
1413394883.955760479,19.7581
1413394884.005760431,18.2596
1413394884.055760384,16.7785
1413394884.105760574,18.7377
1413394884.155760527,18.4352
1413394884.205760479,20.3602
1413394884.255760431,17.555
1413394884.305760384,17.9828
1413394884.355760574,19.142
1413394884.405760527,17.9681
1413394884.455760479,19.6226
1413394884.505760431,18.442
1413394884.555760384,19.4586
1413394884.605760574,17.7783
1413394884.655760527,17.4623
1413394884.705760479,20.1696
1413394884.755760431,17.0971
1413394884.805760384,18.1437
1413394884.855760574,19.2764
1413394884.905760527,18.779
1413394884.955760479,17.323
1413394885.005760431,20.228
1413394885.055760384,19.4386
1413394885.105760574,20.2037
1413394885.155760527,17.6098
1413394885.205760479,18.3995
1413394885.255760431,16.9656
1413394885.305760384,20.6645
1413394885.355760574,20.0814
1413394885.405760527,19.1789
1413394885.455760479,17.3597
1413394885.505760431,18.8167
1413394885.555760384,17.912
1413394885.605760574,18.9579
1413394885.655760527,18.7514
1413394885.705760479,18.4368
1413394885.755760431,18.5807
1413394885.805760384,21.6155
1413394885.855760574,17.4358
1413394885.905760527,20.1356
1413394885.955760479,17.7903
1413394886.005760431,18.9931
1413394886.055760384,19.023
1413394886.105760574,20.0804
1413394886.155760527,15.9651
1413394886.205760479,16.9358
1413394886.255760431,17.2702
1413394886.305760384,19.1201
1413394886.355760574,14.9413
1413394886.405760527,21.2354
1413394886.455760479,17.8868
1413394886.505760431,19.089
1413394886.555760384,18.1121
1413394886.605760574,19.3193
1413394886.655760527,18.5941
1413394886.705760479,18.4832
1413394886.755760431,18.4756
1413394886.805760384,19.3497
1413394886.855760574,18.4989
1413394886.905760527,20.9259
1413394886.955760479,19.4441
1413394887.005760431,19.2442
1413394887.055760384,13.7891
1413394887.105760574,18.5522
1413394887.155760527,17.4979
1413394887.205760479,17.2362
1413394887.255760431,18.9174
1413394887.305760384,18.5363
1413394887.355760574,16.5088
1413394887.405760527,18.8508
1413394887.455760479,20.5704
1413394887.505760431,20.7648
1413394887.555760384,20.2637
1413394887.605760574,18.3685
1413394887.655760527,21.6514
1413394887.705760479,22.1948
1413394887.755760431,19.7223
1413394887.805760384,20.7459
1413394887.855760574,22.5656
1413394887.905760527,21.3703
1413394887.955760479,22.7125
1413394888.005760431,22.1067
1413394888.055760384,20.5653
1413394888.105760574,22.6873
1413394888.155760527,21.3562
1413394888.205760479,22.186
1413394888.255760431,23.2393
1413394888.305760384,22.1018
1413394888.355760574,22.3636
1413394888.405760527,21.8989
1413394888.455760479,21.2902
1413394888.505760431,23.3615
1413394888.555760384,23.0773
1413394888.605760574,22.3915
1413394888.655760527,20.9208
1413394888.705760479,21.6749
1413394888.755760431,21.4236
1413394888.805760384,21.6674
1413394888.855760574,19.8455
1413394888.905760527,19.8645
1413394888.955760479,22.1058
1413394889.005760431,23.3218
1413394889.055760384,18.6124
1413394889.105760574,21.9259
1413394889.155760527,23.0586
1413394889.205760479,20.6313
1413394889.255760431,15.1253
1413394889.305760384,17.6356
1413394889.355760574,19.8367
1413394889.405760527,18.288
1413394889.455760479,15.7707
1413394889.505760431,19.6701
1413394889.555760384,17.714
1413394889.605760574,18.0664
1413394889.655760527,16.215
1413394889.705760479,19.9559
1413394889.755760431,19.1766
1413394889.805760384,21.9259
1413394889.855760574,19.2221
1413394889.905760527,19.1633
1413394889.955760479,18.726
1413394890.005760431,21.6158
1413394890.055760384,19.7823
1413394890.105760574,21.0427
1413394890.155760527,22.5334
1413394890.205760479,21.2628
1413394890.255760431,19.2936
1413394890.305760384,19.5511
1413394890.355760574,15.8299
1413394890.405760527,19.3175
1413394890.455760479,18.5085
1413394890.505760431,19.919
1413394890.555760384,17.8582
1413394890.605760574,18.9005
1413394890.655760527,18.7663
1413394890.705760479,17.8866
1413394890.755760431,17.9774
1413394890.805760384,17.9816
1413394890.855760574,13.9382
1413394890.905760527,18.2782
1413394890.955760479,18.4497
1413394891.005760431,19.0007
1413394891.055760384,20.9049
1413394891.105760574,20.4366
1413394891.155760527,21.389
1413394891.205760479,23.3615
1413394891.255760431,21.9118
1413394891.305760384,21.4492
1413394891.355760574,19.4047
1413394891.405760527,21.5304
1413394891.455760479,19.9923
1413394891.505760431,18.8888
1413394891.555760384,21.3555
1413394891.605760574,19.9908
1413394891.655760527,17.7266
1413394891.705760479,16.7289
1413394891.755760431,18.9414
1413394891.805760384,21.2516
1413394891.855760574,17.6275
1413394891.905760527,17.7859
1413394891.955760479,17.9235
1413394892.005760431,19.3569
1413394892.055760384,16.5259
1413394892.105760574,17.4401
1413394892.155760527,16.9492
1413394892.205760479,14.6862
1413394892.255760431,14.7347
1413394892.305760384,16.4575
1413394892.355760574,13.1102
1413394892.405760527,17.1021
1413394892.455760479,18.1686
1413394892.505760431,19.1768
1413394892.555760384,19.7231
1413394892.605760574,18.908
1413394892.655760527,18.0412
1413394892.705760479,21.1504
1413394892.755760431,20.3976
1413394892.805760384,21.9317
1413394892.855760574,23.6814
1413394892.905760527,22.2278
1413394892.955760479,24.719
1413394893.005760431,27.7841
1413394893.055760384,22.5674
1413394893.105760574,25.3327
1413394893.155760527,23.7775
1413394893.205760479,24.8665
1413394893.255760431,24.5247
1413394893.305760384,26.0852
1413394893.355760574,21.1989
1413394893.405760527,22.8661
1413394893.455760479,23.1249
1413394893.505760431,24.9534
1413394893.555760384,23.7689
1413394893.605760574,23.2772
1413394893.655760527,24.3264
1413394893.705760479,23.2404
1413394893.755760431,25.8578
1413394893.805760384,25.2196
1413394893.855760574,22.7541
1413394893.905760527,26.0209
1413394893.955760479,21.8635
1413394894.005760431,22.7071
1413394894.055760384,20.23
1413394894.105760574,23.0608
1413394894.155760527,20.4054
1413394894.205760479,20.6757
1413394894.255760431,18.7563
1413394894.305760384,20.038
1413394894.355760574,23.4854
1413394894.405760527,21.9522
1413394894.455760479,20.4946
1413394894.505760431,19.1493
1413394894.555760384,17.2176
1413394894.605760574,17.0031
1413394894.655760527,18.1442
1413394894.705760479,20.3809
1413394894.755760431,20.5304
1413394894.805760384,20.1106
1413394894.855760574,20.7865
1413394894.905760527,23.2597
1413394894.955760479,23.6487
1413394895.005760431,23.5664
1413394895.055760384,21.0919
1413394895.105760574,23.4073
1413394895.155760527,21.8942
1413394895.205760479,23.2236
1413394895.255760431,22.1586
1413394895.305760384,23.7323
1413394895.355760574,22.5283
1413394895.405760527,23.3593
1413394895.455760479,23.1431
1413394895.505760431,25.6252
1413394895.555760384,22.3859
1413394895.605760574,26.4293
1413394895.655760527,25.4034
1413394895.705760479,24.5826
1413394895.755760431,23.0961
1413394895.805760384,24.3665
1413394895.855760574,21.6383
1413394895.905760527,25.1715
1413394895.955760479,23.2015
1413394896.005760431,24.7675
1413394896.055760384,25.9248
1413394896.105760574,25.1998
1413394896.155760527,24.5391
1413394896.205760479,26.3749
1413394896.255760431,25.4797
1413394896.305760384,28.02
1413394896.355760574,25.1656
1413394896.405760527,24.8999
1413394896.455760479,23.4517
1413394896.505760431,26.3312
1413394896.555760384,27.3337
1413394896.605760574,25.7406
1413394896.655760527,25.2471
1413394896.705760479,27.65
1413394896.755760431,23.1828
1413394896.805760384,25.4197
1413394896.855760574,22.364
1413394896.905760527,24.7842
1413394896.955760479,24.3519
1413394897.005760431,24.8681
1413394897.055760384,25.4207
1413394897.105760574,28.0318
1413394897.155760527,23.4847
1413394897.205760479,27.2181
1413394897.255760431,26.0007
1413394897.305760384,26.7597
1413394897.355760574,27.2455
1413394897.405760527,26.0358
1413394897.455760479,25.7535
1413394897.505760431,24.334
1413394897.555760384,21.5077
1413394897.605760574,23.4423
1413394897.655760527,23.7898
1413394897.705760479,23.9521
1413394897.755760431,21.6915
1413394897.805760384,22.706
1413394897.855760574,21.054
1413394897.905760527,22.0122
1413394897.955760479,20.3173
1413394898.005760431,20.0064
1413394898.055760384,20.1614
1413394898.105760574,20.3794
1413394898.155760527,20.1166
1413394898.205760479,20.3245
1413394898.255760431,16.8526
1413394898.305760384,20.6598
1413394898.355760574,17.2212
1413394898.405760527,19.3021
1413394898.455760479,15.9955
1413394898.505760431,17.6444
1413394898.555760384,17.5866
1413394898.605760574,22.1425
1413394898.655760527,18.2076
1413394898.705760479,19.4536
1413394898.755760431,17.4425
1413394898.805760384,18.9166
1413394898.855760574,16.7006
1413394898.905760527,19.1537
1413394898.955760479,18.706
1413394899.005760431,17.9847
1413394899.055760384,17.3558
1413394899.105760574,20.9784
1413394899.155760527,16.4845
1413394899.205760479,19.452
1413394899.255760431,16.6386
1413394899.305760384,18.093
1413394899.355760574,18.6684
1413394899.405760527,18.9321
1413394899.455760479,17.6959
1413394899.505760431,21.0202
1413394899.555760384,21.5437
1413394899.605760574,21.8978
1413394899.655760527,19.8472
1413394899.705760479,26.4595
1413394899.755760431,22.7578
1413394899.805760384,26.4745
1413394899.855760574,25.4711
1413394899.905760527,27.1157
1413394899.955760479,23.9567
1413394900.005760431,27.7087
1413394900.055760384,27.305
1413394900.105760574,28.6365
1413394900.155760527,28.0446
1413394900.205760479,25.4399
1413394900.255760431,23.9963
1413394900.305760384,25.7949
1413394900.355760574,27.7226
1413394900.405760527,25.8326
1413394900.455760479,24.649
1413394900.505760431,25.9584
1413394900.555760384,26.9846
1413394900.605760574,26.3856
1413394900.655760527,27.254
1413394900.705760479,25.9319
1413394900.755760431,25.7934
1413394900.805760384,25.8528
1413394900.855760574,23.5226
1413394900.905760527,26.435
1413394900.955760479,23.7871
1413394901.005760431,24.8067
1413394901.055760384,22.7357
1413394901.105760574,24.1656
1413394901.155760527,24.709
1413394901.205760479,22.605
1413394901.255760431,25.6972
1413394901.305760384,27.1249
1413394901.355760574,22.9262
1413394901.405760527,25.1572
1413394901.455760479,24.7736
1413394901.505760431,26.1883
1413394901.555760384,22.7513
1413394901.605760574,22.7261
1413394901.655760527,20.9031
1413394901.705760479,22.6688
1413394901.755760431,25.172
1413394901.805760384,23.1435
1413394901.855760574,25.0008
1413394901.905760527,23.7597
1413394901.955760479,24.7673
1413394902.005760431,23.9165
1413394902.055760384,25.9168
1413394902.105760574,24.5672
1413394902.155760527,21.0929
1413394902.205760479,20.6269
1413394902.255760431,19.7133
1413394902.305760384,23.2219
1413394902.355760574,22.2998
1413394902.405760527,22.6759
1413394902.455760479,20.5669
1413394902.505760431,23.4965
1413394902.555760384,20.4432
1413394902.605760574,20.1578
1413394902.655760527,13.6352
1413394902.705760479,13.8505
1413394902.755760431,17.681
1413394902.805760384,17.6888
1413394902.855760574,16.5118
1413394902.905760527,14.2504
1413394902.955760479,14.2544
1413394903.055760384,16.5454
1413394903.155760527,13.9828
1413394903.255760431,13.2638
1413394903.355760574,14.2823
1413394903.455760479,15.9456
1413394903.555760384,16.5187
1413394903.605760574,18.0251
1413394903.655760527,16.5354
1413394903.705760479,18.1313
1413394903.755760431,19.0719
1413394903.805760384,19.013
1413394903.855760574,19.3616
1413394903.905760527,20.44
1413394903.955760479,18.1577
1413394904.005760431,23.0793
1413394904.055760384,18.2014
1413394904.105760574,22.2738
1413394904.155760527,17.5359
1413394904.205760479,20.4803
1413394904.255760431,19.5734
1413394904.305760384,22.0599
1413394904.355760574,20.5192
1413394904.405760527,20.3713
1413394904.455760479,19.5747
1413394904.505760431,21.7049
1413394904.555760384,21.826
1413394904.605760574,24.6729
1413394904.655760527,22.7053
1413394904.705760479,22.7972
1413394904.755760431,21.6521
1413394904.805760384,25.2273
1413394904.855760574,23.3994
1413394904.905760527,25.6922
1413394904.955760479,22.2438
1413394905.005760431,24.947
1413394905.055760384,22.1521
1413394905.105760574,22.5514
1413394905.155760527,22.4465
1413394905.205760479,25.2211
1413394905.255760431,21.9921
1413394905.305760384,24.0368
1413394905.355760574,24.7569
1413394905.405760527,23.8193
1413394905.455760479,24.1203
1413394905.505760431,21.4939
1413394905.555760384,22.0658
1413394905.605760574,23.8542
1413394905.655760527,23.4774
1413394905.705760479,22.9297
1413394905.755760431,21.1708
1413394905.805760384,24.734
1413394905.855760574,21.4455
1413394905.905760527,26.7611
1413394905.955760479,24.369
1413394906.005760431,20.2932
1413394906.055760384,20.3037
1413394906.105760574,21.6557
1413394906.155760527,21.8765
1413394906.205760479,24.69
1413394906.255760431,18.8646
1413394906.305760384,22.1455
1413394906.355760574,20.3515
1413394906.405760527,23.1245
1413394906.455760479,24.2073
1413394906.505760431,25.9328
1413394906.555760384,22.3256
1413394906.605760574,25.2545
1413394906.655760527,23.8981
1413394906.705760479,25.8653
1413394906.755760431,23.5276
1413394906.805760384,25.3046
1413394906.855760574,23.0133
1413394906.905760527,24.9111
1413394906.955760479,23.0977
1413394907.005760431,21.9692
1413394907.055760384,22.0364
1413394907.105760574,24.2633
1413394907.155760527,24.5078
1413394907.205760479,26.1801
1413394907.255760431,22.3992
1413394907.305760384,23.3268
1413394907.355760574,21.1066
1413394907.405760527,24.9064
1413394907.455760479,21.5166
1413394907.505760431,21.616
1413394907.555760384,22.8211
1413394907.605760574,21.5952
1413394907.655760527,21.9289
1413394907.705760479,23.6012
1413394907.755760431,23.4604
1413394907.805760384,21.5325
1413394907.855760574,21.2687
1413394907.905760527,23.6853
1413394907.955760479,22.5943
1413394908.005760431,24.2317
1413394908.055760384,26.2137
1413394908.105760574,25.8516
1413394908.155760527,24.7078
1413394908.205760479,24.2483
1413394908.255760431,25.5072
1413394908.305760384,26.2253
1413394908.355760574,24.3176
1413394908.405760527,26.8384
1413394908.455760479,26.1017
1413394908.505760431,26.0308
1413394908.555760384,27.2498
1413394908.605760574,24.9663
1413394908.655760527,24.3766
1413394908.705760479,22.6894
1413394908.755760431,23.3282
1413394908.805760384,25.3661
1413394908.855760574,22.5999
1413394908.905760527,25.6675
1413394908.955760479,21.7377
1413394909.005760431,26.3946
1413394909.055760384,24.4432
1413394909.105760574,27.4123
1413394909.155760527,25.4904
1413394909.205760479,27.1548
1413394909.255760431,24.0013
1413394909.305760384,25.7852
1413394909.355760574,24.7993
1413394909.405760527,25.2934
1413394909.455760479,26.8024
1413394909.505760431,28.0547
1413394909.555760384,24.0439
1413394909.605760574,22.4336
1413394909.655760527,23.323
1413394909.705760479,22.2572
1413394909.755760431,21.7295
1413394909.805760384,21.2277
1413394909.855760574,23.255
1413394909.905760527,24.6923
1413394909.955760479,21.7586
1413394910.005760431,23.7471
1413394910.055760384,20.0856
1413394910.105760574,24.3577
1413394910.155760527,26.3915
1413394910.205760479,25.6342
1413394910.255760431,26.6998
1413394910.305760384,26.6096
1413394910.355760574,24.2225
1413394910.405760527,25.3737
1413394910.455760479,25.19
1413394910.505760431,26.0776
1413394910.555760384,27.9793
1413394910.605760574,27.7107
1413394910.655760527,22.8911
1413394910.705760479,21.266
1413394910.755760431,19.4091
1413394910.805760384,20.091
1413394910.855760574,20.4547
1413394910.905760527,23.9841
1413394910.955760479,22.501
1413394911.005760431,23.3526
1413394911.055760384,22.5036
1413394911.105760574,19.242
1413394911.155760527,16.9513
1413394911.205760479,21.9267
1413394911.255760431,24.8521
1413394911.305760384,24.7259
1413394911.355760574,27.1802
1413394911.405760527,25.3511
1413394911.455760479,26.6244
1413394911.505760431,25.0922
1413394911.555760384,28.1349
1413394911.605760574,28.4466
1413394911.655760527,24.9029
1413394911.705760479,23.1038
1413394911.755760431,21.482
1413394911.805760384,26.8059
1413394911.855760574,21.2605
1413394911.905760527,23.6108
1413394911.955760479,22.4773
1413394912.005760431,24.0013
1413394912.055760384,22.9981
1413394912.105760574,24.4114
1413394912.155760527,22.6864
1413394912.205760479,25.5116
1413394912.255760431,22.6386
1413394912.305760384,22.8446
1413394912.355760574,25.7011
1413394912.405760527,24.2293
1413394912.455760479,24.8134
1413394912.505760431,28.1777
1413394912.555760384,25.0532
1413394912.605760574,25.19
1413394912.655760527,24.2029
1413394912.705760479,24.6432
1413394912.755760431,25.3005
1413394912.805760384,27.0905
1413394912.855760574,25.013
1413394912.905760527,23.3542
1413394912.955760479,23.3721
1413394913.005760431,23.4071
1413394913.055760384,22.263
1413394913.105760574,25.6056
1413394913.155760527,21.5049
1413394913.205760479,24.4243
1413394913.255760431,22.4793
1413394913.305760384,23.6558
1413394913.355760574,19.425
1413394913.405760527,23.8124
1413394913.455760479,22.0998
1413394913.505760431,24.0053
1413394913.555760384,22.026
1413394913.605760574,22.1135
1413394913.655760527,18.9935
1413394913.705760479,19.8448
1413394913.755760431,18.338
1413394913.805760384,20.4623
1413394913.855760574,21.1061
1413394913.905760527,24.9651
1413394913.955760479,20.5105
1413394914.005760431,24.079
1413394914.055760384,24.3632
1413394914.105760574,24.4902
1413394914.155760527,25.0363
1413394914.205760479,24.3144
1413394914.255760431,24.5282
1413394914.305760384,24.4971
1413394914.355760574,23.5737
1413394914.405760527,25.4606
1413394914.455760479,24.8592
1413394914.505760431,27.3869
1413394914.555760384,23.6251
1413394914.605760574,24.7912
1413394914.655760527,22.8417
1413394914.705760479,24.931
1413394914.755760431,24.273
1413394914.805760384,25.3411
1413394914.855760574,24.5863
1413394914.905760527,25.6023
1413394914.955760479,23.704
1413394915.005760431,24.535
1413394915.055760384,23.5117
1413394915.105760574,24.9172
1413394915.155760527,23.6281
1413394915.205760479,27.699
1413394915.255760431,24.5125
1413394915.305760384,24.651
1413394915.355760574,24.7753
1413394915.405760527,26.0763
1413394915.455760479,21.5232
1413394915.505760431,25.1182
1413394915.555760384,24.8381
1413394915.605760574,26.597
1413394915.655760527,26.0844
1413394915.705760479,25.5033
1413394915.755760431,26.5861
1413394915.805760384,26.9423
1413394915.855760574,23.5463
1413394915.905760527,26.8792
1413394915.955760479,24.613
1413394916.005760431,23.729
1413394916.055760384,22.9863
1413394916.105760574,24.1252
1413394916.155760527,17.6746
1413394916.205760479,21.3014
1413394916.255760431,20.3415
1413394916.305760384,18.3936
1413394916.355760574,19.1997
1413394916.405760527,21.3176
1413394916.455760479,18.5705
1413394916.505760431,18.3294
1413394916.555760384,16.9889
1413394916.605760574,17.633
1413394916.655760527,14.8243
1413394916.705760479,17.8371
1413394916.755760431,13.5524
1413394916.855760574,13.2987
1413394916.955760479,14.8548
1413394917.055760384,12.3835
1413394917.155760527,13.2028
1413394917.255760431,16.0558
1413394917.355760574,16.9281
1413394917.455760479,15.3092
1413394917.555760384,15.2818
1413394917.655760527,16.3619
1413394917.755760431,14.0609
1413394917.855760574,17.6975
1413394917.955760479,15.4219
1413394918.055760384,13.9597
1413394918.155760527,13.7159
1413394918.255760431,12.5382
1413394918.355760574,13.8826
1413394918.455760479,17.1092
1413394918.555760384,12.2353
1413394918.655760527,14.9331
1413394918.755760431,13.6722
1413394918.855760574,12.2764
1413394918.955760479,15.8773
1413394919.055760384,15.1323
1413394919.155760527,11.6406
1413394919.255760431,14.6038
1413394919.355760574,13.6512
1413394919.455760479,14.3544
1413394919.555760384,13.1154
1413394919.655760527,12.8543
1413394919.755760431,11.5648
1413394919.855760574,12.3678
1413394919.955760479,9.31006
1413394920.055760384,12.6611
1413394920.155760527,9.14748
1413394920.255760431,10.9375
1413394920.355760574,12.4992
1413394920.455760479,15.0986
1413394920.555760384,11.5237
1413394920.655760527,13.1836
1413394920.755760431,11.7378
1413394920.855760574,14.9989
1413394920.955760479,14.8734
1413394921.055760384,12.7228
1413394921.155760527,12.6905
1413394921.255760431,14.606
1413394921.355760574,11.3938
1413394921.455760479,15.1395
1413394921.555760384,14.6374
1413394921.655760527,13.9432
1413394921.755760431,11.4896
1413394921.855760574,12.6095
1413394921.955760479,9.56541
1413394922.055760384,14.3898
1413394922.155760527,13.08
1413394922.255760431,11.0072
1413394922.355760574,10.9383
1413394922.455760479,13.6194
1413394922.555760384,14.4496
1413394922.655760527,14.8409
1413394922.755760431,16.2705
1413394922.855760574,16.6045
1413394922.955760479,18.2115
1413394923.055760384,15.2538
1413394923.155760527,15.8248
1413394923.255760431,14.08
1413394923.355760574,13.1488
1413394923.455760479,13.7107
1413394923.555760384,13.5603
1413394923.655760527,13.958
1413394923.755760431,13.8376
1413394923.855760574,15.0569
1413394923.955760479,12.7186
1413394924.055760384,13.7256
1413394924.155760527,14.4309
1413394924.255760431,15.9482
1413394924.355760574,13.6198
1413394924.455760479,15.1933
1413394924.555760384,14.9287
1413394924.655760527,16.0871
1413394924.755760431,13.643
1413394924.855760574,14.8047
1413394924.905760527,18.1573
1413394924.955760479,19.9371
1413394925.005760431,16.7026
1413394925.055760384,20.7307
1413394925.105760574,18.8021
1413394925.155760527,18.1678
1413394925.205760479,20.8703
1413394925.255760431,20.5491
1413394925.305760384,19.4294
1413394925.355760574,20.5085
1413394925.405760527,20.3533
1413394925.455760479,19.2655
1413394925.505760431,19.4067
1413394925.555760384,20.2687
1413394925.605760574,16.6726
1413394925.655760527,19.7522
1413394925.705760479,19.1556
1413394925.755760431,23.1185
1413394925.805760384,20.0558
1413394925.855760574,23.08
1413394925.905760527,19.1155
1413394925.955760479,21.3937
1413394926.005760431,19.7219
1413394926.055760384,23.2073
1413394926.105760574,19.7609
1413394926.155760527,21.1132
1413394926.205760479,18.7967
1413394926.255760431,19.8681
1413394926.305760384,19.049
1413394926.355760574,23.0353
1413394926.405760527,18.4901
1413394926.455760479,19.2008
1413394926.505760431,18.3945
1413394926.555760384,20.6432
1413394926.605760574,18.9315
1413394926.655760527,20.277
1413394926.705760479,18.9545
1413394926.755760431,19.4818
1413394926.805760384,19.7022
1413394926.855760574,22.4694
1413394926.905760527,22.4689
1413394926.955760479,22.4984
1413394927.005760431,23.7123
1413394927.055760384,22.256
1413394927.105760574,20.8551
1413394927.155760527,21.9386
1413394927.205760479,24.0917
1413394927.255760431,22.0377
1413394927.305760384,20.1029
1413394927.355760574,22.667
1413394927.405760527,24.0965
1413394927.455760479,22.4962
1413394927.505760431,22.1294
1413394927.555760384,22.8813
1413394927.605760574,21.3453
1413394927.655760527,24.6624
1413394927.705760479,23.0338
1413394927.755760431,23.0839
1413394927.805760384,21.7736
1413394927.855760574,21.1366
1413394927.905760527,21.1866
1413394927.955760479,20.0121
1413394928.005760431,19.939
1413394928.055760384,21.6152
1413394928.105760574,17.747
1413394928.155760527,20.0529
1413394928.205760479,16.6577
1413394928.255760431,18.1329
1413394928.305760384,17.0062
1413394928.355760574,17.8186
1413394928.405760527,16.524
1413394928.455760479,17.3668
1413394928.505760431,19.0299
1413394928.555760384,17.0878
1413394928.605760574,15.4251
1413394928.655760527,18.0193
1413394928.705760479,16.2406
1413394928.755760431,17.8728
1413394928.805760384,15.7579
1413394928.855760574,17.1551
1413394928.905760527,16.4168
1413394928.955760479,17.1153
1413394929.005760431,17.1141
1413394929.055760384,17.4324
1413394929.105760574,18.2834
1413394929.155760527,16.5418
1413394929.205760479,16.1573
1413394929.255760431,16.219
1413394929.305760384,14.0271
1413394929.355760574,15.4073
1413394929.405760527,13.3025
1413394929.455760479,15.4622
1413394929.505760431,13.1427
1413394929.555760384,13.7922
1413394929.605760574,13.587
1413394929.655760527,15.8217
1413394929.705760479,15.177
1413394929.755760431,17.8011
1413394929.805760384,16.9094
1413394929.855760574,18.0453
1413394929.905760527,18.751
1413394929.955760479,20.5064
1413394930.005760431,17.2187
1413394930.055760384,16.7401
1413394930.105760574,15.992
1413394930.155760527,16.4193
1413394930.205760479,14.3445
1413394930.255760431,15.6015
1413394930.305760384,11.2136
1413394930.355760574,12.1336
1413394930.405760527,8.34717
1413394930.455760479,11.6276
1413394930.505760431,12.3081
1413394930.555760384,12.7428
1413394930.605760574,11.5933
1413394930.655760527,16.6883
1413394930.705760479,14.9153
1413394930.755760431,19.6247
1413394930.805760384,18.9394
1413394930.855760574,17.1506
1413394930.905760527,16.3742
1413394930.955760479,17.7324
1413394931.005760431,16.024
1413394931.055760384,16.2532
1413394931.105760574,14.198
1413394931.155760527,17.6026
1413394931.205760479,14.3148
1413394931.255760431,14.448
1413394931.305760384,12.9903
1413394931.355760574,12.8986
1413394931.405760527,11.853
1413394931.455760479,16.3825
1413394931.505760431,12.7427
1413394931.555760384,17.0939
1413394931.605760574,14.3698
1413394931.655760527,17.0909
1413394931.705760479,14.7068
1413394931.755760431,19.327
1413394931.805760384,18.1321
1413394931.855760574,18.9291
1413394931.905760527,16.2018
1413394931.955760479,13.4759
1413394932.005760431,13.1087
1413394932.055760384,14.2465
1413394932.105760574,11.2626
1413394932.155760527,13.9392
1413394932.205760479,11.8665
1413394932.255760431,12.9352
1413394932.305760384,15.3129
1413394932.355760574,17.7827
1413394932.405760527,18.9694
1413394932.455760479,21.8227
1413394932.505760431,20.5931
1413394932.555760384,21.9334
1413394932.605760574,23.4072
1413394932.655760527,24.8845
1413394932.705760479,22.5081
1413394932.755760431,23.3476
1413394932.805760384,23.3585
1413394932.855760574,22.9922
1413394932.905760527,23.03
1413394932.955760479,24.4906
1413394933.005760431,25.8255
1413394933.055760384,26.7762
1413394933.105760574,24.59
1413394933.155760527,28.1442
1413394933.205760479,25.6562
1413394933.255760431,29.2716
1413394933.305760384,25.309
1413394933.355760574,26.3561
1413394933.405760527,26.8754
1413394933.455760479,24.5602
1413394933.505760431,26.6755
1413394933.555760384,25.037
1413394933.605760574,27.3924
1413394933.655760527,24.8074
1413394933.705760479,26.4501
1413394933.755760431,25.3532
1413394933.805760384,22.9164
1413394933.855760574,24.68
1413394933.905760527,24.0317
1413394933.955760479,24.1034
1413394934.005760431,24.0302
1413394934.055760384,23.4504
1413394934.105760574,24.0803
1413394934.155760527,22.7187
1413394934.205760479,22.3221
1413394934.255760431,24.7221
1413394934.305760384,22.4425
1413394934.355760574,25.1925
1413394934.405760527,22.945
1413394934.455760479,25.1688
1413394934.505760431,23.9611
1413394934.555760384,24.8965
1413394934.605760574,24.9788
1413394934.655760527,22.8603
1413394934.705760479,24.1014
1413394934.755760431,25.7737
1413394934.805760384,21.3464
1413394934.855760574,24.0507
1413394934.905760527,24.2564
1413394934.955760479,22.8865
1413394935.005760431,23.2134
1413394935.055760384,22.26
1413394935.105760574,21.2406
1413394935.155760527,23.2613
1413394935.205760479,21.0313
1413394935.255760431,23.2833
1413394935.305760384,22.408
1413394935.355760574,22.7591
1413394935.405760527,22.1868
1413394935.455760479,22.9384
1413394935.505760431,21.4
1413394935.555760384,24.8019
1413394935.605760574,23.0618
1413394935.655760527,22.4546
1413394935.705760479,20.6931
1413394935.755760431,21.9607
1413394935.805760384,21.0167
1413394935.855760574,22.4305
1413394935.905760527,21.1253
1413394935.955760479,23.2697
1413394936.005760431,21.9356
1413394936.055760384,21.1562
1413394936.105760574,19.3244
1413394936.205760479,19.7486
1413394936.255760431,19.1456
1413394936.305760384,13.8679
1413394936.405760527,18.3916
1413394936.505760431,17.6878
1413394936.605760574,15.7494
1413394936.705760479,14.8623
1413394936.805760384,13.3056
1413394936.905760527,13.179
1413394937.005760431,11.4121
1413394937.105760574,10.205
1413394937.205760479,9.25788
1413394937.255760431,9.44452
1413394937.305760384,9.28134
1413394937.355760574,12.0074
1413394937.455760479,12.295
1413394937.555760384,14.7522
1413394937.655760527,16.2879
1413394937.755760431,15.9714
1413394937.855760574,16.952
1413394937.955760479,15.9835
1413394938.055760384,15.4957
1413394938.155760527,17.1621
1413394938.255760431,15.6182
1413394938.355760574,15.1018
1413394938.455760479,15.1427
1413394938.555760384,14.7132
1413394938.655760527,15.5293
1413394938.755760431,16.9573
1413394938.855760574,16.3131
1413394938.955760479,17.4777
1413394939.055760384,18.9228
1413394939.155760527,16.7703
1413394939.255760431,19.2948
1413394939.355760574,20.0137
1413394939.455760479,16.2944
1413394939.555760384,16.6836
1413394939.655760527,19.4584
1413394939.755760431,18.0832
1413394939.855760574,20.3558
1413394939.955760479,17.8867
1413394940.055760384,20.0774
1413394940.155760527,18.4927
1413394940.255760431,17.8204
1413394940.355760574,20.956
1413394940.455760479,20.0475
1413394940.555760384,19.1329
1413394940.655760527,15.9887
1413394940.755760431,17.9027
1413394940.855760574,18.9491
1413394940.955760479,17.8179
1413394941.005760431,18.8437
1413394941.055760384,22.23
1413394941.105760574,18.7454
1413394941.205760479,19.3174
1413394941.305760384,18.6054
1413394941.405760527,21.1511
1413394941.505760431,15.5786
1413394941.605760574,18.5184
1413394941.705760479,20.1743
1413394941.755760431,18.3074
1413394941.805760384,18.7785
1413394941.855760574,20.531
1413394941.905760527,21.2718
1413394941.955760479,22.6377
1413394942.005760431,24.4962
1413394942.055760384,23.0271
1413394942.105760574,21.5248
1413394942.155760527,22.552
1413394942.205760479,23.4477
1413394942.255760431,25.0846
1413394942.305760384,22.543
1413394942.355760574,23.0266
1413394942.405760527,18.9886
1413394942.455760479,22.2109
1413394942.505760431,22.4447
1413394942.555760384,25.6141
1413394942.605760574,24.5422
1413394942.655760527,26.0895
1413394942.705760479,23.8275
1413394942.755760431,24.3611
1413394942.805760384,24.8388
1413394942.855760574,27.1896
1413394942.905760527,24.8146
1413394942.955760479,28.4935
1413394943.005760431,25.2939
1413394943.055760384,27.9918
1413394943.105760574,25.3826
1413394943.155760527,25.7441
1413394943.205760479,23.9838
1413394943.255760431,25.0017
1413394943.305760384,26.0859
1413394943.355760574,26.4685
1413394943.405760527,25.898
1413394943.455760479,26.4531
1413394943.505760431,24.3058
1413394943.555760384,26.4768
1413394943.605760574,24.4342
1413394943.655760527,27.7525
1413394943.705760479,23.7131
1413394943.755760431,28.5161
1413394943.805760384,29.4453
1413394943.855760574,27.3008
1413394943.905760527,26.5251
1413394943.955760479,28.4627
1413394944.005760431,23.7853
1413394944.055760384,27.0216
1413394944.105760574,24.4919
1413394944.155760527,28.6514
1413394944.205760479,27.9784
1413394944.255760431,25.0378
1413394944.305760384,27.0497
1413394944.355760574,25.6241
1413394944.405760527,24.2516
1413394944.455760479,27.2539
1413394944.505760431,24.7445
1413394944.555760384,26.5004
1413394944.605760574,21.3465
1413394944.655760527,28.0134
1413394944.705760479,24.0447
1413394944.755760431,25.4635
1413394944.805760384,20.8385
1413394944.855760574,25.2931
1413394944.905760527,22.0383
1413394944.955760479,27.409
1413394945.005760431,23.4885
1413394945.055760384,24.1458
1413394945.105760574,23.5401
1413394945.155760527,25.5596
1413394945.205760479,24.2161
1413394945.255760431,22.4502
1413394945.305760384,25.7186
1413394945.355760574,26.3007
1413394945.405760527,21.5578
1413394945.455760479,25.0077
1413394945.505760431,21.0815
1413394945.555760384,24.4771
1413394945.605760574,20.9778
1413394945.655760527,26.5258
1413394945.705760479,22.4968
1413394945.755760431,27.2056
1413394945.805760384,22.0656
1413394945.855760574,26.5307
1413394945.905760527,24.2872
1413394945.955760479,25.1191
1413394946.005760431,21.0213
1413394946.055760384,21.7924
1413394946.155760527,21.3522
1413394946.205760479,23.052
1413394946.255760431,14.3819
1413394946.355760574,20.4304
1413394946.455760479,16.9562
1413394946.555760384,16.1688
1413394946.655760527,14.8592
1413394946.755760431,13.8117
1413394946.855760574,11.8392
1413394946.955760479,13.1306
1413394947.055760384,13.5347
1413394947.155760527,16.068
1413394947.255760431,13.4145
1413394947.355760574,16.7719
1413394947.455760479,14.2377
1413394947.555760384,16.1304
1413394947.655760527,14.8979
1413394947.755760431,16.3816
1413394947.855760574,16.9429
1413394947.955760479,17.8519
1413394948.055760384,15.1511
1413394948.155760527,17.2375
1413394948.255760431,17.8752
1413394948.355760574,14.7586
1413394948.455760479,12.536
1413394948.555760384,13.4737
1413394948.655760527,14.5808
1413394948.755760431,15.9314
1413394948.855760574,17.2985
1413394948.955760479,16.0177
1413394949.055760384,15.3639
1413394949.155760527,17.4732
1413394949.255760431,16.6092
1413394949.355760574,19.8908
1413394949.455760479,17.6963
1413394949.555760384,16.4696
1413394949.655760527,17.2528
1413394949.755760431,14.7815
1413394949.855760574,11.9064
1413394949.955760479,12.5407
1413394950.055760384,12.783
1413394950.155760527,11.4214
1413394950.255760431,12.0343
1413394950.355760574,14.9666
1413394950.455760479,16.3004
1413394950.555760384,16.9573
1413394950.655760527,18.0469
1413394950.755760431,15.2244
1413394950.855760574,11.9789
1413394950.955760479,9.23434
1413394951.055760384,4.53685
1413394951.155760527,8.46795
1413394951.255760431,7.9154
1413394951.355760574,8.35804
1413394951.455760479,9.08025
1413394951.555760384,16.4911
1413394951.655760527,14.2803
1413394951.755760431,15.8872
1413394951.855760574,14.6166
1413394951.955760479,10.8589
1413394952.055760384,8.00473
1413394952.155760527,9.08937
1413394952.255760431,10.6885
1413394952.355760574,10.9043
1413394952.455760479,10.9218
1413394952.555760384,14.2166
1413394952.655760527,15.348
1413394952.755760431,12.7339
1413394952.855760574,9.8299
1413394952.955760479,11.1409
1413394953.055760384,10.8955
1413394953.155760527,10.7082
1413394953.255760431,11.3755
1413394953.355760574,14.0337
1413394953.455760479,10.9863
1413394953.555760384,10.2796
1413394953.655760527,5.62708
1413394953.755760431,11.6275
1413394953.855760574,11.7946
1413394953.955760479,15.7479
1413394954.055760384,12.8736
1413394954.155760527,13.6624
1413394954.255760431,12.1431
1413394954.355760574,14.8097
1413394954.455760479,12.0758
1413394954.555760384,12.0373
1413394954.655760527,6.77427
1413394954.755760431,12.3102
1413394954.855760574,10.5183
1413394954.955760479,13.3973
1413394955.055760384,12.4753
1413394955.155760527,12.5984
1413394955.255760431,13.1959
1413394955.355760574,13.492
1413394955.455760479,13.8041
1413394955.555760384,13.2857
1413394955.655760527,14.6506
1413394955.755760431,13.9592
1413394955.855760574,15.675
1413394955.905760527,16.6537
1413394955.955760479,16.3028
1413394956.005760431,16.0914
1413394956.105760574,13.4194
1413394956.205760479,14.4147
1413394956.305760384,15.8737
1413394956.405760527,16.732
1413394956.505760431,14.1415
1413394956.605760574,14.5436
1413394956.655760527,16.1978
1413394956.705760479,16.0287
1413394956.755760431,17.9228
1413394956.805760384,18.2498
1413394956.855760574,18.5432
1413394956.905760527,21.537
1413394956.955760479,21.8873
1413394957.005760431,20.2741
1413394957.055760384,18.0815
1413394957.105760574,19.7107
1413394957.155760527,18.111
1413394957.205760479,18.1855
1413394957.255760431,18.3754
1413394957.305760384,18.4398
1413394957.355760574,16.5264
1413394957.405760527,17.702
1413394957.455760479,19.949
1413394957.505760431,19.4707
1413394957.555760384,16.0187
1413394957.605760574,18.9211
1413394957.655760527,20.7359
1413394957.705760479,19.841
1413394957.755760431,18.6373
1413394957.805760384,21.7504
1413394957.855760574,22.5592
1413394957.905760527,20.9955
1413394957.955760479,19.687
1413394958.005760431,19.9826
1413394958.055760384,19.5469
1413394958.105760574,18.3963
1413394958.155760527,16.7686
1413394958.205760479,19.6311
1413394958.255760431,16.1678
1413394958.305760384,16.8984
1413394958.355760574,16.0497
1413394958.405760527,18.3005
1413394958.455760479,19.4682
1413394958.505760431,19.1592
1413394958.555760384,17.9239
1413394958.605760574,22.3455
1413394958.655760527,18.9043
1413394958.705760479,21.9406
1413394958.755760431,20.4119
1413394958.805760384,21.1785
1413394958.855760574,21.3595
1413394958.905760527,25.2011
1413394958.955760479,22.2173
1413394959.005760431,23.5375
1413394959.055760384,23.3328
1413394959.105760574,22.9021
1413394959.155760527,23.2222
1413394959.205760479,25.3437
1413394959.255760431,22.5282
1413394959.305760384,24.8111
1413394959.355760574,23.8922
1413394959.405760527,27.4049
1413394959.455760479,21.6425
1413394959.505760431,26.8556
1413394959.555760384,26.3204
1413394959.605760574,27.5226
1413394959.655760527,27.9626
1413394959.705760479,25.9284
1413394959.755760431,22.4448
1413394959.805760384,26.4437
1413394959.855760574,24.2221
1413394959.905760527,27.1751
1413394959.955760479,24.9551
1413394960.005760431,23.5307
1413394960.055760384,23.9987
1413394960.105760574,23.629
1413394960.155760527,19.2873
1413394960.205760479,21.3659
1413394960.255760431,22.7149
1413394960.305760384,21.0081
1413394960.355760574,17.458
1413394960.405760527,21.3974
1413394960.455760479,21.142
1413394960.505760431,25.4507
1413394960.555760384,24.5913
1413394960.605760574,25.4466
1413394960.655760527,26.0119
1413394960.705760479,24.293
1413394960.755760431,23.5529
1413394960.805760384,27.6531
1413394960.855760574,23.7457
1413394960.905760527,23.8708
1413394960.955760479,23.6804
1413394961.005760431,22.6627
1413394961.055760384,22.4981
1413394961.105760574,21.2363
1413394961.155760527,22.2558
1413394961.205760479,22.6541
1413394961.255760431,20.2703
1413394961.305760384,23.967
1413394961.355760574,23.712
1413394961.405760527,23.8313
1413394961.455760479,22.0966
1413394961.505760431,24.6762
1413394961.555760384,24.2671
1413394961.605760574,26.492
1413394961.655760527,21.4193
1413394961.705760479,19.2985
1413394961.755760431,17.7834
1413394961.805760384,18.194
1413394961.855760574,15.4293
1413394961.905760527,20.6861
1413394961.955760479,17.732
1413394962.005760431,17.4338
1413394962.055760384,14.4656
1413394962.105760574,17.9461
1413394962.155760527,17.6478
1413394962.205760479,18.7464
1413394962.255760431,19.7456
1413394962.305760384,19.6241
1413394962.355760574,17.7685
1413394962.405760527,18.1555
1413394962.455760479,16.2295
1413394962.505760431,15.7016
1413394962.555760384,13.1444
1413394962.605760574,16.1401
1413394962.655760527,14.6301
1413394962.705760479,14.6838
1413394962.755760431,14.5041
1413394962.805760384,17.2012
1413394962.855760574,19.3266
1413394962.905760527,20.7736
1413394962.955760479,21.5534
1413394963.005760431,22.1981
1413394963.055760384,21.0655
1413394963.105760574,20.336
1413394963.155760527,20.8125
1413394963.205760479,22.0861
1413394963.255760431,20.7573
1413394963.305760384,20.9377
1413394963.355760574,20.1006
1413394963.405760527,22.0542
1413394963.455760479,24.2171
1413394963.505760431,24.1729
1413394963.555760384,23.454
1413394963.605760574,26.426
1413394963.655760527,27.8725
1413394963.705760479,26.2209
1413394963.755760431,27.0584
1413394963.805760384,27.2026
1413394963.855760574,25.2613
1413394963.905760527,25.8343
1413394963.955760479,26.1745
1413394964.005760431,26.8103
1413394964.055760384,27.0458
1413394964.105760574,25.7501
1413394964.155760527,25.8752
1413394964.205760479,26.5135
1413394964.255760431,21.8635
1413394964.305760384,28.0285
1413394964.355760574,23.9044
1413394964.405760527,26.4449
1413394964.455760479,25.9292
1413394964.505760431,27.2006
1413394964.555760384,26.1787
1413394964.605760574,27.6472
1413394964.655760527,27.4448
1413394964.705760479,26.4792
1413394964.755760431,25.436
1413394964.805760384,25.8721
1413394964.855760574,24.6572
1413394964.905760527,26.3056
1413394964.955760479,27.2374
1413394965.005760431,27.8134
1413394965.055760384,20.7265
1413394965.105760574,25.316
1413394965.155760527,25.2447
1413394965.205760479,26.6724
1413394965.255760431,23.1269
1413394965.305760384,29.0871
1413394965.355760574,26.2133
1413394965.405760527,30.0128
1413394965.455760479,26.152
1413394965.505760431,26.7125
1413394965.555760384,26.3258
1413394965.605760574,26.5866
1413394965.655760527,23.3877
1413394965.705760479,27.6065
1413394965.755760431,20.7314
1413394965.805760384,26.7851
1413394965.855760574,21.8702
1413394965.905760527,27.9651
1413394965.955760479,24.3285
1413394966.005760431,26.8387
1413394966.055760384,23.3209
1413394966.105760574,27.5907
1413394966.155760527,22.0189
1413394966.205760479,27.9004
1413394966.255760431,22.755
1413394966.305760384,27.373
1413394966.355760574,21.8894
1413394966.405760527,26.1238
1413394966.455760479,20.7104
1413394966.505760431,23.1637
1413394966.555760384,19.7196
1413394966.605760574,23.8851
1413394966.655760527,20.3574
1413394966.705760479,25.2831
1413394966.755760431,20.2813
1413394966.805760384,23.0997
1413394966.855760574,21.3452
1413394966.905760527,27.9805
1413394966.955760479,21.5869
1413394967.005760431,26.6878
1413394967.055760384,21.7344
1413394967.105760574,24.2466
1413394967.155760527,20.6516
1413394967.205760479,25.2575
1413394967.255760431,19.2625
1413394967.305760384,23.1046
1413394967.355760574,17.6511
1413394967.405760527,27.2704
1413394967.455760479,21.2564
1413394967.505760431,23.4956
1413394967.555760384,20.8104
1413394967.605760574,26.0534
1413394967.655760527,20.1054
1413394967.705760479,23.0149
1413394967.755760431,18.9245
1413394967.805760384,21.8689
1413394967.855760574,19.7277
1413394967.905760527,23.6098
1413394967.955760479,19.4006
1413394968.005760431,24.203
1413394968.055760384,17.9451
1413394968.105760574,22.0714
1413394968.155760527,17.6453
1413394968.205760479,23.6239
1413394968.255760431,18.0415
1413394968.305760384,21.0123
1413394968.355760574,18.7287
1413394968.405760527,25.0774
1413394968.455760479,22.4977
1413394968.505760431,22.0441
1413394968.555760384,18.0447
1413394968.605760574,21.3617
1413394968.655760527,17.3598
1413394968.705760479,22.1977
1413394968.755760431,19.0538
1413394968.805760384,22.0197
1413394968.855760574,19.1773
1413394968.905760527,20.0641
1413394968.955760479,16.6543
1413394969.005760431,20.3717
1413394969.055760384,15.6107
1413394969.155760527,18.4568
1413394969.255760431,17.1026
1413394969.355760574,19.7928
1413394969.455760479,18.8025
1413394969.555760384,17.0995
1413394969.655760527,19.5983
1413394969.755760431,18.1824
1413394969.855760574,16.9043
1413394969.955760479,17.6311
1413394970.055760384,15.0086
1413394970.155760527,19.1249
1413394970.255760431,16.4358
1413394970.355760574,14.1607
1413394970.455760479,14.1074
1413394970.555760384,17.2957
1413394970.655760527,13.5986
1413394970.755760431,16.8833
1413394970.855760574,15.9792
1413394970.955760479,16.9234
1413394971.055760384,15.5169
1413394971.155760527,17.834
1413394971.255760431,13.5431
1413394971.355760574,18.6213
1413394971.455760479,17.8261
1413394971.555760384,21.0554
1413394971.655760527,16.8431
1413394971.755760431,15.7687
1413394971.855760574,11.2097
1413394971.955760479,15.3105
1413394972.055760384,14.2585
1413394972.155760527,14.4163
1413394972.255760431,10.7629
1413394972.355760574,14.5482
1413394972.455760479,13.7311
1413394972.555760384,14.7538
1413394972.655760527,15.1115
1413394972.755760431,15.3526
1413394972.855760574,13.7739
1413394972.955760479,19.8764
1413394973.005760431,18.8791
1413394973.055760384,17.5151
1413394973.105760574,19.7652
1413394973.155760527,21.9247
1413394973.205760479,19.7301
1413394973.255760431,23.1457
1413394973.305760384,21.325
1413394973.355760574,24.3881
1413394973.405760527,24.1993
1413394973.455760479,26.9255
1413394973.505760431,24.0269
1413394973.555760384,26.3371
1413394973.605760574,24.8306
1413394973.655760527,26.3076
1413394973.705760479,23.1472
1413394973.755760431,26.2478
1413394973.805760384,24.914
1413394973.855760574,27.834
1413394973.905760527,27.9466
1413394973.955760479,28.9318
1413394974.005760431,26.4422
1413394974.055760384,27.6559
1413394974.105760574,27.9127
1413394974.155760527,28.6473
1413394974.205760479,25.4139
1413394974.255760431,26.6989
1413394974.305760384,28.0904
1413394974.355760574,28.7795
1413394974.405760527,27.8296
1413394974.455760479,26.1371
1413394974.505760431,27.8618
1413394974.555760384,28.6743
1413394974.605760574,23.5981
1413394974.655760527,27.0798
1413394974.705760479,24.8322
1413394974.755760431,28.3988
1413394974.805760384,25.7492
1413394974.855760574,25.7207
1413394974.905760527,24.9174
1413394974.955760479,26.4591
1413394975.005760431,26.7259
1413394975.055760384,23.523
1413394975.105760574,23.6685
1413394975.155760527,25.8172
1413394975.205760479,23.0364
1413394975.255760431,23.3824
1413394975.305760384,22.2807
1413394975.355760574,24.0106
1413394975.405760527,24.6354
1413394975.455760479,23.3382
1413394975.505760431,23.4901
1413394975.555760384,23.0509
1413394975.605760574,20.0444
1413394975.655760527,24.3999
1413394975.755760431,23.7763
1413394975.805760384,21.9529
1413394975.855760574,18.8262
1413394975.955760479,20.7937
1413394976.055760384,18.9888
1413394976.155760527,20.891
1413394976.255760431,23.6627
1413394976.355760574,20.0912
1413394976.455760479,20.2321
1413394976.505760431,22.2849
1413394976.605760574,21.6838
1413394976.705760479,20.8926
1413394976.755760431,17.9731
1413394976.805760384,22.8584
1413394976.855760574,20.2909
1413394976.905760527,19.7706
1413394976.955760479,16.9118
1413394977.005760431,20.8012
1413394977.105760574,19.404
1413394977.155760527,20.3712
1413394977.205760479,21.7208
1413394977.305760384,20.811
1413394977.405760527,19.72
1413394977.505760431,20.0796
1413394977.605760574,18.7654
1413394977.705760479,19.5244
1413394977.805760384,17.4356
1413394977.905760527,18.9664
1413394978.005760431,15.4801
1413394978.105760574,20.9473
1413394978.155760527,19.6391
1413394978.205760479,18.3983
1413394978.255760431,18.5302
1413394978.305760384,18.9219
1413394978.355760574,21.4664
1413394978.405760527,22.7103
1413394978.455760479,21.123
1413394978.505760431,21.8055
1413394978.555760384,23.4991
1413394978.605760574,24.0291
1413394978.655760527,20.8727
1413394978.705760479,20.1723
1413394978.755760431,21.5845
1413394978.805760384,23.3447
1413394978.855760574,20.647
1413394978.905760527,21.2948
1413394978.955760479,19.7203
1413394979.005760431,18.6482
1413394979.055760384,18.2261
1413394979.105760574,21.9729
1413394979.155760527,17.8188
1413394979.205760479,18.6543
1413394979.255760431,15.4816
1413394979.305760384,15.9822
1413394979.355760574,15.303
1413394979.405760527,13.4071
1413394979.455760479,13.8111
1413394979.505760431,11.7033
1413394979.555760384,11.2366
1413394979.605760574,13.7989
1413394979.655760527,15.6678
1413394979.705760479,15.1159
1413394979.755760431,9.77094
1413394979.805760384,8.05131
1413394979.855760574,6.98061
1413394979.905760527,14.4883
1413394979.955760479,14.5816
1413394980.005760431,17.9066
1413394980.055760384,19.6497
1413394980.105760574,19.8568
1413394980.155760527,21.4635
1413394980.205760479,20.1953
1413394980.255760431,22.9511
1413394980.305760384,22.4469
1413394980.355760574,22.9133
1413394980.405760527,23.8218
1413394980.455760479,18.2943
1413394980.505760431,20.3853
1413394980.555760384,19.4004
1413394980.605760574,21.2327
1413394980.655760527,20.4625
1413394980.705760479,18.6199
1413394980.755760431,20.5341
1413394980.805760384,21.1644
1413394980.855760574,20.826
1413394980.905760527,23.5579
1413394980.955760479,23.1163
1413394981.005760431,22.9941
1413394981.055760384,21.6084
1413394981.105760574,25.3082
1413394981.155760527,21.4336
1413394981.205760479,22.8968
1413394981.255760431,20.7954
1413394981.305760384,22.1442
1413394981.355760574,22.1554
1413394981.405760527,22.8534
1413394981.455760479,19.4597
1413394981.505760431,23.2089
1413394981.555760384,21.8568
1413394981.605760574,22.7391
1413394981.655760527,21.511
1413394981.705760479,21.528
1413394981.755760431,20.6892
1413394981.805760384,23.2906
1413394981.855760574,23.4231
1413394981.905760527,25.3064
1413394981.955760479,18.7531
1413394982.005760431,23.7508
1413394982.055760384,22.0638
1413394982.105760574,23.1139
1413394982.155760527,19.2017
1413394982.205760479,23.6503
1413394982.255760431,22.1221
1413394982.305760384,22.1511
1413394982.355760574,19.1866
1413394982.405760527,20.2172
1413394982.455760479,18.7782
1413394982.505760431,20.9153
1413394982.555760384,19.0823
1413394982.605760574,19.9327
1413394982.655760527,16.7725
1413394982.705760479,21.3828
1413394982.755760431,18.4247
1413394982.805760384,19.4205
1413394982.855760574,17.4809
1413394982.905760527,18.9466
1413394983.005760431,18.2359
1413394983.105760574,16.6856
1413394983.205760479,15.5479
1413394983.305760384,18.6793
1413394983.405760527,17.1269
1413394983.505760431,17.7283
1413394983.605760574,15.9028
1413394983.705760479,18.8432
1413394983.805760384,16.6715
1413394983.905760527,17.3782
1413394984.005760431,19.2114
1413394984.105760574,18.0594
1413394984.205760479,18.4241
1413394984.305760384,19.0152
1413394984.405760527,19.0029
1413394984.505760431,19.1681
1413394984.605760574,20.198
1413394984.705760479,19.0073
1413394984.805760384,16.895
1413394984.905760527,19.4009
1413394985.005760431,16.4251
1413394985.105760574,18.4604
1413394985.205760479,18.2666
1413394985.305760384,17.433
1413394985.405760527,17.4091
1413394985.505760431,18.15
1413394985.605760574,17.4151
1413394985.705760479,20.333
1413394985.805760384,17.3106
1413394985.905760527,18.4044
1413394986.005760431,19.425
1413394986.105760574,16.437
1413394986.205760479,14.9871
1413394986.305760384,17.3889
1413394986.405760527,14.2083
1413394986.505760431,15.2251
1413394986.605760574,12.648
1413394986.705760479,13.6559
1413394986.805760384,12.6136
1413394986.905760527,12.3022
1413394987.005760431,10.7407
1413394987.105760574,12.0784
1413394987.205760479,9.16859
1413394987.305760384,9.27538
1413394987.405760527,5.39297
1413394987.505760431,7.07419
1413394987.605760574,4.09555
1413394987.705760479,6.0544
1413394987.805760384,3.46851
1413394987.905760527,4.16927
1413394988.005760431,3.39971
1413394988.105760574,4.18627
1413394988.205760479,3.5467
1413394988.305760384,3.865
1413394988.405760527,3.02723
1413394988.505760431,4.77621
1413394988.605760574,3.75324
1413394988.705760479,5.0415
1413394988.805760384,3.84963
1413394988.905760527,5.64379
1413394989.005760431,5.70525
1413394989.105760574,6.29682
1413394989.205760479,10.4298
1413394989.305760384,9.39842
1413394989.405760527,10.9333
1413394989.505760431,12.4368
1413394989.605760574,13.9411
1413394989.705760479,17.5487
1413394989.805760384,14.6789
1413394989.905760527,13.6521
1413394990.005760431,15.1249
1413394990.105760574,12.9493
1413394990.155760527,11.7207
1413394990.205760479,14.5502
1413394990.255760431,13.2944
1413394990.355760574,15.8677
1413394990.405760527,11.7598
1413394990.455760479,17.7093
1413394990.505760431,16.1466
1413394990.555760384,17.6694
1413394990.605760574,18.1934
1413394990.655760527,21.703
1413394990.705760479,21.951
1413394990.755760431,22.7469
1413394990.805760384,17.7693
1413394990.855760574,16.4835
1413394990.905760527,18.3942
1413394990.955760479,19.3276
1413394991.005760431,19.2538
1413394991.055760384,21.8235
1413394991.105760574,19.6168
1413394991.155760527,14.8548
1413394991.205760479,17.9516
1413394991.255760431,20.0464
1413394991.305760384,18.8488
1413394991.355760574,18.7897
1413394991.405760527,16.4215
1413394991.455760479,19.5033
1413394991.505760431,17.2046
1413394991.555760384,19.0303
1413394991.605760574,17.4877
1413394991.655760527,19.7911
1413394991.705760479,19.6541
1413394991.755760431,21.9182
1413394991.805760384,19.4627
1413394991.855760574,20.5101
1413394991.905760527,21.8041
1413394991.955760479,19.0495
1413394992.005760431,20.0518
1413394992.055760384,21.1771
1413394992.105760574,19.7728
1413394992.155760527,20.0897
1413394992.205760479,19.8722
1413394992.255760431,16.832
1413394992.305760384,20.6595
1413394992.355760574,20.368
1413394992.405760527,19.6197
1413394992.455760479,20.6999
1413394992.505760431,20.3985
1413394992.555760384,22.1317
1413394992.605760574,20.9844
1413394992.655760527,20.3224
1413394992.705760479,19.9209
1413394992.755760431,23.2203
1413394992.805760384,21.1943
1413394992.855760574,22.1012
1413394992.905760527,22.4625
1413394992.955760479,24.7594
1413394993.005760431,20.4315
1413394993.055760384,22.6428
1413394993.105760574,20.2421
1413394993.155760527,21.5691
1413394993.205760479,19.78
1413394993.255760431,19.4999
1413394993.305760384,20.0986
1413394993.355760574,22.4237
1413394993.405760527,17.6964
1413394993.455760479,23.41
1413394993.505760431,21.6923
1413394993.555760384,20.0446
1413394993.605760574,19.2876
1413394993.655760527,19.4121
1413394993.705760479,20.2719
1413394993.755760431,18.7942
1413394993.805760384,18.6356
1413394993.855760574,18.6263
1413394993.905760527,16.5487
1413394993.955760479,21.1717
1413394994.005760431,17.3309
1413394994.055760384,19.2975
1413394994.105760574,16.37
1413394994.155760527,17.055
1413394994.205760479,17.8809
1413394994.305760384,18.9622
1413394994.405760527,14.5665
1413394994.505760431,16.9383
1413394994.605760574,12.6781
1413394994.705760479,17.8601
1413394994.805760384,15.6511
1413394994.905760527,17.3001
1413394995.005760431,16.7221
1413394995.105760574,19.5753
1413394995.205760479,16.0133
1413394995.305760384,17.8937
1413394995.405760527,9.93762
1413394995.505760431,12.9765
1413394995.605760574,10.5945
1413394995.705760479,14.2326
1413394995.805760384,9.70144
1413394995.905760527,11.8668
1413394996.005760431,8.86543
1413394996.105760574,12.3398
1413394996.205760479,9.98752
1413394996.305760384,11.1176
1413394996.405760527,8.62892
1413394996.505760431,9.62967
1413394996.605760574,8.5301
1413394996.705760479,10.9835
1413394996.805760384,8.36094
1413394996.905760527,11.4032
1413394997.005760431,8.28319
1413394997.105760574,10.1811
1413394997.205760479,9.75214
1413394997.305760384,12.2458
1413394997.405760527,7.83
1413394997.505760431,11.8521
1413394997.605760574,9.96359
1413394997.705760479,10.5592
1413394997.805760384,8.47382
1413394997.905760527,13.0158
1413394998.005760431,10.6928
1413394998.105760574,10.0164
1413394998.205760479,8.21561
1413394998.305760384,11.236
