1413393886.005760431,8.06558
1413393886.055760384,6.64706
1413393886.105760574,20.1765
1413393886.155760527,19.1646
1413393886.205760479,18.5933
1413393886.255760431,17.3498
1413393886.305760384,20.1073
1413393886.355760574,17.4117
1413393886.405760527,17.0553
1413393886.455760479,18.5916
1413393886.505760431,18.2902
1413393886.555760384,15.7723
1413393886.605760574,17.7737
1413393886.655760527,17.3819
1413393886.705760479,19.1104
1413393886.755760431,19.907
1413393886.805760384,19.0556
1413393886.855760574,17.8357
1413393886.905760527,18.8641
1413393886.955760479,18.0483
1413393887.005760431,20.5794
1413393887.055760384,19.6984
1413393887.105760574,17.9843
1413393887.155760527,16.6829
1413393887.205760479,17.961
1413393887.255760431,15.2097
1413393887.305760384,17.5142
1413393887.355760574,16.4592
1413393887.405760527,17.2988
1413393887.455760479,15.6712
1413393887.505760431,16.5989
1413393887.555760384,16.4847
1413393887.605760574,18.3272
1413393887.655760527,17.213
1413393887.705760479,13.6903
1413393887.755760431,19.1465
1413393887.805760384,18.6331
1413393887.855760574,17.7785
1413393887.905760527,15.4663
1413393887.955760479,16.491
1413393888.005760431,16.0101
1413393888.055760384,16.741
1413393888.105760574,16.9764
1413393888.155760527,16.9557
1413393888.205760479,15.8211
1413393888.255760431,18.2354
1413393888.305760384,18.7144
1413393888.355760574,16.3125
1413393888.405760527,17.2851
1413393888.455760479,15.9494
1413393888.505760431,18.9636
1413393888.555760384,19.4947
1413393888.605760574,16.8951
1413393888.655760527,16.5457
1413393888.705760479,17.2588
1413393888.755760431,18.4364
1413393888.805760384,17.9345
1413393888.855760574,17.4085
1413393888.905760527,17.3032
1413393888.955760479,17.9786
1413393889.005760431,18.1676
1413393889.055760384,16.5416
1413393889.105760574,19.4729
1413393889.155760527,15.3731
1413393889.205760479,15.5486
1413393889.255760431,17.9644
1413393889.305760384,16.6745
1413393889.355760574,17.4991
1413393889.405760527,17.4289
1413393889.455760479,16.5801
1413393889.505760431,18.3853
1413393889.555760384,19.2027
1413393889.605760574,16.8457
1413393889.655760527,18.3165
1413393889.705760479,18.6154
1413393889.755760431,19.2099
1413393889.805760384,20.2124
1413393889.855760574,21.4261
1413393889.905760527,21.7516
1413393889.955760479,24.4047
1413393890.005760431,23.0387
1413393890.055760384,24.0472
1413393890.105760574,27.0905
1413393890.155760527,25.7573
1413393890.205760479,27.9004
1413393890.255760431,25.4419
1413393890.305760384,26.7358
1413393890.355760574,25.6742
1413393890.405760527,24.4595
1413393890.455760479,25.7224
1413393890.505760431,25.9096
1413393890.555760384,25.6646
1413393890.605760574,27.81
1413393890.655760527,24.5473
1413393890.705760479,25.5201
1413393890.755760431,26.3433
1413393890.805760384,27.6112
1413393890.855760574,27.808
1413393890.905760527,26.6796
1413393890.955760479,25.7415
1413393891.005760431,25.1625
1413393891.055760384,28.5767
1413393891.105760574,24.7102
1413393891.155760527,27.8063
1413393891.205760479,28.8373
1413393891.255760431,27.4405
1413393891.305760384,26.43
1413393891.355760574,25.8518
1413393891.405760527,27.5573
1413393891.455760479,25.2066
1413393891.505760431,23.8829
1413393891.555760384,24.8414
1413393891.605760574,25.024
1413393891.655760527,26.6867
1413393891.705760479,27.6003
1413393891.755760431,25.6747
1413393891.805760384,25.5705
1413393891.855760574,26.7636
1413393891.905760527,27.8443
1413393891.955760479,25.3371
1413393892.005760431,27.0595
1413393892.055760384,25.6542
1413393892.105760574,23.0873
1413393892.155760527,26.3689
1413393892.205760479,25.8694
1413393892.255760431,25.1219
1413393892.305760384,24.4705
1413393892.355760574,24.3763
1413393892.405760527,23.6382
1413393892.455760479,25.3647
1413393892.505760431,24.9635
1413393892.555760384,25.5494
1413393892.605760574,25.6731
1413393892.655760527,27.2058
1413393892.705760479,25.7442
1413393892.755760431,24.237
1413393892.805760384,25.9043
1413393892.855760574,26.8382
1413393892.905760527,22.9432
1413393892.955760479,26.5824
1413393893.005760431,24.1873
1413393893.055760384,22.6624
1413393893.105760574,24.2229
1413393893.155760527,26.022
1413393893.205760479,22.2914
1413393893.255760431,25.5422
1413393893.305760384,25.8511
1413393893.355760574,24.6071
1413393893.405760527,23.0886
1413393893.455760479,26.373
1413393893.505760431,24.8112
1413393893.555760384,24.3941
1413393893.605760574,24.6804
1413393893.655760527,24.5152
1413393893.705760479,25.7974
1413393893.755760431,24.1907
1413393893.805760384,22.7718
1413393893.855760574,24.8606
1413393893.905760527,24.0236
1413393893.955760479,24.6253
1413393894.005760431,25.6531
1413393894.055760384,24.1207
1413393894.105760574,28.5895
1413393894.155760527,26.0007
1413393894.205760479,26.7058
1413393894.255760431,23.9062
1413393894.305760384,25.6408
1413393894.355760574,25.3542
1413393894.405760527,26.2333
1413393894.455760479,28.8089
1413393894.505760431,26.5865
1413393894.555760384,28.9472
1413393894.605760574,26.369
1413393894.655760527,27.1951
1413393894.705760479,26.5855
1413393894.755760431,27.5069
1413393894.805760384,25.0835
1413393894.855760574,24.6288
1413393894.905760527,26.592
1413393894.955760479,26.2655
1413393895.005760431,27.0234
1413393895.055760384,26.912
1413393895.105760574,23.0995
1413393895.155760527,25.1263
1413393895.205760479,24.2594
1413393895.255760431,25.1852
1413393895.305760384,25.8985
1413393895.355760574,24.5715
1413393895.405760527,25.9296
1413393895.455760479,23.7054
1413393895.505760431,23.8149
1413393895.555760384,22.3322
1413393895.605760574,23.9687
1413393895.655760527,23.4512
1413393895.705760479,25.6126
1413393895.755760431,21.6583
1413393895.805760384,25.1082
1413393895.855760574,25.8138
1413393895.905760527,24.3684
1413393895.955760479,23.9149
1413393896.005760431,24.9691
1413393896.055760384,24.006
1413393896.105760574,21.6234
1413393896.155760527,24.1524
1413393896.205760479,23.1369
1413393896.255760431,23.3651
1413393896.305760384,26.9854
1413393896.355760574,23.1143
1413393896.405760527,24.6157
1413393896.455760479,25.8759
1413393896.505760431,27.7938
1413393896.555760384,25.6844
1413393896.605760574,25.068
1413393896.655760527,25.7019
1413393896.705760479,25.2431
1413393896.755760431,25.8188
1413393896.805760384,25.1612
1413393896.855760574,26.0249
1413393896.905760527,26.6858
1413393896.955760479,24.9428
1413393897.005760431,25.1281
1413393897.055760384,26.0919
1413393897.105760574,25.2607
1413393897.155760527,25.7344
1413393897.205760479,23.4366
1413393897.255760431,23.4815
1413393897.305760384,22.7773
1413393897.355760574,25.9471
1413393897.405760527,26.0317
1413393897.455760479,22.1008
1413393897.505760431,24.5274
1413393897.555760384,24.3594
1413393897.605760574,25.2549
1413393897.655760527,25.5395
1413393897.705760479,26.4137
1413393897.755760431,24.3634
1413393897.805760384,23.7891
1413393897.855760574,23.7182
1413393897.905760527,26.7915
1413393897.955760479,25.1654
1413393898.005760431,26.781
1413393898.055760384,23.8607
1413393898.105760574,25.1449
1413393898.155760527,23.5682
1413393898.205760479,23.7126
1413393898.255760431,20.9246
1413393898.305760384,22.9849
1413393898.355760574,22.3307
1413393898.405760527,24.7578
1413393898.455760479,25.0011
1413393898.505760431,26.1986
1413393898.555760384,24.2229
1413393898.605760574,23.4783
1413393898.655760527,23.275
1413393898.705760479,24.3128
1413393898.755760431,26.6898
1413393898.805760384,26.583
1413393898.855760574,27.417
1413393898.905760527,27.4886
1413393898.955760479,25.2105
1413393899.005760431,24.7052
1413393899.055760384,25.0659
1413393899.105760574,26.4759
1413393899.155760527,25.6596
1413393899.205760479,22.413
1413393899.255760431,20.42
1413393899.305760384,20.8758
1413393899.355760574,21.7592
1413393899.405760527,20.9841
1413393899.455760479,21.8386
1413393899.505760431,20.0215
1413393899.555760384,19.694
1413393899.605760574,19.5216
1413393899.655760527,20.4363
1413393899.705760479,22.9262
1413393899.755760431,21.1694
1413393899.805760384,19.552
1413393899.855760574,21.4911
1413393899.905760527,24.4417
1413393899.955760479,22.3827
1413393900.005760431,22.4774
1413393900.055760384,23.2372
1413393900.105760574,27.7351
1413393900.155760527,28.4042
1413393900.205760479,26.5346
1413393900.255760431,26.1147
1413393900.305760384,28.1426
1413393900.355760574,27.0066
1413393900.405760527,24.9405
1413393900.455760479,22.3842
1413393900.505760431,23.2488
1413393900.555760384,24.3075
1413393900.605760574,21.9317
1413393900.655760527,20.1673
1413393900.705760479,21.002
1413393900.755760431,25.1149
1413393900.805760384,24.6111
1413393900.855760574,24.6867
1413393900.905760527,25.2583
1413393900.955760479,25.8881
1413393901.005760431,22.7879
1413393901.055760384,22.1386
1413393901.105760574,23.06
1413393901.155760527,23.6816
1413393901.205760479,22.4945
1413393901.255760431,23.2196
1413393901.305760384,26.1525
1413393901.355760574,26.3999
1413393901.405760527,28.1088
1413393901.455760479,26.2944
1413393901.505760431,26.7505
1413393901.555760384,25.4641
1413393901.605760574,24.9643
1413393901.655760527,25.6261
1413393901.705760479,24.1118
1413393901.755760431,23.8445
1413393901.805760384,19.9897
1413393901.855760574,22.3028
1413393901.905760527,27.3766
1413393901.955760479,26.2398
1413393902.005760431,27.0383
1413393902.055760384,26.6605
1413393902.105760574,27.2167
1413393902.155760527,27.5098
1413393902.205760479,26.89
1413393902.255760431,26.9147
1413393902.305760384,26.5826
1413393902.355760574,27.2866
1413393902.405760527,25.6964
1413393902.455760479,28.6542
1413393902.505760431,26.8785
1413393902.555760384,27.8348
1413393902.605760574,25.393
1413393902.655760527,27.4131
1413393902.705760479,26.0839
1413393902.755760431,25.0875
1413393902.805760384,25.3817
1413393902.855760574,24.8221
1413393902.905760527,26.0455
1413393902.955760479,28.0957
1413393903.005760431,25.9858
1413393903.055760384,27.529
1413393903.105760574,28.6558
1413393903.155760527,28.28
1413393903.205760479,28.3569
1413393903.255760431,28.1917
1413393903.305760384,27.0329
1413393903.355760574,27.6288
1413393903.405760527,29.5557
1413393903.455760479,26.8422
1413393903.505760431,27.0287
1413393903.555760384,27.7517
1413393903.605760574,30.264
1413393903.655760527,28.0132
1413393903.705760479,24.8294
1413393903.755760431,26.7182
1413393903.805760384,24.872
1413393903.855760574,25.3751
1413393903.905760527,24.8321
1413393903.955760479,23.226
1413393904.005760431,25.4549
1413393904.055760384,24.5782
1413393904.105760574,25.5656
1413393904.155760527,28.9975
1413393904.205760479,25.2114
1413393904.255760431,24.7325
1413393904.305760384,26.1856
1413393904.355760574,26.7946
1413393904.405760527,27.9305
1413393904.455760479,25.0575
1413393904.505760431,27.5164
1413393904.555760384,25.3242
1413393904.605760574,24.3009
1413393904.655760527,26.1129
1413393904.705760479,25.2994
1413393904.755760431,25.9679
1413393904.805760384,26.2256
1413393904.855760574,27.1396
1413393904.905760527,29.0635
1413393904.955760479,25.2633
1413393905.005760431,26.4097
1413393905.055760384,27.4032
1413393905.105760574,25.5893
1413393905.155760527,26.0133
1413393905.205760479,28.2882
1413393905.255760431,26.1586
1413393905.305760384,28.7275
1413393905.355760574,26.7311
1413393905.405760527,27.3278
1413393905.455760479,29.2646
1413393905.505760431,29.1946
1413393905.555760384,27.4828
1413393905.605760574,29.558
1413393905.655760527,27.0246
1413393905.705760479,28.1932
1413393905.755760431,28.8749
1413393905.805760384,26.3935
1413393905.855760574,27.1977
1413393905.905760527,27.8498
1413393905.955760479,27.6277
1413393906.005760431,27.2152
1413393906.055760384,29.5383
1413393906.105760574,29.5868
1413393906.155760527,27.1146
1413393906.205760479,27.8565
1413393906.255760431,26.4151
1413393906.305760384,26.4397
1413393906.355760574,26.807
1413393906.405760527,24.1785
1413393906.455760479,25.3178
1413393906.505760431,28.0871
1413393906.555760384,23.8768
1413393906.605760574,24.4
1413393906.655760527,25.7911
1413393906.705760479,24.6057
1413393906.755760431,23.4831
1413393906.805760384,26.8985
1413393906.855760574,23.5822
1413393906.905760527,26.4072
1413393906.955760479,25.4049
1413393907.005760431,24.7771
1413393907.055760384,25.239
1413393907.105760574,23.7929
1413393907.155760527,25.106
1413393907.205760479,25.1304
1413393907.255760431,24.5627
1413393907.305760384,25.4327
1413393907.355760574,25.0873
1413393907.405760527,23.9803
1413393907.455760479,23.6136
1413393907.505760431,25.2881
1413393907.555760384,25.1745
1413393907.605760574,26.9054
1413393907.655760527,24.078
1413393907.705760479,27.2409
1413393907.755760431,25.2183
1413393907.805760384,26.6214
1413393907.855760574,24.1831
1413393907.905760527,26.1996
1413393907.955760479,27.3759
1413393908.005760431,27.7275
1413393908.055760384,25.9344
1413393908.105760574,27.2115
1413393908.155760527,27.0185
1413393908.205760479,27.7411
1413393908.255760431,27.9871
1413393908.305760384,27.162
1413393908.355760574,25.5381
1413393908.405760527,26.0169
1413393908.455760479,25.9276
1413393908.505760431,27.3154
1413393908.555760384,25.5922
1413393908.605760574,27.314
1413393908.655760527,27.872
1413393908.705760479,28.5127
1413393908.755760431,27.7757
1413393908.805760384,29.1926
1413393908.855760574,25.466
1413393908.905760527,25.1106
1413393908.955760479,26.8755
1413393909.005760431,25.984
1413393909.055760384,28.8147
1413393909.105760574,28.0114
1413393909.155760527,26.572
1413393909.205760479,27.0372
1413393909.255760431,27.9009
1413393909.305760384,28.1066
1413393909.355760574,29.0585
1413393909.405760527,23.2716
1413393909.455760479,26.493
1413393909.505760431,23.669
1413393909.555760384,25.5037
1413393909.605760574,23.3819
1413393909.655760527,24.2559
1413393909.705760479,25.0375
1413393909.755760431,23.23
1413393909.805760384,25.4482
1413393909.855760574,23.5082
1413393909.905760527,21.9198
1413393909.955760479,25.3816
1413393910.005760431,22.8575
1413393910.055760384,23.3652
1413393910.105760574,20.9336
1413393910.155760527,22.1848
1413393910.205760479,23.7019
1413393910.255760431,22.844
1413393910.305760384,23.9334
1413393910.355760574,25.2716
1413393910.405760527,24.6747
1413393910.455760479,22.6961
1413393910.505760431,24.5351
1413393910.555760384,22.8436
1413393910.605760574,22.6278
1413393910.655760527,22.7708
1413393910.705760479,22.1949
1413393910.755760431,22.533
1413393910.805760384,24.7168
1413393910.855760574,22.0265
1413393910.905760527,22.2898
1413393910.955760479,25.2689
1413393911.005760431,23.0016
1413393911.055760384,24.7276
1413393911.105760574,22.978
1413393911.155760527,24.9832
1413393911.205760479,24.4436
1413393911.255760431,24.352
1413393911.305760384,25.0802
1413393911.355760574,22.4777
1413393911.405760527,23.5306
1413393911.455760479,24.2448
1413393911.505760431,25.3227
1413393911.555760384,24.1662
1413393911.605760574,21.2919
1413393911.655760527,22.6982
1413393911.705760479,22.4502
1413393911.755760431,21.729
1413393911.805760384,20.8447
1413393911.855760574,21.62
1413393911.905760527,19.6577
1413393911.955760479,21.2982
1413393912.005760431,20.3914
1413393912.055760384,22.4055
1413393912.105760574,21.5567
1413393912.155760527,20.7028
1413393912.205760479,22.2701
1413393912.255760431,22.3426
1413393912.305760384,23.3096
1413393912.355760574,21.413
1413393912.405760527,22.5178
1413393912.455760479,22.4464
1413393912.505760431,22.6981
1413393912.555760384,22.6257
1413393912.605760574,20.7813
1413393912.655760527,17.7479
1413393912.705760479,20.2072
1413393912.755760431,19.8324
1413393912.805760384,21.3363
1413393912.855760574,21.7991
1413393912.905760527,23.1362
1413393912.955760479,22.6228
1413393913.005760431,24.0432
1413393913.055760384,23.4838
1413393913.105760574,21.4346
1413393913.155760527,24.0426
1413393913.205760479,25.1006
1413393913.255760431,24.2336
1413393913.305760384,22.2864
1413393913.355760574,24.1752
1413393913.405760527,23.9063
1413393913.455760479,22.5783
1413393913.505760431,21.1605
1413393913.555760384,20.7344
1413393913.605760574,23.2298
1413393913.655760527,23.1111
1413393913.705760479,22.7427
1413393913.755760431,22.6507
1413393913.805760384,22.4608
1413393913.855760574,21.6946
1413393913.905760527,20.4829
1413393913.955760479,23.0882
1413393914.005760431,22.2069
1413393914.055760384,21.5808
1413393914.105760574,20.229
1413393914.155760527,22.651
1413393914.205760479,20.7653
1413393914.255760431,22.22
1413393914.305760384,21.1483
1413393914.355760574,21.123
1413393914.405760527,23.6275
1413393914.455760479,21.9838
1413393914.505760431,23.2156
1413393914.555760384,21.5672
1413393914.605760574,21.505
1413393914.655760527,24.0767
1413393914.705760479,23.4955
1413393914.755760431,21.2963
1413393914.805760384,24.8089
1413393914.855760574,23.178
1413393914.905760527,23.6804
1413393914.955760479,24.8002
1413393915.005760431,21.8818
1413393915.055760384,23.0834
1413393915.105760574,21.5395
1413393915.155760527,24.4241
1413393915.205760479,24.579
1413393915.255760431,24.744
1413393915.305760384,24.7579
1413393915.355760574,21.3657
1413393915.405760527,23.0985
1413393915.455760479,22.0357
1413393915.505760431,21.6384
1413393915.555760384,20.7995
1413393915.605760574,22.5077
1413393915.655760527,23.4475
1413393915.705760479,21.5683
1413393915.755760431,22.8515
1413393915.805760384,20.8744
1413393915.855760574,21.3543
1413393915.905760527,23.7703
1413393915.955760479,22.3491
1413393916.005760431,20.0856
1413393916.055760384,24.1381
1413393916.105760574,23.0221
1413393916.155760527,24.5742
1413393916.205760479,19.6726
1413393916.255760431,23.0231
1413393916.305760384,21.9197
1413393916.355760574,24.0936
1413393916.405760527,22.8476
1413393916.455760479,23.3433
1413393916.505760431,23.6307
1413393916.555760384,22.1471
1413393916.605760574,22.8945
1413393916.655760527,23.0564
1413393916.705760479,23.5342
1413393916.755760431,24.733
1413393916.805760384,25.8661
1413393916.855760574,25.7344
1413393916.905760527,23.7213
1413393916.955760479,25.1669
1413393917.005760431,23.0919
1413393917.055760384,23.1015
1413393917.105760574,21.9015
1413393917.155760527,24.5383
1413393917.205760479,20.62
1413393917.255760431,24.4414
1413393917.305760384,21.7446
1413393917.355760574,25.9001
1413393917.405760527,23.5164
1413393917.455760479,25.4123
1413393917.505760431,23.612
1413393917.555760384,23.0221
1413393917.605760574,22.4563
1413393917.655760527,23.9719
1413393917.705760479,23.3325
1413393917.755760431,23.4686
1413393917.805760384,23.1344
1413393917.855760574,22.5305
1413393917.905760527,26.1897
1413393917.955760479,23.9219
1413393918.005760431,23.916
1413393918.055760384,23.0479
1413393918.105760574,26.6346
1413393918.155760527,26.3001
1413393918.205760479,27.7514
1413393918.255760431,25.781
1413393918.305760384,25.586
1413393918.355760574,27.3756
1413393918.405760527,24.362
1413393918.455760479,27.7029
1413393918.505760431,25.4438
1413393918.555760384,24.6872
1413393918.605760574,26.0698
1413393918.655760527,21.6136
1413393918.705760479,22.4607
1413393918.755760431,22.7623
1413393918.805760384,23.659
1413393918.855760574,23.1548
1413393918.905760527,24.7709
1413393918.955760479,21.3318
1413393919.005760431,22.3387
1413393919.055760384,22.9641
1413393919.105760574,25.0072
1413393919.155760527,23.7472
1413393919.205760479,23.2068
1413393919.255760431,24.1851
1413393919.305760384,24.739
1413393919.355760574,25.0183
1413393919.405760527,23.9934
1413393919.455760479,25.19
1413393919.505760431,24.5076
1413393919.555760384,27.5994
1413393919.605760574,26.927
1413393919.655760527,28.702
1413393919.705760479,26.3231
1413393919.755760431,25.2679
1413393919.805760384,25.7584
1413393919.855760574,25.9198
1413393919.905760527,23.8248
1413393919.955760479,24.0163
1413393920.005760431,25.3232
1413393920.055760384,26.772
1413393920.105760574,26.8061
1413393920.155760527,28.6207
1413393920.205760479,25.932
1413393920.255760431,26.2992
1413393920.305760384,25.0637
1413393920.355760574,25.5616
1413393920.405760527,24.8255
1413393920.455760479,26.3337
1413393920.505760431,25.3574
1413393920.555760384,26.7838
1413393920.605760574,25.4447
1413393920.655760527,27.1339
1413393920.705760479,25.3026
1413393920.755760431,23.438
1413393920.805760384,22.1978
1413393920.855760574,22.4075
1413393920.905760527,25.4669
1413393920.955760479,25.6308
1413393921.005760431,22.2945
1413393921.055760384,24.021
1413393921.105760574,23.2557
1413393921.155760527,26.4095
1413393921.205760479,22.8232
1413393921.255760431,22.6133
1413393921.305760384,25.0089
1413393921.355760574,23.1429
1413393921.405760527,25.6625
1413393921.455760479,24.869
1413393921.505760431,21.1104
1413393921.555760384,24.6833
1413393921.605760574,25.3357
1413393921.655760527,25.5974
1413393921.705760479,25.4467
1413393921.755760431,25.9003
1413393921.805760384,23.6712
1413393921.855760574,23.7163
1413393921.905760527,25.3096
1413393921.955760479,24.8459
1413393922.005760431,26.5644
1413393922.055760384,23.6584
1413393922.105760574,24.8029
1413393922.155760527,24.1925
1413393922.205760479,23.478
1413393922.255760431,24.3265
1413393922.305760384,26.5733
1413393922.355760574,25.1745
1413393922.405760527,21.9235
1413393922.455760479,23.8976
1413393922.505760431,22.6199
1413393922.555760384,22.4458
1413393922.605760574,23.9949
1413393922.655760527,23.9114
1413393922.705760479,21.9225
1413393922.755760431,21.8604
1413393922.805760384,20.788
1413393922.855760574,24.4455
1413393922.905760527,20.7944
1413393922.955760479,21.4175
1413393923.005760431,23.2531
1413393923.055760384,23.3609
1413393923.105760574,21.9166
1413393923.155760527,20.0392
1413393923.205760479,21.5139
1413393923.255760431,23.7036
1413393923.305760384,24.6256
1413393923.355760574,23.6592
1413393923.405760527,21.4599
1413393923.455760479,24.2773
1413393923.505760431,25.4864
1413393923.555760384,23.0605
1413393923.605760574,25.0979
1413393923.655760527,22.0728
1413393923.705760479,23.0984
1413393923.755760431,21.8976
1413393923.805760384,23.7158
1413393923.855760574,23.216
1413393923.905760527,23.8428
1413393923.955760479,26.2023
1413393924.005760431,24.7111
1413393924.055760384,21.7687
1413393924.105760574,23.0489
1413393924.155760527,22.8185
1413393924.205760479,24.0349
1413393924.255760431,25.7124
1413393924.305760384,23.9835
1413393924.355760574,24.9807
1413393924.405760527,23.0444
1413393924.455760479,21.1701
1413393924.505760431,21.8983
1413393924.555760384,21.9051
1413393924.605760574,21.3028
1413393924.655760527,21.5298
1413393924.705760479,21.1991
1413393924.755760431,23.8533
1413393924.805760384,22.204
1413393924.855760574,21.3148
1413393924.905760527,24.5995
1413393924.955760479,21.7852
1413393925.005760431,24.4621
1413393925.055760384,22.651
1413393925.105760574,23.9126
1413393925.155760527,22.1634
1413393925.205760479,22.8208
1413393925.255760431,23.516
1413393925.305760384,24.0866
1413393925.355760574,25.6365
1413393925.405760527,25.1224
1413393925.455760479,25.164
1413393925.505760431,24.684
1413393925.555760384,26.005
1413393925.605760574,26.8583
1413393925.655760527,26.9579
1413393925.705760479,25.919
1413393925.755760431,28.2479
1413393925.805760384,23.9055
1413393925.855760574,26.6369
1413393925.905760527,24.583
1413393925.955760479,25.0597
1413393926.005760431,25.2858
1413393926.055760384,25.1179
1413393926.105760574,25.523
1413393926.155760527,25.6983
1413393926.205760479,24.99
1413393926.255760431,26.1467
1413393926.305760384,25.7246
1413393926.355760574,27.1863
1413393926.405760527,24.9663
1413393926.455760479,25.9205
1413393926.505760431,25.5329
1413393926.555760384,25.4848
1413393926.605760574,25.622
1413393926.655760527,25.2841
1413393926.705760479,24.314
1413393926.755760431,26.2383
1413393926.805760384,25.1836
1413393926.855760574,25.1425
1413393926.905760527,27.2636
1413393926.955760479,24.4823
1413393927.005760431,26.2583
1413393927.055760384,24.3652
1413393927.105760574,26.7606
1413393927.155760527,28.1113
1413393927.205760479,26.6805
1413393927.255760431,25.5915
1413393927.305760384,25.2598
1413393927.355760574,27.2963
1413393927.405760527,24.6609
1413393927.455760479,27.3344
1413393927.505760431,27.4349
1413393927.555760384,24.9826
1413393927.605760574,25.2275
1413393927.655760527,25.1219
1413393927.705760479,26.7614
1413393927.755760431,23.8365
1413393927.805760384,23.2986
1413393927.855760574,22.3286
1413393927.905760527,23.9363
1413393927.955760479,23.7419
1413393928.005760431,22.9178
1413393928.055760384,22.3426
1413393928.105760574,24.6464
1413393928.155760527,25.3904
1413393928.205760479,22.8831
1413393928.255760431,21.3416
1413393928.305760384,18.5012
1413393928.355760574,18.5694
1413393928.405760527,18.499
1413393928.455760479,16.9077
1413393928.505760431,14.9481
1413393928.555760384,12.4108
1413393928.605760574,11.6731
1413393928.655760527,11.2849
1413393928.705760479,11.2073
1413393928.755760431,8.87936
1413393928.805760384,8.10232
1413393928.855760574,9.14207
1413393928.905760527,10.4187
1413393928.955760479,10.038
1413393929.005760431,9.80521
1413393929.055760384,11.0145
1413393929.105760574,8.85814
1413393929.155760527,8.8879
1413393929.205760479,8.23362
1413393929.255760431,7.74437
1413393929.305760384,10.6276
1413393929.355760574,10.0528
1413393929.405760527,11.4656
1413393929.455760479,13.7927
1413393929.505760431,17.1419
1413393929.555760384,14.745
1413393929.605760574,15.9725
1413393929.655760527,16.2581
1413393929.705760479,17.9541
1413393929.755760431,16.7408
1413393929.805760384,18.9131
1413393929.855760574,21.1476
1413393929.905760527,21.3375
1413393929.955760479,23.6559
1413393930.005760431,25.0463
1413393930.055760384,24.4695
1413393930.105760574,27.5043
1413393930.155760527,26.7326
1413393930.205760479,28.8498
1413393930.255760431,26.9479
1413393930.305760384,26.7749
1413393930.355760574,28.2142
1413393930.405760527,25.4936
1413393930.455760479,26.676
1413393930.505760431,26.699
1413393930.555760384,25.7397
1413393930.605760574,28.7521
1413393930.655760527,28.7118
1413393930.705760479,26.05
1413393930.755760431,24.1007
1413393930.805760384,24.9
1413393930.855760574,25.7045
1413393930.905760527,26.5147
1413393930.955760479,27.0224
1413393931.005760431,26.3068
1413393931.055760384,25.117
1413393931.105760574,24.3506
1413393931.155760527,24.9301
1413393931.205760479,26.4281
1413393931.255760431,27.8252
1413393931.305760384,26.749
1413393931.355760574,26.6122
1413393931.405760527,28.6192
1413393931.455760479,27.4108
1413393931.505760431,27.7799
1413393931.555760384,27.6466
1413393931.605760574,29.4856
1413393931.655760527,27.6693
1413393931.705760479,25.3753
1413393931.755760431,25.7702
1413393931.805760384,27.1226
1413393931.855760574,27.1076
1413393931.905760527,27.4823
1413393931.955760479,28.3375
1413393932.005760431,27.397
1413393932.055760384,28.4449
1413393932.105760574,29.5681
1413393932.155760527,29.6446
1413393932.205760479,28.938
1413393932.255760431,28.5451
1413393932.305760384,28.9342
1413393932.355760574,26.7345
1413393932.405760527,27.2511
1413393932.455760479,27.5169
1413393932.505760431,27.4932
1413393932.555760384,26.6635
1413393932.605760574,25.1125
1413393932.655760527,28.3739
1413393932.705760479,26.1826
1413393932.755760431,27.0116
1413393932.805760384,27.493
1413393932.855760574,25.9209
1413393932.905760527,25.8214
1413393932.955760479,23.9481
1413393933.005760431,23.2999
1413393933.055760384,24.8427
1413393933.105760574,24.739
1413393933.155760527,24.1878
1413393933.205760479,25.8357
1413393933.255760431,26.6284
1413393933.305760384,25.9662
1413393933.355760574,23.6314
1413393933.405760527,26.3559
1413393933.455760479,21.9172
1413393933.505760431,25.8207
1413393933.555760384,25.2078
1413393933.605760574,23.0294
1413393933.655760527,24.8949
1413393933.705760479,24.1485
1413393933.755760431,25.7033
1413393933.805760384,26.9844
1413393933.855760574,24.2952
1413393933.905760527,27.1757
1413393933.955760479,23.8362
1413393934.005760431,25.0114
1413393934.055760384,27.3238
1413393934.105760574,23.8443
1413393934.155760527,24.392
1413393934.205760479,25.9551
1413393934.255760431,26.8731
1413393934.305760384,27.0185
1413393934.355760574,25.0703
1413393934.405760527,24.3554
1413393934.455760479,24.4767
1413393934.505760431,26.7206
1413393934.555760384,24.0963
1413393934.605760574,27.1563
1413393934.655760527,25.7455
1413393934.705760479,27.5579
1413393934.755760431,26.6654
1413393934.805760384,27.133
1413393934.855760574,27.3122
1413393934.905760527,27.7115
1413393934.955760479,26.4999
1413393935.005760431,26.4517
1413393935.055760384,27.3727
1413393935.105760574,26.1677
1413393935.155760527,23.9074
1413393935.205760479,25.9084
1413393935.255760431,25.2819
1413393935.305760384,27.2658
1413393935.355760574,24.3588
1413393935.405760527,27.1509
1413393935.455760479,25.4263
1413393935.505760431,25.9482
1413393935.555760384,25.4061
1413393935.605760574,27.6012
1413393935.655760527,23.5113
1413393935.705760479,25.2488
1413393935.755760431,24.6521
1413393935.805760384,27.0502
1413393935.855760574,24.4712
1413393935.905760527,23.4368
1413393935.955760479,23.7059
1413393936.005760431,23.5773
1413393936.055760384,23.6904
1413393936.105760574,23.999
1413393936.155760527,26.2052
1413393936.205760479,25.1508
1413393936.255760431,26.1689
1413393936.305760384,25.3982
1413393936.355760574,23.6609
1413393936.405760527,26.2184
1413393936.455760479,22.9337
1413393936.505760431,24.5371
1413393936.555760384,20.5079
1413393936.605760574,23.016
1413393936.655760527,20.1826
1413393936.705760479,21.3495
1413393936.755760431,22.0304
1413393936.805760384,22.8307
1413393936.855760574,20.7655
1413393936.905760527,20.6425
1413393936.955760479,23.9487
1413393937.005760431,22.4334
1413393937.055760384,22.2688
1413393937.105760574,23.8389
1413393937.155760527,19.807
1413393937.205760479,21.6332
1413393937.255760431,24.6915
1413393937.305760384,25.5375
1413393937.355760574,21.6955
1413393937.405760527,21.3527
1413393937.455760479,23.6455
1413393937.505760431,24.6041
1413393937.555760384,23.6574
1413393937.605760574,21.0195
1413393937.655760527,23.932
1413393937.705760479,23.6627
1413393937.755760431,22.5738
1413393937.805760384,21.3972
1413393937.855760574,21.1447
1413393937.905760527,21.5977
1413393937.955760479,24.2529
1413393938.005760431,24.4197
1413393938.055760384,20.9469
1413393938.105760574,20.8847
1413393938.155760527,21.8259
1413393938.205760479,22.6697
1413393938.255760431,25.0401
1413393938.305760384,23.3056
1413393938.355760574,22.9731
1413393938.405760527,23.8858
1413393938.455760479,24.8592
1413393938.505760431,25.9603
1413393938.555760384,25.9373
1413393938.605760574,24.874
1413393938.655760527,24.8199
1413393938.705760479,23.8795
1413393938.755760431,23.2195
1413393938.805760384,21.7928
1413393938.855760574,22.7392
1413393938.905760527,24.9245
1413393938.955760479,25.9479
1413393939.005760431,21.0534
1413393939.055760384,27.0178
1413393939.105760574,24.796
1413393939.155760527,24.7217
1413393939.205760479,24.89
1413393939.255760431,24.3789
1413393939.305760384,26.382
1413393939.355760574,25.2837
1413393939.405760527,23.3487
1413393939.455760479,23.2219
1413393939.505760431,25.5291
1413393939.555760384,25.6106
1413393939.605760574,23.1276
1413393939.655760527,22.6041
1413393939.705760479,22.4125
1413393939.755760431,23.704
1413393939.805760384,23.4307
1413393939.855760574,23.8325
1413393939.905760527,23.1944
1413393939.955760479,24.4821
1413393940.005760431,27.8704
1413393940.055760384,28.1703
1413393940.105760574,25.2432
1413393940.155760527,24.6915
1413393940.205760479,25.5901
1413393940.255760431,25.567
1413393940.305760384,27.3822
1413393940.355760574,25.9935
1413393940.405760527,24.0904
1413393940.455760479,27.9206
1413393940.505760431,24.7848
1413393940.555760384,23.786
1413393940.605760574,27.5574
1413393940.655760527,24.0262
1413393940.705760479,23.9169
1413393940.755760431,24.8366
1413393940.805760384,23.5126
1413393940.855760574,23.764
1413393940.905760527,25.9639
1413393940.955760479,24.5446
1413393941.005760431,26.679
1413393941.055760384,24.9079
1413393941.105760574,24.6762
1413393941.155760527,25.1428
1413393941.205760479,24.3629
1413393941.255760431,23.2901
1413393941.305760384,26.0852
1413393941.355760574,24.9065
1413393941.405760527,25.6695
1413393941.455760479,26.6334
1413393941.505760431,25.5304
1413393941.555760384,25.7777
1413393941.605760574,24.0738
1413393941.655760527,24.3085
1413393941.705760479,25.0594
1413393941.755760431,23.8215
1413393941.805760384,22.6226
1413393941.855760574,25.903
1413393941.905760527,23.0469
1413393941.955760479,22.9296
1413393942.005760431,25.2987
1413393942.055760384,23.3562
1413393942.105760574,24.8689
1413393942.155760527,24.5038
1413393942.205760479,24.5956
1413393942.255760431,25.4044
1413393942.305760384,25.4601
1413393942.355760574,26.3607
1413393942.405760527,25.6366
1413393942.455760479,26.2457
1413393942.505760431,25.8163
1413393942.555760384,26.4489
1413393942.605760574,25.9377
1413393942.655760527,26.0113
1413393942.705760479,26.4722
1413393942.755760431,26.63
1413393942.805760384,23.8704
1413393942.855760574,23.9958
1413393942.905760527,24.1942
1413393942.955760479,22.3986
1413393943.005760431,23.2131
1413393943.055760384,22.4569
1413393943.105760574,22.831
1413393943.155760527,23.6595
1413393943.205760479,24.0624
1413393943.255760431,25.12
1413393943.305760384,28.516
1413393943.355760574,27.0412
1413393943.405760527,24.5339
1413393943.455760479,23.3654
1413393943.505760431,25.5417
1413393943.555760384,25.0698
1413393943.605760574,25.9853
1413393943.655760527,27.6908
1413393943.705760479,25.5322
1413393943.755760431,25.8373
1413393943.805760384,23.7355
1413393943.855760574,22.3251
1413393943.905760527,21.7856
1413393943.955760479,21.5195
1413393944.005760431,22.1346
1413393944.055760384,22.9967
1413393944.105760574,22.7322
1413393944.155760527,24.5135
1413393944.205760479,21.9667
1413393944.255760431,26.9413
1413393944.305760384,25.9067
1413393944.355760574,21.8708
1413393944.405760527,24.1628
1413393944.455760479,27.613
1413393944.505760431,26.3012
1413393944.555760384,24.6695
1413393944.605760574,27.436
1413393944.655760527,25.8763
1413393944.705760479,25.3663
1413393944.755760431,24.5221
1413393944.805760384,23.1006
1413393944.855760574,24.0706
1413393944.905760527,22.4186
1413393944.955760479,23.7707
1413393945.005760431,23.8781
1413393945.055760384,22.6659
1413393945.105760574,22.4459
1413393945.155760527,25.9234
1413393945.205760479,25.119
1413393945.255760431,23.017
1413393945.305760384,24.408
1413393945.355760574,21.287
1413393945.405760527,21.4998
1413393945.455760479,24.5313
1413393945.505760431,23.1279
1413393945.555760384,24.3734
1413393945.605760574,24.7016
1413393945.655760527,24.6733
1413393945.705760479,24.1521
1413393945.755760431,25.4457
1413393945.805760384,23.5417
1413393945.855760574,25.1059
1413393945.905760527,25.4837
1413393945.955760479,23.3768
1413393946.005760431,22.134
1413393946.055760384,24.4126
1413393946.105760574,21.6214
1413393946.155760527,24.5363
1413393946.205760479,25.2871
1413393946.255760431,26.7729
1413393946.305760384,27.3583
1413393946.355760574,27.3076
1413393946.405760527,25.9062
1413393946.455760479,25.028
1413393946.505760431,25.4486
1413393946.555760384,22.8431
1413393946.605760574,23.0225
1413393946.655760527,24.8302
1413393946.705760479,25.0477
1413393946.755760431,26.5633
1413393946.805760384,26.5245
1413393946.855760574,25.8136
1413393946.905760527,26.3532
1413393946.955760479,25.8521
1413393947.005760431,23.5963
1413393947.055760384,23.5657
1413393947.105760574,22.1954
1413393947.155760527,23.6817
1413393947.205760479,24.9717
1413393947.255760431,25.5176
1413393947.305760384,26.2863
1413393947.355760574,25.3896
1413393947.405760527,25.9008
1413393947.455760479,24.7566
1413393947.505760431,25.6364
1413393947.555760384,25.7532
1413393947.605760574,22.6098
1413393947.655760527,23.9632
1413393947.705760479,26.4609
1413393947.755760431,23.6529
1413393947.805760384,22.8134
1413393947.855760574,25.1643
1413393947.905760527,26.3143
1413393947.955760479,26.7432
1413393948.005760431,24.9935
1413393948.055760384,24.7901
1413393948.105760574,25.5821
1413393948.155760527,24.9927
1413393948.205760479,25.8047
1413393948.255760431,24.2714
1413393948.305760384,24.0586
1413393948.355760574,23.7929
1413393948.405760527,24.8896
1413393948.455760479,24.2808
1413393948.505760431,25.1814
1413393948.555760384,24.7072
1413393948.605760574,26.2135
1413393948.655760527,26.5894
1413393948.705760479,25.1691
1413393948.755760431,26.0129
1413393948.805760384,27.0331
1413393948.855760574,26.7166
1413393948.905760527,24.527
1413393948.955760479,27.4562
1413393949.005760431,27.64
1413393949.055760384,27.2779
1413393949.105760574,29.0148
1413393949.155760527,28.4265
1413393949.205760479,28.5803
1413393949.255760431,25.8786
1413393949.305760384,28.6788
1413393949.355760574,24.5517
1413393949.405760527,26.4936
1413393949.455760479,26.1079
1413393949.505760431,26.226
1413393949.555760384,27.4002
1413393949.605760574,26.7114
1413393949.655760527,26.469
1413393949.705760479,26.9725
1413393949.755760431,26.1642
1413393949.805760384,26.8589
1413393949.855760574,27.7871
1413393949.905760527,27.6824
1413393949.955760479,27.0655
1413393950.005760431,28.0594
1413393950.055760384,25.3787
1413393950.105760574,27.6342
1413393950.155760527,25.9835
1413393950.205760479,25.9898
1413393950.255760431,28.9018
1413393950.305760384,27.7607
1413393950.355760574,29.7893
1413393950.405760527,26.372
1413393950.455760479,23.9566
1413393950.505760431,28.2222
1413393950.555760384,27.6741
1413393950.605760574,26.0814
1413393950.655760527,26.809
1413393950.705760479,27.4272
1413393950.755760431,25.8507
1413393950.805760384,27.53
1413393950.855760574,25.7893
1413393950.905760527,27.8415
1413393950.955760479,27.4296
1413393951.005760431,27.282
1413393951.055760384,27.3788
1413393951.105760574,25.2491
1413393951.155760527,25.6552
1413393951.205760479,25.1431
1413393951.255760431,25.4951
1413393951.305760384,24.8829
1413393951.355760574,27.5226
1413393951.405760527,24.9532
1413393951.455760479,27.157
1413393951.505760431,26.9291
1413393951.555760384,25.3086
1413393951.605760574,23.7623
1413393951.655760527,27.0088
1413393951.705760479,25.2345
1413393951.755760431,27.7593
1413393951.805760384,27.5272
1413393951.855760574,25.1849
1413393951.905760527,26.8932
1413393951.955760479,27.1881
1413393952.005760431,26.8547
1413393952.055760384,24.5613
1413393952.105760574,25.1527
1413393952.155760527,24.5837
1413393952.205760479,24.6151
1413393952.255760431,26.0986
1413393952.305760384,27.5406
1413393952.355760574,24.8796
1413393952.405760527,26.206
1413393952.455760479,24.9982
1413393952.505760431,27.5773
1413393952.555760384,26.7292
1413393952.605760574,28.0373
1413393952.655760527,24.6667
1413393952.705760479,26.6064
1413393952.755760431,27.195
1413393952.805760384,26.1826
1413393952.855760574,25.6424
1413393952.905760527,24.979
1413393952.955760479,27.6686
1413393953.005760431,26.6498
1413393953.055760384,29.0605
1413393953.105760574,25.5475
1413393953.155760527,28.9476
1413393953.205760479,27.5816
1413393953.255760431,27.2385
1413393953.305760384,26.2233
1413393953.355760574,28.6852
1413393953.405760527,28.9817
1413393953.455760479,26.7776
1413393953.505760431,26.932
1413393953.555760384,26.0273
1413393953.605760574,26.6213
1413393953.655760527,25.8498
1413393953.705760479,26.1496
1413393953.755760431,26.7765
1413393953.805760384,25.6048
1413393953.855760574,25.258
1413393953.905760527,28.5499
1413393953.955760479,26.8828
1413393954.005760431,28.5255
1413393954.055760384,25.9263
1413393954.105760574,29.5722
1413393954.155760527,26.0521
1413393954.205760479,26.7716
1413393954.255760431,27.2177
1413393954.305760384,26.7462
1413393954.355760574,27.5138
1413393954.405760527,28.7026
1413393954.455760479,29.31
1413393954.505760431,28.6217
1413393954.555760384,26.1888
1413393954.605760574,26.9368
1413393954.655760527,25.7847
1413393954.705760479,25.4621
1413393954.755760431,26.9477
1413393954.805760384,29.345
1413393954.855760574,27.4463
1413393954.905760527,24.3778
1413393954.955760479,25.0806
1413393955.005760431,27.093
1413393955.055760384,27.2437
1413393955.105760574,26.1182
1413393955.155760527,25.0153
1413393955.205760479,25.9365
1413393955.255760431,25.5574
1413393955.305760384,26.3763
1413393955.355760574,28.7834
1413393955.405760527,27.9331
1413393955.455760479,25.2371
1413393955.505760431,26.5893
1413393955.555760384,25.2117
1413393955.605760574,27.8584
1413393955.655760527,27.3021
1413393955.705760479,24.7836
1413393955.755760431,27.043
1413393955.805760384,26.0784
1413393955.855760574,25.192
1413393955.905760527,25.1618
1413393955.955760479,25.2002
1413393956.005760431,24.9248
1413393956.055760384,25.2575
1413393956.105760574,24.9082
1413393956.155760527,27.0698
1413393956.205760479,27.5456
1413393956.255760431,25.2604
1413393956.305760384,23.9357
1413393956.355760574,26.0837
1413393956.405760527,25.102
1413393956.455760479,24.9527
1413393956.505760431,22.5087
1413393956.555760384,24.7781
1413393956.605760574,24.9925
1413393956.655760527,24.6565
1413393956.705760479,25.3861
1413393956.755760431,23.204
1413393956.805760384,26.0827
1413393956.855760574,25.5846
1413393956.905760527,25.1503
1413393956.955760479,24.198
1413393957.005760431,24.5382
1413393957.055760384,23.3936
1413393957.105760574,23.8586
1413393957.155760527,25.9808
1413393957.205760479,24.4791
1413393957.255760431,24.0314
1413393957.305760384,24.4683
1413393957.355760574,22.7063
1413393957.405760527,23.938
1413393957.455760479,22.5678
1413393957.505760431,21.0166
1413393957.555760384,22.0173
1413393957.605760574,21.8317
1413393957.655760527,21.8317
1413393957.705760479,19.9401
1413393957.755760431,23.0335
1413393957.805760384,19.7942
1413393957.855760574,21.5119
1413393957.905760527,20.9713
1413393957.955760479,22.7067
1413393958.005760431,23.0051
1413393958.055760384,22.3688
1413393958.105760574,21.5413
1413393958.155760527,22.4458
1413393958.205760479,23.7209
1413393958.255760431,24.7441
1413393958.305760384,24.3566
1413393958.355760574,22.7305
1413393958.405760527,22.6091
1413393958.455760479,25.1876
1413393958.505760431,24.2316
1413393958.555760384,23.4755
1413393958.605760574,21.9268
1413393958.655760527,24.2058
1413393958.705760479,21.1604
1413393958.755760431,23.3767
1413393958.805760384,22.9077
1413393958.855760574,24.1711
1413393958.905760527,21.664
1413393958.955760479,21.3554
1413393959.005760431,20.5187
1413393959.055760384,23.5353
1413393959.105760574,21.097
1413393959.155760527,22.073
1413393959.205760479,20.9798
1413393959.255760431,23.486
1413393959.305760384,22.3199
1413393959.355760574,22.0976
1413393959.405760527,21.8047
1413393959.455760479,21.1129
1413393959.505760431,23.9238
1413393959.555760384,24.1818
1413393959.605760574,23.3071
1413393959.655760527,22.4799
1413393959.705760479,21.2532
1413393959.755760431,17.8346
1413393959.805760384,22.3606
1413393959.855760574,23.0953
1413393959.905760527,22.8619
1413393959.955760479,22.2915
1413393960.005760431,25.7706
1413393960.055760384,23.2782
1413393960.105760574,23.9856
1413393960.155760527,26.372
1413393960.205760479,24.1778
1413393960.255760431,26.2552
1413393960.305760384,23.3962
1413393960.355760574,25.9061
1413393960.405760527,24.4458
1413393960.455760479,27.1754
1413393960.505760431,23.584
1413393960.555760384,25.0997
1413393960.605760574,24.3211
1413393960.655760527,23.141
1413393960.705760479,25.8433
1413393960.755760431,24.0904
1413393960.805760384,23.9789
1413393960.855760574,24.0702
1413393960.905760527,23.066
1413393960.955760479,25.929
1413393961.005760431,24.2131
1413393961.055760384,23.209
1413393961.105760574,25.4396
1413393961.155760527,21.9896
1413393961.205760479,23.0401
1413393961.255760431,26.9811
1413393961.305760384,26.341
1413393961.355760574,22.7608
1413393961.405760527,22.7342
1413393961.455760479,22.5011
1413393961.505760431,21.524
1413393961.555760384,22.3082
1413393961.605760574,21.5137
1413393961.655760527,24.1314
1413393961.705760479,24.426
1413393961.755760431,22.8279
1413393961.805760384,24.0678
1413393961.855760574,24.9058
1413393961.905760527,25.8194
1413393961.955760479,23.13
1413393962.005760431,25.0134
1413393962.055760384,22.5771
1413393962.105760574,24.4387
1413393962.155760527,23.2258
1413393962.205760479,22.558
1413393962.255760431,24.2844
1413393962.305760384,22.7779
1413393962.355760574,22.5976
1413393962.405760527,21.5175
1413393962.455760479,21.5703
1413393962.505760431,21.6064
1413393962.555760384,23.6229
1413393962.605760574,24.3734
1413393962.655760527,21.5877
1413393962.705760479,21.6736
1413393962.755760431,22.0496
1413393962.805760384,24.0714
1413393962.855760574,23.4832
1413393962.905760527,23.1632
1413393962.955760479,22.3152
1413393963.005760431,22.8174
1413393963.055760384,22.7501
1413393963.105760574,24.26
1413393963.155760527,24.5846
1413393963.205760479,24.6251
1413393963.255760431,25.6764
1413393963.305760384,22.6157
1413393963.355760574,24.9694
1413393963.405760527,24.6838
1413393963.455760479,27.325
1413393963.505760431,26.6937
1413393963.555760384,24.5249
1413393963.605760574,24.9854
1413393963.655760527,24.6926
1413393963.705760479,25.0169
1413393963.755760431,24.8429
1413393963.805760384,26.0963
1413393963.855760574,25.5956
1413393963.905760527,26.7656
1413393963.955760479,25.3938
1413393964.005760431,25.6333
1413393964.055760384,28.0272
1413393964.105760574,25.1375
1413393964.155760527,24.6054
1413393964.205760479,26.7949
1413393964.255760431,25.3502
1413393964.305760384,24.9557
1413393964.355760574,26.3699
1413393964.405760527,27.7398
1413393964.455760479,24.1926
1413393964.505760431,24.8404
1413393964.555760384,24.5609
1413393964.605760574,25.9296
1413393964.655760527,26.0325
1413393964.705760479,25.0574
1413393964.755760431,25.3366
1413393964.805760384,27.2311
1413393964.855760574,26.0712
1413393964.905760527,27.5806
1413393964.955760479,26.3907
1413393965.005760431,25.8979
1413393965.055760384,27.6472
1413393965.105760574,25.1347
1413393965.155760527,25.7557
1413393965.205760479,24.0217
1413393965.255760431,23.3842
1413393965.305760384,25.1956
1413393965.355760574,24.0064
1413393965.405760527,23.0984
1413393965.455760479,25.9103
1413393965.505760431,24.2173
1413393965.555760384,24.046
1413393965.605760574,23.6144
1413393965.655760527,24.7198
1413393965.705760479,23.0879
1413393965.755760431,24.5224
1413393965.805760384,23.9163
1413393965.855760574,24.4524
1413393965.905760527,26.0156
1413393965.955760479,25.9845
1413393966.005760431,24.6839
1413393966.055760384,27.6534
1413393966.105760574,25.4907
1413393966.155760527,25.6407
1413393966.205760479,25.2043
1413393966.255760431,27.4675
1413393966.305760384,26.9967
1413393966.355760574,24.3585
1413393966.405760527,24.2356
1413393966.455760479,27.6835
1413393966.505760431,25.2979
1413393966.555760384,24.1938
1413393966.605760574,27.6285
1413393966.655760527,24.4325
1413393966.705760479,24.8991
1413393966.755760431,27.7746
1413393966.805760384,25.8275
1413393966.855760574,27.4953
1413393966.905760527,26.7495
1413393966.955760479,24.7649
1413393967.005760431,23.9271
1413393967.055760384,26.3218
1413393967.105760574,23.0243
1413393967.155760527,23.9501
1413393967.205760479,24.9374
1413393967.255760431,22.2999
1413393967.305760384,25.1791
1413393967.355760574,22.2012
1413393967.405760527,25.1705
1413393967.455760479,22.3915
1413393967.505760431,21.7455
1413393967.555760384,23.1407
1413393967.605760574,24.1686
1413393967.655760527,22.5323
1413393967.705760479,25.0104
1413393967.755760431,22.9869
1413393967.805760384,25.3461
1413393967.855760574,23.978
1413393967.905760527,26.3482
1413393967.955760479,23.9929
1413393968.005760431,24.1865
1413393968.055760384,24.5626
1413393968.105760574,25.1214
1413393968.155760527,27.2503
1413393968.205760479,25.3202
1413393968.255760431,27.4955
1413393968.305760384,26.6747
1413393968.355760574,27.5862
1413393968.405760527,23.8387
1413393968.455760479,24.0854
1413393968.505760431,25.1559
1413393968.555760384,25.3117
1413393968.605760574,25.9708
1413393968.655760527,26.4373
1413393968.705760479,28.128
1413393968.755760431,25.1856
1413393968.805760384,26.8243
1413393968.855760574,26.5135
1413393968.905760527,24.8049
1413393968.955760479,25.3372
1413393969.005760431,27.3132
1413393969.055760384,23.4505
1413393969.105760574,25.9695
1413393969.155760527,27.077
1413393969.205760479,26.9886
1413393969.255760431,27.3035
1413393969.305760384,26.4457
1413393969.355760574,26.3084
1413393969.405760527,25.5685
1413393969.455760479,25.5329
1413393969.505760431,26.061
1413393969.555760384,27.113
1413393969.605760574,23.9639
1413393969.655760527,23.6925
1413393969.705760479,24.6552
1413393969.755760431,25.1536
1413393969.805760384,26.1297
1413393969.855760574,26.4435
1413393969.905760527,25.0001
1413393969.955760479,26.6293
1413393970.005760431,25.8287
1413393970.055760384,25.9941
1413393970.105760574,25.9391
1413393970.155760527,27.1387
1413393970.205760479,24.9825
1413393970.255760431,24.9429
1413393970.305760384,27.9744
1413393970.355760574,28.975
1413393970.405760527,26.2157
1413393970.455760479,29.6051
1413393970.505760431,28.262
1413393970.555760384,28.5757
1413393970.605760574,28.9519
1413393970.655760527,27.2119
1413393970.705760479,27.3747
1413393970.755760431,25.4322
1413393970.805760384,25.7768
1413393970.855760574,26.3538
1413393970.905760527,27.7038
1413393970.955760479,28.0776
1413393971.005760431,25.986
1413393971.055760384,25.2198
1413393971.105760574,24.608
1413393971.155760527,24.7673
1413393971.205760479,26.7189
1413393971.255760431,24.8648
1413393971.305760384,24.3647
1413393971.355760574,27.3832
1413393971.405760527,25.078
1413393971.455760479,24.3818
1413393971.505760431,23.3557
1413393971.555760384,26.499
1413393971.605760574,25.1054
1413393971.655760527,25.8448
1413393971.705760479,25.2315
1413393971.755760431,28.7806
1413393971.805760384,25.1908
1413393971.855760574,25.8797
1413393971.905760527,27.8668
1413393971.955760479,25.9307
1413393972.005760431,28.1412
1413393972.055760384,26.8508
1413393972.105760574,28.6817
1413393972.155760527,28.3574
1413393972.205760479,26.7006
1413393972.255760431,28.4739
1413393972.305760384,26.6149
1413393972.355760574,28.9577
1413393972.405760527,28.3258
1413393972.455760479,26.7654
1413393972.505760431,26.1902
1413393972.555760384,25.2066
1413393972.605760574,24.9363
1413393972.655760527,23.6714
1413393972.705760479,26.0017
1413393972.755760431,26.1895
1413393972.805760384,24.6804
1413393972.855760574,27.6336
1413393972.905760527,25.3512
1413393972.955760479,25.1882
1413393973.005760431,27.6043
1413393973.055760384,25.2205
1413393973.105760574,27.7001
1413393973.155760527,26.4475
1413393973.205760479,27.8501
1413393973.255760431,28.3076
1413393973.305760384,25.2206
1413393973.355760574,26.145
1413393973.405760527,25.9085
1413393973.455760479,24.6827
1413393973.505760431,24.8138
1413393973.555760384,28.8688
1413393973.605760574,26.9731
1413393973.655760527,25.1889
1413393973.705760479,25.8294
1413393973.755760431,26.4658
1413393973.805760384,26.1415
1413393973.855760574,25.6455
1413393973.905760527,27.576
1413393973.955760479,27.1063
1413393974.005760431,27.3764
1413393974.055760384,25.0871
1413393974.105760574,25.4203
1413393974.155760527,26.8593
1413393974.205760479,24.3414
1413393974.255760431,26.7606
1413393974.305760384,28.1289
1413393974.355760574,25.4131
1413393974.405760527,23.9372
1413393974.455760479,22.7827
1413393974.505760431,26.3572
1413393974.555760384,25.142
1413393974.605760574,23.3194
1413393974.655760527,26.4682
1413393974.705760479,25.0658
1413393974.755760431,27.9626
1413393974.805760384,28.3829
1413393974.855760574,25.6661
1413393974.905760527,28.3305
1413393974.955760479,28.2671
1413393975.005760431,25.7429
1413393975.055760384,25.4985
1413393975.105760574,24.9694
1413393975.155760527,25.8286
1413393975.205760479,22.7683
1413393975.255760431,28.4792
1413393975.305760384,25.966
1413393975.355760574,27.363
1413393975.405760527,27.7133
1413393975.455760479,26.1684
1413393975.505760431,25.7352
1413393975.555760384,26.3941
1413393975.605760574,26.182
1413393975.655760527,27.2223
1413393975.705760479,26.3129
1413393975.755760431,28.2726
1413393975.805760384,26.5715
1413393975.855760574,25.1666
1413393975.905760527,27.5133
1413393975.955760479,25.7322
1413393976.005760431,27.7258
1413393976.055760384,26.1361
1413393976.105760574,27.7241
1413393976.155760527,25.7987
1413393976.205760479,27.0134
1413393976.255760431,24.5207
1413393976.305760384,26.9999
1413393976.355760574,25.4076
1413393976.405760527,26.8974
1413393976.455760479,25.8918
1413393976.505760431,25.3917
1413393976.555760384,26.7466
1413393976.605760574,28.9352
1413393976.655760527,28.7484
1413393976.705760479,26.5491
1413393976.755760431,27.6251
1413393976.805760384,26.5081
1413393976.855760574,27.7565
1413393976.905760527,28.9472
1413393976.955760479,26.7781
1413393977.005760431,25.9154
1413393977.055760384,27.0097
1413393977.105760574,27.2032
1413393977.155760527,26.3168
1413393977.205760479,27.3775
1413393977.255760431,29.5694
1413393977.305760384,26.3906
1413393977.355760574,26.9242
1413393977.405760527,27.0838
1413393977.455760479,25.9364
1413393977.505760431,27.1172
1413393977.555760384,28.8425
1413393977.605760574,28.5259
1413393977.655760527,26.8087
1413393977.705760479,27.008
1413393977.755760431,27.2578
1413393977.805760384,29.5422
1413393977.855760574,28.174
1413393977.905760527,28.553
1413393977.955760479,27.5631
1413393978.005760431,27.1961
1413393978.055760384,27.2652
1413393978.105760574,29.9082
1413393978.155760527,27.7677
1413393978.205760479,27.4382
1413393978.255760431,26.9518
1413393978.305760384,28.3055
1413393978.355760574,29.7393
1413393978.405760527,28.4763
1413393978.455760479,26.272
1413393978.505760431,25.7954
1413393978.555760384,26.2164
1413393978.605760574,29.0023
1413393978.655760527,27.2496
1413393978.705760479,27.6824
1413393978.755760431,26.9777
1413393978.805760384,29.2248
1413393978.855760574,25.6606
1413393978.905760527,27.8761
1413393978.955760479,26.8941
1413393979.005760431,26.9413
1413393979.055760384,26.5626
1413393979.105760574,28.302
1413393979.155760527,26.173
1413393979.205760479,27.8652
1413393979.255760431,27.4162
1413393979.305760384,29.1234
1413393979.355760574,26.9634
1413393979.405760527,26.3377
1413393979.455760479,27.0876
1413393979.505760431,27.0642
1413393979.555760384,27.0425
1413393979.605760574,26.908
1413393979.655760527,27.4484
1413393979.705760479,25.4641
1413393979.755760431,29.1793
1413393979.805760384,28.9247
1413393979.855760574,28.4036
1413393979.905760527,29.2164
1413393979.955760479,28.6061
1413393980.005760431,27.2501
1413393980.055760384,28.3438
1413393980.105760574,28.0465
1413393980.155760527,25.5537
1413393980.205760479,27.9946
1413393980.255760431,27.988
1413393980.305760384,27.0428
1413393980.355760574,25.8659
1413393980.405760527,24.7983
1413393980.455760479,25.4609
1413393980.505760431,24.2797
1413393980.555760384,24.082
1413393980.605760574,25.2683
1413393980.655760527,24.9483
1413393980.705760479,24.8209
1413393980.755760431,26.7529
1413393980.805760384,25.2613
1413393980.855760574,24.8802
1413393980.905760527,25.8858
1413393980.955760479,27.7121
1413393981.005760431,25.9718
1413393981.055760384,26.4039
1413393981.105760574,24.7538
1413393981.155760527,26.0934
1413393981.205760479,24.5959
1413393981.255760431,27.6714
1413393981.305760384,24.6759
1413393981.355760574,27.6933
1413393981.405760527,26.1554
1413393981.455760479,26.7962
1413393981.505760431,24.9984
1413393981.555760384,26.2169
1413393981.605760574,24.7753
1413393981.655760527,25.3184
1413393981.705760479,24.4591
1413393981.755760431,24.2749
1413393981.805760384,24.9198
1413393981.855760574,26.7754
1413393981.905760527,22.8754
1413393981.955760479,24.0908
1413393982.005760431,26.4478
1413393982.055760384,24.3003
1413393982.105760574,23.2908
1413393982.155760527,25.1741
1413393982.205760479,23.7604
1413393982.255760431,24.3394
1413393982.305760384,25.9985
1413393982.355760574,24.2124
1413393982.405760527,22.3372
1413393982.455760479,23.2229
1413393982.505760431,22.035
1413393982.555760384,23.7886
1413393982.605760574,23.3626
1413393982.655760527,21.567
1413393982.705760479,23.4493
1413393982.755760431,25.5424
1413393982.805760384,26.0296
1413393982.855760574,26.0901
1413393982.905760527,24.1706
1413393982.955760479,23.5376
1413393983.005760431,26.6807
1413393983.055760384,24.6652
1413393983.105760574,24.0572
1413393983.155760527,24.2199
1413393983.205760479,23.0451
1413393983.255760431,24.4378
1413393983.305760384,27.1054
1413393983.355760574,27.3953
1413393983.405760527,26.586
1413393983.455760479,24.9972
1413393983.505760431,25.279
1413393983.555760384,27.209
1413393983.605760574,27.7977
1413393983.655760527,23.3718
1413393983.705760479,26.2715
1413393983.755760431,24.5149
1413393983.805760384,25.1782
1413393983.855760574,27.2669
1413393983.905760527,26.4121
1413393983.955760479,26.1725
1413393984.005760431,25.2548
1413393984.055760384,25.9097
1413393984.105760574,27.1472
1413393984.155760527,27.1492
1413393984.205760479,24.7361
1413393984.255760431,25.6434
1413393984.305760384,24.8771
1413393984.355760574,25.1074
1413393984.405760527,24.2709
1413393984.455760479,26.9152
1413393984.505760431,27.392
1413393984.555760384,26.6645
1413393984.605760574,24.9019
1413393984.655760527,24.9108
1413393984.705760479,25.3857
1413393984.755760431,26.4998
1413393984.805760384,26.2086
1413393984.855760574,24.7309
1413393984.905760527,26.4317
1413393984.955760479,26.8363
1413393985.005760431,24.5498
1413393985.055760384,24.3529
1413393985.105760574,23.7205
1413393985.155760527,24.3512
1413393985.205760479,25.3515
1413393985.255760431,23.9572
1413393985.305760384,24.6966
1413393985.355760574,23.6754
1413393985.405760527,26.9047
1413393985.455760479,27.2885
1413393985.505760431,27.1957
1413393985.555760384,24.8881
1413393985.605760574,26.9284
1413393985.655760527,26.1463
1413393985.705760479,26.6255
1413393985.755760431,25.613
1413393985.805760384,28.2901
1413393985.855760574,25.7608
1413393985.905760527,25.4379
1413393985.955760479,26.7316
1413393986.005760431,25.1616
1413393986.055760384,23.3623
1413393986.105760574,24.385
1413393986.155760527,27.4039
1413393986.205760479,26.316
1413393986.255760431,25.8901
1413393986.305760384,27.3326
1413393986.355760574,27.0403
1413393986.405760527,27.6832
1413393986.455760479,26.2003
1413393986.505760431,25.9564
1413393986.555760384,26.0021
1413393986.605760574,26.2682
1413393986.655760527,29.1667
1413393986.705760479,25.5068
1413393986.755760431,24.883
1413393986.805760384,25.0169
1413393986.855760574,27.8079
1413393986.905760527,26.1367
1413393986.955760479,26.3943
1413393987.005760431,27.7094
1413393987.055760384,26.1869
1413393987.105760574,25.7269
1413393987.155760527,28.0356
1413393987.205760479,27.976
1413393987.255760431,27.4403
1413393987.305760384,26.6748
1413393987.355760574,27.4224
1413393987.405760527,25.8043
1413393987.455760479,25.9951
1413393987.505760431,25.8774
1413393987.555760384,28.4471
1413393987.605760574,24.9601
1413393987.655760527,26.6393
1413393987.705760479,25.1913
1413393987.755760431,23.1243
1413393987.805760384,26.2409
1413393987.855760574,27.2608
1413393987.905760527,29.0502
1413393987.955760479,27.8934
1413393988.005760431,26.137
1413393988.055760384,26.6802
1413393988.105760574,28.7933
1413393988.155760527,25.7063
1413393988.205760479,28.8528
1413393988.255760431,25.8257
1413393988.305760384,26.581
1413393988.355760574,26.6297
1413393988.405760527,28.3355
1413393988.455760479,28.3801
1413393988.505760431,27.192
1413393988.555760384,27.109
1413393988.605760574,25.2282
1413393988.655760527,27.9788
1413393988.705760479,25.9984
1413393988.755760431,25.6285
1413393988.805760384,27.1566
1413393988.855760574,25.7422
1413393988.905760527,26.0444
1413393988.955760479,25.6056
1413393989.005760431,25.3021
1413393989.055760384,26.9444
1413393989.105760574,28.6481
1413393989.155760527,28.0053
1413393989.205760479,27.7781
1413393989.255760431,28.903
1413393989.305760384,25.8728
1413393989.355760574,25.8462
1413393989.405760527,26.3368
1413393989.455760479,27.7366
1413393989.505760431,23.9568
1413393989.555760384,27.5639
1413393989.605760574,25.9596
1413393989.655760527,24.7039
1413393989.705760479,25.4628
1413393989.755760431,25.0085
1413393989.805760384,25.7648
1413393989.855760574,27.1313
1413393989.905760527,28.0636
1413393989.955760479,24.6027
1413393990.005760431,26.3397
1413393990.055760384,25.4539
1413393990.105760574,25.7924
1413393990.155760527,26.8731
1413393990.205760479,28.2235
1413393990.255760431,25.2676
1413393990.305760384,25.8328
1413393990.355760574,26.2587
1413393990.405760527,28.7153
1413393990.455760479,26.7519
1413393990.505760431,27.7523
1413393990.555760384,25.5442
1413393990.605760574,26.375
1413393990.655760527,26.3118
1413393990.705760479,26.9237
1413393990.755760431,28.5189
1413393990.805760384,26.4747
1413393990.855760574,28.4265
1413393990.905760527,26.3444
1413393990.955760479,24.5163
1413393991.005760431,25.3927
1413393991.055760384,27.8522
1413393991.105760574,24.6641
1413393991.155760527,25.8713
1413393991.205760479,26.0582
1413393991.255760431,27.7531
1413393991.305760384,24.6124
1413393991.355760574,24.506
1413393991.405760527,24.7302
1413393991.455760479,28.1451
1413393991.505760431,26.203
1413393991.555760384,28.053
1413393991.605760574,27.7752
1413393991.655760527,28.1899
1413393991.705760479,26.0906
1413393991.755760431,25.1383
1413393991.805760384,25.8879
1413393991.855760574,26.4661
1413393991.905760527,27.517
1413393991.955760479,28.2581
1413393992.005760431,25.9788
1413393992.055760384,26.1145
1413393992.105760574,26.431
1413393992.155760527,25.7209
1413393992.205760479,25.9744
1413393992.255760431,26.2232
1413393992.305760384,26.7939
1413393992.355760574,27.0052
1413393992.405760527,26.075
1413393992.455760479,28.7417
1413393992.505760431,28.7592
1413393992.555760384,28.2072
1413393992.605760574,29.3411
1413393992.655760527,27.2522
1413393992.705760479,28.7588
1413393992.755760431,24.3418
1413393992.805760384,27.2805
1413393992.855760574,27.2011
1413393992.905760527,26.6825
1413393992.955760479,27.8084
1413393993.005760431,29.4699
1413393993.055760384,29.6717
1413393993.105760574,27.5185
1413393993.155760527,28.7376
1413393993.205760479,25.0566
1413393993.255760431,26.2068
1413393993.305760384,26.162
1413393993.355760574,25.6046
1413393993.405760527,28.0357
1413393993.455760479,25.8737
1413393993.505760431,28.3158
1413393993.555760384,26.2658
1413393993.605760574,25.8572
1413393993.655760527,26.2817
1413393993.705760479,25.6775
1413393993.755760431,24.8094
1413393993.805760384,26.702
1413393993.855760574,25.4743
1413393993.905760527,26.3827
1413393993.955760479,21.2203
1413393994.005760431,23.4265
1413393994.055760384,25.7898
1413393994.105760574,23.5898
1413393994.155760527,25.2409
1413393994.205760479,25.0224
1413393994.255760431,25.4532
1413393994.305760384,24.2349
1413393994.355760574,25.4546
1413393994.405760527,24.7205
1413393994.455760479,26.8458
1413393994.505760431,28.2732
1413393994.555760384,27.1211
1413393994.605760574,25.0296
1413393994.655760527,25.5414
1413393994.705760479,26.7414
1413393994.755760431,24.3987
1413393994.805760384,25.3547
1413393994.855760574,24.5325
1413393994.905760527,27.6264
1413393994.955760479,26.9009
1413393995.005760431,25.7619
1413393995.055760384,29.6025
1413393995.105760574,27.1905
1413393995.155760527,27.2753
1413393995.205760479,27.066
1413393995.255760431,26.7682
1413393995.305760384,27.1524
1413393995.355760574,29.3305
1413393995.405760527,26.1555
1413393995.455760479,29.324
1413393995.505760431,27.031
1413393995.555760384,26.0735
1413393995.605760574,25.8298
1413393995.655760527,26.2448
1413393995.705760479,27.4183
1413393995.755760431,26.2502
1413393995.805760384,24.8242
1413393995.855760574,27.3821
1413393995.905760527,25.4833
1413393995.955760479,27.5435
1413393996.005760431,26.9664
1413393996.055760384,26.4332
1413393996.105760574,25.5541
1413393996.155760527,24.279
1413393996.205760479,25.869
1413393996.255760431,25.6724
1413393996.305760384,25.2615
1413393996.355760574,27.817
1413393996.405760527,26.0284
1413393996.455760479,28.1991
1413393996.505760431,27.4793
1413393996.555760384,26.1587
1413393996.605760574,25.3385
1413393996.655760527,29.0282
1413393996.705760479,26.1305
1413393996.755760431,25.3592
1413393996.805760384,27.9978
1413393996.855760574,25.0746
1413393996.905760527,25.5453
1413393996.955760479,29.4281
1413393997.005760431,26.5762
1413393997.055760384,25.8037
1413393997.105760574,26.942
1413393997.155760527,27.921
1413393997.205760479,27.5336
1413393997.255760431,29.1609
1413393997.305760384,27.9105
1413393997.355760574,29.3639
1413393997.405760527,29.1063
1413393997.455760479,27.7506
1413393997.505760431,29.7932
1413393997.555760384,26.6236
1413393997.605760574,27.2439
1413393997.655760527,26.9643
1413393997.705760479,26.3375
1413393997.755760431,24.1957
1413393997.805760384,26.3059
1413393997.855760574,25.411
1413393997.905760527,27.845
1413393997.955760479,25.8935
1413393998.005760431,25.0948
1413393998.055760384,25.1102
1413393998.105760574,25.7333
1413393998.155760527,23.8249
1413393998.205760479,22.6289
1413393998.255760431,25.5458
1413393998.305760384,25.2521
1413393998.355760574,24.1808
1413393998.405760527,23.3495
1413393998.455760479,23.8599
1413393998.505760431,24.456
1413393998.555760384,22.4918
1413393998.605760574,22.3155
1413393998.655760527,23.6188
1413393998.705760479,21.992
1413393998.755760431,23.7824
1413393998.805760384,23.2838
1413393998.855760574,22.2656
1413393998.905760527,21.9627
1413393998.955760479,19.7698
1413393999.005760431,20.974
1413393999.055760384,22.6629
1413393999.105760574,21.5136
1413393999.155760527,22.0692
1413393999.205760479,22.6361
1413393999.255760431,23.8781
1413393999.305760384,18.8251
1413393999.355760574,18.554
1413393999.405760527,19.7327
1413393999.455760479,18.2115
1413393999.505760431,18.9077
1413393999.555760384,16.4343
1413393999.605760574,19.0293
1413393999.655760527,18.9693
1413393999.705760479,17.6478
1413393999.755760431,17.0695
1413393999.805760384,15.5201
1413393999.855760574,15.1793
1413393999.905760527,16.2368
1413393999.955760479,15.7177
1413394000.005760431,12.4346
1413394000.055760384,12.8425
1413394000.105760574,13.9292
1413394000.155760527,13.6564
1413394000.205760479,13.0736
1413394000.255760431,13.6655
1413394000.305760384,12.9285
1413394000.355760574,14.1475
1413394000.405760527,13.8973
1413394000.455760479,15.7811
1413394000.505760431,13.471
1413394000.555760384,12.5629
1413394000.605760574,14.5002
1413394000.655760527,12.9447
1413394000.705760479,12.8231
1413394000.755760431,13.3352
1413394000.805760384,15.1296
1413394000.855760574,12.7326
1413394000.905760527,16.2112
1413394000.955760479,11.2284
1413394001.005760431,13.1216
1413394001.055760384,14.3722
1413394001.105760574,12.5408
1413394001.155760527,13.8544
1413394001.205760479,12.0582
1413394001.255760431,12.5205
1413394001.305760384,15.073
1413394001.355760574,12.9686
1413394001.405760527,12.4194
1413394001.455760479,13.0822
1413394001.505760431,15.1542
1413394001.555760384,15.3946
1413394001.605760574,15.2731
1413394001.655760527,13.7834
1413394001.705760479,15.5248
1413394001.755760431,13.6761
1413394001.805760384,13.1788
1413394001.855760574,15.1937
1413394001.905760527,12.8136
1413394001.955760479,13.3443
1413394002.005760431,13.5764
1413394002.055760384,13.4844
1413394002.105760574,15.0798
1413394002.155760527,11.5533
1413394002.205760479,13.2038
1413394002.255760431,12.7884
1413394002.305760384,15.8574
1413394002.355760574,13.2194
1413394002.405760527,15.3295
1413394002.455760479,15.8209
1413394002.505760431,13.4439
1413394002.555760384,15.1187
1413394002.605760574,15.8616
1413394002.655760527,13.8529
1413394002.705760479,16.1646
1413394002.755760431,14.7867
1413394002.805760384,10.5594
1413394002.855760574,15.0735
1413394002.905760527,15.3201
1413394002.955760479,14.0131
1413394003.005760431,15.9525
1413394003.055760384,13.3877
1413394003.105760574,13.7906
1413394003.155760527,13.5386
1413394003.205760479,13.5016
1413394003.255760431,15.5596
1413394003.305760384,14.5767
1413394003.355760574,14.1694
