1403636579.763555527,1.048
1403636579.813555479,1.179
1403636579.863555431,1.149
1403636579.913555384,1.178
1403636579.963555574,1.142
1403636580.013555527,1.145
1403636580.063555479,1.171
1403636580.113555431,1.187
1403636580.163555384,1.196
1403636580.213555574,1.147
1403636580.263555527,1.19
1403636580.313555479,1.173
1403636580.363555431,1.121
1403636580.413555384,1.119
1403636580.463555574,1.14
1403636580.513555527,1.191
1403636580.563555479,1.114
1403636580.613555431,1.129
1403636580.663555384,1.133
1403636580.713555574,1.134
1403636580.763555527,1.16
1403636580.813555479,1.138
1403636580.863555431,1.145
1403636580.913555384,1.205
1403636580.963555574,1.194
1403636581.013555527,1.156
1403636581.063555479,1.135
1403636581.113555431,1.194
1403636581.163555384,1.101
1403636581.213555574,1.13
1403636581.263555527,1.182
1403636581.313555479,1.726
1403636581.363555431,1.125
1403636581.413555384,1.146
1403636581.463555574,1.165
1403636581.513555527,1.087
1403636581.563555479,1.413
1403636581.613555431,1.24
1403636581.663555384,1.14
1403636581.713555574,1.167
1403636581.763555527,1.193
1403636581.813555479,1.234
1403636581.863555431,1.218
1403636581.913555384,1.092
1403636581.963555574,1.118
1403636582.013555527,1.131
1403636582.063555479,1.228
1403636582.113555431,1.327
1403636582.163555384,1.22
1403636582.213555574,1.152
1403636582.263555527,1.091
1403636582.313555479,1.106
1403636582.363555431,1.048
1403636582.413555384,1.213
1403636582.463555574,1.201
1403636582.513555527,1.087
1403636582.563555479,1.205
1403636582.613555431,1.174
1403636582.663555384,1.15
1403636582.713555574,1.121
1403636582.763555527,1.18
1403636582.813555479,1.202
1403636582.863555431,1.332
1403636582.913555384,1.681
1403636582.963555574,1.183
1403636583.013555527,1.094
1403636583.063555479,1.074
1403636583.113555431,1.181
1403636583.163555384,1.236
1403636583.213555574,1.125
1403636583.263555527,1.207
1403636583.313555479,1.105
1403636583.363555431,1.065
1403636583.413555384,1.148
1403636583.463555574,1.272
1403636583.513555527,1.215
1403636583.563555479,1.118
1403636583.613555431,1.202
1403636583.663555384,1.148
1403636583.713555574,1.197
1403636583.763555527,1.029
1403636583.813555479,1.187
1403636583.863555431,1.133
1403636583.913555384,1.248
1403636583.963555574,1.229
1403636584.013555527,1.176
1403636584.063555479,1.118
1403636584.113555431,1.188
1403636584.163555384,1.33
1403636584.213555574,1.358
1403636584.263555527,1.203
1403636584.313555479,1.101
1403636584.363555431,1.238
1403636584.413555384,1.193
1403636584.463555574,1.183
1403636584.513555527,1.926
1403636584.563555479,1.175
1403636584.613555431,1.171
1403636584.663555384,1.132
1403636584.713555574,1.201
1403636584.763555527,1.131
1403636584.813555479,1.125
1403636584.863555431,1.144
1403636584.913555384,1.156
1403636584.963555574,1.418
1403636585.013555527,1.197
1403636585.063555479,1.138
1403636585.113555431,1.28
1403636585.163555384,1.181
1403636585.213555574,1.189
1403636585.263555527,1.201
1403636585.313555479,1.075
1403636585.363555431,1.134
1403636585.413555384,1.346
1403636585.463555574,1.161
1403636585.513555527,1.146
1403636585.563555479,1.164
1403636585.613555431,1.039
1403636585.663555384,1.175
1403636585.713555574,1.315
1403636585.763555527,1.241
1403636585.813555479,1.183
1403636585.863555431,1.268
1403636585.913555384,1.094
1403636585.963555574,1.189
1403636586.013555527,1.255
1403636586.063555479,1.191
1403636586.113555431,1.552
1403636586.163555384,1.229
1403636586.213555574,1.035
1403636586.263555527,1.123
1403636586.313555479,1.197
1403636586.363555431,1.134
1403636586.413555384,1.076
1403636586.463555574,1.163
1403636586.513555527,1.145
1403636586.563555479,1.168
1403636586.613555431,1.258
1403636586.663555384,1.139
1403636586.713555574,1.23
1403636586.763555527,1.106
1403636586.813555479,1.122
1403636586.863555431,1.233
1403636586.913555384,1.227
1403636586.963555574,1.155
1403636587.013555527,1.153
1403636587.063555479,1.214
1403636587.113555431,1.352
1403636587.163555384,1.142
1403636587.213555574,1.089
1403636587.263555527,1.234
1403636587.313555479,1.202
1403636587.363555431,1.261
1403636587.413555384,1.102
1403636587.463555574,1.201
1403636587.513555527,1.269
1403636587.563555479,1.143
1403636587.613555431,1.131
1403636587.663555384,1.425
1403636587.713555574,1.816
1403636587.763555527,1.093
1403636587.813555479,1.269
1403636587.863555431,1.147
1403636587.913555384,1.151
1403636587.963555574,1.318
1403636588.013555527,1.178
1403636588.063555479,1.112
1403636588.113555431,1.181
1403636588.163555384,1.135
1403636588.213555574,1.075
1403636588.263555527,1.264
1403636588.313555479,1.171
1403636588.363555431,1.221
1403636588.413555384,1.238
1403636588.463555574,1.083
1403636588.513555527,1.185
1403636588.563555479,1.211
1403636588.613555431,1.094
1403636588.663555384,1.148
1403636588.713555574,1.238
1403636588.763555527,1.185
1403636588.813555479,1.187
1403636588.863555431,1.108
1403636588.913555384,1.21
1403636588.963555574,1.2
1403636589.013555527,1.095
1403636589.063555479,1.175
1403636589.113555431,1.149
1403636589.163555384,1.185
1403636589.213555574,1.204
1403636589.263555527,1.139
1403636589.313555479,1.907
1403636589.363555431,1.099
1403636589.413555384,1.13
1403636589.463555574,1.279
1403636589.513555527,1.17
1403636589.563555479,1.158
1403636589.613555431,1.179
1403636589.663555384,1.248
1403636589.713555574,1.165
1403636589.763555527,1.36
1403636589.813555479,1.163
1403636589.863555431,1.165
1403636589.913555384,1.451
1403636589.963555574,1.151
1403636590.013555527,1.118
1403636590.063555479,1.203
1403636590.113555431,1.189
1403636590.163555384,1.208
1403636590.213555574,1.345
1403636590.263555527,1.139
1403636590.313555479,1.085
1403636590.363555431,1.094
1403636590.413555384,1.088
1403636590.463555574,1.012
1403636590.513555527,1.26
1403636590.563555479,1.124
1403636590.613555431,1.14
1403636590.663555384,1.214
1403636590.713555574,1.102
1403636590.763555527,1.17
1403636590.813555479,1.209
1403636590.863555431,1.128
1403636590.913555384,1.731
1403636590.963555574,1.06
1403636591.013555527,1.124
1403636591.063555479,1.046
1403636591.113555431,1.33
1403636591.163555384,1.191
1403636591.213555574,1.089
1403636591.263555527,1.118
1403636591.313555479,1.203
1403636591.363555431,1.129
1403636591.413555384,1.198
1403636591.463555574,1.15
1403636591.513555527,1.146
1403636591.563555479,1.374
1403636591.613555431,1.108
1403636591.663555384,1.204
1403636591.713555574,1.117
1403636591.763555527,1.164
1403636591.813555479,1.052
1403636591.863555431,1.173
1403636591.913555384,1.179
1403636591.963555574,1.155
1403636592.013555527,1.188
1403636592.063555479,1.164
1403636592.113555431,1.104
1403636592.163555384,1.259
1403636592.213555574,1.169
1403636592.263555527,1.183
1403636592.313555479,1.183
1403636592.363555431,1.207
1403636592.413555384,1.164
1403636592.463555574,1.207
1403636592.513555527,1.492
1403636592.563555479,1.222
1403636592.613555431,1.084
1403636592.663555384,1.175
1403636592.713555574,1.221
1403636592.763555527,1.241
1403636592.813555479,1.12
1403636592.863555431,1.132
1403636592.913555384,1.266
1403636592.963555574,1.171
1403636593.013555527,1.152
1403636593.063555479,1.279
1403636593.113555431,1.166
1403636593.163555384,1.187
1403636593.213555574,1.393
1403636593.263555527,1.161
1403636593.313555479,1.194
1403636593.363555431,1.311
1403636593.413555384,1.141
1403636593.463555574,1.133
1403636593.513555527,1.194
1403636593.563555479,1.203
1403636593.613555431,1.175
1403636593.663555384,1.241
1403636593.713555574,1.183
1403636593.763555527,1.14
1403636593.813555479,1.118
1403636593.863555431,1.124
1403636593.913555384,1.109
1403636593.963555574,1.082
1403636594.013555527,1.099
1403636594.063555479,1.107
1403636594.113555431,2.158
1403636594.163555384,1.147
1403636594.213555574,1.18
1403636594.263555527,1.214
1403636594.313555479,1.13
1403636594.363555431,1.129
1403636594.413555384,1.165
1403636594.463555574,1.341
1403636594.513555527,1.089
1403636594.563555479,1.065
1403636594.613555431,1.153
1403636594.663555384,1.181
1403636594.713555574,1.321
1403636594.763555527,1.143
1403636594.813555479,1.162
1403636594.863555431,1.183
1403636594.913555384,1.135
1403636594.963555574,1.072
1403636595.013555527,1.16
1403636595.063555479,1.148
1403636595.113555431,1.188
1403636595.163555384,1.291
1403636595.213555574,1.132
1403636595.263555527,1.143
1403636595.313555479,1.149
1403636595.363555431,1.178
1403636595.413555384,1.193
1403636595.463555574,1.185
1403636595.513555527,1.173
1403636595.563555479,1.139
1403636595.613555431,1.26
1403636595.663555384,1.215
1403636595.713555574,1.616
1403636595.763555527,1.301
1403636595.813555479,1.187
1403636595.863555431,1.115
1403636595.913555384,1.325
1403636595.963555574,1.145
1403636596.013555527,1.144
1403636596.063555479,1.101
1403636596.113555431,1.301
1403636596.163555384,1.011
1403636596.213555574,1.09
1403636596.263555527,1.12
1403636596.313555479,1.084
1403636596.363555431,1.101
1403636596.413555384,1.174
1403636596.463555574,1.13
1403636596.513555527,1.275
1403636596.563555479,1.136
1403636596.613555431,1.12
1403636596.663555384,1.136
1403636596.713555574,1.148
1403636596.763555527,1.197
1403636596.813555479,1.246
1403636596.863555431,1.166
1403636596.913555384,1.127
1403636596.963555574,1.111
1403636597.013555527,1.211
1403636597.063555479,1.194
1403636597.113555431,1.28
1403636597.163555384,1.162
1403636597.213555574,1.142
1403636597.263555527,1.12
1403636597.313555479,1.755
1403636597.363555431,1.094
1403636597.413555384,1.171
1403636597.463555574,1.162
1403636597.513555527,1.146
1403636597.563555479,1.244
1403636597.613555431,1.21
1403636597.663555384,1.162
1403636597.713555574,1.201
1403636597.763555527,1.249
1403636597.813555479,1.212
1403636597.863555431,1.15
1403636597.913555384,1.1
1403636597.963555574,1.105
1403636598.013555527,1.185
1403636598.063555479,1.131
1403636598.113555431,1.155
1403636598.163555384,1.144
1403636598.213555574,1.128
1403636598.263555527,1.195
1403636598.313555479,1.122
1403636598.363555431,1.152
1403636598.413555384,1.115
1403636598.463555574,1.088
1403636598.513555527,1.177
1403636598.563555479,1.047
1403636598.613555431,1.148
1403636598.663555384,1.165
1403636598.713555574,1.13
1403636598.763555527,1.087
1403636598.813555479,1.129
1403636598.863555431,1.167
1403636598.913555384,1.724
1403636598.963555574,1.163
1403636599.013555527,1.134
1403636599.063555479,1.161
1403636599.113555431,1.161
1403636599.163555384,1.192
1403636599.213555574,1.234
1403636599.263555527,1.112
1403636599.313555479,1.141
1403636599.363555431,1.374
1403636599.413555384,1.129
1403636599.463555574,1.095
1403636599.513555527,1.44
1403636599.563555479,1.095
1403636599.613555431,1.171
1403636599.663555384,1.347
1403636599.713555574,1.115
1403636599.763555527,1.265
1403636599.813555479,1.255
1403636599.863555431,1.065
1403636599.913555384,1.167
1403636599.963555574,1.189
1403636600.013555527,1.138
1403636600.063555479,1.212
1403636600.113555431,1.166
1403636600.163555384,1.183
1403636600.213555574,1.15
1403636600.263555527,1.16
1403636600.313555479,1.116
1403636600.363555431,1.114
1403636600.413555384,1.25
1403636600.463555574,1.188
1403636600.513555527,1.887
1403636600.563555479,1.241
1403636600.613555431,1.19
1403636600.663555384,1.107
1403636600.713555574,1.135
1403636600.763555527,1.166
1403636600.813555479,1.164
1403636600.863555431,1.204
1403636600.913555384,1.198
1403636600.963555574,1.115
1403636601.013555527,1.147
1403636601.063555479,1.211
1403636601.113555431,1.172
1403636601.163555384,1.194
1403636601.213555574,1.097
1403636601.263555527,1.085
1403636601.313555479,1.204
1403636601.363555431,1.184
1403636601.413555384,1.105
1403636601.463555574,1.214
1403636601.513555527,1.19
1403636601.563555479,1.176
1403636601.613555431,1.32
1403636601.663555384,1.135
1403636601.713555574,1.199
1403636601.763555527,1.207
1403636601.813555479,1.15
1403636601.863555431,1.199
1403636601.913555384,1.131
1403636601.963555574,1.185
1403636602.013555527,1.08
1403636602.063555479,1.11
1403636602.113555431,1.583
1403636602.163555384,1.117
1403636602.213555574,1.077
1403636602.263555527,1.069
1403636602.313555479,1.161
1403636602.363555431,1.246
1403636602.413555384,1.241
1403636602.463555574,1.106
1403636602.513555527,1.288
1403636602.563555479,1.14
1403636602.613555431,1.109
1403636602.663555384,1.201
1403636602.713555574,1.148
1403636602.763555527,1.157
1403636602.813555479,1.248
1403636602.863555431,1.127
1403636602.913555384,1.122
1403636602.963555574,1.138
1403636603.013555527,1.081
1403636603.063555479,1.173
1403636603.113555431,1.247
1403636603.163555384,1.058
1403636603.213555574,1.122
1403636603.263555527,1.111
1403636603.313555479,1.073
1403636603.363555431,1.178
1403636603.413555384,1.082
1403636603.463555574,1.106
1403636603.513555527,1.161
1403636603.563555479,1.335
1403636603.613555431,1.111
1403636603.663555384,1.195
1403636603.713555574,1.518
1403636603.763555527,1.152
1403636603.813555479,1.172
1403636603.863555431,1.254
1403636603.913555384,1.125
1403636603.963555574,1.174
1403636604.013555527,1.286
1403636604.063555479,1.183
1403636604.113555431,1.093
1403636604.163555384,1.086
1403636604.213555574,1.085
1403636604.263555527,1.185
1403636604.313555479,1.103
1403636604.363555431,1.191
1403636604.413555384,1.182
1403636604.463555574,1.096
1403636604.513555527,1.112
1403636604.563555479,1.097
1403636604.613555431,1.304
1403636604.663555384,1.153
1403636604.713555574,1.152
1403636604.763555527,1.218
1403636604.813555479,1.057
1403636604.863555431,1.11
1403636604.913555384,1.241
1403636604.963555574,1.118
1403636605.013555527,1.102
1403636605.063555479,1.069
1403636605.113555431,1.166
1403636605.163555384,1.115
1403636605.213555574,1.224
1403636605.263555527,1.081
1403636605.313555479,1.553
1403636605.363555431,1.124
1403636605.413555384,1.113
1403636605.463555574,1.13
1403636605.513555527,1.476
1403636605.563555479,1.09
1403636605.613555431,1.178
1403636605.663555384,1.128
1403636605.713555574,1.162
1403636605.763555527,1.12
1403636605.813555479,1.306
1403636605.863555431,1.169
1403636605.913555384,1.148
1403636605.963555574,1.207
1403636606.013555527,1.117
1403636606.063555479,1.164
1403636606.113555431,1.28
1403636606.163555384,1.196
1403636606.213555574,1.154
1403636606.263555527,1.102
1403636606.313555479,1.147
1403636606.363555431,1.137
1403636606.413555384,1.182
1403636606.463555574,1.198
1403636606.513555527,1.207
1403636606.563555479,1.203
1403636606.613555431,1.142
1403636606.663555384,1.207
1403636606.713555574,1.23
1403636606.763555527,1.113
1403636606.813555479,1.138
1403636606.863555431,1.515
1403636606.913555384,2.067
1403636606.963555574,1.147
1403636607.013555527,1.214
1403636607.063555479,1.164
1403636607.113555431,1.123
1403636607.163555384,1.324
1403636607.213555574,1.168
1403636607.263555527,1.142
1403636607.313555479,1.115
1403636607.363555431,1.203
1403636607.413555384,1.103
1403636607.463555574,1.364
1403636607.513555527,1.109
1403636607.563555479,1.106
1403636607.613555431,1.133
1403636607.663555384,1.169
1403636607.713555574,1.151
1403636607.763555527,1.211
1403636607.813555479,1.161
1403636607.863555431,1.188
1403636607.913555384,1.067
1403636607.963555574,1.181
1403636608.013555527,1.158
1403636608.063555479,1.252
1403636608.113555431,1.089
1403636608.163555384,1.142
1403636608.213555574,1.107
1403636608.263555527,1.153
1403636608.313555479,1.125
1403636608.363555431,1.304
1403636608.413555384,1.166
1403636608.463555574,1.15
1403636608.513555527,1.805
1403636608.563555479,1.149
1403636608.613555431,1.091
1403636608.663555384,1.192
1403636608.713555574,1.171
1403636608.763555527,1.146
1403636608.813555479,1.071
1403636608.863555431,1.207
1403636608.913555384,1.206
1403636608.963555574,1.26
1403636609.013555527,1.046
1403636609.063555479,1.127
1403636609.113555431,1.251
1403636609.163555384,1.19
1403636609.213555574,1.19
1403636609.263555527,1.085
1403636609.313555479,1.124
1403636609.363555431,1.166
1403636609.413555384,1.2
1403636609.463555574,1.236
1403636609.513555527,1.139
1403636609.563555479,1.303
1403636609.613555431,1.242
1403636609.663555384,1.159
1403636609.713555574,1.219
1403636609.763555527,1.207
1403636609.813555479,1.09
1403636609.863555431,1.271
1403636609.913555384,1.235
1403636609.963555574,1.161
1403636610.013555527,1.269
1403636610.063555479,1.164
1403636610.113555431,1.667
1403636610.163555384,1.157
1403636610.213555574,1.11
1403636610.263555527,1.194
1403636610.313555479,1.181
1403636610.363555431,1.178
1403636610.413555384,1.159
1403636610.463555574,1.177
1403636610.513555527,1.11
1403636610.563555479,1.129
1403636610.613555431,1.248
1403636610.663555384,1.153
1403636610.713555574,1.15
1403636610.763555527,1.228
1403636610.813555479,1.186
1403636610.863555431,1.088
1403636610.913555384,1.133
1403636610.963555574,1.105
1403636611.013555527,1.146
1403636611.063555479,1.134
1403636611.113555431,1.173
1403636611.163555384,1.138
1403636611.213555574,1.138
1403636611.263555527,1.16
1403636611.313555479,1.061
1403636611.363555431,1.096
1403636611.413555384,1.092
1403636611.463555574,1.132
1403636611.513555527,1.256
1403636611.563555479,1.23
1403636611.613555431,1.18
1403636611.663555384,1.186
1403636611.713555574,1.453
1403636611.763555527,1.097
1403636611.813555479,1.071
1403636611.863555431,1.055
1403636611.913555384,1.045
1403636611.963555574,1.273
1403636612.013555527,1.105
1403636612.063555479,1.159
1403636612.113555431,1.339
1403636612.163555384,1.119
1403636612.213555574,1.202
1403636612.263555527,1.161
1403636612.313555479,1.109
1403636612.363555431,1.073
1403636612.413555384,1.1
1403636612.463555574,1.293
1403636612.513555527,1.163
1403636612.563555479,1.163
1403636612.613555431,1.032
1403636612.663555384,1.199
1403636612.713555574,1.221
1403636612.763555527,1.199
1403636612.813555479,1.169
1403636612.863555431,1.217
1403636612.913555384,1.142
1403636612.963555574,1.168
1403636613.013555527,1.249
1403636613.063555479,1.164
1403636613.113555431,1.192
1403636613.163555384,1.305
1403636613.213555574,1.169
1403636613.263555527,1.136
1403636613.313555479,1.695
1403636613.363555431,1.118
1403636613.413555384,1.1
1403636613.463555574,1.146
1403636613.513555527,1.138
1403636613.563555479,1.154
1403636613.613555431,1.115
1403636613.663555384,1.166
1403636613.713555574,1.178
1403636613.763555527,1.078
1403636613.813555479,1.083
1403636613.863555431,1.075
1403636613.913555384,1.161
1403636613.963555574,1.177
1403636614.013555527,1.083
1403636614.063555479,1.13
1403636614.113555431,1.174
1403636614.163555384,1.135
1403636614.213555574,1.097
1403636614.263555527,1.16
1403636614.313555479,1.188
1403636614.363555431,1.117
1403636614.413555384,1.073
1403636614.463555574,1.108
1403636614.513555527,1.121
1403636614.563555479,1.086
1403636614.613555431,1.178
1403636614.663555384,1.212
1403636614.713555574,1.186
1403636614.763555527,1.145
1403636614.813555479,1.296
1403636614.863555431,1.156
1403636614.913555384,1.539
1403636614.963555574,1.297
1403636615.013555527,1.163
1403636615.063555479,1.121
1403636615.113555431,1.224
1403636615.163555384,1.159
1403636615.213555574,1.141
1403636615.263555527,1.34
1403636615.313555479,1.151
1403636615.363555431,1.158
1403636615.413555384,1.323
1403636615.463555574,1.135
1403636615.513555527,1.168
1403636615.563555479,1.289
1403636615.613555431,1.073
1403636615.663555384,1.088
1403636615.713555574,1.174
1403636615.763555527,1.204
1403636615.813555479,1.184
1403636615.863555431,1.086
1403636615.913555384,1.132
1403636615.963555574,1.081
1403636616.013555527,1.245
1403636616.063555479,1.111
1403636616.113555431,1.109
1403636616.163555384,1.393
1403636616.213555574,1.281
1403636616.263555527,1.211
1403636616.313555479,1.151
1403636616.363555431,1.159
1403636616.413555384,1.142
1403636616.463555574,1.083
1403636616.513555527,1.627
1403636616.563555479,1.099
1403636616.613555431,1.261
1403636616.663555384,1.189
1403636616.713555574,1.198
1403636616.763555527,1.248
1403636616.813555479,1.182
1403636616.863555431,1.074
1403636616.913555384,1.168
1403636616.963555574,1.161
1403636617.013555527,1.105
1403636617.063555479,1.242
1403636617.113555431,1.157
1403636617.163555384,1.183
1403636617.213555574,1.065
1403636617.263555527,1.169
1403636617.313555479,1.178
1403636617.363555431,1.124
1403636617.413555384,1.162
1403636617.463555574,1.146
1403636617.513555527,1.149
1403636617.563555479,1.205
1403636617.613555431,1.127
1403636617.663555384,1.142
1403636617.713555574,1.215
1403636617.763555527,1.385
1403636617.813555479,1.187
1403636617.863555431,1.087
1403636617.913555384,1.138
1403636617.963555574,4.254
1403636618.013555527,1.005
1403636618.063555479,1.125
1403636618.113555431,1.714
1403636618.163555384,1.117
1403636618.213555574,1.151
1403636618.263555527,1.144
1403636618.313555479,1.153
1403636618.363555431,1.098
1403636618.413555384,1.145
1403636618.463555574,1.191
1403636618.513555527,1.206
1403636618.563555479,1.092
1403636618.613555431,1.129
1403636618.663555384,1.082
1403636618.713555574,1.288
1403636618.763555527,1.149
1403636618.813555479,1.162
1403636618.863555431,1.127
1403636618.913555384,1.118
1403636618.963555574,1.16
1403636619.013555527,1.289
1403636619.063555479,1.105
1403636619.113555431,1.183
1403636619.163555384,1.091
1403636619.213555574,1.109
1403636619.263555527,1.078
1403636619.313555479,1.121
1403636619.363555431,1.174
1403636619.413555384,1.302
1403636619.463555574,1.133
1403636619.513555527,1.21
1403636619.563555479,1.174
1403636619.613555431,1.302
1403636619.663555384,1.152
1403636619.713555574,2.45
1403636619.763555527,1.323
1403636619.813555479,1.102
1403636619.863555431,1.126
1403636619.913555384,1.065
1403636619.963555574,1.071
1403636620.013555527,1.167
1403636620.063555479,1.267
1403636620.113555431,1.183
1403636620.163555384,1.16
1403636620.213555574,1.364
1403636620.263555527,1.011
1403636620.313555479,1.069
1403636620.363555431,1.114
1403636620.413555384,1.082
1403636620.463555574,1.121
1403636620.513555527,1.202
1403636620.563555479,1.173
1403636620.613555431,1.147
1403636620.663555384,1.108
1403636620.713555574,1.168
1403636620.763555527,1.135
1403636620.813555479,1.109
1403636620.863555431,1.135
1403636620.913555384,1.166
1403636620.963555574,1.074
1403636621.013555527,1.082
1403636621.063555479,1.061
1403636621.113555431,1.214
1403636621.163555384,1.132
1403636621.213555574,1.164
1403636621.263555527,1.191
1403636621.313555479,1.832
1403636621.363555431,1.209
1403636621.413555384,1.251
1403636621.463555574,1.188
1403636621.513555527,1.167
1403636621.563555479,1.163
1403636621.613555431,1.206
1403636621.663555384,1.036
1403636621.713555574,1.31
1403636621.763555527,1.121
1403636621.813555479,1.148
1403636621.863555431,1.244
1403636621.913555384,1.245
1403636621.963555574,1.222
1403636622.013555527,1.256
1403636622.063555479,1.063
1403636622.113555431,1.117
1403636622.163555384,1.447
1403636622.213555574,1.141
1403636622.263555527,1.148
1403636622.313555479,1.276
1403636622.363555431,1.21
1403636622.413555384,1.134
1403636622.463555574,1.373
1403636622.513555527,1.169
1403636622.563555479,1.15
1403636622.613555431,1.206
1403636622.663555384,1.119
1403636622.713555574,1.141
1403636622.763555527,1.213
1403636622.813555479,1.105
1403636622.863555431,1.174
1403636622.913555384,2.095
1403636622.963555574,1.137
1403636623.013555527,1.2
1403636623.063555479,1.284
1403636623.113555431,1.035
1403636623.163555384,1.153
1403636623.213555574,1.188
1403636623.263555527,1.137
1403636623.313555479,1.148
1403636623.363555431,1.103
1403636623.413555384,1.188
1403636623.463555574,1.146
1403636623.513555527,1.182
1403636623.563555479,1.156
1403636623.613555431,1.088
1403636623.663555384,1.415
1403636623.713555574,1.13
1403636623.763555527,1.17
1403636623.813555479,1.251
1403636623.863555431,1.16
1403636623.913555384,1.095
1403636623.963555574,1.227
1403636624.013555527,1.201
1403636624.063555479,1.169
1403636624.113555431,1.086
1403636624.163555384,1.167
1403636624.213555574,1.087
1403636624.263555527,1.327
1403636624.313555479,1.178
1403636624.363555431,1.114
1403636624.413555384,1.191
1403636624.463555574,1.172
1403636624.513555527,1.549
1403636624.563555479,1.108
1403636624.613555431,1.135
1403636624.663555384,1.149
1403636624.713555574,1.28
1403636624.763555527,1.144
1403636624.813555479,1.14
1403636624.863555431,1.422
1403636624.913555384,1.139
1403636624.963555574,1.109
1403636625.013555527,1.098
1403636625.063555479,1.138
1403636625.113555431,1.103
1403636625.163555384,1.196
1403636625.213555574,1.144
1403636625.263555527,1.177
1403636625.313555479,1.226
1403636625.363555431,1.113
1403636625.413555384,1.112
1403636625.463555574,1.236
1403636625.513555527,1.188
1403636625.563555479,1.143
1403636625.613555431,1.288
1403636625.663555384,1.097
1403636625.713555574,1.175
1403636625.763555527,1.326
1403636625.813555479,1.035
1403636625.863555431,1.171
1403636625.913555384,1.248
1403636625.963555574,1.142
1403636626.013555527,1.158
1403636626.063555479,1.184
1403636626.113555431,2.048
1403636626.163555384,1.211
1403636626.213555574,1.1
1403636626.263555527,1.212
1403636626.313555479,1.123
1403636626.363555431,1.329
1403636626.413555384,1.038
1403636626.463555574,1.082
1403636626.513555527,1.358
1403636626.563555479,1.193
1403636626.613555431,1.095
1403636626.663555384,1.141
1403636626.713555574,1.192
1403636626.763555527,1.141
1403636626.813555479,1.136
1403636626.863555431,1.112
1403636626.913555384,1.357
1403636626.963555574,1.09
1403636627.013555527,1.188
1403636627.063555479,1.194
1403636627.113555431,1.351
1403636627.163555384,1.171
1403636627.213555574,1.158
1403636627.263555527,1.387
1403636627.313555479,1.18
1403636627.363555431,1.129
1403636627.413555384,1.256
1403636627.463555574,1.11
1403636627.513555527,1.081
1403636627.563555479,1.102
1403636627.613555431,1.146
1403636627.663555384,1.193
1403636627.713555574,1.737
1403636627.763555527,1.186
1403636627.813555479,1.134
1403636627.863555431,1.187
1403636627.913555384,1.119
1403636627.963555574,1.17
1403636628.013555527,1.468
1403636628.063555479,1.163
1403636628.113555431,1.156
1403636628.163555384,1.291
1403636628.213555574,1.094
1403636628.263555527,1.142
1403636628.313555479,1.27
1403636628.363555431,1.129
1403636628.413555384,1.135
1403636628.463555574,1.161
1403636628.513555527,1.291
1403636628.563555479,1.091
1403636628.613555431,1.279
1403636628.663555384,1.128
1403636628.713555574,1.177
1403636628.763555527,1.194
1403636628.813555479,1.192
1403636628.863555431,1.203
1403636628.913555384,1.383
1403636628.963555574,1.129
1403636629.013555527,1.117
1403636629.063555479,1.254
1403636629.113555431,1.214
1403636629.163555384,1.184
1403636629.213555574,1.343
1403636629.263555527,1.087
1403636629.313555479,1.659
1403636629.363555431,1.424
1403636629.413555384,1.095
1403636629.463555574,1.194
1403636629.513555527,1.306
1403636629.563555479,1.119
1403636629.613555431,1.1
1403636629.663555384,1.306
1403636629.713555574,1.099
1403636629.763555527,1.135
1403636629.813555479,1.405
1403636629.863555431,1.094
1403636629.913555384,1.197
1403636629.963555574,1.214
1403636630.013555527,1.217
1403636630.063555479,1.181
1403636630.113555431,1.53
1403636630.163555384,1.125
1403636630.213555574,1.161
1403636630.263555527,1.477
1403636630.313555479,1.07
1403636630.363555431,1.185
1403636630.413555384,1.261
1403636630.463555574,1.145
1403636630.513555527,1.137
1403636630.563555479,1.271
1403636630.613555431,1.219
1403636630.663555384,1.177
1403636630.713555574,1.24
1403636630.763555527,1.074
1403636630.813555479,1.079
1403636630.863555431,1.369
1403636630.913555384,1.851
1403636630.963555574,1.119
1403636631.013555527,1.08
1403636631.063555479,1.117
1403636631.113555431,1.178
1403636631.163555384,1.214
1403636631.213555574,1.11
1403636631.263555527,1.165
1403636631.313555479,1.107
1403636631.363555431,1.148
1403636631.413555384,1.104
1403636631.463555574,1.486
1403636631.513555527,1.194
1403636631.563555479,1.118
1403636631.613555431,1.16
1403636631.663555384,1.152
1403636631.713555574,1.113
1403636631.763555527,1.072
1403636631.813555479,1.142
1403636631.863555431,1.179
1403636631.913555384,1.301
1403636631.963555574,1.176
1403636632.013555527,1.14
1403636632.063555479,1.345
1403636632.113555431,1.112
1403636632.163555384,1.145
1403636632.213555574,1.134
1403636632.263555527,1.127
1403636632.313555479,1.109
1403636632.363555431,1.236
1403636632.413555384,1.162
1403636632.463555574,1.356
1403636632.513555527,2.291
1403636632.563555479,1.019
1403636632.613555431,1.19
1403636632.663555384,1.365
1403636632.713555574,1.226
1403636632.763555527,1.127
1403636632.813555479,1.386
1403636632.863555431,1.169
1403636632.913555384,1.099
1403636632.963555574,1.216
1403636633.013555527,1.19
1403636633.063555479,1.034
1403636633.113555431,1.121
1403636633.163555384,1.117
1403636633.213555574,1.129
1403636633.263555527,1.497
1403636633.313555479,4.647
1403636633.363555431,1.08
1403636633.413555384,1.337
1403636633.463555574,1.127
1403636633.513555527,1.309
1403636633.563555479,1.364
1403636633.613555431,1.093
1403636633.663555384,1.2
1403636633.713555574,1.403
1403636633.763555527,1.177
1403636633.813555479,1.148
1403636633.863555431,1.559
1403636633.913555384,1.234
1403636633.963555574,1.079
1403636634.013555527,1.194
1403636634.063555479,1.2
1403636634.113555431,1.556
1403636634.163555384,1.108
1403636634.213555574,1.156
1403636634.263555527,1.157
1403636634.313555479,1.202
1403636634.363555431,1.078
1403636634.413555384,1.154
1403636634.463555574,1.551
1403636634.513555527,1.219
1403636634.563555479,1.222
1403636634.613555431,1.41
1403636634.663555384,1.113
1403636634.713555574,1.127
1403636634.763555527,1.327
1403636634.813555479,1.221
1403636634.863555431,1.117
1403636634.913555384,1.443
1403636634.963555574,1.206
1403636635.013555527,1.184
1403636635.063555479,1.483
1403636635.113555431,1.186
1403636635.163555384,1.135
1403636635.213555574,1.511
1403636635.263555527,1.107
1403636635.313555479,1.136
1403636635.363555431,1.604
1403636635.413555384,1.17
1403636635.463555574,1.191
1403636635.513555527,1.472
1403636635.563555479,1.159
1403636635.613555431,1.147
1403636635.663555384,1.369
1403636635.713555574,1.788
1403636635.763555527,1.08
1403636635.813555479,1.148
1403636635.863555431,1.2
1403636635.913555384,1.133
1403636635.963555574,1.545
1403636636.013555527,1.444
1403636636.063555479,1.177
1403636636.113555431,1.473
1403636636.163555384,1.16
1403636636.213555574,1.202
1403636636.263555527,1.155
1403636636.313555479,1.076
1403636636.363555431,1.069
1403636636.413555384,1.536
1403636636.463555574,1.09
1403636636.513555527,1.08
1403636636.563555479,1.356
1403636636.613555431,1.093
1403636636.663555384,1.08
1403636636.713555574,1.348
1403636636.763555527,1.114
1403636636.813555479,1.07
1403636636.863555431,1.296
1403636636.913555384,1.114
1403636636.963555574,1.129
1403636637.013555527,1.58
1403636637.063555479,1.135
1403636637.113555431,1.153
1403636637.163555384,1.503
1403636637.213555574,1.136
1403636637.263555527,1.195
1403636637.313555479,2.176
1403636637.363555431,1.208
1403636637.413555384,1.221
1403636637.463555574,1.284
1403636637.513555527,1.111
1403636637.563555479,1.17
1403636637.613555431,1.132
1403636637.663555384,1.15
1403636637.713555574,1.22
1403636637.763555527,1.134
1403636637.813555479,1.134
1403636637.863555431,1.155
1403636637.913555384,1.637
1403636637.963555574,1.205
1403636638.013555527,1.141
1403636638.063555479,1.562
1403636638.113555431,1.169
1403636638.163555384,1.156
1403636638.213555574,1.812
1403636638.263555527,1.136
1403636638.313555479,1.111
1403636638.363555431,1.342
1403636638.413555384,1.142
1403636638.463555574,1.141
1403636638.513555527,1.424
1403636638.563555479,1.133
1403636638.613555431,1.172
1403636638.663555384,1.485
1403636638.713555574,1.149
1403636638.763555527,1.209
1403636638.813555479,1.582
1403636638.863555431,1.097
1403636638.913555384,2.105
1403636638.963555574,1.688
1403636639.013555527,1.132
1403636639.063555479,1.079
1403636639.113555431,1.493
1403636639.163555384,1.184
1403636639.213555574,1.076
1403636639.263555527,1.469
1403636639.313555479,1.212
1403636639.363555431,1.143
1403636639.413555384,1.158
1403636639.463555574,1.089
1403636639.513555527,1.16
1403636639.563555479,1.14
1403636639.613555431,1.191
1403636639.663555384,1.116
1403636639.713555574,1.402
1403636639.763555527,1.061
1403636639.813555479,1.053
1403636639.863555431,1.472
1403636639.913555384,1.138
1403636639.963555574,1.163
1403636640.013555527,1.126
1403636640.063555479,1.153
1403636640.113555431,1.083
1403636640.163555384,1.697
1403636640.213555574,1.182
1403636640.263555527,1.14
1403636640.313555479,1.52
1403636640.363555431,1.134
1403636640.413555384,1.1
1403636640.463555574,1.403
1403636640.513555527,1.595
1403636640.563555479,1.184
1403636640.613555431,1.433
1403636640.663555384,1.074
1403636640.713555574,1.115
1403636640.763555527,1.29
1403636640.813555479,1.178
1403636640.863555431,1.134
1403636640.913555384,1.72
1403636640.963555574,1.38
1403636641.013555527,1.314
1403636641.063555479,1.433
1403636641.113555431,1.189
1403636641.163555384,1.169
1403636641.213555574,1.493
1403636641.263555527,1.181
1403636641.313555479,1.071
1403636641.363555431,1.39
1403636641.413555384,1.413
1403636641.463555574,1.415
1403636641.513555527,1.126
1403636641.563555479,1.036
1403636641.613555431,1.133
1403636641.663555384,1.638
1403636641.713555574,1.325
1403636641.763555527,1.13
1403636641.813555479,1.491
1403636641.863555431,1.159
1403636641.913555384,1.14
1403636641.963555574,1.551
1403636642.013555527,1.205
1403636642.063555479,1.139
1403636642.113555431,5.18
1403636642.163555384,1.097
1403636642.213555574,1.156
1403636642.263555527,1.506
1403636642.313555479,1.191
1403636642.363555431,1.142
1403636642.413555384,1.771
1403636642.463555574,1.145
1403636642.513555527,1.158
1403636642.563555479,1.536
1403636642.613555431,1.109
1403636642.663555384,1.151
1403636642.713555574,1.195
1403636642.763555527,1.092
1403636642.813555479,1.114
1403636642.863555431,1.289
1403636642.913555384,1.214
1403636642.963555574,1.084
1403636643.013555527,1.618
1403636643.063555479,1.143
1403636643.113555431,1.195
1403636643.163555384,1.417
1403636643.213555574,1.033
1403636643.263555527,1.12
1403636643.313555479,1.287
1403636643.363555431,1.182
1403636643.413555384,1.109
1403636643.463555574,1.546
1403636643.513555527,1.146
1403636643.563555479,1.171
1403636643.613555431,1.761
1403636643.663555384,1.144
1403636643.713555574,1.621
1403636643.763555527,1.737
1403636643.813555479,1.159
1403636643.863555431,1.173
1403636643.913555384,1.285
1403636643.963555574,1.163
1403636644.013555527,1.175
1403636644.063555479,1.344
1403636644.113555431,1.105
1403636644.163555384,1.073
1403636644.213555574,1.654
1403636644.263555527,1.119
1403636644.313555479,1.132
1403636644.363555431,1.483
1403636644.413555384,1.185
1403636644.463555574,1.115
1403636644.513555527,2.049
1403636644.563555479,1.133
1403636644.613555431,1.218
1403636644.663555384,1.47
1403636644.713555574,1.207
1403636644.763555527,1.164
1403636644.813555479,1.176
1403636644.863555431,1.167
1403636644.913555384,1.149
1403636644.963555574,1.571
1403636645.013555527,1.145
1403636645.063555479,1.131
1403636645.113555431,1.475
1403636645.163555384,1.275
1403636645.213555574,1.086
1403636645.263555527,1.645
1403636645.313555479,2.237
1403636645.363555431,1.14
1403636645.413555384,1.505
1403636645.463555574,1.156
1403636645.513555527,1.194
1403636645.563555479,1.546
1403636645.613555431,1.116
1403636645.663555384,1.109
1403636645.713555574,1.788
1403636645.763555527,1.137
1403636645.813555479,1.164
1403636645.863555431,1.798
1403636645.913555384,1.096
1403636645.963555574,1.102
1403636646.013555527,1.54
1403636646.063555479,1.131
1403636646.113555431,1.119
1403636646.163555384,1.384
1403636646.213555574,1.217
1403636646.263555527,1.149
1403636646.313555479,1.398
1403636646.363555431,1.274
1403636646.413555384,1.157
1403636646.463555574,1.298
1403636646.513555527,1.177
1403636646.563555479,1.174
1403636646.613555431,1.27
1403636646.663555384,1.199
1403636646.713555574,1.134
1403636646.763555527,1.346
1403636646.813555479,1.215
1403636646.863555431,1.117
1403636646.913555384,2.054
1403636646.963555574,1.164
1403636647.013555527,1.189
1403636647.063555479,1.463
1403636647.113555431,1.172
1403636647.163555384,1.145
1403636647.213555574,4.432
1403636647.263555527,1.136
1403636647.313555479,1.194
1403636647.363555431,1.272
1403636647.413555384,1.132
1403636647.463555574,1.086
1403636647.513555527,1.448
1403636647.563555479,1.147
1403636647.613555431,1.191
1403636647.663555384,1.389
1403636647.713555574,1.141
1403636647.763555527,1.098
1403636647.813555479,1.514
1403636647.863555431,1.113
1403636647.913555384,1.142
1403636647.963555574,1.417
1403636648.013555527,1.156
1403636648.063555479,1.096
1403636648.113555431,1.7
1403636648.163555384,1.128
1403636648.213555574,1.212
1403636648.263555527,1.61
1403636648.313555479,1.271
1403636648.363555431,1.146
1403636648.413555384,1.232
1403636648.463555574,1.103
1403636648.513555527,1.642
1403636648.563555479,1.44
1403636648.613555431,1.167
1403636648.663555384,1.156
1403636648.713555574,1.46
1403636648.763555527,1.126
1403636648.813555479,1.145
1403636648.863555431,1.681
1403636648.913555384,1.14
1403636648.963555574,1.147
1403636649.013555527,1.632
1403636649.063555479,1.206
1403636649.113555431,1.164
1403636649.163555384,1.617
1403636649.213555574,1.249
1403636649.263555527,1.153
1403636649.313555479,1.529
1403636649.363555431,1.183
1403636649.413555384,1.086
1403636649.463555574,1.595
1403636649.513555527,1.156
1403636649.563555479,1.117
1403636649.613555431,1.465
1403636649.663555384,1.306
1403636649.713555574,1.142
1403636649.763555527,1.471
1403636649.813555479,1.185
1403636649.863555431,1.233
1403636649.913555384,1.304
1403636649.963555574,1.168
1403636650.013555527,1.165
1403636650.063555479,1.665
1403636650.113555431,1.641
1403636650.163555384,1.177
1403636650.213555574,1.521
1403636650.263555527,1.127
1403636650.313555479,1.113
1403636650.363555431,1.252
1403636650.413555384,1.113
1403636650.463555574,1.175
1403636650.513555527,1.29
1403636650.563555479,1.12
1403636650.613555431,1.141
1403636650.663555384,1.465
1403636650.713555574,1.171
1403636650.763555527,1.169
1403636650.813555479,1.444
1403636650.863555431,1.059
1403636650.913555384,1.152
1403636650.963555574,4.458
1403636651.013555527,1.126
1403636651.063555479,1.177
1403636651.113555431,1.461
1403636651.163555384,1.144
1403636651.213555574,1.087
1403636651.263555527,1.784
1403636651.313555479,1.136
1403636651.363555431,1.113
1403636651.413555384,1.513
1403636651.463555574,1.334
1403636651.513555527,1.172
1403636651.563555479,1.392
1403636651.613555431,1.114
1403636651.663555384,1.128
1403636651.713555574,3.398
1403636651.763555527,1.167
1403636651.813555479,1.132
1403636651.863555431,1.406
1403636651.913555384,1.137
1403636651.963555574,1.139
1403636652.013555527,1.461
1403636652.063555479,1.298
1403636652.113555431,1.103
1403636652.163555384,1.695
1403636652.213555574,1.292
1403636652.263555527,1.132
1403636652.313555479,1.439
1403636652.363555431,1.198
1403636652.413555384,1.194
1403636652.463555574,1.531
1403636652.513555527,1.166
1403636652.563555479,1.118
1403636652.613555431,1.535
1403636652.663555384,1.141
1403636652.713555574,1.078
1403636652.763555527,1.531
1403636652.813555479,1.188
1403636652.863555431,1.166
1403636652.913555384,1.428
1403636652.963555574,1.112
1403636653.013555527,1.097
1403636653.063555479,1.57
1403636653.113555431,1.109
1403636653.163555384,1.106
1403636653.213555574,1.353
1403636653.263555527,1.129
1403636653.313555479,1.674
1403636653.363555431,1.504
1403636653.413555384,1.147
1403636653.463555574,1.163
1403636653.513555527,1.402
1403636653.563555479,1.136
1403636653.613555431,1.185
1403636653.663555384,1.408
1403636653.713555574,1.177
1403636653.763555527,1.116
1403636653.813555479,1.393
1403636653.863555431,1.109
1403636653.913555384,1.111
1403636653.963555574,1.417
1403636654.013555527,1.14
1403636654.063555479,1.117
1403636654.113555431,1.49
1403636654.163555384,1.099
1403636654.213555574,1.2
1403636654.263555527,1.493
1403636654.313555479,1.49
1403636654.363555431,1.186
1403636654.413555384,1.449
1403636654.463555574,1.168
1403636654.513555527,1.11
1403636654.563555479,1.384
1403636654.613555431,1.12
1403636654.663555384,1.118
1403636654.713555574,1.515
1403636654.763555527,1.124
1403636654.813555479,1.098
1403636654.863555431,1.563
1403636654.913555384,1.888
1403636654.963555574,1.123
1403636655.013555527,1.553
1403636655.063555479,1.128
1403636655.113555431,1.089
1403636655.163555384,1.566
1403636655.213555574,1.096
1403636655.263555527,1.186
1403636655.313555479,1.48
1403636655.363555431,1.144
1403636655.413555384,1.08
1403636655.463555574,1.585
1403636655.513555527,1.172
1403636655.563555479,1.085
1403636655.613555431,1.531
1403636655.663555384,1.296
1403636655.713555574,1.192
1403636655.763555527,1.456
1403636655.813555479,1.097
1403636655.863555431,1.103
1403636655.913555384,1.558
1403636655.963555574,1.176
1403636656.013555527,1.028
1403636656.063555479,1.308
1403636656.113555431,1.067
1403636656.163555384,1.187
1403636656.213555574,1.382
1403636656.263555527,1.24
1403636656.313555479,1.129
1403636656.363555431,1.234
1403636656.413555384,1.167
1403636656.463555574,1.178
1403636656.513555527,1.897
1403636656.563555479,1.135
1403636656.613555431,1.138
1403636656.663555384,1.537
1403636656.713555574,1.086
1403636656.763555527,1.112
1403636656.813555479,1.481
1403636656.863555431,1.19
1403636656.913555384,1.165
1403636656.963555574,1.492
1403636657.013555527,1.106
1403636657.063555479,1.138
1403636657.113555431,1.459
1403636657.163555384,1.346
1403636657.213555574,1.064
1403636657.263555527,1.329
1403636657.313555479,1.485
1403636657.363555431,1.188
1403636657.413555384,1.396
1403636657.463555574,1.202
1403636657.513555527,1.13
1403636657.563555479,1.56
1403636657.613555431,1.143
1403636657.663555384,1.069
1403636657.713555574,1.51
1403636657.763555527,1.337
1403636657.813555479,1.133
1403636657.863555431,1.743
1403636657.913555384,1.166
1403636657.963555574,1.145
1403636658.013555527,1.75
1403636658.063555479,1.177
1403636658.113555431,1.797
1403636658.163555384,1.324
1403636658.213555574,1.181
1403636658.263555527,1.099
1403636658.313555479,1.804
1403636658.363555431,1.168
1403636658.413555384,1.102
1403636658.463555574,1.508
1403636658.513555527,1.186
1403636658.563555479,1.16
1403636658.613555431,1.783
1403636658.663555384,1.176
1403636658.713555574,1.089
1403636658.763555527,1.667
1403636658.813555479,1.16
1403636658.863555431,1.136
1403636658.913555384,1.386
1403636658.963555574,1.1
1403636659.013555527,1.197
1403636659.063555479,1.427
1403636659.113555431,1.169
1403636659.163555384,1.183
1403636659.213555574,1.434
1403636659.263555527,1.153
1403636659.313555479,1.161
1403636659.363555431,1.415
1403636659.413555384,1.148
1403636659.463555574,1.136
1403636659.513555527,1.189
1403636659.563555479,1.153
1403636659.613555431,1.121
1403636659.663555384,1.449
1403636659.713555574,1.594
1403636659.763555527,1.184
1403636659.813555479,1.528
1403636659.863555431,1.137
1403636659.913555384,1.156
1403636659.963555574,1.343
1403636660.013555527,1.162
1403636660.063555479,1.115
1403636660.113555431,1.284
1403636660.163555384,1.107
1403636660.213555574,1.086
1403636660.263555527,1.355
1403636660.313555479,1.148
1403636660.363555431,1.082
1403636660.413555384,1.466
1403636660.463555574,1.129
1403636660.513555527,1.125
1403636660.563555479,1.37
1403636660.613555431,1.19
1403636660.663555384,1.128
1403636660.713555574,1.455
1403636660.763555527,1.163
1403636660.813555479,1.157
1403636660.863555431,1.191
1403636660.913555384,1.082
1403636660.963555574,1.093
1403636661.013555527,1.297
1403636661.063555479,1.194
1403636661.113555431,1.212
1403636661.163555384,1.468
1403636661.213555574,1.156
1403636661.263555527,1.174
1403636661.313555479,1.825
1403636661.363555431,1.135
1403636661.413555384,1.209
1403636661.463555574,1.168
1403636661.513555527,1.116
1403636661.563555479,1.18
1403636661.613555431,1.376
1403636661.663555384,1.162
1403636661.713555574,1.134
1403636661.763555527,1.133
1403636661.813555479,1.073
1403636661.863555431,1.125
1403636661.913555384,1.119
1403636661.963555574,1.069
1403636662.013555527,1.089
1403636662.063555479,1.138
1403636662.113555431,1.168
1403636662.163555384,1.147
1403636662.213555574,1.403
1403636662.263555527,1.1
1403636662.313555479,1.153
1403636662.363555431,1.561
1403636662.413555384,1.106
1403636662.463555574,1.172
1403636662.513555527,1.134
1403636662.563555479,1.144
1403636662.613555431,1.055
1403636662.663555384,1.166
1403636662.713555574,1.124
1403636662.763555527,1.055
1403636662.813555479,1.483
1403636662.863555431,1.091
1403636662.913555384,1.489
1403636662.963555574,1.155
1403636663.013555527,1.117
1403636663.063555479,1.135
1403636663.113555431,1.89
1403636663.163555384,1.109
1403636663.213555574,1.184
1403636663.263555527,0.996
1403636663.313555479,1.142
1403636663.363555431,1.17
1403636663.413555384,1.302
1403636663.463555574,1.159
1403636663.513555527,1.23
1403636663.563555479,1.196
1403636663.613555431,1.162
1403636663.663555384,1.209
1403636663.713555574,1.371
1403636663.763555527,1.089
1403636663.813555479,1.156
1403636663.863555431,1.13
1403636663.913555384,1.154
1403636663.963555574,1.16
1403636664.013555527,1.212
1403636664.063555479,1.208
1403636664.113555431,1.383
1403636664.163555384,1.331
1403636664.213555574,1.088
1403636664.263555527,1.147
1403636664.313555479,1.508
1403636664.363555431,1.153
1403636664.413555384,1.154
1403636664.463555574,1.306
1403636664.513555527,2.015
1403636664.563555479,1.151
1403636664.613555431,1.426
1403636664.663555384,1.06
1403636664.713555574,1.16
1403636664.763555527,1.401
1403636664.813555479,1.143
1403636664.863555431,1.182
1403636664.913555384,1.853
1403636664.963555574,1.146
1403636665.013555527,1.116
1403636665.063555479,1.429
1403636665.113555431,1.409
1403636665.163555384,1.137
1403636665.213555574,1.382
1403636665.263555527,1.177
1403636665.313555479,1.136
1403636665.363555431,1.158
1403636665.413555384,1.214
1403636665.463555574,1.135
1403636665.513555527,1.486
1403636665.563555479,1.15
1403636665.613555431,1.043
1403636665.663555384,1.532
1403636665.713555574,1.167
1403636665.763555527,1.204
1403636665.813555479,1.126
1403636665.863555431,1.151
1403636665.913555384,1.306
1403636665.963555574,1.547
1403636666.013555527,1.211
1403636666.063555479,1.144
1403636666.113555431,2.038
1403636666.163555384,1.181
1403636666.213555574,1.218
1403636666.263555527,1.457
1403636666.313555479,1.173
1403636666.363555431,1.135
1403636666.413555384,1.134
1403636666.463555574,1.181
1403636666.513555527,1.224
1403636666.563555479,1.501
1403636666.613555431,1.164
1403636666.663555384,1.093
1403636666.713555574,1.327
1403636666.763555527,1.164
1403636666.813555479,1.202
1403636666.863555431,1.161
1403636666.913555384,1.195
1403636666.963555574,1.182
1403636667.013555527,1.599
1403636667.063555479,1.34
1403636667.113555431,1.17
1403636667.163555384,1.549
1403636667.213555574,1.116
1403636667.263555527,1.123
1403636667.313555479,1.36
1403636667.363555431,1.127
1403636667.413555384,1.138
1403636667.463555574,1.294
1403636667.513555527,1.169
1403636667.563555479,1.178
1403636667.613555431,1.539
1403636667.663555384,1.153
1403636667.713555574,1.6
1403636667.763555527,0.987
1403636667.813555479,1.177
1403636667.863555431,1.186
1403636667.913555384,1.536
1403636667.963555574,1.155
1403636668.013555527,1.187
1403636668.063555479,1.026
1403636668.113555431,1.054
1403636668.163555384,1.16
1403636668.213555574,1.552
1403636668.263555527,1.146
1403636668.313555479,1.205
1403636668.363555431,1.187
1403636668.413555384,1.191
1403636668.463555574,1.193
1403636668.513555527,1.599
1403636668.563555479,1.127
1403636668.613555431,1.115
1403636668.663555384,1.564
1403636668.713555574,1.168
1403636668.763555527,1.125
1403636668.813555479,1.495
1403636668.863555431,1.163
1403636668.913555384,1.208
1403636668.963555574,1.178
1403636669.013555527,1.138
1403636669.063555479,1.068
1403636669.113555431,1.794
1403636669.163555384,1.205
1403636669.213555574,1.095
1403636669.263555527,1.276
1403636669.313555479,1.62
1403636669.363555431,1.172
1403636669.413555384,1.195
1403636669.463555574,1.168
1403636669.513555527,1.079
1403636669.563555479,1.151
1403636669.613555431,1.135
1403636669.663555384,1.136
1403636669.713555574,1.207
1403636669.763555527,1.134
1403636669.813555479,1.186
1403636669.863555431,1.438
1403636669.913555384,1.201
1403636669.963555574,1.199
1403636670.013555527,1.181
1403636670.063555479,1.126
1403636670.113555431,1.129
1403636670.163555384,1.5
1403636670.213555574,1.059
1403636670.263555527,1.063
1403636670.313555479,1.528
1403636670.363555431,1.146
1403636670.413555384,1.179
1403636670.463555574,1.519
1403636670.513555527,1.166
1403636670.563555479,1.122
1403636670.613555431,1.504
1403636670.663555384,1.168
1403636670.713555574,1.145
1403636670.763555527,1.483
1403636670.813555479,1.225
1403636670.863555431,1.09
1403636670.913555384,2.322
1403636670.963555574,1.159
1403636671.013555527,1.185
1403636671.063555479,1.446
1403636671.113555431,1.208
1403636671.163555384,1.094
1403636671.213555574,1.364
1403636671.263555527,1.158
1403636671.313555479,1.156
1403636671.363555431,1.112
1403636671.413555384,1.178
1403636671.463555574,1.057
1403636671.513555527,1.423
1403636671.563555479,1.11
1403636671.613555431,1.084
1403636671.663555384,1.522
1403636671.713555574,1.214
1403636671.763555527,1.113
1403636671.813555479,1.456
1403636671.863555431,1.098
1403636671.913555384,1.113
1403636671.963555574,1.21
1403636672.013555527,1.157
1403636672.063555479,1.174
1403636672.113555431,1.292
1403636672.163555384,1.38
1403636672.213555574,1.132
1403636672.263555527,1.482
1403636672.313555479,1.18
1403636672.363555431,1.125
1403636672.413555384,1.406
1403636672.463555574,1.107
1403636672.513555527,1.695
1403636672.563555479,1.316
1403636672.613555431,1.041
1403636672.663555384,1.161
1403636672.713555574,1.139
1403636672.763555527,1.18
1403636672.813555479,1.139
1403636672.863555431,1.455
1403636672.913555384,1.131
1403636672.963555574,1.159
1403636673.013555527,1.655
1403636673.063555479,1.17
1403636673.113555431,1.148
1403636673.163555384,1.398
1403636673.213555574,1.359
1403636673.263555527,1.174
1403636673.313555479,1.376
1403636673.363555431,1.096
1403636673.413555384,1.167
1403636673.463555574,1.337
1403636673.513555527,1.184
1403636673.563555479,1.167
1403636673.613555431,1.408
1403636673.663555384,1.155
1403636673.713555574,1.195
1403636673.763555527,1.458
1403636673.813555479,1.147
1403636673.863555431,1.07
1403636673.913555384,1.447
1403636673.963555574,1.061
1403636674.013555527,1.2
1403636674.063555479,1.421
1403636674.113555431,1.641
1403636674.163555384,1.143
1403636674.213555574,1.585
1403636674.263555527,1.143
1403636674.313555479,1.135
1403636674.363555431,1.352
1403636674.413555384,1.132
1403636674.463555574,1.085
1403636674.513555527,1.527
1403636674.563555479,1.13
1403636674.613555431,1.179
1403636674.663555384,1.473
1403636674.713555574,1.093
1403636674.763555527,1.179
1403636674.813555479,1.877
1403636674.863555431,1.028
1403636674.913555384,1.162
1403636674.963555574,1.389
1403636675.013555527,1.155
1403636675.063555479,1.117
1403636675.113555431,1.398
1403636675.163555384,1.178
1403636675.213555574,1.263
1403636675.263555527,1.473
1403636675.313555479,1.146
1403636675.363555431,1.181
1403636675.413555384,1.573
1403636675.463555574,1.066
1403636675.513555527,1.144
1403636675.563555479,1.228
1403636675.613555431,1.123
1403636675.663555384,1.167
1403636675.713555574,2.187
1403636675.763555527,1.104
1403636675.813555479,1.145
1403636675.863555431,1.587
1403636675.913555384,1.152
1403636675.963555574,1.124
1403636676.013555527,1.82
1403636676.063555479,1.248
1403636676.113555431,1.201
1403636676.163555384,1.384
1403636676.213555574,1.198
1403636676.263555527,1.174
1403636676.313555479,1.392
1403636676.363555431,1.137
1403636676.413555384,1.121
1403636676.463555574,1.911
1403636676.513555527,1.177
1403636676.563555479,1.13
1403636676.613555431,1.375
1403636676.663555384,1.178
1403636676.713555574,1.203
1403636676.763555527,1.487
1403636676.813555479,1.203
1403636676.863555431,1.196
1403636676.913555384,1.528
1403636676.963555574,1.19
1403636677.013555527,1.226
1403636677.063555479,1.382
1403636677.113555431,1.146
1403636677.163555384,1.117
1403636677.213555574,1.496
1403636677.263555527,1.21
1403636677.313555479,1.858
1403636677.363555431,1.486
1403636677.413555384,1.159
1403636677.463555574,1.196
1403636677.513555527,1.566
1403636677.563555479,1.119
1403636677.613555431,1.306
1403636677.663555384,1.542
1403636677.713555574,1.182
1403636677.763555527,1.251
1403636677.813555479,1.509
1403636677.863555431,1.654
1403636677.913555384,1.176
1403636677.963555574,1.433
1403636678.013555527,1.254
1403636678.063555479,1.161
1403636678.113555431,1.376
1403636678.163555384,1.142
1403636678.213555574,1.185
1403636678.263555527,1.562
1403636678.313555479,1.441
1403636678.363555431,1.153
1403636678.413555384,1.442
1403636678.463555574,1.131
1403636678.513555527,1.17
1403636678.563555479,1.675
1403636678.613555431,1.139
1403636678.663555384,1.095
1403636678.713555574,1.432
1403636678.763555527,1.075
1403636678.813555479,1.145
1403636678.863555431,1.484
1403636678.913555384,1.629
1403636678.963555574,1.114
1403636679.013555527,1.522
1403636679.063555479,1.425
1403636679.113555431,1.192
1403636679.163555384,1.432
1403636679.213555574,1.188
1403636679.263555527,1.155
1403636679.313555479,1.45
1403636679.363555431,1.142
1403636679.413555384,1.175
1403636679.463555574,1.557
1403636679.513555527,1.166
1403636679.563555479,1.096
1403636679.613555431,1.577
1403636679.663555384,1.161
1403636679.713555574,1.158
1403636679.763555527,1.527
1403636679.813555479,1.094
1403636679.863555431,1.161
1403636679.913555384,1.35
1403636679.963555574,1.248
1403636680.013555527,1.156
1403636680.063555479,1.319
1403636680.113555431,1.571
1403636680.163555384,1.134
1403636680.213555574,1.499
1403636680.263555527,1.133
1403636680.313555479,1.138
1403636680.363555431,1.577
1403636680.413555384,1.257
1403636680.463555574,1.136
1403636680.513555527,2.019
1403636680.563555479,1.094
1403636680.613555431,1.133
1403636680.663555384,1.569
1403636680.713555574,1.154
1403636680.763555527,1.204
1403636680.813555479,1.486
1403636680.863555431,1.318
1403636680.913555384,1.097
1403636680.963555574,1.493
1403636681.013555527,1.292
1403636681.063555479,1.148
1403636681.113555431,1.381
1403636681.163555384,1.082
1403636681.213555574,1.123
1403636681.263555527,1.516
1403636681.313555479,1.085
1403636681.363555431,1.162
1403636681.413555384,1.456
1403636681.463555574,1.165
1403636681.513555527,1.129
1403636681.563555479,1.549
1403636681.613555431,1.22
1403636681.663555384,1.14
1403636681.713555574,1.567
1403636681.763555527,1.15
1403636681.813555479,1.196
1403636681.863555431,1.61
1403636681.913555384,1.233
1403636681.963555574,1.103
1403636682.013555527,1.539
1403636682.063555479,1.237
1403636682.113555431,1.669
1403636682.163555384,1.524
1403636682.213555574,1.112
1403636682.263555527,1.11
1403636682.313555479,1.448
1403636682.363555431,1.285
1403636682.413555384,1.085
1403636682.463555574,1.651
1403636682.513555527,1.13
1403636682.563555479,1.026
1403636682.613555431,1.623
1403636682.663555384,1.16
1403636682.713555574,1.146
1403636682.763555527,1.495
1403636682.813555479,1.289
1403636682.863555431,1.203
1403636682.913555384,1.971
1403636682.963555574,1.703
1403636683.013555527,1.114
1403636683.063555479,1.584
1403636683.113555431,1.513
1403636683.163555384,1.146
1403636683.213555574,1.79
1403636683.263555527,1.148
1403636683.313555479,1.169
1403636683.363555431,1.556
1403636683.413555384,1.096
1403636683.463555574,1.166
1403636683.513555527,1.441
1403636683.563555479,1.29
1403636683.613555431,1.163
1403636683.663555384,1.782
1403636683.713555574,2.222
1403636683.763555527,1.099
1403636683.813555479,1.41
1403636683.863555431,1.479
1403636683.913555384,1.213
1403636683.963555574,1.591
1403636684.013555527,1.109
1403636684.063555479,1.15
1403636684.113555431,1.386
1403636684.163555384,1.399
1403636684.213555574,1.164
1403636684.263555527,1.653
1403636684.313555479,1.128
1403636684.363555431,1.15
1403636684.413555384,1.523
1403636684.463555574,1.382
1403636684.513555527,1.204
1403636684.563555479,1.619
1403636684.613555431,1.086
1403636684.663555384,1.165
1403636684.713555574,1.598
1403636684.763555527,1.355
1403636684.813555479,1.188
1403636684.863555431,1.502
1403636684.913555384,1.455
1403636684.963555574,1.199
1403636685.013555527,1.869
1403636685.063555479,1.086
1403636685.113555431,1.168
1403636685.163555384,1.443
1403636685.213555574,1.131
1403636685.263555527,1.186
1403636685.313555479,2.107
1403636685.363555431,1.319
1403636685.413555384,1.129
1403636685.463555574,1.285
1403636685.513555527,1.128
1403636685.563555479,1.166
1403636685.613555431,1.637
1403636685.663555384,1.249
1403636685.713555574,1.146
1403636685.763555527,1.238
1403636685.813555479,1.181
1403636685.863555431,1.13
1403636685.913555384,1.61
1403636685.963555574,1.172
1403636686.013555527,1.127
1403636686.063555479,1.534
1403636686.113555431,1.336
1403636686.163555384,1.172
1403636686.213555574,1.389
1403636686.263555527,1.291
1403636686.313555479,1.147
1403636686.363555431,1.589
1403636686.413555384,1.105
1403636686.463555574,1.18
1403636686.513555527,1.487
1403636686.563555479,1.225
1403636686.613555431,1.168
1403636686.663555384,1.368
1403636686.713555574,1.164
1403636686.763555527,1.142
1403636686.813555479,1.43
1403636686.863555431,1.262
1403636686.913555384,1.597
1403636686.963555574,1.7
1403636687.013555527,1.281
1403636687.063555479,1.2
1403636687.113555431,1.751
1403636687.163555384,1.144
1403636687.213555574,1.17
1403636687.263555527,1.488
1403636687.313555479,1.087
1403636687.363555431,1.197
1403636687.413555384,1.542
1403636687.463555574,1.39
1403636687.513555527,1.082
1403636687.563555479,1.188
1403636687.613555431,1.128
1403636687.663555384,1.032
1403636687.713555574,1.088
1403636687.763555527,1.082
1403636687.813555479,1.2
1403636687.863555431,1.367
1403636687.913555384,1.174
1403636687.963555574,1.167
1403636688.013555527,1.435
1403636688.063555479,1.171
1403636688.113555431,1.179
1403636688.163555384,1.247
1403636688.213555574,1.232
1403636688.263555527,1.136
1403636688.313555479,1.472
1403636688.363555431,1.14
1403636688.413555384,1.084
1403636688.463555574,1.306
1403636688.513555527,1.63
1403636688.563555479,1.085
1403636688.613555431,1.502
1403636688.663555384,1.057
1403636688.713555574,1.15
1403636688.763555527,1.36
1403636688.813555479,1.073
1403636688.863555431,1.167
1403636688.913555384,1.563
1403636688.963555574,1.104
1403636689.013555527,1.155
1403636689.063555479,1.514
1403636689.113555431,1.076
1403636689.163555384,1.031
1403636689.213555574,1.44
1403636689.263555527,1.131
1403636689.313555479,1.107
1403636689.363555431,1.43
1403636689.413555384,1.157
1403636689.463555574,1.094
1403636689.513555527,1.365
1403636689.563555479,1.059
1403636689.613555431,1.168
1403636689.663555384,1.172
1403636689.713555574,1.07
1403636689.763555527,1.191
1403636689.813555479,1.461
1403636689.863555431,1.174
1403636689.913555384,1.135
1403636689.963555574,1.176
1403636690.013555527,1.096
1403636690.063555479,1.112
1403636690.113555431,2.628
1403636690.163555384,1.2
1403636690.213555574,1.148
1403636690.263555527,1.656
1403636690.313555479,1.072
1403636690.363555431,1.186
1403636690.413555384,1.358
1403636690.463555574,1.152
1403636690.513555527,1.134
1403636690.563555479,1.377
1403636690.613555431,1.243
1403636690.663555384,1.129
1403636690.713555574,1.749
1403636690.763555527,1.128
1403636690.813555479,1.166
1403636690.863555431,1.353
1403636690.913555384,1.218
1403636690.963555574,1.105
1403636691.013555527,1.325
1403636691.063555479,1.093
1403636691.113555431,1.093
1403636691.163555384,1.536
1403636691.213555574,1.181
1403636691.263555527,1.166
1403636691.313555479,1.44
1403636691.363555431,1.188
1403636691.413555384,1.201
1403636691.463555574,1.612
1403636691.513555527,1.17
1403636691.563555479,1.147
1403636691.613555431,1.541
1403636691.663555384,1.119
1403636691.713555574,1.639
1403636691.763555527,1.192
1403636691.813555479,1.13
1403636691.863555431,1.158
1403636691.913555384,1.445
1403636691.963555574,1.186
1403636692.013555527,1.123
1403636692.063555479,1.631
1403636692.113555431,1.056
1403636692.163555384,1.099
1403636692.213555574,1.656
1403636692.263555527,1.137
1403636692.313555479,1.054
1403636692.363555431,1.486
1403636692.413555384,1.146
1403636692.463555574,1.19
1403636692.513555527,1.456
1403636692.563555479,1.14
1403636692.613555431,1.152
1403636692.663555384,1.554
1403636692.713555574,1.166
1403636692.763555527,1.134
1403636692.813555479,1.341
1403636692.863555431,1.189
1403636692.913555384,1.146
1403636692.963555574,1.622
1403636693.013555527,1.157
1403636693.063555479,1.231
1403636693.113555431,1.355
1403636693.163555384,1.141
1403636693.213555574,1.096
1403636693.263555527,4.535
1403636693.313555479,1.652
1403636693.363555431,1.177
1403636693.413555384,1.955
1403636693.463555574,1.23
1403636693.513555527,1.083
1403636693.563555479,1.4
1403636693.613555431,1.176
1403636693.663555384,1.31
1403636693.713555574,1.26
1403636693.763555527,1.166
1403636693.813555479,1.149
1403636693.863555431,1.223
1403636693.913555384,1.172
1403636693.963555574,1.112
1403636694.013555527,1.421
1403636694.063555479,1.164
1403636694.113555431,1.119
1403636694.163555384,1.392
1403636694.213555574,1.203
1403636694.263555527,1.165
1403636694.313555479,1.34
1403636694.363555431,1.173
1403636694.413555384,1.18
1403636694.463555574,1.613
1403636694.513555527,1.164
1403636694.563555479,1.137
1403636694.613555431,1.422
1403636694.663555384,1.115
1403636694.713555574,1.181
1403636694.763555527,1.482
1403636694.813555479,1.185
1403636694.863555431,1.176
1403636694.913555384,1.71
1403636694.963555574,1.127
1403636695.013555527,1.122
1403636695.063555479,1.31
1403636695.113555431,1.144
1403636695.163555384,1.219
1403636695.213555574,1.213
1403636695.263555527,1.09
1403636695.313555479,1.238
1403636695.363555431,1.28
1403636695.413555384,1.173
1403636695.463555574,1.142
1403636695.513555527,1.457
1403636695.563555479,1.204
1403636695.613555431,1.029
1403636695.663555384,1.2
1403636695.713555574,1.146
1403636695.763555527,1.244
1403636695.813555479,1.384
1403636695.863555431,1.155
1403636695.913555384,1.157
1403636695.963555574,1.736
1403636696.013555527,1.125
1403636696.063555479,1.129
1403636696.113555431,1.418
1403636696.163555384,1.143
1403636696.213555574,1.184
1403636696.263555527,1.112
1403636696.313555479,1.181
1403636696.363555431,1.113
1403636696.413555384,1.344
1403636696.463555574,1.2
1403636696.513555527,2.011
1403636696.563555479,1.507
1403636696.613555431,1.19
1403636696.663555384,1.163
1403636696.713555574,1.459
1403636696.763555527,1.152
1403636696.813555479,1.105
1403636696.863555431,1.378
1403636696.913555384,1.11
1403636696.963555574,1.114
1403636697.013555527,1.476
1403636697.063555479,1.163
1403636697.113555431,1.081
1403636697.163555384,1.594
1403636697.213555574,1.177
1403636697.263555527,1.122
1403636697.313555479,1.934
1403636697.363555431,1.148
1403636697.413555384,1.083
1403636697.463555574,1.55
1403636697.513555527,1.188
1403636697.563555479,1.085
1403636697.613555431,1.355
1403636697.663555384,1.18
1403636697.713555574,1.173
1403636697.763555527,1.456
1403636697.813555479,1.198
1403636697.863555431,1.167
1403636697.913555384,1.415
1403636697.963555574,1.04
1403636698.013555527,1.138
1403636698.063555479,1.481
1403636698.113555431,1.634
1403636698.163555384,1.165
1403636698.213555574,1.383
1403636698.263555527,1.218
1403636698.313555479,1.137
1403636698.363555431,1.743
1403636698.413555384,1.103
1403636698.463555574,1.184
1403636698.513555527,1.584
1403636698.563555479,1.166
1403636698.613555431,1.145
1403636698.663555384,1.58
1403636698.713555574,1.284
1403636698.763555527,1.136
1403636698.813555479,1.58
1403636698.863555431,1.345
1403636698.913555384,1.118
1403636698.963555574,1.562
1403636699.013555527,1.187
1403636699.063555479,1.159
1403636699.113555431,1.542
1403636699.163555384,1.093
1403636699.213555574,1.177
1403636699.263555527,1.429
1403636699.313555479,1.306
1403636699.363555431,1.077
1403636699.413555384,1.524
1403636699.463555574,1.277
1403636699.513555527,1.143
1403636699.563555479,1.329
1403636699.613555431,1.111
1403636699.663555384,1.055
1403636699.713555574,2.073
1403636699.763555527,1.443
1403636699.813555479,1.114
1403636699.863555431,2.029
1403636699.913555384,1.446
1403636699.963555574,1.103
1403636700.013555527,1.732
1403636700.063555479,1.359
1403636700.113555431,1.086
1403636700.163555384,1.631
1403636700.213555574,1.128
1403636700.263555527,1.175
1403636700.313555479,1.728
1403636700.363555431,1.338
1403636700.413555384,1.162
1403636700.463555574,1.419
1403636700.513555527,1.095
1403636700.563555479,1.139
1403636700.613555431,1.546
1403636700.663555384,1.117
1403636700.713555574,1.094
1403636700.763555527,1.402
1403636700.813555479,1.329
1403636700.863555431,1.131
1403636700.913555384,1.689
1403636700.963555574,1.09
1403636701.013555527,1.209
1403636701.063555479,1.506
1403636701.113555431,1.11
1403636701.163555384,1.147
1403636701.213555574,1.465
1403636701.263555527,1.428
1403636701.313555479,1.623
1403636701.363555431,1.462
1403636701.413555384,1.387
1403636701.463555574,1.093
1403636701.513555527,1.541
1403636701.563555479,1.474
1403636701.613555431,1.101
1403636701.663555384,1.474
1403636701.713555574,1.107
1403636701.763555527,1.11
1403636701.813555479,1.603
1403636701.863555431,1.272
1403636701.913555384,1.224
1403636701.963555574,1.396
1403636702.013555527,1.341
1403636702.063555479,1.121
1403636702.113555431,1.476
1403636702.163555384,1.343
1403636702.213555574,1.199
1403636702.263555527,1.452
1403636702.313555479,1.385
1403636702.363555431,1.15
1403636702.413555384,1.39
1403636702.463555574,1.294
1403636702.513555527,1.131
1403636702.563555479,1.508
1403636702.613555431,1.087
1403636702.663555384,1.143
1403636702.713555574,1.481
1403636702.763555527,1.334
1403636702.813555479,1.18
1403636702.863555431,1.506
1403636702.913555384,2.733
1403636702.963555574,1.187
1403636703.013555527,1.648
1403636703.063555479,1.475
1403636703.113555431,1.084
1403636703.163555384,1.443
1403636703.213555574,1.133
1403636703.263555527,1.175
1403636703.313555479,1.445
1403636703.363555431,1.4
1403636703.413555384,1.08
1403636703.463555574,1.463
1403636703.513555527,1.402
1403636703.563555479,1.139
1403636703.613555431,1.631
1403636703.663555384,1.388
1403636703.713555574,1.13
1403636703.763555527,1.446
1403636703.813555479,1.12
1403636703.863555431,1.124
1403636703.913555384,1.448
1403636703.963555574,1.33
1403636704.013555527,1.162
1403636704.063555479,1.444
1403636704.113555431,1.223
1403636704.163555384,1.21
1403636704.213555574,1.388
1403636704.263555527,1.356
1403636704.313555479,1.065
1403636704.363555431,1.659
1403636704.413555384,1.302
1403636704.463555574,1.076
1403636704.513555527,1.937
1403636704.563555479,1.102
1403636704.613555431,1.187
1403636704.663555384,1.602
1403636704.713555574,1.326
1403636704.763555527,1.168
1403636704.813555479,1.439
1403636704.863555431,1.283
1403636704.913555384,1.172
1403636704.963555574,1.581
1403636705.013555527,1.296
1403636705.063555479,1.147
1403636705.113555431,1.495
1403636705.163555384,1.293
1403636705.213555574,1.161
1403636705.263555527,1.499
1403636705.313555479,1.079
1403636705.363555431,1.246
1403636705.413555384,1.489
1403636705.463555574,1.57
1403636705.513555527,1.168
1403636705.563555479,1.535
1403636705.613555431,1.265
1403636705.663555384,1.118
1403636705.713555574,1.451
1403636705.763555527,1.272
1403636705.813555479,1.098
1403636705.863555431,1.469
1403636705.913555384,1.364
1403636705.963555574,1.178
1403636706.013555527,1.381
1403636706.063555479,1.461
1403636706.113555431,1.714
1403636706.163555384,1.509
1403636706.213555574,1.377
1403636706.263555527,1.103
1403636706.313555479,1.772
1403636706.363555431,1.32
1403636706.413555384,1.087
1403636706.463555574,1.435
1403636706.513555527,1.365
1403636706.563555479,1.105
1403636706.613555431,1.577
1403636706.663555384,1.379
1403636706.713555574,1.167
1403636706.763555527,1.632
1403636706.813555479,1.284
1403636706.863555431,1.151
1403636706.913555384,1.473
1403636706.963555574,1.409
1403636707.013555527,1.129
1403636707.063555479,1.427
1403636707.113555431,1.473
1403636707.163555384,1.267
1403636707.213555574,1.385
1403636707.263555527,1.379
1403636707.313555479,1.219
1403636707.363555431,1.423
1403636707.413555384,1.101
1403636707.463555574,1.169
1403636707.513555527,1.645
1403636707.563555479,1.126
1403636707.613555431,1.135
1403636707.663555384,1.473
1403636707.713555574,1.771
1403636707.763555527,1.085
1403636707.813555479,1.439
1403636707.863555431,1.595
1403636707.913555384,1.217
1403636707.963555574,1.481
1403636708.013555527,1.332
1403636708.063555479,1.196
1403636708.113555431,1.535
1403636708.163555384,1.445
1403636708.213555574,1.167
1403636708.263555527,1.69
1403636708.313555479,1.09
1403636708.363555431,1.271
1403636708.413555384,1.815
1403636708.463555574,1.317
1403636708.513555527,1.144
1403636708.563555479,1.543
1403636708.613555431,1.292
1403636708.663555384,1.079
1403636708.713555574,1.432
1403636708.763555527,1.485
1403636708.813555479,1.113
1403636708.863555431,1.467
1403636708.913555384,1.44
1403636708.963555574,1.147
1403636709.013555527,1.548
1403636709.063555479,1.451
1403636709.113555431,1.108
1403636709.163555384,1.637
1403636709.213555574,1.239
1403636709.263555527,1.125
1403636709.313555479,2.635
1403636709.363555431,1.083
1403636709.413555384,1.112
1403636709.463555574,1.434
1403636709.513555527,1.091
1403636709.563555479,1.13
1403636709.613555431,1.43
1403636709.663555384,1.34
1403636709.713555574,1.195
1403636709.763555527,1.387
1403636709.813555479,1.102
1403636709.863555431,1.166
1403636709.913555384,1.518
1403636709.963555574,1.557
1403636710.013555527,1.202
1403636710.063555479,1.572
1403636710.113555431,1.21
1403636710.163555384,1.095
1403636710.213555574,1.481
1403636710.263555527,1.508
1403636710.313555479,1.294
1403636710.363555431,1.507
1403636710.413555384,1.265
1403636710.463555574,1.148
1403636710.513555527,1.442
1403636710.563555479,1.138
1403636710.613555431,1.175
1403636710.663555384,1.657
1403636710.713555574,1.339
1403636710.763555527,1.162
1403636710.813555479,1.454
1403636710.863555431,1.143
1403636710.913555384,1.547
1403636710.963555574,1.463
1403636711.013555527,1.345
1403636711.063555479,1.076
1403636711.113555431,1.578
1403636711.163555384,1.359
1403636711.213555574,1.177
1403636711.263555527,1.519
1403636711.313555479,1.21
1403636711.363555431,1.125
1403636711.413555384,1.595
1403636711.463555574,1.092
1403636711.513555527,1.099
1403636711.563555479,1.449
1403636711.613555431,1.507
1403636711.663555384,1.135
1403636711.713555574,1.496
1403636711.763555527,1.126
1403636711.813555479,1.177
1403636711.863555431,1.612
1403636711.913555384,1.178
1403636711.963555574,1.223
1403636712.013555527,1.862
1403636712.063555479,1.497
1403636712.113555431,1.189
1403636712.163555384,1.496
1403636712.213555574,1.198
1403636712.263555527,1.146
1403636712.313555479,1.508
1403636712.363555431,1.382
1403636712.413555384,1.185
1403636712.463555574,1.378
1403636712.513555527,2.151
1403636712.563555479,1.078
1403636712.613555431,1.666
1403636712.663555384,1.128
1403636712.713555574,1.177
1403636712.763555527,1.392
1403636712.813555479,1.336
1403636712.863555431,1.098
1403636712.913555384,1.627
1403636712.963555574,1.427
1403636713.013555527,1.131
1403636713.063555479,1.755
1403636713.113555431,1.33
1403636713.163555384,1.105
1403636713.213555574,1.448
1403636713.263555527,1.373
1403636713.313555479,1.168
1403636713.363555431,1.948
1403636713.413555384,1.139
1403636713.463555574,1.105
1403636713.513555527,1.486
1403636713.563555479,1.102
1403636713.613555431,1.135
1403636713.663555384,1.629
1403636713.713555574,1.449
1403636713.763555527,1.109
1403636713.813555479,1.529
1403636713.863555431,1.314
1403636713.913555384,1.164
1403636713.963555574,1.739
1403636714.013555527,1.345
1403636714.063555479,1.17
1403636714.113555431,2.263
1403636714.163555384,1.263
1403636714.213555574,1.165
1403636714.263555527,1.385
1403636714.313555479,1.152
1403636714.363555431,1.153
1403636714.413555384,1.474
1403636714.463555574,1.502
1403636714.513555527,1.187
1403636714.563555479,1.497
1403636714.613555431,1.309
1403636714.663555384,1.113
1403636714.713555574,1.612
1403636714.763555527,1.437
1403636714.813555479,1.072
1403636714.863555431,1.594
1403636714.913555384,1.378
1403636714.963555574,1.09
1403636715.013555527,1.69
1403636715.063555479,1.417
1403636715.113555431,1.163
1403636715.163555384,1.539
1403636715.213555574,1.232
1403636715.263555527,1.137
1403636715.313555479,1.709
1403636715.363555431,1.168
1403636715.413555384,1.191
1403636715.463555574,1.462
1403636715.513555527,1.302
1403636715.563555479,1.304
1403636715.613555431,1.469
1403636715.663555384,1.347
1403636715.713555574,2.01
1403636715.763555527,1.465
1403636715.813555479,1.223
1403636715.863555431,1.162
1403636715.913555384,1.609
1403636715.963555574,1.091
1403636716.013555527,1.3
1403636716.063555479,1.348
1403636716.113555431,1.416
1403636716.163555384,1.159
1403636716.213555574,1.276
1403636716.263555527,1.533
1403636716.313555479,1.119
1403636716.363555431,2.03
1403636716.413555384,1.185
1403636716.463555574,1.116
1403636716.513555527,1.73
1403636716.563555479,1.41
1403636716.613555431,1.196
1403636716.663555384,1.557
1403636716.713555574,1.471
1403636716.763555527,1.187
1403636716.813555479,1.455
1403636716.863555431,1.603
1403636716.913555384,1.123
1403636716.963555574,1.409
1403636717.013555527,1.201
1403636717.063555479,1.112
1403636717.113555431,1.487
1403636717.163555384,1.296
1403636717.213555574,1.112
1403636717.263555527,1.489
1403636717.313555479,1.513
1403636717.363555431,1.132
1403636717.413555384,1.388
1403636717.463555574,1.098
1403636717.513555527,1.075
1403636717.563555479,1.477
1403636717.613555431,1.084
1403636717.663555384,1.149
1403636717.713555574,1.562
1403636717.763555527,1.356
1403636717.813555479,1.207
1403636717.863555431,1.738
1403636717.913555384,1.399
1403636717.963555574,1.151
1403636718.013555527,1.424
1403636718.063555479,1.373
1403636718.113555431,1.171
1403636718.163555384,1.445
1403636718.213555574,1.096
1403636718.263555527,1.442
1403636718.313555479,1.454
1403636718.363555431,1.187
1403636718.413555384,1.121
1403636718.463555574,1.303
1403636718.513555527,1.364
1403636718.563555479,1.146
1403636718.613555431,1.577
1403636718.663555384,1.417
1403636718.713555574,1.126
1403636718.763555527,1.427
1403636718.813555479,1.348
1403636718.863555431,1.177
1403636718.913555384,2.034
1403636718.963555574,1.366
1403636719.013555527,1.167
1403636719.063555479,1.537
1403636719.113555431,1.166
1403636719.163555384,1.213
1403636719.213555574,1.444
1403636719.263555527,1.513
1403636719.313555479,1.167
1403636719.363555431,1.608
1403636719.413555384,1.275
1403636719.463555574,1.172
1403636719.513555527,1.315
1403636719.563555479,1.352
1403636719.613555431,1.102
1403636719.663555384,1.453
1403636719.713555574,1.434
1403636719.763555527,1.151
1403636719.813555479,1.437
1403636719.863555431,1.501
1403636719.913555384,1.148
1403636719.963555574,1.422
1403636720.013555527,1.288
1403636720.063555479,1.119
1403636720.113555431,1.529
1403636720.163555384,1.439
1403636720.213555574,1.164
1403636720.263555527,1.401
1403636720.313555479,1.436
1403636720.363555431,1.172
1403636720.413555384,1.443
1403636720.463555574,1.111
1403636720.513555527,1.609
1403636720.563555479,1.513
1403636720.613555431,1.39
1403636720.663555384,1.161
1403636720.713555574,1.58
1403636720.763555527,1.178
1403636720.813555479,1.162
1403636720.863555431,1.683
1403636720.913555384,1.375
1403636720.963555574,1.17
1403636721.013555527,1.533
1403636721.063555479,1.456
1403636721.113555431,1.068
1403636721.163555384,1.616
1403636721.213555574,1.213
1403636721.263555527,1.081
1403636721.313555479,1.469
1403636721.363555431,1.418
1403636721.413555384,1.109
1403636721.463555574,1.396
1403636721.513555527,1.419
1403636721.563555479,1.18
1403636721.613555431,1.622
1403636721.663555384,1.447
1403636721.713555574,1.128
1403636721.763555527,1.542
1403636721.813555479,1.337
1403636721.863555431,1.14
1403636721.913555384,1.547
1403636721.963555574,1.39
1403636722.013555527,1.184
1403636722.063555479,1.437
1403636722.113555431,1.72
1403636722.163555384,1.127
1403636722.213555574,1.659
1403636722.263555527,1.122
1403636722.313555479,1.217
1403636722.363555431,1.185
1403636722.413555384,1.388
1403636722.463555574,1.445
1403636722.513555527,1.589
1403636722.563555479,1.386
1403636722.613555431,1.154
1403636722.663555384,1.509
1403636722.713555574,1.394
1403636722.763555527,1.16
1403636722.813555479,1.715
1403636722.863555431,1.445
1403636722.913555384,1.196
1403636722.963555574,1.605
1403636723.013555527,1.326
1403636723.063555479,1.2
1403636723.113555431,1.528
1403636723.163555384,1.093
1403636723.213555574,1.055
1403636723.263555527,1.473
1403636723.313555479,1.332
1403636723.363555431,1.235
1403636723.413555384,1.494
1403636723.463555574,1.072
1403636723.513555527,1.07
1403636723.563555479,1.679
1403636723.613555431,1.279
1403636723.663555384,1.138
1403636723.713555574,1.897
1403636723.763555527,1.451
1403636723.813555479,1.119
1403636723.863555431,1.543
1403636723.913555384,0.962
1403636723.963555574,1.121
1403636724.013555527,1.559
1403636724.063555479,1.13
1403636724.113555431,1.119
1403636724.163555384,1.373
1403636724.213555574,1.341
1403636724.263555527,1.316
1403636724.313555479,1.611
1403636724.363555431,1.075
1403636724.413555384,1.185
1403636724.463555574,1.517
1403636724.513555527,1.434
1403636724.563555479,1.088
1403636724.613555431,1.695
1403636724.663555384,1.131
1403636724.713555574,1.184
1403636724.763555527,1.435
1403636724.813555479,1.21
1403636724.863555431,1.12
1403636724.913555384,1.506
1403636724.963555574,1.49
1403636725.013555527,1.202
1403636725.063555479,1.376
1403636725.113555431,1.089
1403636725.163555384,1.089
1403636725.213555574,1.331
1403636725.263555527,1.404
1403636725.313555479,1.81
1403636725.363555431,1.46
1403636725.413555384,1.279
1403636725.463555574,1.099
1403636725.513555527,1.473
1403636725.563555479,1.516
1403636725.613555431,1.178
1403636725.663555384,1.274
1403636725.713555574,1.193
1403636725.763555527,1.209
1403636725.813555479,1.365
1403636725.863555431,1.071
1403636725.913555384,1.208
1403636725.963555574,1.64
1403636726.013555527,1.267
1403636726.063555479,1.126
1403636726.113555431,1.453
1403636726.163555384,1.145
1403636726.213555574,1.208
1403636726.263555527,1.365
1403636726.313555479,1.074
1403636726.363555431,1.102
1403636726.413555384,1.426
1403636726.463555574,1.449
1403636726.513555527,1.154
1403636726.563555479,1.49
1403636726.613555431,1.37
1403636726.663555384,1.087
1403636726.713555574,1.383
1403636726.763555527,1.162
1403636726.813555479,1.088
1403636726.863555431,1.468
1403636726.913555384,1.792
1403636726.963555574,1.072
1403636727.013555527,1.49
1403636727.063555479,1.358
1403636727.113555431,1.149
1403636727.163555384,1.354
1403636727.213555574,1.088
1403636727.263555527,1.142
1403636727.313555479,1.401
1403636727.363555431,1.277
1403636727.413555384,1.12
1403636727.463555574,1.384
1403636727.513555527,1.4
1403636727.563555479,1.151
1403636727.613555431,1.53
1403636727.663555384,1.431
1403636727.713555574,1.17
1403636727.763555527,1.736
1403636727.813555479,1.226
1403636727.863555431,1.103
1403636727.913555384,1.519
1403636727.963555574,1.311
1403636728.013555527,1.164
1403636728.063555479,1.653
1403636728.113555431,1.442
1403636728.163555384,1.172
1403636728.213555574,1.582
1403636728.263555527,1.396
1403636728.313555479,1.102
1403636728.363555431,1.501
1403636728.413555384,1.173
1403636728.463555574,1.078
1403636728.513555527,2.439
1403636728.563555479,1.402
1403636728.613555431,1.218
1403636728.663555384,1.6
1403636728.713555574,1.569
1403636728.763555527,1.078
1403636728.813555479,1.755
1403636728.863555431,1.069
1403636728.913555384,1.19
1403636728.963555574,1.329
1403636729.013555527,1.364
1403636729.063555479,1.221
1403636729.113555431,1.566
1403636729.163555384,1.411
1403636729.213555574,1.141
1403636729.263555527,1.411
1403636729.313555479,1.087
1403636729.363555431,1.099
1403636729.413555384,1.324
1403636729.463555574,1.346
1403636729.513555527,1.152
1403636729.563555479,1.671
1403636729.613555431,1.114
1403636729.663555384,1.203
1403636729.713555574,1.555
1403636729.763555527,1.356
1403636729.813555479,1.163
1403636729.863555431,1.439
1403636729.913555384,1.107
1403636729.963555574,1.08
1403636730.013555527,1.508
1403636730.063555479,1.425
1403636730.113555431,1.765
1403636730.163555384,1.524
1403636730.213555574,1.146
1403636730.263555527,1.197
1403636730.313555479,1.534
1403636730.363555431,1.443
1403636730.413555384,1.138
1403636730.463555574,1.717
1403636730.513555527,1.145
1403636730.563555479,1.141
1403636730.613555431,1.356
1403636730.663555384,1.217
1403636730.713555574,1.202
1403636730.763555527,1.716
1403636730.813555479,1.1
1403636730.863555431,1.172
1403636730.913555384,1.395
1403636730.963555574,1.441
1403636731.013555527,1.147
1403636731.063555479,1.429
1403636731.113555431,1.396
1403636731.163555384,1.217
1403636731.213555574,1.589
1403636731.263555527,1.213
1403636731.313555479,1.189
1403636731.363555431,1.553
1403636731.413555384,1.361
1403636731.463555574,1.184
1403636731.513555527,1.546
1403636731.563555479,1.232
1403636731.613555431,1.098
1403636731.663555384,1.493
1403636731.713555574,1.946
1403636731.763555527,1.079
1403636731.813555479,1.435
1403636731.863555431,1.367
1403636731.913555384,1.204
1403636731.963555574,1.384
1403636732.013555527,1.119
1403636732.063555479,1.161
1403636732.113555431,1.492
1403636732.163555384,1.11
1403636732.213555574,1.111
1403636732.263555527,1.627
1403636732.313555479,1.479
1403636732.363555431,1.144
1403636732.413555384,1.539
1403636732.463555574,1.44
1403636732.513555527,1.169
1403636732.563555479,1.651
1403636732.613555431,1.089
1403636732.663555384,1.219
1403636732.713555574,1.426
1403636732.763555527,1.125
1403636732.813555479,1.107
1403636732.863555431,1.535
1403636732.913555384,1.356
1403636732.963555574,1.16
1403636733.013555527,1.439
1403636733.063555479,1.332
1403636733.113555431,1.102
1403636733.163555384,1.52
1403636733.213555574,1.072
1403636733.263555527,1.205
1403636733.313555479,2.185
1403636733.363555431,1.276
1403636733.413555384,1.186
1403636733.463555574,1.351
1403636733.513555527,1.279
1403636733.563555479,1.194
1403636733.613555431,1.368
1403636733.663555384,1.4
1403636733.713555574,1.161
1403636733.763555527,1.506
1403636733.813555479,1.254
1403636733.863555431,1.149
1403636733.913555384,1.542
1403636733.963555574,1.38
1403636734.013555527,1.144
1403636734.063555479,1.539
1403636734.113555431,1.393
1403636734.163555384,1.187
1403636734.213555574,1.472
1403636734.263555527,1.329
1403636734.313555479,1.181
1403636734.363555431,1.485
1403636734.413555384,1.283
1403636734.463555574,1.256
1403636734.513555527,1.549
1403636734.563555479,1.5
1403636734.613555431,1.037
1403636734.663555384,1.469
1403636734.713555574,1.099
1403636734.763555527,1.165
1403636734.813555479,1.647
1403636734.863555431,1.384
1403636734.913555384,2.1
1403636734.963555574,1.482
1403636735.013555527,1.334
1403636735.063555479,1.136
1403636735.113555431,1.53
1403636735.163555384,1.258
1403636735.213555574,1.131
1403636735.263555527,1.348
1403636735.313555479,1.076
1403636735.363555431,1.087
1403636735.413555384,1.435
1403636735.463555574,1.253
1403636735.513555527,1.162
1403636735.563555479,1.446
1403636735.613555431,1.001
1403636735.663555384,1.077
1403636735.713555574,1.43
1403636735.763555527,1.108
1403636735.813555479,1.133
1403636735.863555431,1.662
1403636735.913555384,1.408
1403636735.963555574,1.118
1403636736.013555527,1.366
1403636736.063555479,1.304
1403636736.113555431,1.071
1403636736.163555384,1.324
1403636736.213555574,1.239
1403636736.263555527,1.145
1403636736.313555479,1.393
1403636736.363555431,1.109
1403636736.413555384,1.18
1403636736.463555574,1.724
1403636736.513555527,1.924
1403636736.563555479,1.154
1403636736.613555431,1.45
1403636736.663555384,1.392
1403636736.713555574,1.157
1403636736.763555527,1.724
1403636736.813555479,1.216
1403636736.863555431,1.177
1403636736.913555384,1.408
1403636736.963555574,1.481
1403636737.013555527,1.144
1403636737.063555479,1.508
1403636737.113555431,1.401
1403636737.163555384,1.176
1403636737.213555574,1.586
1403636737.263555527,1.387
1403636737.313555479,1.181
1403636737.363555431,1.497
1403636737.413555384,1.26
1403636737.463555574,1.151
1403636737.513555527,1.746
1403636737.563555479,1.378
1403636737.613555431,1.16
1403636737.663555384,1.555
1403636737.713555574,1.461
1403636737.763555527,1.101
1403636737.813555479,1.748
1403636737.863555431,1.319
1403636737.913555384,1.2
1403636737.963555574,1.44
1403636738.013555527,1.177
1403636738.063555479,1.16
1403636738.113555431,2.102
1403636738.163555384,1.353
1403636738.213555574,1.206
1403636738.263555527,1.556
1403636738.313555479,1.366
1403636738.363555431,1.105
1403636738.413555384,1.371
1403636738.463555574,1.345
1403636738.513555527,1.121
1403636738.563555479,1.643
1403636738.613555431,1.195
1403636738.663555384,1.15
1403636738.713555574,1.494
1403636738.763555527,1.495
1403636738.813555479,1.061
1403636738.863555431,1.475
1403636738.913555384,1.44
1403636738.963555574,1.164
1403636739.013555527,1.525
1403636739.063555479,1.068
1403636739.113555431,1.1
1403636739.163555384,1.327
1403636739.213555574,1.21
1403636739.263555527,1.153
1403636739.313555479,1.745
1403636739.363555431,1.409
1403636739.413555384,1.162
1403636739.463555574,1.419
1403636739.513555527,1.312
1403636739.563555479,1.153
1403636739.613555431,1.376
1403636739.663555384,1.437
1403636739.713555574,1.854
1403636739.763555527,1.693
1403636739.813555479,1.048
1403636739.863555431,1.154
1403636739.913555384,1.609
1403636739.963555574,1.365
1403636740.013555527,1.126
1403636740.063555479,1.443
1403636740.113555431,1.075
1403636740.163555384,1.158
1403636740.213555574,1.401
1403636740.263555527,1.121
1403636740.313555479,1.121
1403636740.363555431,1.366
1403636740.413555384,1.242
1403636740.463555574,1.376
1403636740.513555527,1.542
1403636740.563555479,1.157
1403636740.613555431,1.182
1403636740.663555384,1.343
1403636740.713555574,1.481
1403636740.763555527,1.284
1403636740.813555479,1.571
1403636740.863555431,1.431
1403636740.913555384,1.196
1403636740.963555574,1.457
1403636741.013555527,1.145
1403636741.063555479,1.225
1403636741.113555431,1.424
1403636741.163555384,1.498
1403636741.213555574,1.209
1403636741.263555527,1.649
1403636741.313555479,2.248
1403636741.363555431,1.149
1403636741.413555384,1.59
1403636741.463555574,1.357
1403636741.513555527,1.103
1403636741.563555479,1.501
1403636741.613555431,1.305
1403636741.663555384,1.012
1403636741.713555574,1.5
1403636741.763555527,1.319
1403636741.813555479,1.106
1403636741.863555431,1.494
1403636741.913555384,1.494
1403636741.963555574,1.123
1403636742.013555527,1.596
1403636742.063555479,1.519
1403636742.113555431,1.164
1403636742.163555384,1.313
1403636742.213555574,1.334
1403636742.263555527,1.166
1403636742.313555479,1.475
1403636742.363555431,1.23
1403636742.413555384,1.151
1403636742.463555574,1.389
1403636742.513555527,1.292
1403636742.563555479,1.127
1403636742.613555431,1.365
1403636742.663555384,1.623
1403636742.713555574,1.101
1403636742.763555527,1.504
1403636742.813555479,1.359
1403636742.863555431,1.081
1403636742.913555384,2.248
1403636742.963555574,1.166
1403636743.013555527,1.164
1403636743.063555479,1.413
1403636743.113555431,1.356
1403636743.163555384,1.147
1403636743.213555574,1.499
1403636743.263555527,1.427
1403636743.313555479,1.177
1403636743.363555431,1.445
1403636743.413555384,1.338
1403636743.463555574,1.196
1403636743.513555527,1.492
1403636743.563555479,1.205
1403636743.613555431,1.175
1403636743.663555384,1.431
1403636743.713555574,1.167
1403636743.763555527,1.127
1403636743.813555479,1.532
1403636743.863555431,1.13
1403636743.913555384,1.168
1403636743.963555574,1.663
1403636744.013555527,1.154
1403636744.063555479,1.174
1403636744.113555431,1.575
1403636744.163555384,1.391
1403636744.213555574,1.115
1403636744.263555527,1.635
1403636744.313555479,1.386
1403636744.363555431,1.174
1403636744.413555384,1.714
1403636744.463555574,1.185
1403636744.513555527,1.674
1403636744.563555479,1.397
1403636744.613555431,1.387
1403636744.663555384,1.222
1403636744.713555574,1.396
1403636744.763555527,1.398
1403636744.813555479,1.19
1403636744.863555431,4.768
1403636744.913555384,1.399
1403636744.963555574,1.194
1403636745.013555527,1.439
1403636745.063555479,1.127
1403636745.113555431,1.127
1403636745.163555384,1.474
1403636745.213555574,1.489
1403636745.263555527,1.246
1403636745.313555479,1.383
1403636745.363555431,1.493
1403636745.413555384,1.191
1403636745.463555574,1.535
1403636745.513555527,1.077
1403636745.563555479,1.272
1403636745.613555431,1.53
1403636745.663555384,1.035
1403636745.713555574,1.174
1403636745.763555527,1.422
1403636745.813555479,1.068
1403636745.863555431,1.115
1403636745.913555384,1.437
1403636745.963555574,1.631
1403636746.013555527,1.105
1403636746.063555479,1.479
1403636746.113555431,1.589
1403636746.163555384,1.166
1403636746.213555574,1.567
1403636746.263555527,1.374
1403636746.313555479,1.288
1403636746.363555431,1.509
1403636746.413555384,1.621
1403636746.463555574,1.13
1403636746.513555527,1.573
1403636746.563555479,1.168
1403636746.613555431,1.29
1403636746.663555384,1.508
1403636746.713555574,1.383
1403636746.763555527,1.139
1403636746.813555479,1.487
1403636746.863555431,1.384
1403636746.913555384,1.2
1403636746.963555574,1.548
1403636747.013555527,1.355
1403636747.063555479,1.171
1403636747.113555431,1.357
1403636747.163555384,1.398
1403636747.213555574,1.173
1403636747.263555527,1.576
1403636747.313555479,1.187
1403636747.363555431,1.153
1403636747.413555384,1.496
1403636747.463555574,1.31
1403636747.513555527,1.165
1403636747.563555479,1.464
1403636747.613555431,1.13
1403636747.663555384,1.212
1403636747.713555574,2.304
1403636747.763555527,1.33
1403636747.813555479,1.172
1403636747.863555431,1.547
1403636747.913555384,1.408
1403636747.963555574,1.249
1403636748.013555527,1.494
1403636748.063555479,1.34
1403636748.113555431,1.203
1403636748.163555384,1.671
1403636748.213555574,1.448
1403636748.263555527,1.13
1403636748.313555479,1.474
1403636748.363555431,1.34
1403636748.413555384,1.23
1403636748.463555574,1.676
1403636748.513555527,1.269
1403636748.563555479,1.181
1403636748.613555431,1.512
1403636748.663555384,1.487
1403636748.713555574,1.132
1403636748.763555527,1.61
1403636748.813555479,1.48
1403636748.863555431,1.101
1403636748.913555384,1.51
1403636748.963555574,1.409
1403636749.013555527,1.125
1403636749.063555479,1.443
1403636749.113555431,1.428
1403636749.163555384,1.155
1403636749.213555574,1.511
1403636749.263555527,1.092
1403636749.313555479,1.707
1403636749.363555431,1.445
1403636749.413555384,1.518
1403636749.463555574,1.113
1403636749.513555527,1.41
1403636749.563555479,1.242
1403636749.613555431,1.152
1403636749.663555384,1.447
1403636749.713555574,1.303
1403636749.763555527,1.165
1403636749.813555479,1.409
1403636749.863555431,1.434
1403636749.913555384,1.191
1403636749.963555574,1.574
1403636750.013555527,1.417
1403636750.063555479,1.148
1403636750.113555431,1.369
1403636750.163555384,1.521
1403636750.213555574,1.222
1403636750.263555527,1.689
1403636750.313555479,1.178
1403636750.363555431,1.179
1403636750.413555384,1.322
1403636750.463555574,1.064
1403636750.513555527,1.16
1403636750.563555479,1.647
1403636750.613555431,1.401
1403636750.663555384,1.193
1403636750.713555574,1.53
1403636750.763555527,1.42
1403636750.813555479,1.211
1403636750.863555431,1.58
1403636750.913555384,1.929
1403636750.963555574,1.173
1403636751.013555527,1.555
1403636751.063555479,1.095
1403636751.113555431,1.176
1403636751.163555384,1.569
1403636751.213555574,1.518
1403636751.263555527,1.101
1403636751.313555479,1.565
1403636751.363555431,1.17
1403636751.413555384,1.173
1403636751.463555574,1.715
1403636751.513555527,1.494
1403636751.563555479,1.076
1403636751.613555431,1.365
1403636751.663555384,1.387
1403636751.713555574,1.11
1403636751.763555527,1.636
1403636751.813555479,1.448
1403636751.863555431,1.139
1403636751.913555384,1.549
1403636751.963555574,1.471
1403636752.013555527,1.226
1403636752.063555479,1.681
1403636752.113555431,1.093
1403636752.163555384,1.183
1403636752.213555574,1.34
1403636752.263555527,1.078
1403636752.313555479,1.223
1403636752.363555431,1.646
1403636752.413555384,1.405
1403636752.463555574,1.15
1403636752.513555527,2.144
1403636752.563555479,1.41
1403636752.613555431,1.17
1403636752.663555384,1.769
1403636752.713555574,1.239
1403636752.763555527,1.17
1403636752.813555479,1.386
1403636752.863555431,1.454
1403636752.913555384,1.194
1403636752.963555574,1.448
1403636753.013555527,1.266
1403636753.063555479,1.148
1403636753.113555431,1.617
1403636753.163555384,1.436
1403636753.213555574,1.195
1403636753.263555527,1.693
1403636753.313555479,1.169
1403636753.363555431,1.197
1403636753.413555384,1.48
1403636753.463555574,1.346
1403636753.513555527,1.166
1403636753.563555479,4.72
1403636753.613555431,1.18
1403636753.663555384,1.214
1403636753.713555574,1.501
1403636753.763555527,1.151
1403636753.813555479,1.066
1403636753.863555431,1.725
1403636753.913555384,1.26
1403636753.963555574,1.148
1403636754.013555527,1.546
1403636754.063555479,1.241
1403636754.113555431,2.032
1403636754.163555384,1.533
1403636754.213555574,1.225
1403636754.263555527,1.124
1403636754.313555479,1.475
1403636754.363555431,1.312
1403636754.413555384,1.117
1403636754.463555574,1.512
1403636754.513555527,1.354
1403636754.563555479,1.201
1403636754.613555431,1.463
1403636754.663555384,1.35
1403636754.713555574,1.136
1403636754.763555527,1.433
1403636754.813555479,1.343
1403636754.863555431,1.095
1403636754.913555384,1.446
1403636754.963555574,1.143
1403636755.013555527,1.188
1403636755.063555479,1.631
1403636755.113555431,1.448
1403636755.163555384,1.186
1403636755.213555574,1.616
1403636755.263555527,1.417
1403636755.313555479,1.066
1403636755.363555431,1.513
1403636755.413555384,1.056
1403636755.463555574,1.03
1403636755.513555527,1.352
1403636755.563555479,1.403
1403636755.613555431,1.157
1403636755.663555384,1.37
1403636755.713555574,1.773
1403636755.763555527,1.227
1403636755.813555479,1.435
1403636755.863555431,1.45
1403636755.913555384,1.178
1403636755.963555574,1.466
1403636756.013555527,1.201
1403636756.063555479,1.188
1403636756.113555431,1.608
1403636756.163555384,1.367
1403636756.213555574,1.08
1403636756.263555527,1.579
1403636756.313555479,1.322
1403636756.363555431,1.169
1403636756.413555384,1.715
1403636756.463555574,1.138
1403636756.513555527,1.159
1403636756.563555479,1.48
1403636756.613555431,1.655
1403636756.663555384,1.164
1403636756.713555574,1.445
1403636756.763555527,1.365
1403636756.813555479,1.23
1403636756.863555431,1.497
1403636756.913555384,1.326
1403636756.963555574,1.215
1403636757.013555527,1.547
1403636757.063555479,1.329
1403636757.113555431,1.091
1403636757.163555384,1.487
1403636757.213555574,1.461
1403636757.263555527,1.118
1403636757.313555479,2.06
1403636757.363555431,1.353
1403636757.413555384,1.042
1403636757.463555574,1.409
1403636757.513555527,1.444
1403636757.563555479,1.184
1403636757.613555431,1.628
1403636757.663555384,1.315
1403636757.713555574,1.184
1403636757.763555527,1.467
1403636757.813555479,1.338
1403636757.863555431,1.175
1403636757.913555384,1.664
1403636757.963555574,1.115
1403636758.013555527,1.08
1403636758.063555479,1.366
1403636758.113555431,1.11
1403636758.163555384,1.104
1403636758.213555574,1.404
1403636758.263555527,1.187
1403636758.313555479,1.129
1403636758.363555431,1.843
1403636758.413555384,1.667
1403636758.463555574,1.158
1403636758.513555527,1.518
1403636758.563555479,1.097
1403636758.613555431,1.109
1403636758.663555384,1.356
1403636758.713555574,1.255
1403636758.763555527,1.154
1403636758.813555479,1.537
1403636758.863555431,1.394
1403636758.913555384,1.777
1403636758.963555574,1.332
1403636759.013555527,1.505
1403636759.063555479,1.102
1403636759.113555431,1.384
1403636759.163555384,1.305
1403636759.213555574,1.33
1403636759.263555527,1.605
1403636759.313555479,1.416
1403636759.363555431,1.204
1403636759.413555384,1.555
1403636759.463555574,1.415
1403636759.513555527,1.277
1403636759.563555479,1.432
1403636759.613555431,1.448
1403636759.663555384,1.39
1403636759.713555574,1.373
1403636759.763555527,1.417
1403636759.813555479,1.169
1403636759.863555431,1.5
1403636759.913555384,1.537
1403636759.963555574,1.199
1403636760.013555527,1.411
1403636760.063555479,1.329
1403636760.113555431,1.163
1403636760.163555384,1.557
1403636760.213555574,1.448
1403636760.263555527,1.167
1403636760.313555479,1.481
1403636760.363555431,1.208
1403636760.413555384,1.211
1403636760.463555574,1.619
1403636760.513555527,2.375
1403636760.563555479,1.095
1403636760.613555431,1.475
1403636760.663555384,1.624
1403636760.713555574,1.093
1403636760.763555527,1.609
1403636760.813555479,1.554
1403636760.863555431,1.17
1403636760.913555384,1.76
1403636760.963555574,1.171
1403636761.013555527,1.065
1403636761.063555479,1.502
1403636761.113555431,1.371
1403636761.163555384,1.109
1403636761.213555574,1.711
1403636761.263555527,1.157
1403636761.313555479,1.157
1403636761.363555431,1.543
1403636761.413555384,1.381
1403636761.463555574,1.145
1403636761.513555527,1.546
1403636761.563555479,1.328
1403636761.613555431,1.207
1403636761.663555384,1.675
1403636761.713555574,1.398
1403636761.763555527,1.162
1403636761.813555479,1.421
1403636761.863555431,1.147
1403636761.913555384,1.169
1403636761.963555574,1.509
1403636762.013555527,1.12
1403636762.063555479,1.152
1403636762.113555431,2.051
1403636762.163555384,1.396
1403636762.213555574,1.166
1403636762.263555527,1.633
1403636762.313555479,1.434
1403636762.363555431,1.191
1403636762.413555384,1.476
1403636762.463555574,1.261
1403636762.513555527,1.14
1403636762.563555479,1.545
1403636762.613555431,1.168
1403636762.663555384,1.187
1403636762.713555574,1.47
1403636762.763555527,1.148
1403636762.813555479,1.207
1403636762.863555431,1.532
1403636762.913555384,1.14
1403636762.963555574,1.109
1403636763.013555527,1.252
1403636763.063555479,1.074
1403636763.113555431,1.142
1403636763.163555384,1.888
1403636763.213555574,1.072
1403636763.263555527,1.173
1403636763.313555479,1.476
1403636763.363555431,1.402
1403636763.413555384,1.173
1403636763.463555574,1.346
1403636763.513555527,1.21
1403636763.563555479,1.26
1403636763.613555431,1.662
1403636763.663555384,1.15
1403636763.713555574,1.722
1403636763.763555527,1.349
1403636763.813555479,1.162
