1.40364e+09,4.20234
1.40364e+09,4.64236
1.40364e+09,14.734
1.40364e+09,8.09387
1.40364e+09,9.58339
1.40364e+09,10.7353
1.40364e+09,9.81979
1.40364e+09,9.61771
1.40364e+09,9.57799
1.40364e+09,7.50942
1.40364e+09,12.103
1.40364e+09,9.71225
1.40364e+09,9.68298
1.40364e+09,8.31737
1.40364e+09,6.9565
1.40364e+09,10.8121
1.40364e+09,10.7595
1.40364e+09,11.9962
1.40364e+09,10.9882
1.40364e+09,10.3718
1.40364e+09,10.9338
1.40364e+09,9.73318
1.40364e+09,8.78568
1.40364e+09,11.6264
1.40364e+09,10.2912
1.40364e+09,12.2192
1.40364e+09,10.0085
1.40364e+09,9.36665
1.40364e+09,10.8306
1.40364e+09,10.704
1.40364e+09,9.17455
1.40364e+09,13.5932
1.40364e+09,12.322
1.40364e+09,9.6007
1.40364e+09,12.4609
1.40364e+09,11.1567
1.40364e+09,10.0692
1.40364e+09,10.8606
1.40364e+09,8.13303
1.40364e+09,9.4226
1.40364e+09,11.1189
1.40364e+09,12.2317
1.40364e+09,9.65962
1.40364e+09,11.5761
1.40364e+09,9.84686
1.40364e+09,9.02524
1.40364e+09,8.83528
1.40364e+09,6.9642
1.40364e+09,10.3121
1.40364e+09,11.9242
1.40364e+09,10.461
1.40364e+09,9.75932
1.40364e+09,9.0178
1.40364e+09,11.2368
1.40364e+09,9.44922
1.40364e+09,10.6999
1.40364e+09,12.3294
1.40364e+09,9.06898
1.40364e+09,12.8393
1.40364e+09,9.00662
1.40364e+09,11.2209
1.40364e+09,3.3888
1.40364e+09,7.14051
1.40364e+09,5.27564
1.40364e+09,5.47639
1.40364e+09,15.3223
1.40364e+09,12.4794
1.40364e+09,13.0208
1.40364e+09,13.275
1.40364e+09,12.035
1.40364e+09,16.1304
1.40364e+09,14.9969
1.40364e+09,12.6915
1.40364e+09,16.3149
1.40364e+09,13.6819
1.40364e+09,16.4293
1.40364e+09,15.8866
1.40364e+09,15.931
1.40364e+09,16.2133
1.40364e+09,16.792
1.40364e+09,17.2526
1.40364e+09,17.2711
1.40364e+09,17.5732
1.40364e+09,16.3696
1.40364e+09,15.2103
1.40364e+09,16.2406
1.40364e+09,16.1149
1.40364e+09,11.9252
1.40364e+09,14.233
1.40364e+09,14.8322
1.40364e+09,11.6448
1.40364e+09,12.3145
1.40364e+09,11.097
1.40364e+09,11.9562
1.40364e+09,13.6101
1.40364e+09,13.6359
1.40364e+09,9.56054
1.40364e+09,14.2931
1.40364e+09,14.5561
1.40364e+09,13.9447
1.40364e+09,16.5787
1.40364e+09,17.975
1.40364e+09,15.3204
1.40364e+09,19.1269
1.40364e+09,18.6729
1.40364e+09,15.4123
1.40364e+09,18.4798
1.40364e+09,18.6022
1.40364e+09,18.4577
1.40364e+09,21.4032
1.40364e+09,14.7167
1.40364e+09,12.7719
1.40364e+09,18.6241
1.40364e+09,13.8359
1.40364e+09,15.8219
1.40364e+09,12.7173
1.40364e+09,15.2891
1.40364e+09,11.7827
1.40364e+09,15.0096
1.40364e+09,10.0016
1.40364e+09,13.0474
1.40364e+09,10.443
1.40364e+09,15.2055
1.40364e+09,11.1604
1.40364e+09,15.7175
1.40364e+09,16.5264
1.40364e+09,13.655
1.40364e+09,16.4764
1.40364e+09,20.2833
1.40364e+09,17.8633
1.40364e+09,20.5824
1.40364e+09,19.8499
1.40364e+09,17.4901
1.40364e+09,16.1367
1.40364e+09,19.3182
1.40364e+09,18.8315
1.40364e+09,21.8324
1.40364e+09,21.2241
1.40364e+09,22.443
1.40364e+09,20.0381
1.40364e+09,18.605
1.40364e+09,19.7101
1.40364e+09,18.3877
1.40364e+09,13.2534
1.40364e+09,15.6144
1.40364e+09,12.3106
1.40364e+09,13.4913
1.40364e+09,10.1746
1.40364e+09,12.9596
1.40364e+09,11.3009
1.40364e+09,14.3393
1.40364e+09,11.8252
1.40364e+09,14.755
1.40364e+09,16.6897
1.40364e+09,19.9704
1.40364e+09,17.3791
1.40364e+09,17.2032
1.40364e+09,18.6718
1.40364e+09,18.9211
1.40364e+09,18.1702
1.40364e+09,20.8929
1.40364e+09,15.8954
1.40364e+09,17.5689
1.40364e+09,17.4771
1.40364e+09,19.0786
1.40364e+09,17.9943
1.40364e+09,17.787
1.40364e+09,18.2488
1.40364e+09,20.7577
1.40364e+09,17.9039
1.40364e+09,17.6257
1.40364e+09,14.0564
1.40364e+09,12.641
1.40364e+09,11.6982
1.40364e+09,12.031
1.40364e+09,11.6345
1.40364e+09,13.9161
1.40364e+09,10.7984
1.40364e+09,11.6375
1.40364e+09,10.5096
1.40364e+09,13.3103
1.40364e+09,3.00827
1.40364e+09,9.92851
1.40364e+09,4.92211
1.40364e+09,5.04059
1.40364e+09,15.1327
1.40364e+09,10.1336
1.40364e+09,8.42851
1.40364e+09,6.01664
1.40364e+09,9.48063
1.40364e+09,10.5201
1.40364e+09,12.1648
1.40364e+09,10.3652
1.40364e+09,9.95831
1.40364e+09,7.79053
1.40364e+09,9.37849
1.40364e+09,9.65511
1.40364e+09,11.0095
1.40364e+09,8
1.40364e+09,10.4998
1.40364e+09,11.2856
1.40364e+09,9.64999
1.40364e+09,12.2468
1.40364e+09,11.142
1.40364e+09,10.5517
1.40364e+09,11.3178
1.40364e+09,9.53582
1.40364e+09,8.61961
1.40364e+09,11.1325
1.40364e+09,12.3184
1.40364e+09,8.3805
1.40364e+09,12.4921
1.40364e+09,12.3479
1.40364e+09,9.71356
1.40364e+09,10.1661
1.40364e+09,10.4248
1.40364e+09,11.3466
1.40364e+09,9.2058
1.40364e+09,8.79409
1.40364e+09,11.1956
1.40364e+09,11.2556
1.40364e+09,11.0777
1.40364e+09,11.2615
1.40364e+09,12.0894
1.40364e+09,12.4312
1.40364e+09,10.4046
1.40364e+09,11.4437
1.40364e+09,11.8595
1.40364e+09,12.8066
1.40364e+09,10.5311
1.40364e+09,9.11949
1.40364e+09,7.4258
1.40364e+09,11.8536
1.40364e+09,13.3816
1.40364e+09,12.9571
1.40364e+09,14.929
1.40364e+09,13.5831
1.40364e+09,12.5437
1.40364e+09,13.9227
1.40364e+09,12.4602
1.40364e+09,8.2031
1.40364e+09,12.1971
1.40364e+09,11.9184
1.40364e+09,11.6751
1.40364e+09,12.6883
1.40364e+09,13.4731
1.40364e+09,13.0244
1.40364e+09,12.1022
1.40364e+09,12.9802
1.40364e+09,12.6846
1.40364e+09,9.73251
1.40364e+09,11.9199
1.40364e+09,11.3782
1.40364e+09,15.2754
1.40364e+09,13.4036
1.40364e+09,11.9591
1.40364e+09,12.6003
1.40364e+09,11.5688
1.40364e+09,13.3555
1.40364e+09,13.0917
1.40364e+09,3.18012
1.40364e+09,7.41567
1.40364e+09,3.84789
1.40364e+09,4.79017
1.40364e+09,5.55957
1.40364e+09,3.85448
1.40364e+09,5.24484
1.40364e+09,5.19379
1.40364e+09,4.40953
1.40364e+09,3.64942
1.40364e+09,4.88777
1.40364e+09,4.30587
1.40364e+09,4.88875
1.40364e+09,4.84874
1.40364e+09,3.33494
1.40364e+09,5.11289
1.40364e+09,4.92049
1.40364e+09,5.33566
1.40364e+09,4.45804
1.40364e+09,5.02763
1.40364e+09,3.83228
1.40364e+09,15.5258
1.40364e+09,12.1174
1.40364e+09,10.0939
1.40364e+09,9.77695
1.40364e+09,7.707
1.40364e+09,10.9215
1.40364e+09,11.5946
1.40364e+09,9.68737
1.40364e+09,10.5749
1.40364e+09,11.0316
1.40364e+09,9.98337
1.40364e+09,11.3727
1.40364e+09,12.8051
1.40364e+09,9.292
1.40364e+09,11.2944
1.40364e+09,11.0259
1.40364e+09,11.1037
1.40364e+09,10.8507
1.40364e+09,12.7384
1.40364e+09,10.0369
1.40364e+09,12.4288
1.40364e+09,11.8388
1.40364e+09,9.31451
1.40364e+09,12.887
1.40364e+09,11.8254
1.40364e+09,11.513
1.40364e+09,9.75222
1.40364e+09,9.93401
1.40364e+09,13.1194
1.40364e+09,8.98568
1.40364e+09,11.3361
1.40364e+09,11.0088
1.40364e+09,12.3435
1.40364e+09,9.32584
1.40364e+09,12.8075
1.40364e+09,9.75207
1.40364e+09,11.6671
1.40364e+09,10.1749
1.40364e+09,11.4942
1.40364e+09,10.6339
1.40364e+09,11.6053
1.40364e+09,11.9284
1.40364e+09,12.3016
1.40364e+09,11.673
1.40364e+09,11.1746
1.40364e+09,7.76697
1.40364e+09,10.9128
1.40364e+09,13.8285
1.40364e+09,12.5437
1.40364e+09,11.7598
1.40364e+09,14.8365
1.40364e+09,13.9118
1.40364e+09,11.7474
1.40364e+09,12.1711
1.40364e+09,8.95887
1.40364e+09,8.47265
1.40364e+09,12.7623
1.40364e+09,12.7567
1.40364e+09,12.6003
1.40364e+09,12.087
1.40364e+09,13.331
1.40364e+09,13.7771
1.40364e+09,11.5449
1.40364e+09,12.9078
1.40364e+09,11.1439
1.40364e+09,3.24641
1.40364e+09,6.46482
1.40364e+09,3.56419
1.40364e+09,5.15068
1.40364e+09,4.82883
1.40364e+09,4.95357
1.40364e+09,3.85257
1.40364e+09,4.45676
1.40364e+09,3.45864
1.40364e+09,4.5534
1.40364e+09,4.72165
1.40364e+09,4.89557
1.40364e+09,5.52383
1.40364e+09,4.53799
1.40364e+09,5.25938
1.40364e+09,5.11632
1.40364e+09,5.06607
1.40364e+09,4.37049
1.40364e+09,5.14471
1.40364e+09,4.91698
1.40364e+09,3.42392
1.40364e+09,4.29198
1.40364e+09,5.2622
1.40364e+09,5.74322
1.40364e+09,5.67478
1.40364e+09,4.95439
1.40364e+09,3.42729
1.40364e+09,5.50136
1.40364e+09,3.40213
1.40364e+09,4.67499
1.40364e+09,3.47647
1.40364e+09,4.87789
1.40364e+09,3.8836
1.40364e+09,4.75415
1.40364e+09,3.25925
1.40364e+09,4.52276
1.40364e+09,4.97472
1.40364e+09,16.4493
1.40364e+09,9.27407
1.40364e+09,6.04497
1.40364e+09,8.84034
1.40364e+09,9.04024
1.40364e+09,8.71589
1.40364e+09,8.44415
1.40364e+09,8.51111
1.40364e+09,8.62399
1.40364e+09,6.38258
1.40364e+09,11.6475
1.40364e+09,9.05643
1.40364e+09,11.2164
1.40364e+09,12.2307
1.40364e+09,10.4463
1.40364e+09,13.6334
1.40364e+09,12.5956
1.40364e+09,9.62864
1.40364e+09,15.5398
1.40364e+09,13.0877
1.40364e+09,14.5335
1.40364e+09,14.2245
1.40364e+09,15.3352
1.40364e+09,12.9854
1.40364e+09,14.0132
1.40364e+09,16.9512
1.40364e+09,15.0052
1.40364e+09,14.0208
1.40364e+09,17.6674
1.40364e+09,15.3289
1.40364e+09,16.1142
1.40364e+09,16.8477
1.40364e+09,17.1545
1.40364e+09,17.3897
1.40364e+09,16.019
1.40364e+09,16.5485
1.40364e+09,20.3442
1.40364e+09,17.5445
1.40364e+09,18.0683
1.40364e+09,19.0816
1.40364e+09,13.8435
1.40364e+09,17.7706
1.40364e+09,16.9769
1.40364e+09,18.4602
1.40364e+09,14.1802
1.40364e+09,15.0679
1.40364e+09,12.9027
1.40364e+09,19.1802
1.40364e+09,17.643
1.40364e+09,17.2075
1.40364e+09,18.8018
1.40364e+09,20.4081
1.40364e+09,14.8226
1.40364e+09,17.5612
1.40364e+09,18.5566
1.40364e+09,21.463
1.40364e+09,20.9126
1.40364e+09,18.2185
1.40364e+09,19.512
1.40364e+09,19.384
1.40364e+09,15.2297
1.40364e+09,17.6044
1.40364e+09,19.7951
1.40364e+09,18.7833
1.40364e+09,15.93
1.40364e+09,20.975
1.40364e+09,18.5205
1.40364e+09,17.7194
1.40364e+09,15.9411
1.40364e+09,19.3056
1.40364e+09,21.9786
1.40364e+09,19.7151
1.40364e+09,19.4368
1.40364e+09,19.716
1.40364e+09,20.1987
1.40364e+09,21.0316
1.40364e+09,20.6105
1.40364e+09,19.9332
1.40364e+09,16.5627
1.40364e+09,18.24
1.40364e+09,20.1962
1.40364e+09,21.5662
1.40364e+09,21.3944
1.40364e+09,20.1425
1.40364e+09,19.1602
1.40364e+09,18.6935
1.40364e+09,21.2903
1.40364e+09,21.6587
1.40364e+09,17.551
1.40364e+09,16.5036
1.40364e+09,20.7078
1.40364e+09,20.4577
1.40364e+09,19.4695
1.40364e+09,22.0215
1.40364e+09,23.4568
1.40364e+09,20.4562
1.40364e+09,20.2186
1.40364e+09,21.9542
1.40364e+09,17.5551
1.40364e+09,18.2925
1.40364e+09,21.3793
1.40364e+09,20.1698
1.40364e+09,16.6371
1.40364e+09,17.2999
1.40364e+09,15.4832
1.40364e+09,16.4003
1.40364e+09,16.3078
1.40364e+09,20.3933
1.40364e+09,19.3813
1.40364e+09,19.6112
1.40364e+09,19.1603
1.40364e+09,19.1931
1.40364e+09,17.2589
1.40364e+09,17.4544
1.40364e+09,21.9791
1.40364e+09,16.964
1.40364e+09,18.8294
1.40364e+09,21.112
1.40364e+09,21.8247
1.40364e+09,20.8404
1.40364e+09,22.2776
1.40364e+09,22.8457
1.40364e+09,17.5081
1.40364e+09,16.9498
1.40364e+09,21.2263
1.40364e+09,20.6398
1.40364e+09,22.2611
1.40364e+09,21.5939
1.40364e+09,17.1101
1.40364e+09,17.1108
1.40364e+09,21.0458
1.40364e+09,19.6995
1.40364e+09,19.6556
1.40364e+09,17.6837
1.40364e+09,17.6174
1.40364e+09,20.8346
1.40364e+09,20.0892
1.40364e+09,19.964
1.40364e+09,23.1246
1.40364e+09,21.4153
1.40364e+09,17.7405
1.40364e+09,17.6525
1.40364e+09,16.2583
1.40364e+09,22.2449
1.40364e+09,19.7335
1.40364e+09,18.8774
1.40364e+09,18.1705
1.40364e+09,18.4581
1.40364e+09,20.148
1.40364e+09,19.5906
1.40364e+09,23.3291
1.40364e+09,21.2765
1.40364e+09,22.6252
1.40364e+09,22.4948
1.40364e+09,21.0713
1.40364e+09,23.6512
1.40364e+09,18.0335
1.40364e+09,18.6604
1.40364e+09,18.9652
1.40364e+09,19.6028
1.40364e+09,21.8288
1.40364e+09,22.0204
1.40364e+09,22.9575
1.40364e+09,24.0329
1.40364e+09,18.9202
1.40364e+09,18.3047
1.40364e+09,19.9569
1.40364e+09,19.75
1.40364e+09,19.9481
1.40364e+09,21.5758
1.40364e+09,19.7774
1.40364e+09,19.3992
1.40364e+09,21.0734
1.40364e+09,19.6421
1.40364e+09,20.1028
1.40364e+09,20.5291
1.40364e+09,23.1843
1.40364e+09,19.5467
1.40364e+09,19.5859
1.40364e+09,20.3955
1.40364e+09,21.3959
1.40364e+09,18.5117
1.40364e+09,18.6665
1.40364e+09,19.1937
1.40364e+09,19.7926
1.40364e+09,19.6323
1.40364e+09,19.983
1.40364e+09,23.5737
1.40364e+09,19.8394
1.40364e+09,20.2582
1.40364e+09,21.1937
1.40364e+09,21.309
1.40364e+09,23.0357
1.40364e+09,23.8323
1.40364e+09,20.019
1.40364e+09,20.6962
1.40364e+09,18.2777
1.40364e+09,23.9388
1.40364e+09,19.9104
1.40364e+09,20.4787
1.40364e+09,20.0593
1.40364e+09,23.0745
1.40364e+09,20.2195
1.40364e+09,20.5185
1.40364e+09,18.5088
1.40364e+09,23.5283
1.40364e+09,19.3266
1.40364e+09,19.6794
1.40364e+09,18.5154
1.40364e+09,18.5215
1.40364e+09,19.1366
1.40364e+09,18.9646
1.40364e+09,17.7498
1.40364e+09,18.2514
1.40364e+09,19.2514
1.40364e+09,18.5503
1.40364e+09,16.784
1.40364e+09,17.789
1.40364e+09,18.6449
1.40364e+09,17.3414
1.40364e+09,17.5312
1.40364e+09,18.5389
1.40364e+09,18.0165
1.40364e+09,17.4283
1.40364e+09,19.4311
1.40364e+09,18.6091
1.40364e+09,18.5308
1.40364e+09,22.8152
1.40364e+09,18.3727
1.40364e+09,18.4011
1.40364e+09,17.0102
1.40364e+09,22.2219
1.40364e+09,19.1936
1.40364e+09,18.3778
1.40364e+09,17.5042
1.40364e+09,22.793
1.40364e+09,19.4906
1.40364e+09,18.6855
1.40364e+09,19.1716
1.40364e+09,21.3836
1.40364e+09,18.1338
1.40364e+09,18.3173
1.40364e+09,16.1985
1.40364e+09,20.9468
1.40364e+09,17.1754
1.40364e+09,17.092
1.40364e+09,15.4471
1.40364e+09,22.0047
1.40364e+09,18.1832
1.40364e+09,18.171
1.40364e+09,18.1299
1.40364e+09,21.558
1.40364e+09,20.8891
1.40364e+09,22.0582
1.40364e+09,19.2443
1.40364e+09,18.5908
1.40364e+09,20.8722
1.40364e+09,21.3847
1.40364e+09,20.002
1.40364e+09,19.0921
1.40364e+09,18.7335
1.40364e+09,21.025
1.40364e+09,18.4153
1.40364e+09,18.386
1.40364e+09,17.9531
1.40364e+09,16.9889
1.40364e+09,19.1177
1.40364e+09,18.4765
1.40364e+09,17.0899
1.40364e+09,18.9247
1.40364e+09,18.9978
1.40364e+09,17.1416
1.40364e+09,21.2872
1.40364e+09,18.6998
1.40364e+09,18.5089
1.40364e+09,16.5981
1.40364e+09,21.6199
1.40364e+09,18.8565
1.40364e+09,18.8909
1.40364e+09,17.2755
1.40364e+09,22.3946
1.40364e+09,19.1419
1.40364e+09,19.8562
1.40364e+09,17.5445
1.40364e+09,23.3255
1.40364e+09,19.6024
1.40364e+09,18.9192
1.40364e+09,17.5723
1.40364e+09,19.9585
1.40364e+09,19.9159
1.40364e+09,18.0999
1.40364e+09,20.188
1.40364e+09,19.645
1.40364e+09,18.7485
1.40364e+09,19.8577
1.40364e+09,19.769
1.40364e+09,19.6052
1.40364e+09,19.91
1.40364e+09,19.7973
1.40364e+09,17.2865
1.40364e+09,24.3236
1.40364e+09,18.7445
1.40364e+09,18.5944
1.40364e+09,17.3745
1.40364e+09,12.7102
1.40364e+09,13.9739
1.40364e+09,14.0208
1.40364e+09,13.3363
1.40364e+09,12.8867
1.40364e+09,12.7711
1.40364e+09,13.0505
1.40364e+09,15.7073
1.40364e+09,15.3568
1.40364e+09,16.4541
1.40364e+09,15.4778
1.40364e+09,15.1673
1.40364e+09,14.5027
1.40364e+09,16.4438
1.40364e+09,15.8969
1.40364e+09,15.8576
1.40364e+09,17.0335
1.40364e+09,16.2403
1.40364e+09,17.9961
1.40364e+09,16.5241
1.40364e+09,16.1212
1.40364e+09,16.3193
1.40364e+09,17.3755
1.40364e+09,17.0931
1.40364e+09,17.5997
1.40364e+09,19.5513
1.40364e+09,17.5181
1.40364e+09,17.094
1.40364e+09,17.0154
1.40364e+09,17.0876
1.40364e+09,16.7934
1.40364e+09,17.1545
1.40364e+09,17.5259
1.40364e+09,17.7765
1.40364e+09,17.5696
1.40364e+09,18.1338
1.40364e+09,18.2346
1.40364e+09,18.045
1.40364e+09,18.5523
1.40364e+09,19.3073
1.40364e+09,17.9774
1.40364e+09,21.3376
1.40364e+09,21.5658
1.40364e+09,21.9884
1.40364e+09,21.3884
1.40364e+09,22.6708
1.40364e+09,22.2445
1.40364e+09,23.1684
1.40364e+09,18.0028
1.40364e+09,18.3395
1.40364e+09,19.766
1.40364e+09,20.124
1.40364e+09,17.9006
1.40364e+09,18.2497
1.40364e+09,16.7734
1.40364e+09,20.5298
1.40364e+09,18.475
1.40364e+09,18.8749
1.40364e+09,17.0827
1.40364e+09,23.1789
1.40364e+09,19.0129
1.40364e+09,19.5599
1.40364e+09,19.0068
1.40364e+09,18.03
1.40364e+09,23.2629
1.40364e+09,18.6465
1.40364e+09,20.1236
1.40364e+09,20.2301
1.40364e+09,17.5164
1.40364e+09,18.9479
1.40364e+09,19.6026
1.40364e+09,18.1985
1.40364e+09,22.9033
1.40364e+09,22.989
1.40364e+09,19.0698
1.40364e+09,19.4214
1.40364e+09,18.8748
1.40364e+09,20.9242
1.40364e+09,18.9408
1.40364e+09,19.241
1.40364e+09,17.5856
1.40364e+09,22.3966
1.40364e+09,19.554
1.40364e+09,19.6695
1.40364e+09,20.6555
1.40364e+09,20.3342
1.40364e+09,19.9786
1.40364e+09,20.1736
1.40364e+09,21.157
1.40364e+09,21.0181
1.40364e+09,20.5214
1.40364e+09,19.7639
1.40364e+09,21.9049
1.40364e+09,20.7715
1.40364e+09,20.8303
1.40364e+09,18.8472
1.40364e+09,25.7581
1.40364e+09,19.6999
1.40364e+09,19.9739
1.40364e+09,19.7446
1.40364e+09,20.9631
1.40364e+09,19.3039
1.40364e+09,20.0286
1.40364e+09,18.3304
1.40364e+09,22.5811
1.40364e+09,19.001
1.40364e+09,19.3021
1.40364e+09,17.2326
1.40364e+09,20.5689
1.40364e+09,17.904
1.40364e+09,18.6664
1.40364e+09,19.6655
1.40364e+09,19.6278
1.40364e+09,18.1103
1.40364e+09,17.3865
1.40364e+09,15.1752
1.40364e+09,19.5005
1.40364e+09,17.0939
1.40364e+09,17.2516
1.40364e+09,19.0378
1.40364e+09,18.6544
1.40364e+09,17.924
1.40364e+09,17.7981
1.40364e+09,17.2252
1.40364e+09,17.8366
1.40364e+09,19.3823
1.40364e+09,19.5726
1.40364e+09,20.3487
1.40364e+09,21.3809
1.40364e+09,20.1647
1.40364e+09,20.3262
1.40364e+09,19.7136
1.40364e+09,20.8853
1.40364e+09,20.1039
1.40364e+09,20.9161
1.40364e+09,20.1213
1.40364e+09,22.4225
1.40364e+09,19.9498
1.40364e+09,21.0103
1.40364e+09,20.1612
1.40364e+09,21.0816
1.40364e+09,20.6239
1.40364e+09,21.1481
1.40364e+09,20.1756
1.40364e+09,21.7515
1.40364e+09,20.9877
1.40364e+09,20.5596
1.40364e+09,19.796
1.40364e+09,21.5747
1.40364e+09,19.4185
1.40364e+09,19.6445
1.40364e+09,19.1285
1.40364e+09,21.2272
1.40364e+09,19.2111
1.40364e+09,19.7208
1.40364e+09,19.8932
1.40364e+09,20.3884
1.40364e+09,19.2363
1.40364e+09,18.9974
1.40364e+09,17.5763
1.40364e+09,19.1435
1.40364e+09,18.2337
1.40364e+09,18.2338
1.40364e+09,17.7094
1.40364e+09,19.405
1.40364e+09,17.5158
1.40364e+09,16.9688
1.40364e+09,17.1012
1.40364e+09,19.2833
1.40364e+09,19.3571
1.40364e+09,18.9807
1.40364e+09,18.4413
1.40364e+09,19.2498
1.40364e+09,18.197
1.40364e+09,18.4755
1.40364e+09,18.8088
1.40364e+09,20.5001
1.40364e+09,18.1583
1.40364e+09,18.3991
1.40364e+09,16.739
1.40364e+09,23.2591
1.40364e+09,18.7235
1.40364e+09,19.2399
1.40364e+09,18.4302
1.40364e+09,18.3897
1.40364e+09,19.6444
1.40364e+09,21.3235
1.40364e+09,19.1887
1.40364e+09,21.4949
1.40364e+09,24.9409
1.40364e+09,21.5007
1.40364e+09,21.4692
1.40364e+09,23.5642
1.40364e+09,19.4307
1.40364e+09,20.4642
1.40364e+09,19.6301
1.40364e+09,19.6921
1.40364e+09,20.7731
1.40364e+09,21.3436
1.40364e+09,20.214
1.40364e+09,22.2307
1.40364e+09,20.7602
1.40364e+09,20.9806
1.40364e+09,19.7788
1.40364e+09,20.2894
1.40364e+09,21.1368
1.40364e+09,21.4777
1.40364e+09,20.9058
1.40364e+09,21.9917
1.40364e+09,20.6287
1.40364e+09,21.2008
1.40364e+09,21.2314
1.40364e+09,21.5365
1.40364e+09,20.5131
1.40364e+09,21.2557
1.40364e+09,21.2626
1.40364e+09,20.5542
1.40364e+09,21.5899
1.40364e+09,21.8817
1.40364e+09,21.2604
1.40364e+09,20.6069
1.40364e+09,21.1259
1.40364e+09,21.6155
1.40364e+09,21.6001
1.40364e+09,21.4314
1.40364e+09,21.1405
1.40364e+09,21.8824
1.40364e+09,21.6297
1.40364e+09,20.968
1.40364e+09,21.3485
1.40364e+09,22.0515
1.40364e+09,22.0743
1.40364e+09,21.3127
1.40364e+09,20.8807
1.40364e+09,21.7332
1.40364e+09,21.454
1.40364e+09,21.2644
1.40364e+09,21.0129
1.40364e+09,21.7234
1.40364e+09,21.2822
1.40364e+09,22.1114
1.40364e+09,26.651
1.40364e+09,26.0327
1.40364e+09,20.7746
1.40364e+09,21.6378
1.40364e+09,21.9296
1.40364e+09,19.9272
1.40364e+09,24.4759
1.40364e+09,25.3052
1.40364e+09,21.1908
1.40364e+09,21.5111
1.40364e+09,20.6382
1.40364e+09,20.0677
1.40364e+09,22.1714
1.40364e+09,23.7952
1.40364e+09,23.4681
1.40364e+09,20.3784
1.40364e+09,21.227
1.40364e+09,20.6769
1.40364e+09,19.4706
1.40364e+09,23.0427
1.40364e+09,19.2794
1.40364e+09,20.3873
1.40364e+09,20.3692
1.40364e+09,19.4099
1.40364e+09,19.8405
1.40364e+09,20.2028
1.40364e+09,20.1495
1.40364e+09,19.8515
1.40364e+09,22.9174
1.40364e+09,19.7235
1.40364e+09,20.5639
1.40364e+09,19.8361
1.40364e+09,20.1096
1.40364e+09,25.8972
1.40364e+09,20.0211
1.40364e+09,21.0513
1.40364e+09,20.6255
1.40364e+09,19.1972
1.40364e+09,20.3035
1.40364e+09,20.1944
1.40364e+09,20.9201
1.40364e+09,20.6012
1.40364e+09,19.2103
1.40364e+09,24.5464
1.40364e+09,20.4425
1.40364e+09,20.6009
1.40364e+09,20.4617
1.40364e+09,19.0067
1.40364e+09,24.6602
1.40364e+09,21.3437
1.40364e+09,21.5916
1.40364e+09,20.9946
1.40364e+09,20.0251
1.40364e+09,23.141
1.40364e+09,20.3471
1.40364e+09,20.6349
1.40364e+09,20.8018
1.40364e+09,19.3147
1.40364e+09,21.8918
1.40364e+09,19.9493
1.40364e+09,20.3219
1.40364e+09,20.2331
1.40364e+09,18.59
1.40364e+09,23.1642
1.40364e+09,19.8503
1.40364e+09,20.9106
1.40364e+09,20.511
1.40364e+09,18.8123
1.40364e+09,22.8413
1.40364e+09,19.5203
1.40364e+09,20.2078
1.40364e+09,19.5493
1.40364e+09,18.7213
1.40364e+09,24.4172
1.40364e+09,19.9317
1.40364e+09,20.4248
1.40364e+09,20.2956
1.40364e+09,18.8411
1.40364e+09,23.071
1.40364e+09,19.7347
1.40364e+09,20.513
1.40364e+09,19.8135
1.40364e+09,17.5618
1.40364e+09,22.3299
1.40364e+09,19.8341
1.40364e+09,20.9276
1.40364e+09,19.4207
1.40364e+09,18.0207
1.40364e+09,22.7942
1.40364e+09,20.2503
1.40364e+09,20.8531
1.40364e+09,20.8075
1.40364e+09,21.7686
1.40364e+09,21.1132
1.40364e+09,24.4169
1.40364e+09,23.4102
1.40364e+09,26.8441
1.40364e+09,21.2023
1.40364e+09,21.7756
1.40364e+09,21.2119
1.40364e+09,21.1111
1.40364e+09,22.3853
1.40364e+09,21.2711
1.40364e+09,21.8528
1.40364e+09,21.3673
1.40364e+09,20.8765
1.40364e+09,20.0674
1.40364e+09,20.8327
1.40364e+09,20.774
1.40364e+09,20.2962
1.40364e+09,18.8685
1.40364e+09,23.6793
1.40364e+09,21.1
1.40364e+09,21.4132
1.40364e+09,21.3228
1.40364e+09,22.3731
1.40364e+09,20.2711
1.40364e+09,20.2908
1.40364e+09,21.1432
1.40364e+09,20.6263
1.40364e+09,19.7486
1.40364e+09,23.1777
1.40364e+09,21.8354
1.40364e+09,21.2973
1.40364e+09,20.4693
1.40364e+09,19.4405
1.40364e+09,24.354
1.40364e+09,21.2744
1.40364e+09,21.8782
1.40364e+09,21.5808
1.40364e+09,19.2541
1.40364e+09,26.0434
1.40364e+09,21.8881
1.40364e+09,22.571
1.40364e+09,22.1972
1.40364e+09,23.791
1.40364e+09,20.8313
1.40364e+09,21.6721
1.40364e+09,21.9673
1.40364e+09,21.5909
1.40364e+09,20.8005
1.40364e+09,24.1859
1.40364e+09,24.8168
1.40364e+09,22.4964
1.40364e+09,22.6485
1.40364e+09,21.8827
1.40364e+09,22.5031
1.40364e+09,20.8327
1.40364e+09,21.1657
1.40364e+09,22.4105
1.40364e+09,21.6286
1.40364e+09,20.2815
1.40364e+09,21.9565
1.40364e+09,22.7377
1.40364e+09,23.6267
1.40364e+09,22.8931
1.40364e+09,21.7737
1.40364e+09,25.3738
1.40364e+09,22.8196
1.40364e+09,23.4332
1.40364e+09,23.2037
1.40364e+09,24.7015
1.40364e+09,21.8878
1.40364e+09,23.0205
1.40364e+09,24.2088
1.40364e+09,23.4285
1.40364e+09,21.797
1.40364e+09,26.618
1.40364e+09,23.47
1.40364e+09,23.2987
1.40364e+09,23.47
1.40364e+09,23.9521
1.40364e+09,22.0126
1.40364e+09,26.2126
1.40364e+09,26.7365
1.40364e+09,27.3185
1.40364e+09,26.2582
1.40364e+09,23.9347
1.40364e+09,24.5782
1.40364e+09,24.519
1.40364e+09,24.3912
1.40364e+09,23.7781
1.40364e+09,28.331
1.40364e+09,24.2594
1.40364e+09,25.1213
1.40364e+09,24.9611
1.40364e+09,25.0791
1.40364e+09,23.1615
1.40364e+09,27.0988
1.40364e+09,24.021
1.40364e+09,24.7784
1.40364e+09,23.9668
1.40364e+09,22.677
1.40364e+09,25.0643
1.40364e+09,25.3901
1.40364e+09,26.2946
1.40364e+09,27.7467
1.40364e+09,23.4039
1.40364e+09,23.9566
1.40364e+09,23.6586
1.40364e+09,22.0801
1.40364e+09,25.9241
1.40364e+09,26.1484
1.40364e+09,28.6532
1.40364e+09,26.5794
1.40364e+09,25.2688
1.40364e+09,22.7162
1.40364e+09,23.5001
1.40364e+09,23.5902
1.40364e+09,22.0473
1.40364e+09,26.9661
1.40364e+09,21.9101
1.40364e+09,26.1716
1.40364e+09,23.4388
1.40364e+09,23.3085
1.40364e+09,23.2306
1.40364e+09,23.4546
1.40364e+09,21.4414
1.40364e+09,27.1711
1.40364e+09,25.8203
1.40364e+09,26.6563
1.40364e+09,25.5957
1.40364e+09,25.5572
1.40364e+09,21.6178
1.40364e+09,22.3711
1.40364e+09,21.8538
1.40364e+09,20.905
1.40364e+09,25.0254
1.40364e+09,26.1922
1.40364e+09,24.189
1.40364e+09,21.4013
1.40364e+09,21.5234
1.40364e+09,23.0781
1.40364e+09,21.9937
1.40364e+09,20.7956
1.40364e+09,25.9999
1.40364e+09,27.7458
1.40364e+09,26.9628
1.40364e+09,24.1214
1.40364e+09,24.4414
1.40364e+09,23.953
1.40364e+09,21.2087
1.40364e+09,21.8251
1.40364e+09,21.3051
1.40364e+09,20.3941
1.40364e+09,23.1791
1.40364e+09,26.6405
1.40364e+09,21.6686
1.40364e+09,21.4914
1.40364e+09,27.17
1.40364e+09,26.3025
1.40364e+09,22.135
1.40364e+09,22.3169
1.40364e+09,22.2113
1.40364e+09,20.4827
1.40364e+09,24.5516
1.40364e+09,26.6012
1.40364e+09,25.8001
1.40364e+09,26.6376
1.40364e+09,22.6008
1.40364e+09,22.1845
1.40364e+09,22.1308
1.40364e+09,23.0684
1.40364e+09,19.5386
1.40364e+09,24.9513
1.40364e+09,26.7044
1.40364e+09,21.2929
1.40364e+09,21.7587
1.40364e+09,21.3486
1.40364e+09,20.9719
1.40364e+09,21.981
1.40364e+09,21.8943
1.40364e+09,21.7101
1.40364e+09,20.7999
1.40364e+09,19.9101
1.40364e+09,26.2767
1.40364e+09,25.0702
1.40364e+09,26.2669
1.40364e+09,24.1046
1.40364e+09,21.0984
1.40364e+09,22.2151
1.40364e+09,21.6419
1.40364e+09,22.9607
1.40364e+09,20.0334
1.40364e+09,21.539
1.40364e+09,23.1722
1.40364e+09,24.9642
1.40364e+09,20.8011
1.40364e+09,21.3286
1.40364e+09,20.9175
1.40364e+09,21.9838
1.40364e+09,22.5686
1.40364e+09,22.9358
1.40364e+09,20.1473
1.40364e+09,20.1297
1.40364e+09,20.0837
1.40364e+09,18.8559
1.40364e+09,25.4336
1.40364e+09,20.2722
1.40364e+09,20.1999
1.40364e+09,19.6882
1.40364e+09,18.5178
1.40364e+09,23.7963
1.40364e+09,20.5664
1.40364e+09,21.0564
1.40364e+09,20.9745
1.40364e+09,19.6647
1.40364e+09,22.5645
1.40364e+09,22.78
1.40364e+09,23.4723
1.40364e+09,23.2371
1.40364e+09,20.6795
1.40364e+09,21.38
1.40364e+09,21.0915
1.40364e+09,19.6375
1.40364e+09,23.1792
1.40364e+09,23.4518
1.40364e+09,23.8094
1.40364e+09,24.2589
1.40364e+09,23.5954
1.40364e+09,24.7852
1.40364e+09,20.769
1.40364e+09,21.3992
1.40364e+09,21.0302
1.40364e+09,22.2959
1.40364e+09,22.4982
1.40364e+09,21.0937
1.40364e+09,21.4373
1.40364e+09,20.9404
1.40364e+09,19.388
1.40364e+09,24.0837
1.40364e+09,20.4366
1.40364e+09,21.2139
1.40364e+09,21.2041
1.40364e+09,21.2516
1.40364e+09,21.4216
1.40364e+09,20.9816
1.40364e+09,21.871
1.40364e+09,21.1089
1.40364e+09,20.2488
1.40364e+09,20.6392
1.40364e+09,20.3014
1.40364e+09,20.8719
1.40364e+09,20.4125
1.40364e+09,18.893
1.40364e+09,20.0035
1.40364e+09,20.5524
1.40364e+09,21.6856
1.40364e+09,21.3067
1.40364e+09,22.2442
1.40364e+09,22.0429
1.40364e+09,21.2419
1.40364e+09,20.7296
1.40364e+09,20.5903
1.40364e+09,20.2031
1.40364e+09,20.666
1.40364e+09,19.9089
1.40364e+09,22.0026
1.40364e+09,19.7716
1.40364e+09,19.3795
1.40364e+09,20.3825
1.40364e+09,19.1451
1.40364e+09,19.9529
1.40364e+09,19.2265
1.40364e+09,18.8286
1.40364e+09,17.9678
1.40364e+09,19.0639
1.40364e+09,19.4496
1.40364e+09,19.1703
1.40364e+09,17.7603
1.40364e+09,22.2522
1.40364e+09,19.0943
1.40364e+09,19.6835
1.40364e+09,19.1175
1.40364e+09,18.1307
1.40364e+09,19.776
1.40364e+09,19.4822
1.40364e+09,19.2822
1.40364e+09,19.1332
1.40364e+09,19.0038
1.40364e+09,19.7884
1.40364e+09,18.7661
1.40364e+09,19.0841
1.40364e+09,18.7049
1.40364e+09,19.6446
1.40364e+09,18.0953
1.40364e+09,17.7911
1.40364e+09,18.0595
1.40364e+09,17.388
1.40364e+09,15.8701
1.40364e+09,21.8768
1.40364e+09,17.4146
1.40364e+09,18.7877
1.40364e+09,17.6341
1.40364e+09,17.1821
1.40364e+09,17.1496
1.40364e+09,19.8555
1.40364e+09,18.539
1.40364e+09,19.1265
1.40364e+09,18.5318
1.40364e+09,17.6174
1.40364e+09,16.8297
1.40364e+09,18.8463
1.40364e+09,19.2552
1.40364e+09,18.1551
1.40364e+09,16.7177
1.40364e+09,22.2893
1.40364e+09,19.6825
1.40364e+09,19.7241
1.40364e+09,18.7799
1.40364e+09,18.4776
1.40364e+09,18.5598
1.40364e+09,19.8347
1.40364e+09,20.0335
1.40364e+09,19.7151
1.40364e+09,18.3458
1.40364e+09,24.7934
1.40364e+09,20.5347
1.40364e+09,20.1942
1.40364e+09,19.2336
1.40364e+09,18.3852
1.40364e+09,18.7032
1.40364e+09,18.7849
1.40364e+09,18.9131
1.40364e+09,18.2576
1.40364e+09,17.1688
1.40364e+09,21.705
1.40364e+09,17.9861
1.40364e+09,17.7668
1.40364e+09,17.9384
1.40364e+09,16.1427
1.40364e+09,20.6904
1.40364e+09,17.5577
1.40364e+09,18.0806
1.40364e+09,17.8175
1.40364e+09,16.197
1.40364e+09,19.9426
1.40364e+09,17.0505
1.40364e+09,17.1932
1.40364e+09,16.7647
1.40364e+09,15.3347
1.40364e+09,20.6165
1.40364e+09,17.3668
1.40364e+09,16.8464
1.40364e+09,16.3525
1.40364e+09,16.6374
1.40364e+09,18.4292
1.40364e+09,17.9113
1.40364e+09,17.8361
1.40364e+09,17.1507
1.40364e+09,15.881
1.40364e+09,18.3373
1.40364e+09,18.573
1.40364e+09,17.2122
1.40364e+09,17.6224
1.40364e+09,18.0926
1.40364e+09,17.81
1.40364e+09,16.7871
1.40364e+09,17.6148
1.40364e+09,16.7883
1.40364e+09,16.1231
1.40364e+09,15.201
1.40364e+09,15.8691
1.40364e+09,14.9025
1.40364e+09,14.5877
1.40364e+09,14.1984
1.40364e+09,17.4358
1.40364e+09,15.1626
1.40364e+09,15.7159
1.40364e+09,15.2054
1.40364e+09,16.3347
1.40364e+09,15.7629
1.40364e+09,15.5584
1.40364e+09,15.2952
1.40364e+09,16.8097
1.40364e+09,16.628
1.40364e+09,16.4001
1.40364e+09,17.8354
1.40364e+09,15.1172
1.40364e+09,18.3443
1.40364e+09,18.4239
1.40364e+09,16.6823
1.40364e+09,20.5597
1.40364e+09,23.1773
1.40364e+09,18.0638
1.40364e+09,18.5959
1.40364e+09,18.2854
1.40364e+09,20.0743
1.40364e+09,18.6547
1.40364e+09,19.0418
1.40364e+09,18.7756
1.40364e+09,20.6549
1.40364e+09,23.2475
1.40364e+09,19.9037
1.40364e+09,23.0495
1.40364e+09,19.5383
1.40364e+09,19.6921
1.40364e+09,19.5169
1.40364e+09,20.2365
1.40364e+09,23.9118
1.40364e+09,21.889
1.40364e+09,21.6018
1.40364e+09,21.9252
1.40364e+09,21.8888
1.40364e+09,21.233
1.40364e+09,19.5415
1.40364e+09,20.1041
1.40364e+09,20.0639
1.40364e+09,20.0639
1.40364e+09,22.2713
1.40364e+09,25.2596
1.40364e+09,24.6457
1.40364e+09,22.0807
1.40364e+09,24.1095
1.40364e+09,23.5358
1.40364e+09,20.6763
1.40364e+09,21.3257
1.40364e+09,20.9821
1.40364e+09,21.0411
1.40364e+09,24.7209
1.40364e+09,24.768
1.40364e+09,21.1864
1.40364e+09,21.6845
1.40364e+09,21.5606
1.40364e+09,20.3481
1.40364e+09,26.9993
1.40364e+09,26.8233
1.40364e+09,24.1722
1.40364e+09,23.8515
1.40364e+09,24.1181
1.40364e+09,26.1622
1.40364e+09,22.1286
1.40364e+09,22.271
1.40364e+09,21.8355
1.40364e+09,20.7499
1.40364e+09,25.1437
1.40364e+09,25.1846
1.40364e+09,22.746
1.40364e+09,23.2167
1.40364e+09,23.4209
1.40364e+09,25.6178
1.40364e+09,21.7
1.40364e+09,22.3736
1.40364e+09,22.0546
1.40364e+09,20.516
1.40364e+09,21.3324
1.40364e+09,25.4516
1.40364e+09,25.2874
1.40364e+09,26.7107
1.40364e+09,26.8531
1.40364e+09,25.4727
1.40364e+09,22.1496
1.40364e+09,22.7622
1.40364e+09,22.7047
1.40364e+09,21.3059
1.40364e+09,25.2949
1.40364e+09,23.9828
1.40364e+09,26.795
1.40364e+09,27.7855
1.40364e+09,26.6592
1.40364e+09,25.4009
1.40364e+09,23.2199
1.40364e+09,23.1741
1.40364e+09,23.2285
1.40364e+09,21.8002
1.40364e+09,22.3505
1.40364e+09,26.3709
1.40364e+09,26.1356
1.40364e+09,27.5359
1.40364e+09,26.0472
1.40364e+09,26.1263
1.40364e+09,22.4491
1.40364e+09,22.8389
1.40364e+09,22.8239
1.40364e+09,21.7331
1.40364e+09,25.2237
1.40364e+09,26.4008
1.40364e+09,28.0256
1.40364e+09,24.5213
1.40364e+09,28.0007
1.40364e+09,26.1649
1.40364e+09,23.2012
1.40364e+09,23.2671
1.40364e+09,23.7946
1.40364e+09,23.1769
1.40364e+09,23.2018
1.40364e+09,28.9249
1.40364e+09,25.6857
1.40364e+09,24.5533
1.40364e+09,24.549
1.40364e+09,27.0014
1.40364e+09,23.2796
1.40364e+09,23.5854
1.40364e+09,23.7239
1.40364e+09,24.7955
1.40364e+09,24.2847
1.40364e+09,28.3004
1.40364e+09,23.9701
1.40364e+09,25.8744
1.40364e+09,26.3408
1.40364e+09,26.4469
1.40364e+09,22.8589
1.40364e+09,25.3277
1.40364e+09,25.0743
1.40364e+09,26.3748
1.40364e+09,22.6711
1.40364e+09,28.3594
1.40364e+09,26.6989
1.40364e+09,27.9191
1.40364e+09,27.5829
1.40364e+09,27.7376
1.40364e+09,22.8223
1.40364e+09,23.0085
1.40364e+09,22.9162
1.40364e+09,22.6853
1.40364e+09,22.0872
1.40364e+09,25.3209
1.40364e+09,26.3789
1.40364e+09,23.2506
1.40364e+09,23.2307
1.40364e+09,23.4266
1.40364e+09,22.9248
1.40364e+09,21.7889
1.40364e+09,26.7127
1.40364e+09,27.6994
1.40364e+09,26.44
1.40364e+09,25.9174
1.40364e+09,28.6178
1.40364e+09,23.6001
1.40364e+09,23.6038
1.40364e+09,23.6466
1.40364e+09,23.5053
1.40364e+09,22.6035
1.40364e+09,24.9706
1.40364e+09,24.2706
1.40364e+09,29.274
1.40364e+09,28.7374
1.40364e+09,28.2114
1.40364e+09,23.4058
1.40364e+09,24.0713
1.40364e+09,24.965
1.40364e+09,23.1939
1.40364e+09,22.9202
1.40364e+09,22.3797
1.40364e+09,26.5433
1.40364e+09,27.9723
1.40364e+09,25.6105
1.40364e+09,25.113
1.40364e+09,22.9329
1.40364e+09,22.9042
1.40364e+09,22.0677
1.40364e+09,21.9552
1.40364e+09,22.5334
1.40364e+09,21.6186
1.40364e+09,22.0906
1.40364e+09,21.6194
1.40364e+09,21.6116
1.40364e+09,21.7325
1.40364e+09,24.4262
1.40364e+09,26.6048
1.40364e+09,23.5386
1.40364e+09,21.6263
1.40364e+09,23.1706
1.40364e+09,20.9827
1.40364e+09,21.7732
1.40364e+09,21.4654
1.40364e+09,20.9232
1.40364e+09,20.6134
1.40364e+09,25.3985
1.40364e+09,23.2774
1.40364e+09,24.2172
1.40364e+09,24.2727
1.40364e+09,24.4942
1.40364e+09,21.0749
1.40364e+09,21.4613
1.40364e+09,21.3761
1.40364e+09,21.2166
1.40364e+09,19.9101
1.40364e+09,20.318
1.40364e+09,24.0922
1.40364e+09,20.701
1.40364e+09,21.2597
1.40364e+09,21.0961
1.40364e+09,21.1427
1.40364e+09,19.1136
1.40364e+09,21.4067
1.40364e+09,23.887
1.40364e+09,24.0207
1.40364e+09,21.9624
1.40364e+09,19.5869
1.40364e+09,20.3279
1.40364e+09,19.408
1.40364e+09,19.3274
1.40364e+09,17.8861
1.40364e+09,21.9198
1.40364e+09,18.9319
1.40364e+09,20.2165
1.40364e+09,18.199
1.40364e+09,18.173
1.40364e+09,16.9846
1.40364e+09,18.4268
1.40364e+09,18.2517
1.40364e+09,17.3026
1.40364e+09,17.0563
1.40364e+09,15.9587
1.40364e+09,17.618
1.40364e+09,17.6072
1.40364e+09,17.328
1.40364e+09,16.3297
1.40364e+09,14.9497
1.40364e+09,16.9201
1.40364e+09,17.2653
1.40364e+09,16.7938
1.40364e+09,15.9744
1.40364e+09,18.2329
1.40364e+09,17.1126
1.40364e+09,16.7482
1.40364e+09,16.8008
1.40364e+09,15.9636
1.40364e+09,14.4916
1.40364e+09,15.8719
1.40364e+09,16.1778
1.40364e+09,16.633
1.40364e+09,16.6084
1.40364e+09,16.3032
1.40364e+09,15.4884
1.40364e+09,16.4164
1.40364e+09,16.6553
1.40364e+09,16.0395
1.40364e+09,16.1878
1.40364e+09,15.0221
1.40364e+09,16.6621
1.40364e+09,16.7578
1.40364e+09,16.0989
1.40364e+09,17.6113
1.40364e+09,15.2474
1.40364e+09,16.9066
1.40364e+09,16.7808
1.40364e+09,16.8246
1.40364e+09,15.0829
1.40364e+09,17.6561
1.40364e+09,17.3212
1.40364e+09,17.7057
1.40364e+09,17.4615
1.40364e+09,16.8155
1.40364e+09,15.3447
1.40364e+09,22.5399
1.40364e+09,17.4708
1.40364e+09,17.6323
1.40364e+09,17.2756
1.40364e+09,16.952
1.40364e+09,17.3226
1.40364e+09,17.5172
1.40364e+09,17.7213
1.40364e+09,17.6785
1.40364e+09,17.7447
1.40364e+09,17.5006
1.40364e+09,17.7007
1.40364e+09,17.8724
1.40364e+09,17.8834
1.40364e+09,16.1469
1.40364e+09,18.6842
1.40364e+09,17.973
1.40364e+09,17.901
1.40364e+09,17.8129
1.40364e+09,16.3201
1.40364e+09,22.5708
1.40364e+09,17.65
1.40364e+09,17.7789
1.40364e+09,16.8955
1.40364e+09,16.9276
1.40364e+09,16.4229
1.40364e+09,17.4436
1.40364e+09,18.7929
1.40364e+09,16.8225
1.40364e+09,15.4893
1.40364e+09,18.4319
1.40364e+09,17.4032
1.40364e+09,17.6205
1.40364e+09,16.924
1.40364e+09,15.5561
1.40364e+09,19.2461
1.40364e+09,17.8688
1.40364e+09,17.7262
1.40364e+09,17.2343
1.40364e+09,17.0229
1.40364e+09,18.3674
1.40364e+09,18.1509
1.40364e+09,18.6402
1.40364e+09,17.3624
1.40364e+09,16.9518
1.40364e+09,22.1429
1.40364e+09,20.2055
1.40364e+09,19.7678
1.40364e+09,18.4846
1.40364e+09,18.4617
1.40364e+09,18.1176
1.40364e+09,17.5536
1.40364e+09,20.7659
1.40364e+09,18.9633
1.40364e+09,19.3529
1.40364e+09,18.9301
1.40364e+09,18.9505
1.40364e+09,17.3982
1.40364e+09,21.3215
1.40364e+09,20.9899
1.40364e+09,20.0075
1.40364e+09,18.907
1.40364e+09,19.0996
1.40364e+09,19.0594
1.40364e+09,18.0798
1.40364e+09,18.6094
1.40364e+09,20.7548
1.40364e+09,18.203
1.40364e+09,19.4276
1.40364e+09,19.153
1.40364e+09,19.2685
1.40364e+09,18.8367
1.40364e+09,17.8809
1.40364e+09,20.0566
1.40364e+09,20.8909
1.40364e+09,19.0738
1.40364e+09,19.6811
1.40364e+09,19.0054
1.40364e+09,16.9613
1.40364e+09,17.5305
1.40364e+09,20.7108
1.40364e+09,20.3946
1.40364e+09,19.4063
1.40364e+09,18.0675
1.40364e+09,17.18
1.40364e+09,15.8129
1.40364e+09,22.1532
1.40364e+09,17.976
1.40364e+09,18.5788
1.40364e+09,18.3582
1.40364e+09,16.7727
1.40364e+09,23.0194
1.40364e+09,19.1039
1.40364e+09,18.6289
1.40364e+09,17.298
1.40364e+09,17.2861
1.40364e+09,19.7812
1.40364e+09,19.2332
1.40364e+09,18.2045
1.40364e+09,18.237
1.40364e+09,16.9998
1.40364e+09,19.6276
1.40364e+09,17.9652
1.40364e+09,18.0997
1.40364e+09,18.0651
1.40364e+09,17.1707
1.40364e+09,19.0062
1.40364e+09,18.5729
1.40364e+09,18.9501
1.40364e+09,18.8383
1.40364e+09,17.5771
1.40364e+09,19.4035
1.40364e+09,19.912
1.40364e+09,19.6991
1.40364e+09,18.5392
1.40364e+09,18.8542
1.40364e+09,22.4774
1.40364e+09,24.5988
1.40364e+09,21.2702
1.40364e+09,21.3444
1.40364e+09,20.941
1.40364e+09,20.874
1.40364e+09,20.6459
1.40364e+09,20.0969
1.40364e+09,24.0568
1.40364e+09,22.5133
1.40364e+09,24.5023
1.40364e+09,23.8171
1.40364e+09,21.3418
1.40364e+09,20.9777
1.40364e+09,20.4566
1.40364e+09,20.8454
1.40364e+09,19.6485
1.40364e+09,24.7761
1.40364e+09,19.656
1.40364e+09,20.1112
1.40364e+09,19.5904
1.40364e+09,21.0844
1.40364e+09,18.5662
1.40364e+09,19.0868
1.40364e+09,19.4946
1.40364e+09,19.6934
1.40364e+09,17.4841
1.40364e+09,18.1172
1.40364e+09,22.4999
1.40364e+09,18.2495
1.40364e+09,18.7565
1.40364e+09,18.5986
1.40364e+09,20.3666
1.40364e+09,17.4612
1.40364e+09,21.3874
1.40364e+09,17.6827
1.40364e+09,18.0734
1.40364e+09,17.9493
1.40364e+09,17.7321
1.40364e+09,17.2883
1.40364e+09,18.0815
1.40364e+09,18.1625
1.40364e+09,18.1574
1.40364e+09,17.5115
1.40364e+09,18.3079
1.40364e+09,19.7063
1.40364e+09,19.8718
1.40364e+09,19.8874
1.40364e+09,18.3379
1.40364e+09,22.2243
1.40364e+09,19.3557
1.40364e+09,19.9742
1.40364e+09,19.942
1.40364e+09,18.6245
1.40364e+09,21.0638
1.40364e+09,22.0801
1.40364e+09,19.055
1.40364e+09,20.3401
1.40364e+09,19.7978
1.40364e+09,18.4033
1.40364e+09,20.8077
1.40364e+09,24.1589
1.40364e+09,21.6577
1.40364e+09,19.2446
1.40364e+09,22.9979
1.40364e+09,21.445
1.40364e+09,19.9477
1.40364e+09,21.2489
1.40364e+09,20.7879
1.40364e+09,19.1219
1.40364e+09,23.0174
1.40364e+09,26.2363
1.40364e+09,20.792
1.40364e+09,21.58
1.40364e+09,21.4307
1.40364e+09,22.0668
1.40364e+09,21.2712
1.40364e+09,21.8185
1.40364e+09,21.4202
1.40364e+09,20.3042
1.40364e+09,21.7178
1.40364e+09,21.4521
1.40364e+09,19.7957
1.40364e+09,22.1926
1.40364e+09,22.7359
1.40364e+09,24.1102
1.40364e+09,24.8082
1.40364e+09,21.4161
1.40364e+09,26.8555
1.40364e+09,20.3142
1.40364e+09,21.1101
1.40364e+09,21.4153
1.40364e+09,22.5718
1.40364e+09,20.6164
1.40364e+09,25.3349
1.40364e+09,20.3569
1.40364e+09,22.2721
1.40364e+09,25.664
1.40364e+09,26.5528
1.40364e+09,20.5341
1.40364e+09,21.858
1.40364e+09,21.2059
1.40364e+09,22.8027
1.40364e+09,20.9017
1.40364e+09,25.5076
1.40364e+09,22.6015
1.40364e+09,24.4335
1.40364e+09,20.6844
1.40364e+09,21.054
1.40364e+09,20.8216
1.40364e+09,21.6928
1.40364e+09,19.8152
1.40364e+09,25.0544
1.40364e+09,23.3108
1.40364e+09,25.1109
1.40364e+09,25.5704
1.40364e+09,26.5076
1.40364e+09,20.8256
1.40364e+09,22.0459
1.40364e+09,20.936
1.40364e+09,20.5971
1.40364e+09,21.2011
1.40364e+09,20.8579
1.40364e+09,21.4937
1.40364e+09,21.3132
1.40364e+09,22.4094
1.40364e+09,19.6738
1.40364e+09,25.5684
1.40364e+09,20.5741
1.40364e+09,20.8195
1.40364e+09,20.7333
1.40364e+09,20.581
1.40364e+09,20.2643
1.40364e+09,20.5106
1.40364e+09,21.539
1.40364e+09,21.0989
1.40364e+09,20.7526
1.40364e+09,19.991
1.40364e+09,22.1289
1.40364e+09,26.2798
1.40364e+09,21.014
1.40364e+09,21.1993
1.40364e+09,20.9946
1.40364e+09,21.157
1.40364e+09,19.6012
1.40364e+09,24.6246
1.40364e+09,23.055
1.40364e+09,21.6066
1.40364e+09,25.8184
1.40364e+09,23.6809
1.40364e+09,20.5741
1.40364e+09,21.4363
1.40364e+09,21.4938
1.40364e+09,21.0376
1.40364e+09,20.0565
1.40364e+09,24.7935
1.40364e+09,26.3226
1.40364e+09,24.2741
1.40364e+09,23.0697
1.40364e+09,23.2518
1.40364e+09,21.3295
1.40364e+09,21.864
1.40364e+09,21.6632
1.40364e+09,21.5376
1.40364e+09,21.5812
1.40364e+09,23.0401
1.40364e+09,28.0546
1.40364e+09,25.4426
1.40364e+09,27.7028
1.40364e+09,27.4129
1.40364e+09,21.8489
1.40364e+09,22.5056
1.40364e+09,22.1637
1.40364e+09,22.1854
1.40364e+09,20.4673
1.40364e+09,23.8433
1.40364e+09,25.9704
1.40364e+09,21.8213
1.40364e+09,25.533
1.40364e+09,26.3243
1.40364e+09,21.4978
1.40364e+09,21.9776
1.40364e+09,21.6466
1.40364e+09,21.8805
1.40364e+09,20.5498
1.40364e+09,25.0297
1.40364e+09,22.256
1.40364e+09,21.4405
1.40364e+09,21.9137
1.40364e+09,20.8094
1.40364e+09,21.7015
1.40364e+09,20.4421
1.40364e+09,20.5087
1.40364e+09,19.6432
1.40364e+09,20.6361
1.40364e+09,21.988
1.40364e+09,20.9264
1.40364e+09,20.9621
1.40364e+09,19.9891
1.40364e+09,20.6053
1.40364e+09,21.2596
1.40364e+09,20.6928
1.40364e+09,20.399
1.40364e+09,19.4609
1.40364e+09,19.9983
1.40364e+09,21.3263
1.40364e+09,21.3728
1.40364e+09,21.0984
1.40364e+09,20.7259
1.40364e+09,21.3216
1.40364e+09,21.9541
1.40364e+09,21.6384
1.40364e+09,21.919
1.40364e+09,21.8911
1.40364e+09,20.6769
1.40364e+09,24.5165
1.40364e+09,21.5042
1.40364e+09,21.8314
1.40364e+09,21.6193
1.40364e+09,21.5156
1.40364e+09,20.4261
1.40364e+09,21.3988
1.40364e+09,20.9792
1.40364e+09,21.8618
1.40364e+09,21.2084
1.40364e+09,20.6122
1.40364e+09,19.5667
1.40364e+09,20.2197
1.40364e+09,21.2089
1.40364e+09,20.8832
1.40364e+09,20.7284
1.40364e+09,20.0278
1.40364e+09,21.3331
1.40364e+09,23.3167
1.40364e+09,22.9806
1.40364e+09,22.4441
1.40364e+09,21.8272
1.40364e+09,26.5197
1.40364e+09,26.0843
1.40364e+09,23.7615
1.40364e+09,24.4648
1.40364e+09,23.8471
1.40364e+09,24.0791
1.40364e+09,22.6367
1.40364e+09,27.9854
1.40364e+09,23.5908
1.40364e+09,24.2155
1.40364e+09,23.4931
1.40364e+09,23.6759
1.40364e+09,21.8657
1.40364e+09,24.5192
1.40364e+09,22.9604
1.40364e+09,23.5111
1.40364e+09,22.964
1.40364e+09,22.7186
1.40364e+09,21.9408
1.40364e+09,28.2996
1.40364e+09,23.2631
1.40364e+09,23.6911
1.40364e+09,22.8877
1.40364e+09,22.7881
1.40364e+09,23.1084
1.40364e+09,23.2534
1.40364e+09,23.3625
1.40364e+09,22.8866
1.40364e+09,22.1039
1.40364e+09,23.6603
1.40364e+09,21.5684
1.40364e+09,22.3747
1.40364e+09,23.0118
1.40364e+09,22.1721
1.40364e+09,22.1638
1.40364e+09,20.9538
1.40364e+09,24.5828
1.40364e+09,21.9772
1.40364e+09,22.8646
1.40364e+09,22.351
1.40364e+09,21.9061
1.40364e+09,21.1417
1.40364e+09,26.6953
1.40364e+09,22.334
1.40364e+09,22.6789
1.40364e+09,22.5674
1.40364e+09,22.8415
1.40364e+09,21.2182
1.40364e+09,25.3238
1.40364e+09,22.127
1.40364e+09,22.3473
1.40364e+09,22.03
1.40364e+09,22.0269
1.40364e+09,21.0894
1.40364e+09,24.2498
1.40364e+09,22.0796
1.40364e+09,22.2921
1.40364e+09,21.9118
1.40364e+09,22.3173
1.40364e+09,20.7643
1.40364e+09,22.022
1.40364e+09,23.1661
1.40364e+09,23.5365
1.40364e+09,22.6093
1.40364e+09,22.7807
1.40364e+09,21.5747
1.40364e+09,26.9275
1.40364e+09,22.8133
1.40364e+09,22.7684
1.40364e+09,22.0663
1.40364e+09,22.0763
1.40364e+09,20.9563
1.40364e+09,23.5267
1.40364e+09,21.8246
1.40364e+09,22.3061
1.40364e+09,21.565
1.40364e+09,21.3524
1.40364e+09,21.0631
1.40364e+09,19.7454
1.40364e+09,23.9976
1.40364e+09,22.0074
1.40364e+09,21.8312
1.40364e+09,21.524
1.40364e+09,21.0569
1.40364e+09,20.1277
1.40364e+09,20.2075
1.40364e+09,18.5651
1.40364e+09,22.3727
1.40364e+09,20.1746
1.40364e+09,20.585
1.40364e+09,19.6834
1.40364e+09,19.6058
1.40364e+09,18.3239
1.40364e+09,21.2009
1.40364e+09,20.3229
1.40364e+09,20.7102
1.40364e+09,19.6163
1.40364e+09,19.0457
1.40364e+09,17.082
1.40364e+09,22.0127
1.40364e+09,20.0804
1.40364e+09,19.2265
1.40364e+09,18.2574
1.40364e+09,17.5806
1.40364e+09,17.1103
1.40364e+09,15.6416
1.40364e+09,18.3592
1.40364e+09,18.467
1.40364e+09,19.3739
1.40364e+09,18.2121
1.40364e+09,18.2066
1.40364e+09,16.6722
1.40364e+09,21.0209
1.40364e+09,19.0923
1.40364e+09,19.4698
1.40364e+09,18.6473
1.40364e+09,18.094
1.40364e+09,16.9389
1.40364e+09,18.0626
1.40364e+09,19.4134
1.40364e+09,20.1428
1.40364e+09,19.6744
1.40364e+09,18.6983
1.40364e+09,17.9119
1.40364e+09,19.6555
1.40364e+09,18.7939
1.40364e+09,19.5487
1.40364e+09,19.1364
1.40364e+09,18.9114
1.40364e+09,18.1694
1.40364e+09,22.2757
1.40364e+09,22.1648
1.40364e+09,24.5193
1.40364e+09,19.9442
1.40364e+09,20.3053
1.40364e+09,20.2785
1.40364e+09,20.3945
1.40364e+09,18.3961
1.40364e+09,20.8027
1.40364e+09,23.6959
1.40364e+09,21.2126
1.40364e+09,22.1966
1.40364e+09,21.4507
1.40364e+09,21.4721
1.40364e+09,20.6476
1.40364e+09,21.8413
1.40364e+09,22.3244
1.40364e+09,23.5056
1.40364e+09,22.7817
1.40364e+09,22.6677
1.40364e+09,21.6937
1.40364e+09,24.8469
1.40364e+09,22.7193
1.40364e+09,23.0262
1.40364e+09,23.1953
1.40364e+09,23.1559
1.40364e+09,21.5411
1.40364e+09,27.6681
1.40364e+09,22.4349
1.40364e+09,22.0441
1.40364e+09,22.3732
1.40364e+09,21.871
1.40364e+09,20.3392
1.40364e+09,24.2773
1.40364e+09,25.3692
1.40364e+09,21.9385
1.40364e+09,22.5165
1.40364e+09,22.8767
1.40364e+09,23.0242
1.40364e+09,21.5998
1.40364e+09,25.7199
1.40364e+09,28.5274
1.40364e+09,23.7268
1.40364e+09,23.5387
1.40364e+09,23.2719
1.40364e+09,22.7392
1.40364e+09,21.5785
1.40364e+09,26.1438
1.40364e+09,21.9527
1.40364e+09,22.7408
1.40364e+09,22.0815
1.40364e+09,21.9709
1.40364e+09,20.1982
1.40364e+09,24.7094
1.40364e+09,21.6653
1.40364e+09,21.9888
1.40364e+09,21.7652
1.40364e+09,21.4902
1.40364e+09,19.4826
1.40364e+09,23.6203
1.40364e+09,20.9528
1.40364e+09,21.3973
1.40364e+09,20.1268
1.40364e+09,19.8823
1.40364e+09,19.8981
1.40364e+09,18.4075
1.40364e+09,19.8081
1.40364e+09,20.0289
1.40364e+09,20.5096
1.40364e+09,19.8323
1.40364e+09,19.6521
1.40364e+09,18.2276
1.40364e+09,21.4977
1.40364e+09,20.0591
1.40364e+09,20.9616
1.40364e+09,20.4227
1.40364e+09,20.5549
1.40364e+09,22.1637
1.40364e+09,24.4091
1.40364e+09,19.9864
1.40364e+09,20.3115
1.40364e+09,20.304
1.40364e+09,19.7713
1.40364e+09,19.0502
1.40364e+09,21.3747
1.40364e+09,19.6848
1.40364e+09,20.5446
1.40364e+09,19.8794
1.40364e+09,19.8329
1.40364e+09,18.5908
1.40364e+09,19.5877
1.40364e+09,20.3027
1.40364e+09,19.4302
1.40364e+09,19.7886
1.40364e+09,19.0976
1.40364e+09,19.6427
1.40364e+09,20.604
1.40364e+09,20.1743
1.40364e+09,20.15
1.40364e+09,20.0525
1.40364e+09,20.1641
1.40364e+09,21.0189
1.40364e+09,20.6973
1.40364e+09,20.0301
1.40364e+09,19.0685
1.40364e+09,20.2027
1.40364e+09,20.2973
1.40364e+09,19.8787
1.40364e+09,20.1302
1.40364e+09,18.8964
1.40364e+09,20.5328
1.40364e+09,21.4891
1.40364e+09,20.6499
1.40364e+09,20.5148
1.40364e+09,19.3097
1.40364e+09,24.1908
1.40364e+09,21.2314
1.40364e+09,21.6458
1.40364e+09,21.8527
1.40364e+09,20.9565
1.40364e+09,20.9669
1.40364e+09,21.1589
1.40364e+09,22.3487
1.40364e+09,21.591
1.40364e+09,21.3793
1.40364e+09,20.3139
1.40364e+09,26.9909
1.40364e+09,22.3664
1.40364e+09,23.1073
1.40364e+09,23.1831
1.40364e+09,22.3946
1.40364e+09,21.5824
1.40364e+09,23.7446
1.40364e+09,25.6926
1.40364e+09,22.3432
1.40364e+09,23.0794
1.40364e+09,23.2621
1.40364e+09,22.5869
1.40364e+09,21.2137
1.40364e+09,23.8013
1.40364e+09,22.8494
1.40364e+09,23.0081
1.40364e+09,23.1824
1.40364e+09,22.3713
1.40364e+09,21.174
1.40364e+09,24.7998
1.40364e+09,21.4698
1.40364e+09,21.3658
1.40364e+09,20.7702
1.40364e+09,20.0532
1.40364e+09,18.2563
1.40364e+09,22.3218
1.40364e+09,19.2194
1.40364e+09,19.5857
1.40364e+09,18.9891
1.40364e+09,18.9384
1.40364e+09,17.4585
1.40364e+09,22.4859
1.40364e+09,18.5394
1.40364e+09,18.86
1.40364e+09,18.0968
1.40364e+09,18.0077
1.40364e+09,15.9683
1.40364e+09,19.0462
1.40364e+09,17.284
1.40364e+09,17.9453
1.40364e+09,16.684
1.40364e+09,16.1718
1.40364e+09,17.4643
1.40364e+09,18.6198
1.40364e+09,18.9156
1.40364e+09,18.4131
1.40364e+09,19.2421
1.40364e+09,16.9293
1.40364e+09,23.5268
1.40364e+09,18.2652
1.40364e+09,20.4187
1.40364e+09,20.7009
1.40364e+09,20.1338
1.40364e+09,19.5867
1.40364e+09,18.3586
1.40364e+09,22.5111
1.40364e+09,21.2604
1.40364e+09,22.2816
1.40364e+09,24.7106
1.40364e+09,24.3429
1.40364e+09,20.4528
1.40364e+09,21.2512
1.40364e+09,20.4344
1.40364e+09,20.0268
1.40364e+09,18.9137
1.40364e+09,24.2343
1.40364e+09,21.8813
1.40364e+09,22.1404
1.40364e+09,20.9305
1.40364e+09,21.0247
1.40364e+09,20.4117
1.40364e+09,21.5382
1.40364e+09,22.945
1.40364e+09,22.0484
1.40364e+09,21.347
1.40364e+09,20.8837
1.40364e+09,21.7321
1.40364e+09,21.3165
1.40364e+09,22.7853
1.40364e+09,24.2631
1.40364e+09,23.2132
1.40364e+09,22.3269
1.40364e+09,23.6011
1.40364e+09,21.4294
1.40364e+09,26.0257
1.40364e+09,23.7282
1.40364e+09,23.9595
1.40364e+09,22.8718
1.40364e+09,22.71
1.40364e+09,24.4663
1.40364e+09,23.7901
1.40364e+09,23.5365
1.40364e+09,22.9967
1.40364e+09,23.1451
1.40364e+09,22.0487
1.40364e+09,25.8136
1.40364e+09,23.7224
1.40364e+09,23.9667
1.40364e+09,23.9447
1.40364e+09,23.2388
1.40364e+09,21.9474
1.40364e+09,25.8975
1.40364e+09,22.9628
1.40364e+09,23.4644
1.40364e+09,23.1942
1.40364e+09,22.6048
1.40364e+09,21.7571
1.40364e+09,25.5213
1.40364e+09,22.8886
1.40364e+09,23.1149
1.40364e+09,23.034
1.40364e+09,23.1491
1.40364e+09,21.7206
1.40364e+09,25.0747
1.40364e+09,23.0586
1.40364e+09,22.9579
1.40364e+09,23.3883
1.40364e+09,22.7612
1.40364e+09,21.6837
1.40364e+09,22.8486
1.40364e+09,23.0512
1.40364e+09,23.2542
1.40364e+09,23.8413
1.40364e+09,23.2635
1.40364e+09,22.3944
1.40364e+09,24.3936
1.40364e+09,26.7726
1.40364e+09,25.4876
1.40364e+09,26.6448
1.40364e+09,26.3939
1.40364e+09,23.2013
1.40364e+09,23.5582
1.40364e+09,22.7703
1.40364e+09,22.5182
1.40364e+09,21.634
1.40364e+09,25.5255
1.40364e+09,23.3591
1.40364e+09,23.1853
1.40364e+09,23.3786
1.40364e+09,23.2812
1.40364e+09,22.6251
1.40364e+09,21.5566
1.40364e+09,23.165
1.40364e+09,22.8047
1.40364e+09,22.6508
1.40364e+09,23.14
1.40364e+09,22.2788
1.40364e+09,21.1183
1.40364e+09,24.2325
1.40364e+09,24.3376
1.40364e+09,26.0111
1.40364e+09,25.5915
1.40364e+09,24.8914
1.40364e+09,22.3882
1.40364e+09,23.0873
1.40364e+09,22.7788
1.40364e+09,22.8103
1.40364e+09,22.2962
1.40364e+09,22.3814
1.40364e+09,25.6279
1.40364e+09,25.5317
1.40364e+09,25.8725
1.40364e+09,28.3389
1.40364e+09,23.1388
1.40364e+09,23.3947
1.40364e+09,23.3784
1.40364e+09,24.1674
1.40364e+09,22.8828
1.40364e+09,22.4493
1.40364e+09,26.1872
1.40364e+09,25.9491
1.40364e+09,25.8242
1.40364e+09,26.2608
1.40364e+09,23.5727
1.40364e+09,23.8847
1.40364e+09,23.7499
1.40364e+09,23.8085
1.40364e+09,24.905
1.40364e+09,22.657
1.40364e+09,27.506
1.40364e+09,27.2968
1.40364e+09,25.6246
1.40364e+09,27.3614
1.40364e+09,23.5839
1.40364e+09,24.1618
1.40364e+09,24.4665
1.40364e+09,24.2913
1.40364e+09,24.0694
1.40364e+09,23.4449
1.40364e+09,26.6089
1.40364e+09,27.2629
1.40364e+09,26.2331
1.40364e+09,25.384
1.40364e+09,23.887
1.40364e+09,24.1979
1.40364e+09,24.0466
1.40364e+09,23.7783
1.40364e+09,24.1559
1.40364e+09,23.3559
1.40364e+09,24.8076
1.40364e+09,25.8054
1.40364e+09,24.8593
1.40364e+09,26.5945
1.40364e+09,24.2194
1.40364e+09,24.3609
1.40364e+09,24.1406
1.40364e+09,24.1393
1.40364e+09,24.4095
1.40364e+09,23.6669
1.40364e+09,27.9507
1.40364e+09,25.7518
1.40364e+09,27.6475
1.40364e+09,23.8993
1.40364e+09,23.8175
1.40364e+09,23.8794
1.40364e+09,23.647
1.40364e+09,23.8302
1.40364e+09,23.6417
1.40364e+09,23.1164
1.40364e+09,22.0986
1.40364e+09,22.7201
1.40364e+09,22.9776
1.40364e+09,22.6798
1.40364e+09,22.1897
1.40364e+09,23.3178
1.40364e+09,23.2632
1.40364e+09,22.446
1.40364e+09,21.991
1.40364e+09,22.3782
1.40364e+09,22.0846
1.40364e+09,22.6467
1.40364e+09,21.0966
1.40364e+09,23.3603
1.40364e+09,22.2247
1.40364e+09,22.6725
1.40364e+09,22.9311
1.40364e+09,22.4684
1.40364e+09,21.7041
1.40364e+09,20.8045
1.40364e+09,27.1888
1.40364e+09,21.6848
1.40364e+09,21.3714
1.40364e+09,21.0931
1.40364e+09,20.6496
1.40364e+09,20.6669
1.40364e+09,20.5192
1.40364e+09,19.1011
1.40364e+09,23.0421
1.40364e+09,20.2282
1.40364e+09,20.3218
1.40364e+09,19.8201
1.40364e+09,19.6348
1.40364e+09,20.5933
1.40364e+09,18.5272
1.40364e+09,21.6127
1.40364e+09,19.7179
1.40364e+09,20.1301
1.40364e+09,20.0732
1.40364e+09,19.7377
1.40364e+09,19.5745
1.40364e+09,17.587
1.40364e+09,20.2137
1.40364e+09,18.9999
1.40364e+09,19.2283
1.40364e+09,19.3996
1.40364e+09,18.4425
1.40364e+09,19.88
1.40364e+09,16.7258
1.40364e+09,20.8359
1.40364e+09,18.3568
1.40364e+09,18.9995
1.40364e+09,18.2062
1.40364e+09,18.0747
1.40364e+09,16.4077
1.40364e+09,19.7332
1.40364e+09,20.054
1.40364e+09,18.2387
1.40364e+09,19.1348
1.40364e+09,18.514
1.40364e+09,18.1915
1.40364e+09,16.6577
1.40364e+09,21.2486
1.40364e+09,21.6386
1.40364e+09,21.6741
1.40364e+09,21.5616
1.40364e+09,17.3736
1.40364e+09,17.6221
1.40364e+09,17.31
1.40364e+09,17.0232
1.40364e+09,15.4966
1.40364e+09,19.3009
1.40364e+09,18.6725
1.40364e+09,21.8434
1.40364e+09,16.6387
1.40364e+09,17.4366
1.40364e+09,16.6608
1.40364e+09,16.5911
1.40364e+09,15.5111
1.40364e+09,20.7266
1.40364e+09,21.0236
1.40364e+09,19.3006
1.40364e+09,21.6443
1.40364e+09,21.8466
1.40364e+09,16.0574
1.40364e+09,16.7867
1.40364e+09,16.202
1.40364e+09,16.5912
1.40364e+09,15.3603
1.40364e+09,19.7257
1.40364e+09,18.8994
1.40364e+09,19.9362
1.40364e+09,21.0163
1.40364e+09,14.9849
1.40364e+09,15.8321
1.40364e+09,15.4758
1.40364e+09,15.257
1.40364e+09,13.2824
1.40364e+09,19.8713
1.40364e+09,14.7671
1.40364e+09,15.1618
1.40364e+09,14.6308
1.40364e+09,14.3915
1.40364e+09,13.3201
1.40364e+09,16.9786
1.40364e+09,18.5926
1.40364e+09,19.1027
1.40364e+09,13.8346
1.40364e+09,13.9315
1.40364e+09,13.1805
1.40364e+09,12.697
1.40364e+09,11.1062
1.40364e+09,15.7056
1.40364e+09,12.574
1.40364e+09,12.7685
1.40364e+09,13.3059
1.40364e+09,15.0163
1.40364e+09,12.5655
1.40364e+09,12.1626
1.40364e+09,11.8922
1.40364e+09,11.7557
1.40364e+09,11.1776
1.40364e+09,14.7983
1.40364e+09,11.9189
1.40364e+09,12.2836
1.40364e+09,11.9194
1.40364e+09,10.4432
1.40364e+09,16.3389
1.40364e+09,11.6529
1.40364e+09,11.042
1.40364e+09,11.5246
1.40364e+09,10.0281
1.40364e+09,14.6087
1.40364e+09,12.2976
1.40364e+09,11.4211
1.40364e+09,11.8145
1.40364e+09,11.042
1.40364e+09,11.7181
1.40364e+09,11.7819
1.40364e+09,11.771
1.40364e+09,10.5866
1.40364e+09,16.7605
1.40364e+09,11.7588
1.40364e+09,11.8642
1.40364e+09,11.8367
1.40364e+09,12.7852
1.40364e+09,17.0371
1.40364e+09,16.9455
1.40364e+09,17.401
1.40364e+09,14.9995
1.40364e+09,13.7454
1.40364e+09,16.7077
1.40364e+09,11.64
1.40364e+09,11.8379
1.40364e+09,11.7994
1.40364e+09,11.4954
1.40364e+09,14.2822
1.40364e+09,14.6967
1.40364e+09,12.9586
1.40364e+09,15.511
1.40364e+09,15.8257
1.40364e+09,15.352
1.40364e+09,11.9148
1.40364e+09,12.5825
1.40364e+09,12.215
1.40364e+09,14.5661
1.40364e+09,17.6393
1.40364e+09,17.8713
1.40364e+09,14.557
1.40364e+09,15.1603
1.40364e+09,13.657
1.40364e+09,17.2674
1.40364e+09,12.1243
1.40364e+09,12.7555
1.40364e+09,12.3232
1.40364e+09,16.049
1.40364e+09,17.6348
1.40364e+09,15.3242
1.40364e+09,15.8331
1.40364e+09,17.0289
1.40364e+09,17.3217
1.40364e+09,16.4832
1.40364e+09,12.0467
1.40364e+09,12.4066
1.40364e+09,14.3501
1.40364e+09,13.0183
1.40364e+09,15.4049
1.40364e+09,17.2049
1.40364e+09,15.7219
1.40364e+09,15.2781
1.40364e+09,15.6234
1.40364e+09,15.9606
1.40364e+09,11.9583
1.40364e+09,12.2832
1.40364e+09,11.3702
1.40364e+09,18.278
