1403636579.763555527,6.17356
1403636579.913555384,5.91961
1403636580.113555431,7.46006
1403636580.213555574,15.2954
1403636580.263555527,9.75079
1403636580.313555479,8.74278
1403636580.413555384,8.39831
1403636580.513555527,6.93762
1403636580.613555431,6.99735
1403636580.713555574,8.33393
1403636580.813555479,8.67465
1403636580.913555384,8.79303
1403636581.013555527,10.7844
1403636581.113555431,13.4207
1403636581.213555574,14.5736
1403636581.413555384,16.1617
1403636581.513555527,19.0763
1403636581.813555479,14.6145
1403636582.013555527,17.1646
1403636582.313555479,14.8535
1403636582.513555527,11.5192
1403636582.813555479,10.0055
1403636582.863555431,6.4866
1403636582.913555384,22.6057
1403636583.113555431,12.7597
1403636583.213555574,17.2594
1403636583.413555384,14.862
1403636583.513555527,15.0117
1403636583.713555574,14.168
1403636583.913555384,13.8018
1403636584.113555431,10.1787
1403636584.163555384,7.59713
1403636584.313555479,4.99789
1403636584.413555384,19.9596
1403636584.613555431,9.92672
1403636584.813555479,13.2447
1403636584.913555384,17.5413
1403636585.113555431,15.4165
1403636585.313555479,14.1564
1403636585.413555384,15.6967
1403636585.613555431,12.2523
1403636585.713555574,13.4972
1403636586.013555527,10.249
1403636586.113555431,8.29794
1403636586.313555479,5.90743
1403636586.513555527,20.0619
1403636586.713555574,13.4477
1403636586.813555479,14.0475
1403636586.913555384,11.0705
1403636587.013555527,11.6753
1403636587.113555431,11.6988
1403636587.213555574,11.4384
1403636587.313555479,11.6945
1403636587.413555384,12.1851
1403636587.513555527,12.8299
1403636587.613555431,12.5409
1403636587.713555574,14.4948
1403636587.913555384,21.0098
1403636588.113555431,13.4854
1403636588.413555384,13.477
1403636588.613555431,14.8319
1403636588.913555384,20.2742
1403636589.313555479,14.4498
1403636589.513555527,10.7026
1403636589.613555431,4.457
1403636589.713555574,4.65754
1403636589.813555479,4.29185
1403636589.913555384,4.19848
1403636590.013555527,6.8137
1403636590.113555431,6.19847
1403636590.213555574,4.0469
1403636590.313555479,4.10958
1403636590.413555384,4.89282
1403636590.513555527,5.32508
1403636590.613555431,7.6554
1403636590.813555479,4.7441
1403636590.863555431,4.63438
1403636590.913555384,4.89264
1403636591.113555431,6.33268
1403636591.213555574,4.31254
1403636591.313555479,4.36289
1403636591.413555384,4.39726
1403636591.513555527,5.07799
1403636591.613555431,20.4085
1403636591.813555479,15.9825
1403636592.013555527,18.5066
1403636592.113555431,17.9241
1403636592.213555574,12.1267
1403636592.313555479,12.6191
1403636592.513555527,10.0896
1403636592.613555431,11.7117
1403636592.813555479,10.5106
1403636592.913555384,16.2036
1403636593.113555431,10.0227
1403636593.213555574,9.93387
1403636593.363555431,7.30496
1403636593.513555527,19.5677
1403636593.713555574,9.96941
1403636593.913555384,11.1121
1403636594.013555527,7.22081
1403636594.113555431,8.53445
1403636594.313555479,22.116
1403636594.513555527,10.8978
1403636594.613555431,7.85807
1403636594.713555574,7.68162
1403636594.813555479,14.8047
1403636595.013555527,16.7676
1403636595.113555431,7.03568
1403636595.213555574,5.04679
1403636595.313555479,16.5167
1403636595.513555527,9.26873
1403636595.613555431,7.56663
1403636595.813555479,7.99335
1403636595.913555384,21.2769
1403636596.113555431,8.83532
1403636596.213555574,7.11286
1403636596.513555527,5.3015
1403636596.613555431,14.6677
1403636596.813555479,11.5379
1403636597.113555431,15.777
1403636597.413555384,11.0146
1403636597.513555527,4.73013
1403636597.713555574,17.8974
1403636597.813555479,8.00664
1403636597.913555384,11.8273
1403636598.113555431,9.19301
1403636598.213555574,9.60831
1403636598.413555384,13.3615
1403636598.613555431,10.5727
1403636598.813555479,7.61864
1403636598.863555431,3.49411
1403636598.913555384,3.36303
1403636599.013555527,3.07313
1403636599.113555431,3.40858
1403636599.213555574,15.3223
1403636599.413555384,6.68654
1403636599.513555527,7.70923
1403636599.613555431,8.01235
1403636599.713555574,16.1962
1403636599.913555384,11.5678
1403636600.063555479,7.96448
1403636600.113555431,8.27615
1403636600.213555574,8.07803
1403636600.313555479,7.79906
1403636600.413555384,8.79113
1403636600.513555527,8.1113
1403636600.613555431,8.41709
1403636600.713555574,8.44006
1403636600.813555479,8.38147
1403636600.913555384,8.14713
1403636601.013555527,13.9836
1403636601.213555574,14.7643
1403636601.313555479,8.9097
1403636601.463555574,9.32061
1403636601.613555431,9.56483
1403636601.813555479,8.58633
1403636601.913555384,8.86361
1403636602.213555574,14.3107
1403636602.413555384,15.1445
1403636602.713555574,13.5034
1403636602.913555384,9.48743
1403636602.963555574,9.11221
1403636603.013555527,8.95179
1403636603.113555431,9.08336
1403636603.213555574,9.09989
1403636603.313555479,9.19224
1403636603.413555384,9.00778
1403636603.513555527,8.98773
1403636603.613555431,9.1623
1403636603.713555574,9.05662
1403636603.813555479,9.70955
1403636603.913555384,11.1882
1403636604.013555527,11.2968
1403636604.163555384,9.81437
1403636604.263555527,9.99409
1403636604.313555479,11.3753
1403636604.413555384,12.2566
1403636604.513555527,9.14429
1403636604.563555479,9.35572
1403636604.713555574,3.08977
1403636604.813555479,9.7228
1403636604.913555384,3.29999
1403636604.963555574,3.21074
1403636605.013555527,3.1393
1403636605.113555431,3.1921
1403636605.213555574,4.29373
1403636605.313555479,4.45394
1403636605.513555527,3.576
1403636605.713555574,4.34208
1403636605.913555384,3.41267
1403636606.013555527,3.47357
1403636606.213555574,3.52255
1403636606.513555527,4.82027
1403636607.013555527,4.80215
1403636607.213555574,3.43308
1403636607.313555479,3.5858
1403636607.513555527,7.08775
1403636607.813555479,7.28123
1403636608.013555527,4.0793
1403636608.213555574,4.40185
1403636608.413555384,4.84358
1403636608.563555479,3.55485
1403636608.613555431,3.43438
1403636608.713555574,3.28456
1403636608.763555527,3.27172
1403636608.813555479,3.23922
1403636608.913555384,3.24933
1403636609.013555527,5.60489
1403636609.113555431,3.23257
1403636609.163555384,3.43003
1403636609.213555574,3.13689
1403636609.313555479,3.22566
1403636609.413555384,4.35199
1403636609.513555527,3.32618
1403636609.563555479,6.2717
1403636609.713555574,8.04264
1403636609.813555479,3.45842
1403636609.863555431,3.29463
1403636609.913555384,3.24943
1403636610.013555527,3.22089
1403636610.113555431,3.16683
1403636610.213555574,3.14896
1403636610.313555479,3.26924
1403636610.413555384,3.14307
1403636610.513555527,3.1461
1403636610.613555431,3.15232
1403636610.713555574,3.13682
1403636610.813555479,5.36603
1403636611.013555527,4.47075
1403636611.113555431,3.31695
1403636611.163555384,3.32524
1403636611.213555574,3.24699
1403636611.313555479,3.24178
1403636611.413555384,3.3265
1403636611.513555527,3.13445
1403636611.613555431,3.16049
1403636611.713555574,3.153
1403636611.813555479,3.01613
1403636611.913555384,4.53652
1403636612.013555527,3.18824
1403636612.113555431,4.79207
1403636612.213555574,4.21961
1403636612.313555479,3.4152
1403636612.363555431,3.71748
1403636612.463555574,3.50622
1403636612.563555479,3.34321
1403636612.663555384,3.39322
1403636612.713555574,3.23776
1403636612.813555479,4.37035
1403636612.913555384,3.23963
1403636613.013555527,4.03597
1403636613.113555431,3.31681
1403636613.163555384,3.31709
1403636613.213555574,3.11189
1403636613.313555479,4.33388
1403636613.413555384,9.9576
1403636613.613555431,6.45197
1403636613.813555479,3.3228
1403636614.013555527,3.24816
1403636614.213555574,3.44643
1403636614.413555384,3.35205
1403636614.613555431,6.04522
1403636614.713555574,6.56844
1403636615.013555527,3.6422
1403636615.113555431,3.30017
1403636615.213555574,3.24554
1403636615.313555479,3.10628
1403636615.413555384,3.14458
1403636615.513555527,5.67827
1403636615.713555574,3.22533
1403636615.813555479,3.20427
1403636615.913555384,3.24845
1403636616.013555527,3.11144
1403636616.213555574,5.98257
1403636616.413555384,3.49697
1403636616.513555527,3.26494
1403636616.613555431,5.58308
1403636616.813555479,3.19069
1403636616.913555384,3.10893
1403636617.013555527,4.26878
1403636617.213555574,4.47575
1403636617.413555384,6.10346
1403636617.513555527,3.57904
1403636617.713555574,8.27162
1403636617.813555479,3.51361
1403636617.863555431,3.32585
1403636617.913555384,3.22578
1403636618.013555527,3.2204
1403636618.113555431,3.16167
1403636618.163555384,3.3355
1403636618.213555574,3.21574
1403636618.313555479,3.22883
1403636618.413555384,3.65443
1403636618.513555527,3.24519
1403636618.613555431,3.33634
1403636618.713555574,3.39047
1403636618.763555527,8.12333
1403636618.913555384,6.5443
1403636618.963555574,3.57156
1403636619.013555527,3.22417
1403636619.063555479,3.16278
1403636619.113555431,3.21607
1403636619.213555574,3.29597
1403636619.313555479,3.15851
1403636619.413555384,3.28725
1403636619.513555527,5.76341
1403636619.613555431,3.13734
1403636619.713555574,3.24581
1403636619.813555479,3.36322
1403636619.913555384,3.26222
1403636620.013555527,4.49392
1403636620.113555431,6.00754
1403636620.213555574,3.57548
1403636620.313555479,5.62689
1403636620.413555384,4.84638
1403636620.513555527,4.86999
1403636620.613555431,3.75222
1403636620.713555574,3.53018
1403636620.813555479,3.25095
1403636620.913555384,3.81561
1403636621.013555527,3.77762
1403636621.113555431,3.25373
1403636621.213555574,3.4465
1403636621.313555479,5.99245
1403636621.413555384,6.12528
1403636621.513555527,3.56136
1403636621.613555431,3.29459
1403636621.713555574,5.8693
1403636621.813555479,3.19857
1403636621.913555384,3.15696
1403636622.013555527,4.39384
1403636622.113555431,4.30975
1403636622.213555574,4.68209
1403636622.313555479,5.38866
1403636622.413555384,4.19733
1403636622.513555527,8.36726
1403636622.713555574,6.1416
1403636622.813555479,3.65834
1403636623.013555527,3.28993
1403636623.113555431,3.25948
1403636623.213555574,3.11174
1403636623.313555479,3.31216
1403636623.513555527,3.24931
1403636623.613555431,3.19924
1403636623.713555574,6.20646
1403636623.913555384,6.06125
1403636624.013555527,3.8278
1403636624.213555574,5.08718
1403636624.313555479,3.58567
1403636624.363555431,3.6383
1403636624.413555384,13.0508
1403636624.513555527,6.63833
1403636624.613555431,6.10458
1403636624.713555574,7.42621
1403636624.813555479,7.63305
1403636624.913555384,7.33864
1403636625.013555527,7.17367
1403636625.113555431,6.55118
1403636625.213555574,6.92605
1403636625.313555479,12.8223
1403636625.513555527,10.2709
1403636625.613555431,9.77892
1403636625.713555574,10.6954
1403636625.913555384,10.1981
1403636626.013555527,11.0705
1403636626.113555431,10.1104
1403636626.213555574,12.0556
1403636626.413555384,13.5085
1403636626.513555527,20.484
1403636626.713555574,19.8643
1403636626.963555574,13.8902
1403636627.063555479,14.4104
1403636627.213555574,13.6422
1403636627.513555527,18.08
1403636627.713555574,18.2956
1403636627.913555384,26.1139
1403636628.313555479,21.2069
1403636628.513555527,14.512
1403636628.713555574,20.1126
1403636628.813555479,14.5454
1403636628.913555384,14.4888
1403636629.013555527,20.0126
1403636629.213555574,13.1878
1403636629.313555479,12.5943
1403636629.413555384,14.8877
1403636629.613555431,16.6327
1403636629.713555574,11.3946
1403636629.813555479,17.5964
1403636629.913555384,13.0379
1403636630.013555527,11.1877
1403636630.113555431,9.8974
1403636630.213555574,9.48721
1403636630.313555479,9.57989
1403636630.413555384,9.18172
1403636630.513555527,9.43202
1403636630.613555431,14.8016
1403636630.813555479,13.0692
1403636630.913555384,13.0236
1403636630.963555574,12.6424
1403636631.113555431,10.9662
1403636631.213555574,11.63
1403636631.413555384,10.7252
1403636631.513555527,11.9499
1403636631.613555431,11.8178
1403636631.713555574,11.7171
1403636631.813555479,11.5031
1403636631.913555384,13.6686
1403636632.113555431,16.2835
1403636632.213555574,11.6791
1403636632.263555527,11.6116
1403636632.313555479,11.685
1403636632.513555527,16.6949
1403636632.613555431,13.0087
1403636632.713555574,11.3569
1403636632.813555479,11.4192
1403636632.913555384,11.6605
1403636633.013555527,17.0846
1403636633.113555431,16.7646
1403636633.213555574,17.8792
1403636633.363555431,12.0616
1403636633.413555384,11.5181
1403636633.513555527,12.0299
1403636633.613555431,19.8536
1403636633.813555479,14.7634
1403636633.913555384,14.8131
1403636634.113555431,17.4665
1403636634.213555574,13.6513
1403636634.313555479,18.6497
1403636634.413555384,18.0904
1403636634.613555431,13.6378
1403636634.713555574,12.7997
1403636634.813555479,12.4478
1403636635.013555527,18.1091
1403636635.113555431,16.6933
1403636635.213555574,11.6289
1403636635.313555479,11.5803
1403636635.513555527,14.6868
1403636635.613555431,18.8618
1403636635.813555479,13.3665
1403636635.913555384,10.749
1403636635.963555574,10.4793
1403636636.013555527,10.5181
1403636636.113555431,10.1233
1403636636.313555479,11.1187
1403636636.413555384,11.7086
1403636636.513555527,16.9003
1403636636.713555574,13.4047
1403636636.913555384,14.3749
1403636637.113555431,19.3292
1403636637.313555479,17.6777
1403636637.413555384,17.392
1403636637.613555431,13.583
1403636637.813555479,14.226
1403636638.113555431,18.0355
1403636638.313555479,25.1792
1403636638.613555431,16.7939
1403636638.713555574,15.5652
1403636638.813555479,11.6009
1403636638.913555384,11.37
1403636638.963555574,11.2848
1403636639.013555527,11.1943
1403636639.113555431,10.9098
1403636639.213555574,11.5497
1403636639.313555479,12.2828
1403636639.413555384,14.4704
1403636639.513555527,13.9879
1403636639.613555431,10.3521
1403636639.713555574,17.165
1403636639.813555479,19.0183
1403636640.113555431,16.3251
1403636640.413555384,17.1635
1403636640.713555574,15.1601
1403636641.013555527,13.1965
1403636641.313555479,18.9312
1403636641.513555527,8.32927
1403636641.613555431,14.022
1403636641.713555574,9.92827
1403636641.813555479,9.96974
1403636641.913555384,10.1135
1403636642.013555527,10.0693
1403636642.113555431,10.154
1403636642.213555574,10.182
1403636642.313555479,12.6963
1403636642.513555527,18.991
1403636642.613555431,18.6596
1403636642.813555479,12.0426
1403636643.013555527,11.5584
1403636643.113555431,15.3348
1403636643.313555479,10.0565
1403636643.413555384,13.3446
1403636643.613555431,14.7827
1403636643.813555479,17.2549
1403636644.213555574,18.5488
1403636644.413555384,14.7484
1403636644.513555527,11.7751
1403636644.613555431,12.0441
1403636644.713555574,11.9543
1403636644.813555479,16.8979
1403636645.013555527,11.934
1403636645.113555431,11.4725
1403636645.213555574,17.5925
1403636645.413555384,17.6191
1403636645.613555431,13.3544
1403636645.813555479,11.1886
1403636645.913555384,10.7159
1403636646.113555431,10.7978
1403636646.313555479,10.1758
1403636646.513555527,10.6609
1403636646.713555574,18.8029
1403636647.013555527,16.7694
1403636647.313555479,9.79294
1403636647.413555384,15.5196
1403636647.613555431,13.7592
1403636647.813555479,17.7599
1403636648.113555431,16.1533
1403636648.513555527,17.6286
1403636648.813555479,11.983
1403636648.913555384,11.704
1403636649.013555527,11.1703
1403636649.113555431,11.0199
1403636649.213555574,10.8055
1403636649.313555479,12.7551
1403636649.413555384,10.8711
1403636649.513555527,12.7419
1403636649.613555431,11.3623
1403636649.713555574,12.7912
1403636649.813555479,14.2666
1403636649.913555384,15.4616
1403636650.013555527,10.9518
1403636650.063555479,10.7779
1403636650.113555431,10.4462
1403636650.213555574,10.2712
1403636650.313555479,10.4182
1403636650.413555384,10.7099
1403636650.513555527,14.4738
1403636650.713555574,14.0127
1403636650.913555384,21.0357
1403636651.113555431,21.0711
1403636651.313555479,13.2865
1403636651.363555431,12.797
1403636651.513555527,18.2727
1403636651.613555431,13.0493
1403636651.713555574,13.3178
1403636651.813555479,13.2575
1403636651.913555384,19.2939
1403636652.113555431,18.1816
1403636652.213555574,12.1932
1403636652.313555479,19.9052
1403636652.513555527,14.9166
1403636652.613555431,11.7326
1403636652.713555574,10.0267
1403636652.813555479,10.4873
1403636653.013555527,14.1159
1403636653.213555574,9.94217
1403636653.313555479,15.4906
1403636653.513555527,15.8679
1403636653.713555574,18.3738
1403636654.113555431,17.284
1403636654.513555527,14.3258
1403636654.813555479,14.6187
1403636655.013555527,13.1092
1403636655.213555574,20.2273
1403636655.513555527,14.9569
1403636655.663555384,10.2197
1403636655.713555574,10.453
1403636655.813555479,12.9216
1403636655.913555384,9.28726
1403636655.963555574,9.00461
1403636656.013555527,8.7572
1403636656.113555431,8.8298
1403636656.213555574,10.3142
1403636656.313555479,12.0999
1403636656.413555384,8.11176
1403636656.513555527,11.3924
1403636656.613555431,8.19663
1403636656.713555574,10.4804
1403636656.813555479,11.2924
1403636657.013555527,8.53719
1403636657.113555431,8.99835
1403636657.213555574,16.8465
1403636657.513555527,11.7763
1403636657.813555479,14.1639
1403636658.013555527,16.3369
1403636658.213555574,14.4986
1403636658.313555479,10.0838
1403636658.363555431,9.05006
1403636658.513555527,13.9483
1403636658.613555431,9.15288
1403636658.713555574,9.12823
1403636658.813555479,9.0279
1403636658.913555384,9.01167
1403636659.013555527,8.87091
1403636659.113555431,8.78178
1403636659.213555574,13.1381
1403636659.313555479,10.8305
1403636659.413555384,15.2553
1403636659.613555431,9.18028
1403636659.713555574,14.4377
1403636659.913555384,13.9381
1403636660.113555431,9.1775
1403636660.413555384,9.63421
1403636660.613555431,20.6145
1403636661.113555431,14.356
1403636661.413555384,10.3796
1403636661.513555527,10.7212
1403636661.613555431,14.868
1403636661.813555479,10.6157
1403636661.913555384,10.7963
1403636662.113555431,16.7232
1403636662.213555574,10.452
1403636662.313555479,12.5214
1403636662.513555527,15.6746
1403636662.713555574,12.7274
1403636662.813555479,10.6478
1403636662.863555431,10.404
1403636662.913555384,10.2917
1403636663.013555527,10.5617
1403636663.113555431,10.5165
1403636663.213555574,10.6606
1403636663.313555479,10.4427
1403636663.413555384,10.3164
1403636663.513555527,10.0187
1403636663.613555431,10.0727
1403636663.713555574,18.5605
1403636664.013555527,17.3176
1403636664.113555431,11.5985
1403636664.213555574,11.6941
1403636664.313555479,11.7275
1403636664.413555384,11.6626
1403636664.513555527,11.7661
1403636664.613555431,11.4915
1403636664.713555574,11.3166
1403636664.813555479,11.5651
1403636664.913555384,11.1737
1403636665.013555527,11.1926
1403636665.113555431,16.1334
1403636665.313555479,13.2447
1403636665.413555384,11.0032
1403636665.513555527,10.6508
1403636665.613555431,10.304
1403636665.713555574,10.2054
1403636665.813555479,9.98713
1403636665.913555384,9.99419
1403636666.013555527,9.42965
1403636666.113555431,9.39881
1403636666.213555574,10.4191
1403636666.313555479,26.1084
1403636666.513555527,24.879
1403636666.813555479,15.8146
1403636666.913555384,14.5182
1403636667.013555527,19.6818
1403636667.213555574,17.9801
1403636667.413555384,12.4538
1403636667.513555527,12.4008
1403636667.713555574,20.2137
1403636668.013555527,16.2548
1403636668.213555574,11.7916
1403636668.263555527,11.2731
1403636668.313555479,11.188
1403636668.413555384,11.1545
1403636668.513555527,10.9891
1403636668.613555431,11.0379
1403636668.713555574,11.2894
1403636668.813555479,11.1318
1403636669.013555527,10.7779
1403636669.113555431,9.98913
1403636669.213555574,12.53
1403636669.313555479,12.9695
1403636669.463555574,11.0284
1403636669.563555479,13.9665
1403636669.713555574,10.6216
1403636669.813555479,10.8291
1403636669.913555384,11.431
1403636670.013555527,11.4417
1403636670.113555431,11.2345
1403636670.213555574,11.2638
1403636670.313555479,11.046
1403636670.413555384,16.4044
1403636670.613555431,18.1062
1403636670.663555384,11.5577
1403636670.763555527,11.1985
1403636670.813555479,11.1035
1403636670.913555384,15.4039
1403636671.113555431,12.3226
1403636671.213555574,11.0445
1403636671.313555479,11.4534
1403636671.513555527,11.3315
1403636671.613555431,19.2684
1403636671.813555479,18.0805
1403636672.013555527,10.7369
1403636672.063555479,11.0818
1403636672.213555574,15.9449
1403636672.313555479,10.868
1403636672.413555384,12.5941
1403636672.613555431,15.5316
1403636672.813555479,12.1011
1403636672.913555384,20.8266
1403636673.113555431,19.1689
1403636673.313555479,12.381
1403636673.413555384,12.5021
1403636673.613555431,12.1679
1403636673.713555574,16.9371
1403636673.913555384,11.9007
1403636674.013555527,11.8096
1403636674.113555431,11.7058
1403636674.213555574,19.848
1403636674.413555384,19.0014
1403636674.563555479,12.808
1403636674.613555431,12.0393
1403636674.713555574,12.1395
1403636674.813555479,12.2051
1403636674.913555384,12.2576
1403636675.013555527,11.9059
1403636675.113555431,12.129
1403636675.213555574,11.9731
1403636675.313555479,14.7675
1403636675.513555527,21.3782
1403636675.713555574,18.187
1403636675.913555384,11.6992
1403636675.963555574,12.3399
1403636676.013555527,12.1983
1403636676.113555431,11.927
1403636676.213555574,12.7187
1403636676.313555479,14.2938
1403636676.413555384,11.401
1403636676.513555527,11.0412
1403636676.613555431,10.9459
1403636676.713555574,11.0421
1403636676.813555479,10.9363
1403636676.913555384,19.6217
1403636677.013555527,18.2099
1403636677.113555431,16.2629
1403636677.413555384,15.0092
1403636677.613555431,10.7921
1403636677.813555479,10.21
1403636678.013555527,10.0368
1403636678.313555479,19.7374
1403636678.613555431,10.466
1403636678.813555479,14.6098
1403636679.013555527,18.9281
1403636679.413555384,11.7661
1403636679.613555431,21.7103
1403636679.913555384,20.3156
1403636680.113555431,11.4756
1403636680.163555384,11.2126
1403636680.213555574,11.7391
1403636680.413555384,11.1292
1403636680.513555527,11.0412
1403636680.613555431,11.1901
1403636680.713555574,10.6638
1403636680.813555479,12.6424
1403636681.013555527,15.8732
1403636681.113555431,13.772
1403636681.213555574,19.7851
1403636681.413555384,11.0136
1403636681.513555527,13.8215
1403636681.713555574,10.2785
1403636681.813555479,15.4725
1403636682.013555527,9.87172
1403636682.113555431,11.6973
1403636682.313555479,9.93436
1403636682.513555527,20.184
1403636682.813555479,16.4174
1403636683.013555527,12.8936
1403636683.113555431,12.8362
1403636683.213555574,17.8817
1403636683.413555384,12.8841
1403636683.513555527,12.2517
1403636683.613555431,14.6416
1403636683.813555479,15.6505
1403636683.913555384,20.2851
1403636684.113555431,20.0329
1403636684.313555479,12.842
1403636684.513555527,13.1904
1403636684.613555431,12.3824
1403636684.813555479,18.4671
1403636685.013555527,15.4101
1403636685.213555574,11.9036
1403636685.413555384,24.4371
1403636685.713555574,12.0613
1403636685.813555479,14.1021
1403636685.913555384,12.0041
1403636686.013555527,18.9335
1403636686.213555574,15.8494
1403636686.413555384,15.718
1403636686.513555527,13.5422
1403636686.613555431,12.2578
1403636686.713555574,20.2924
1403636686.913555384,19.8122
1403636687.013555527,11.5203
1403636687.063555479,11.9746
1403636687.213555574,14.7407
1403636687.313555479,12.8913
1403636687.413555384,10.6307
1403636687.513555527,10.629
1403636687.613555431,13.569
1403636687.813555479,12.7514
1403636687.913555384,10.0377
1403636688.013555527,15.1371
1403636688.213555574,12.9197
1403636688.313555479,12.7904
1403636688.513555527,14.1278
1403636688.613555431,9.73655
1403636688.713555574,10.7705
1403636688.913555384,12.8017
1403636689.113555431,10.4252
1403636689.213555574,19.6557
1403636689.413555384,18.6088
1403636689.613555431,11.3007
1403636689.713555574,11.5147
1403636689.813555479,12.4144
1403636689.913555384,15.0174
1403636690.013555527,13.8369
1403636690.113555431,13.3169
1403636690.213555574,9.79049
1403636690.313555479,9.5406
1403636690.413555384,9.47692
1403636690.513555527,9.44005
1403636690.613555431,9.51484
1403636690.713555574,12.5195
1403636690.813555479,12.7457
1403636691.013555527,14.3875
1403636691.113555431,8.56059
1403636691.213555574,8.6218
1403636691.313555479,13.269
1403636691.513555527,9.36819
1403636691.613555431,9.84691
1403636691.713555574,19.1174
1403636692.113555431,16.7537
1403636692.313555479,9.97261
1403636692.363555431,11.8043
1403636692.413555384,11.2014
1403636692.513555527,10.4109
1403636692.613555431,10.5023
1403636692.713555574,10.4749
1403636692.813555479,10.4632
1403636692.913555384,10.4137
1403636693.013555527,10.6039
1403636693.113555431,10.2902
1403636693.213555574,19.838
1403636693.413555384,19.5446
1403636693.613555431,14.8809
1403636693.813555479,10.628
1403636693.913555384,13.5982
1403636694.113555431,15.475
1403636694.313555479,10.0877
1403636694.413555384,10.7723
1403636694.613555431,13.1484
1403636694.813555479,18.3988
1403636695.013555527,16.046
1403636695.213555574,12.5495
1403636695.413555384,13.4495
1403636695.513555527,13.2879
1403636695.613555431,12.9815
1403636695.813555479,16.4317
1403636695.913555384,13.265
1403636696.013555527,21.7491
1403636696.213555574,18.5253
1403636696.413555384,13.1261
1403636696.463555574,12.9422
1403636696.513555527,12.9065
1403636696.613555431,12.6963
1403636696.713555574,12.6279
1403636696.813555479,12.6916
1403636696.913555384,12.5996
1403636697.013555527,12.758
1403636697.113555431,12.5762
1403636697.213555574,12.8539
1403636697.313555479,20.8111
1403636697.513555527,21.6487
1403636697.713555574,14.1514
1403636697.813555479,17.9386
1403636697.913555384,18.2986
1403636698.213555574,19.5216
1403636698.513555527,17.4329
1403636698.713555574,23.2899
1403636699.013555527,14.7126
1403636699.113555431,13.9906
1403636699.213555574,16.4103
1403636699.313555479,18.05
1403636699.413555384,16.5408
1403636699.513555527,15.9917
1403636699.613555431,17.4651
1403636699.713555574,17.1101
1403636699.813555479,18.3769
1403636699.913555384,16.5422
1403636700.013555527,17.1975
1403636700.113555431,15.581
1403636700.213555574,15.5231
1403636700.313555479,13.1778
1403636700.413555384,15.3126
1403636700.513555527,12.2664
1403636700.613555431,12.3522
1403636700.713555574,12.1385
1403636700.813555479,12.4879
1403636701.013555527,16.1028
1403636701.213555574,20.5811
1403636701.413555384,20.8625
1403636701.613555431,15.9931
1403636701.813555479,15.4137
1403636701.913555384,15.766
1403636702.113555431,13.7519
1403636702.213555574,17.1008
1403636702.413555384,12.8493
1403636702.513555527,14.2166
1403636702.713555574,19.0867
1403636702.913555384,19.2013
1403636703.013555527,12.1205
1403636703.063555479,12.0673
1403636703.113555431,12.1825
1403636703.213555574,12.0541
1403636703.313555479,12.1473
1403636703.413555384,11.801
1403636703.513555527,11.6968
1403636703.613555431,11.7087
1403636703.713555574,11.6545
1403636703.813555479,11.841
1403636703.913555384,21.4168
1403636704.113555431,16.7037
1403636704.413555384,16.8341
1403636704.513555527,15.7766
1403636704.713555574,13.13
1403636704.813555479,12.9373
1403636704.913555384,14.848
1403636705.113555431,17.5553
1403636705.213555574,12.4338
1403636705.313555479,20.7609
1403636705.513555527,17.9108
1403636705.713555574,12.2649
1403636705.813555479,17.8847
1403636706.013555527,11.826
1403636706.113555431,16.5531
1403636706.313555479,11.4442
1403636706.413555384,16.7934
1403636706.613555431,10.9729
1403636706.713555574,21.8538
1403636707.013555527,16.9795
1403636707.113555431,11.1703
1403636707.163555384,11.4132
1403636707.213555574,16.881
1403636707.413555384,14.1604
1403636707.513555527,15.5267
1403636707.713555574,18.0416
1403636707.813555479,13.9179
1403636707.913555384,12.8014
1403636708.013555527,12.7616
1403636708.113555431,16.5625
1403636708.313555479,18.909
1403636708.413555384,12.2328
1403636708.463555574,11.8862
1403636708.513555527,11.6898
1403636708.613555431,11.4813
1403636708.713555574,11.5197
1403636708.813555479,11.3819
1403636708.913555384,11.1953
1403636709.013555527,11.2317
1403636709.113555431,11.0916
1403636709.213555574,10.807
1403636709.313555479,20.4039
1403636709.513555527,17.491
1403636709.713555574,11.4576
1403636709.763555527,12.0855
1403636709.813555479,11.1344
1403636709.913555384,14.9011
1403636710.013555527,14.7923
1403636710.213555574,16.8893
1403636710.313555479,18.1571
1403636710.413555384,18.1184
1403636710.513555527,18.8608
1403636710.613555431,16.5754
1403636710.713555574,23.1125
1403636710.813555479,17.7017
1403636710.913555384,12.8842
1403636710.963555574,18.6388
1403636711.113555431,12.1637
1403636711.213555574,17.1877
1403636711.413555384,11.801
1403636711.513555527,13.4313
1403636711.713555574,14.4962
1403636711.813555479,11.68
1403636712.013555527,18.9735
1403636712.213555574,18.4777
1403636712.413555384,15.2519
1403636712.513555527,17.6739
1403636712.713555574,11.7556
1403636712.913555384,15.9194
1403636713.113555431,17.9163
1403636713.313555479,20.0332
1403636713.713555574,18.2482
1403636713.913555384,15.1992
1403636714.113555431,14.1089
1403636714.213555574,13.4777
1403636714.313555479,13.475
1403636714.413555384,14.2358
1403636714.613555431,16.6097
1403636714.713555574,18.0225
1403636714.813555479,16.1042
1403636714.913555384,20.5228
1403636715.013555527,20.4331
1403636715.163555384,12.9254
1403636715.263555527,12.5693
1403636715.313555479,12.2137
1403636715.413555384,12.291
1403636715.513555527,12.0559
1403636715.613555431,15.3539
1403636715.813555479,17.1067
1403636715.913555384,16.3118
1403636716.013555527,15.7106
1403636716.113555431,16.5375
1403636716.213555574,22.981
1403636716.463555574,16.5039
1403636716.613555431,14.6702
1403636716.813555479,17.147
1403636717.013555527,18.7057
1403636717.113555431,13.5147
1403636717.213555574,13.4332
1403636717.313555479,16.3041
1403636717.513555527,22.0019
1403636717.713555574,16.7701
1403636717.813555479,13.1707
1403636717.863555431,19.3733
1403636718.013555527,16.1676
1403636718.113555431,12.7593
1403636718.213555574,12.3342
1403636718.313555479,12.3005
1403636718.413555384,11.9606
1403636718.513555527,12.0109
1403636718.613555431,13.3211
1403636718.813555479,14.7981
1403636718.913555384,14.8562
1403636719.113555431,12.5335
1403636719.313555479,17.2236
1403636719.413555384,18.3941
1403636719.713555574,15.0512
1403636719.913555384,13.9826
1403636720.213555574,19.2971
1403636720.413555384,19.927
1403636720.613555431,20.4219
1403636720.713555574,13.3703
1403636720.813555479,16.6369
1403636721.013555527,13.5871
1403636721.113555431,13.2668
1403636721.313555479,13.2531
1403636721.413555384,23.3316
1403636721.613555431,24.0687
1403636721.913555384,14.0794
1403636721.963555574,14.0647
1403636722.113555431,13.4896
1403636722.413555384,18.5271
1403636722.513555527,13.1682
1403636722.613555431,18.2633
1403636722.813555479,21.5326
1403636723.013555527,23.3051
1403636723.213555574,13.9202
1403636723.413555384,16.1961
1403636723.713555574,16.6545
1403636724.113555431,21.7228
1403636724.513555527,22.2134
1403636724.913555384,13.1618
1403636725.013555527,14.8802
1403636725.113555431,16.5256
1403636725.313555479,19.0241
1403636725.413555384,16.4516
1403636725.513555527,14.8164
1403636725.613555431,14.6669
1403636725.713555574,15.305
1403636725.913555384,18.135
1403636726.013555527,27.4148
1403636726.213555574,16.4841
1403636726.363555431,14.5934
1403636726.413555384,20.8248
1403636726.613555431,14.9273
1403636726.713555574,18.5671
1403636726.913555384,14.7559
1403636727.013555527,19.4285
1403636727.213555574,15.0379
1403636727.313555479,26.4024
1403636727.713555574,17.0504
1403636727.913555384,18.8201
1403636728.113555431,16.649
1403636728.313555479,15.0361
1403636728.413555384,19.7448
1403636728.613555431,15.3933
1403636728.713555574,23.9823
1403636729.013555527,20.1333
1403636729.213555574,20.0902
1403636729.313555479,19.9565
1403636729.513555527,14.3569
1403636729.613555431,19.8726
1403636729.813555479,17.3984
1403636730.013555527,13.9596
1403636730.113555431,20.3018
1403636730.413555384,22.7629
1403636730.613555431,14.8143
1403636730.813555479,18.7858
1403636731.013555527,19.4601
1403636731.213555574,18.0863
1403636731.413555384,25.3093
1403636731.713555574,21.725
1403636732.013555527,18.4745
1403636732.113555431,17.0395
1403636732.213555574,16.5441
1403636732.413555384,16.3091
1403636732.513555527,15.9876
1403636732.613555431,15.9729
1403636732.713555574,21.1547
1403636732.913555384,20.9744
1403636733.013555527,28.5314
1403636733.213555574,17.7773
1403636733.313555479,16.3115
1403636733.413555384,15.6082
1403636733.513555527,15.319
1403636733.613555431,15.4471
1403636733.713555574,16.8983
1403636733.913555384,20.1402
1403636734.013555527,16.1532
1403636734.113555431,15.0323
1403636734.213555574,24.5666
1403636734.413555384,20.9279
1403636734.613555431,20.6595
1403636734.713555574,18.0804
1403636734.913555384,20.1405
1403636735.213555574,22.0742
1403636735.513555527,20.6271
1403636735.813555479,27.1375
1403636736.013555527,22.8989
1403636736.213555574,18.0029
1403636736.413555384,17.2345
1403636736.513555527,18.6316
1403636736.713555574,19.3677
1403636736.913555384,23.4677
1403636737.213555574,19.3564
1403636737.313555479,15.6939
1403636737.363555431,16.1556
1403636737.513555527,14.917
1403636737.613555431,14.6515
1403636737.713555574,14.9697
1403636737.813555479,14.4102
1403636737.913555384,14.5685
1403636738.013555527,14.2631
1403636738.113555431,14.5954
1403636738.213555574,25.0418
1403636738.413555384,23.3644
1403636738.613555431,21.8262
1403636738.813555479,18.8471
1403636739.013555527,20.173
1403636739.313555479,19.7651
1403636739.513555527,26.9409
1403636739.713555574,23.6694
1403636740.113555431,21.1389
1403636740.313555479,15.633
1403636740.513555527,20.1856
1403636740.713555574,19.202
1403636740.913555384,29.6101
1403636741.313555479,23.6188
1403636741.513555527,15.2881
1403636741.563555479,15.3046
1403636741.713555574,15.1176
1403636741.813555479,15.7449
1403636741.913555384,16.0718
1403636742.013555527,16.7607
1403636742.113555431,17.3312
1403636742.213555574,17.1166
1403636742.313555479,18.6566
1403636742.413555384,19.8163
1403636742.513555527,18.6436
1403636742.663555384,30.0404
1403636743.013555527,19.5697
1403636743.313555479,20.2304
1403636743.513555527,17.3955
1403636743.713555574,21.3989
1403636743.913555384,25.8011
1403636744.113555431,24.1141
1403636744.313555479,15.2634
1403636744.363555431,14.7429
1403636744.413555384,14.8577
1403636744.563555479,14.8191
1403636744.713555574,17.8031
1403636744.813555479,18.7874
1403636744.913555384,19.3154
1403636745.013555527,18.5821
1403636745.113555431,19.011
1403636745.213555574,18.5045
1403636745.313555479,17.0777
1403636745.463555574,23.2018
1403636745.713555574,20.6895
1403636745.913555384,19.0568
1403636746.113555431,17.0261
1403636746.413555384,22.5047
1403636746.813555479,26.5749
1403636747.313555479,20.2306
1403636747.513555527,14.3681
1403636747.713555574,19.4274
1403636747.913555384,15.3521
1403636748.013555527,15.4249
1403636748.213555574,20.8707
1403636748.313555479,24.6553
1403636748.513555527,23.9402
1403636748.713555574,15.6641
1403636748.763555527,19.845
1403636748.913555384,20.6624
1403636749.013555527,14.9971
1403636749.113555431,14.9106
1403636749.213555574,15.0109
1403636749.313555479,15.5871
1403636749.413555384,15.8162
1403636749.513555527,19.1836
1403636749.713555574,18.9826
1403636749.813555479,24.7979
1403636750.113555431,21.5301
1403636750.413555384,20.7308
1403636750.713555574,20.5258
1403636751.013555527,18.3869
1403636751.413555384,26.0323
1403636751.613555431,22.7704
1403636751.813555479,21.4098
1403636752.113555431,21.8662
1403636752.313555479,15.646
1403636752.613555431,26.702
1403636752.913555384,23.0407
1403636753.213555574,20.118
1403636753.413555384,20.2402
1403636753.713555574,17.6903
1403636754.013555527,31.8437
1403636754.413555384,22.2115
1403636754.713555574,15.9
1403636754.813555479,21.0745
1403636755.113555431,18.4261
1403636755.413555384,20.4873
1403636755.713555574,24.6044
1403636756.063555479,18.061
1403636756.213555574,18.0257
1403636756.313555479,21.6791
1403636756.513555527,14.2716
1403636756.663555384,17.4163
1403636756.813555479,22.0727
1403636756.913555384,20.9765
1403636757.013555527,16.4097
1403636757.113555431,19.3589
1403636757.213555574,22.9883
1403636757.513555527,15.0378
1403636757.613555431,17.6198
1403636757.813555479,13.296
1403636758.013555527,12.8726
1403636758.113555431,13.801
1403636758.313555479,16.3601
1403636758.513555527,19.4251
1403636758.813555479,21.208
1403636759.013555527,19.5217
1403636759.113555431,14.347
1403636759.213555574,19.7801
1403636759.413555384,18.835
1403636759.613555431,16.2139
1403636759.913555384,21.8655
1403636760.213555574,24.0894
1403636760.613555431,13.2143
1403636760.813555479,9.99265
1403636760.913555384,10.1242
1403636761.113555431,15.9798
1403636761.313555479,9.38044
1403636761.413555384,24.651
1403636761.713555574,20.7878
1403636761.913555384,10.8448
1403636762.113555431,12.4529
1403636762.313555479,12.4483
1403636762.513555527,12.9646
1403636762.713555574,15.624
1403636762.913555384,17.9726
1403636763.213555574,20.6448
1403636763.413555384,9.03051
1403636763.463555574,8.57914
1403636763.513555527,8.5903
1403636763.613555431,8.70223
1403636763.713555574,8.47729
1403636763.813555479,11.4646
