1403636858.701666594,0
1403636858.801666498,0
1403636858.901666403,10.0433
1403636859.001666546,12.2331
1403636859.101666451,14.3727
1403636859.201666594,15.6654
1403636859.301666498,18.3181
1403636859.401666403,24.2292
1403636859.501666546,26.4525
1403636859.601666451,31.3282
1403636859.701666594,39.5602
1403636859.801666498,41.1265
1403636859.901666403,45.3101
1403636860.001666546,50.1431
1403636860.101666451,51.9494
1403636860.201666594,55.4472
1403636860.301666498,59.7372
1403636860.401666403,63.9689
1403636860.501666546,66.5763
1403636860.601666451,69.6523
1403636860.701666594,76.9514
1403636860.801666498,72.5587
1403636860.901666403,73.865
1403636861.001666546,74.1414
1403636861.101666451,75.1471
1403636861.201666594,77.1872
1403636861.301666498,79.8823
1403636861.401666403,81.0962
1403636861.501666546,80.8385
1403636861.601666451,82.096
1403636861.701666594,81.7789
1403636861.801666498,79.8822
1403636861.901666403,80.6552
1403636862.001666546,79.159
1403636862.101666451,75.5768
1403636862.201666594,73.8534
1403636862.301666498,73.3545
1403636862.401666403,73.5201
1403636862.501666546,92.108
1403636862.601666451,87.8865
1403636862.701666594,77.2312
1403636862.801666498,80.1925
1403636862.901666403,83.619
1403636863.001666546,84.4701
1403636863.101666451,85.3782
1403636863.201666594,91.1998
1403636863.301666498,97.2763
1403636863.401666403,83.8291
1403636863.501666546,84.6083
1403636863.601666451,83.8891
1403636863.701666594,77.8551
1403636863.801666498,74.9381
1403636863.901666403,74.1005
1403636864.001666546,76.0733
1403636864.101666451,90.251
1403636864.201666594,80.5284
1403636864.301666498,84.5228
1403636864.401666403,86.302
1403636864.501666546,87.7433
1403636864.601666451,88.7613
1403636864.701666594,90.3732
1403636864.801666498,89.1972
1403636864.901666403,102.226
1403636865.001666546,88.6686
1403636865.101666451,90.7134
1403636865.201666594,88.4679
1403636865.301666498,84.7786
1403636865.401666403,82.8976
1403636865.501666546,82.8135
1403636865.601666451,82.4126
1403636865.701666594,84.5834
1403636865.801666498,88.1881
1403636865.901666403,92.4352
1403636866.001666546,95.9314
1403636866.101666451,94.9277
1403636866.201666594,98.059
1403636866.301666498,105.432
1403636866.401666403,105.557
1403636866.501666546,147.037
1403636866.601666451,99.758
1403636866.701666594,106.975
1403636866.801666498,102.443
1403636866.901666403,101.666
1403636867.001666546,98.4509
1403636867.101666451,99.9864
1403636867.201666594,94.1759
1403636867.301666498,93.1404
1403636867.401666403,101.36
1403636867.501666546,97.1583
1403636867.601666451,90.8454
1403636867.701666594,90.9245
1403636867.801666498,88.569
1403636867.901666403,91.1841
1403636868.001666546,91.5032
1403636868.101666451,90.6061
1403636868.201666594,95.1942
1403636868.301666498,96.439
1403636868.401666403,90.9631
1403636868.501666546,91.3145
1403636868.601666451,92.0762
1403636868.701666594,91.4822
1403636868.801666498,99.457
1403636868.901666403,86.2673
1403636869.001666546,91.6376
1403636869.101666451,93.0839
1403636869.201666594,91.3124
1403636869.301666498,90.6405
1403636869.401666403,95.0739
1403636869.501666546,95.5285
1403636869.601666451,94.7432
1403636869.701666594,96.2389
1403636869.801666498,97.0411
1403636869.901666403,96.3538
1403636870.001666546,103.191
1403636870.101666451,100.729
1403636870.201666594,98.1241
1403636870.301666498,101.883
1403636870.401666403,100.995
1403636870.501666546,96.7049
1403636870.601666451,109.421
1403636870.701666594,95.0618
1403636870.801666498,97.7538
1403636870.901666403,92.2836
1403636871.001666546,92.036
1403636871.101666451,96.4744
1403636871.201666594,94.044
1403636871.301666498,94.0498
1403636871.401666403,93.9822
1403636871.501666546,98.7639
1403636871.601666451,99.9082
1403636871.701666594,101.28
1403636871.801666498,101.752
1403636871.901666403,103.517
1403636872.001666546,107.957
1403636872.101666451,101.363
1403636872.201666594,98.7146
1403636872.301666498,95.8221
1403636872.401666403,98.8817
1403636872.501666546,96.2736
1403636872.601666451,95.9097
1403636872.701666594,96.4567
1403636872.801666498,101.025
1403636872.901666403,95.4811
1403636873.001666546,96.0636
1403636873.101666451,98.2539
1403636873.201666594,104.408
1403636873.301666498,104.554
1403636873.401666403,104.559
1403636873.501666546,104.543
1403636873.601666451,108.876
1403636873.701666594,103.951
1403636873.801666498,102.498
1403636873.901666403,102.199
1403636874.001666546,101.876
1403636874.101666451,101.211
1403636874.201666594,101.505
1403636874.301666498,101.133
1403636874.401666403,102.202
1403636874.501666546,107.891
1403636874.601666451,102.626
1403636874.701666594,102.994
1403636874.801666498,107.941
1403636874.901666403,107.24
1403636875.001666546,104.958
1403636875.101666451,103.889
1403636875.201666594,105.808
1403636875.301666498,102.793
1403636875.401666403,103.637
1403636875.501666546,103.203
1403636875.601666451,104.939
1403636875.701666594,108.151
1403636875.801666498,99.9773
1403636875.901666403,99.6494
1403636876.001666546,74.2609
1403636876.101666451,101.798
1403636876.201666594,101.571
1403636876.301666498,101.696
1403636876.401666403,100.831
1403636876.501666546,102.646
1403636876.601666451,102.171
1403636876.701666594,101.218
1403636876.801666498,97.4329
1403636876.901666403,96.9982
1403636877.001666546,127.961
1403636877.101666451,98.6737
1403636877.201666594,100.183
1403636877.301666498,98.9484
1403636877.401666403,99.3434
1403636877.501666546,105.321
1403636877.601666451,84.3735
1403636877.701666594,86.1918
1403636877.801666498,90.4629
1403636877.901666403,88.8289
1403636878.001666546,85.7231
1403636878.101666451,86.5731
1403636878.201666594,91.2248
1403636878.301666498,90.4457
1403636878.401666403,92.7687
1403636878.501666546,91.0163
1403636878.601666451,93.8132
1403636878.701666594,95.057
1403636878.801666498,95.9029
1403636878.901666403,94.9947
1403636879.001666546,96.0311
1403636879.101666451,92.8518
1403636879.201666594,92.7745
1403636879.301666498,91.6736
1403636879.401666403,93.9261
1403636879.501666546,93.6404
1403636879.601666451,94.4475
1403636879.701666594,117.535
1403636879.801666498,96.3394
1403636879.901666403,96.8767
1403636880.001666546,95.2485
1403636880.101666451,93.588
1403636880.201666594,93.5679
1403636880.301666498,93.0107
1403636880.401666403,94.4736
1403636880.501666546,97.2653
1403636880.601666451,94.8018
1403636880.701666594,93.8044
1403636880.801666498,93.9634
1403636880.901666403,99.5163
1403636881.001666546,100.192
1403636881.101666451,99.4415
1403636881.201666594,99.7224
1403636881.301666498,99.4045
1403636881.401666403,101.688
1403636881.501666546,102.987
1403636881.601666451,100.089
1403636881.701666594,99.8002
1403636881.801666498,101.429
1403636881.901666403,104.249
1403636882.001666546,103.144
1403636882.101666451,100.991
1403636882.201666594,101.937
1403636882.301666498,104.554
1403636882.401666403,103.061
1403636882.501666546,103.028
1403636882.601666451,102.125
1403636882.701666594,104.454
1403636882.801666498,102.796
1403636882.901666403,100.772
1403636883.001666546,100.998
1403636883.101666451,100.299
1403636883.201666594,98.7694
1403636883.301666498,100.01
1403636883.401666403,95.9624
1403636883.501666546,93.1042
1403636883.601666451,92.7676
1403636883.701666594,91.5089
1403636883.801666498,90.3457
1403636883.901666403,90.3306
1403636884.001666546,89.191
1403636884.101666451,89.0563
1403636884.201666594,89.2575
1403636884.301666498,115.36
1403636884.401666403,88.446
1403636884.501666546,88.3984
1403636884.601666451,87.7755
1403636884.701666594,88.4207
1403636884.801666498,87.4937
1403636884.901666403,88.0771
1403636885.001666546,87.9061
1403636885.101666451,87.7621
1403636885.201666594,87.7483
1403636885.301666498,89.2809
1403636885.401666403,88.0972
1403636885.501666546,87.3166
1403636885.601666451,87.8189
1403636885.701666594,87.6308
1403636885.801666498,87.6752
1403636885.901666403,87.5779
1403636886.001666546,88.4105
1403636886.101666451,87.7243
1403636886.201666594,87.8045
1403636886.301666498,87.4888
1403636886.401666403,87.7151
1403636886.501666546,87.7386
1403636886.601666451,87.7522
1403636886.701666594,87.7812
1403636886.801666498,87.5027
1403636886.901666403,88.1831
1403636887.001666546,87.7526
1403636887.101666451,87.6902
1403636887.201666594,87.8437
1403636887.301666498,87.6457
1403636887.401666403,88.4111
1403636887.501666546,88.0642
1403636887.601666451,88.314
1403636887.701666594,87.5511
1403636887.801666498,87.7065
1403636887.901666403,88.6608
1403636888.001666546,89.2931
1403636888.101666451,89.0614
1403636888.201666594,88.5699
1403636888.301666498,88.886
1403636888.401666403,88.7885
1403636888.501666546,88.7676
1403636888.601666451,103.222
1403636888.701666594,95.4229
1403636888.801666498,89.014
1403636888.901666403,88.8204
1403636889.001666546,115.926
1403636889.101666451,88.4319
1403636889.201666594,103.021
1403636889.301666498,89.5972
1403636889.401666403,89.0654
1403636889.501666546,89.0305
1403636889.601666451,88.8062
1403636889.701666594,89.6984
1403636889.801666498,88.3756
1403636889.901666403,90.448
1403636890.001666546,88.83
1403636890.101666451,88.6288
1403636890.201666594,114.81
1403636890.301666498,88.0957
1403636890.401666403,88.4923
1403636890.501666546,88.3508
1403636890.601666451,88.8133
1403636890.701666594,87.732
1403636890.801666498,88.2984
1403636890.901666403,89.3129
1403636891.001666546,89.5134
1403636891.101666451,90.032
1403636891.201666594,89.7005
1403636891.301666498,89.9664
1403636891.401666403,90.472
1403636891.501666546,88.995
1403636891.601666451,89.424
1403636891.701666594,89.6988
1403636891.801666498,102.45
1403636891.901666403,89.087
1403636892.001666546,117.355
1403636892.101666451,89.5427
1403636892.201666594,89.8272
1403636892.301666498,88.723
1403636892.401666403,88.3209
1403636892.501666546,88.9568
1403636892.601666451,143.698
1403636892.701666594,88.6422
1403636892.801666498,88.843
1403636892.901666403,89.3069
1403636893.001666546,102.812
1403636893.101666451,88.5519
1403636893.201666594,88.5879
1403636893.301666498,88.1524
1403636893.401666403,89.2654
1403636893.501666546,128.981
1403636893.601666451,88.1223
1403636893.701666594,89.3293
1403636893.801666498,89.2452
1403636893.901666403,96.3804
1403636894.001666546,89.5822
1403636894.101666451,89.7098
1403636894.201666594,89.5012
1403636894.301666498,103.746
1403636894.401666403,89.3183
1403636894.501666546,89.9783
1403636894.601666451,88.9005
1403636894.701666594,90.0207
1403636894.801666498,153.134
1403636894.901666403,89.4307
1403636895.001666546,89.6511
1403636895.101666451,89.6469
1403636895.201666594,88.868
1403636895.301666498,89.3258
1403636895.401666403,89.551
1403636895.501666546,90.2121
1403636895.601666451,89.07
1403636895.701666594,89.5518
1403636895.801666498,89.3847
1403636895.901666403,90.1287
1403636896.001666546,90.9989
1403636896.101666451,90.9164
1403636896.201666594,90.2405
1403636896.301666498,89.9455
1403636896.401666403,89.2834
1403636896.501666546,123.394
1403636896.601666451,89.0896
1403636896.701666594,89.4041
1403636896.801666498,89.9688
1403636896.901666403,89.1731
1403636897.001666546,89.0965
1403636897.101666451,89.5129
1403636897.201666594,89.0421
1403636897.301666498,89.5762
1403636897.401666403,89.8442
1403636897.501666546,89.7865
1403636897.601666451,90.2987
1403636897.701666594,90.4476
1403636897.801666498,89.9138
1403636897.901666403,124.679
1403636898.001666546,100.555
1403636898.101666451,102.006
1403636898.201666594,102.632
1403636898.301666498,105.296
1403636898.401666403,103.678
1403636898.501666546,103.455
1403636898.601666451,105.236
1403636898.701666594,104.469
1403636898.801666498,103.603
1403636898.901666403,103.221
1403636899.001666546,103.972
1403636899.101666451,104.278
1403636899.201666594,121.347
1403636899.301666498,107.378
1403636899.401666403,110.738
1403636899.501666546,113.053
1403636899.601666451,112.449
1403636899.701666594,112.685
1403636899.801666498,116.701
1403636899.901666403,118.074
1403636900.001666546,128.297
1403636900.101666451,120.727
1403636900.201666594,123.731
1403636900.301666498,123.198
1403636900.401666403,130.951
1403636900.501666546,130.134
1403636900.601666451,122.867
1403636900.701666594,124.716
1403636900.801666498,122.869
1403636900.901666403,125.952
1403636901.001666546,124.196
1403636901.101666451,124.562
1403636901.201666594,132.105
1403636901.301666498,127.549
1403636901.401666403,125.485
1403636901.501666546,123.354
1403636901.601666451,126.101
1403636901.701666594,156.217
1403636901.801666498,126.128
1403636901.901666403,125.185
1403636902.001666546,129.377
1403636902.101666451,148.706
1403636902.201666594,132.316
1403636902.301666498,128.404
1403636902.401666403,131.67
1403636902.501666546,161.119
1403636902.601666451,128.748
1403636902.701666594,133.037
1403636902.801666498,131.588
1403636902.901666403,134.611
1403636903.001666546,133.931
1403636903.101666451,144.458
1403636903.201666594,134.754
1403636903.301666498,136.587
1403636903.401666403,137.428
1403636903.501666546,137.631
1403636903.601666451,136.006
1403636903.701666594,144.805
1403636903.801666498,143.716
1403636903.901666403,143.044
1403636904.001666546,141.326
1403636904.101666451,158.95
1403636904.201666594,148.109
1403636904.301666498,147.408
1403636904.401666403,145.708
1403636904.501666546,153.286
1403636904.601666451,151.694
1403636904.701666594,149.128
1403636904.801666498,148.571
1403636904.901666403,154.62
1403636905.001666546,157.611
1403636905.101666451,149.455
1403636905.201666594,153.851
1403636905.301666498,149.735
1403636905.401666403,149.385
1403636905.501666546,147.936
1403636905.601666451,155.762
1403636905.701666594,152.089
1403636905.801666498,152.027
1403636905.901666403,149.988
1403636906.001666546,158.843
1403636906.101666451,159.77
1403636906.201666594,153.88
1403636906.301666498,153.346
1403636906.401666403,159.546
1403636906.501666546,156.867
1403636906.601666451,156.109
1403636906.701666594,158.335
1403636906.801666498,165.387
1403636906.901666403,214.086
1403636907.001666546,160.659
1403636907.101666451,172.11
1403636907.201666594,171.252
1403636907.301666498,162.636
1403636907.401666403,163.517
1403636907.501666546,159.707
1403636907.601666451,168.004
1403636907.701666594,164.024
1403636907.801666498,160.654
1403636907.901666403,207.65
1403636908.001666546,165.623
1403636908.101666451,160.445
1403636908.201666594,160.35
1403636908.301666498,160.155
1403636908.401666403,167.583
1403636908.501666546,161.632
1403636908.601666451,161.345
1403636908.701666594,160.02
1403636908.801666498,166.395
1403636908.901666403,159.969
1403636909.001666546,159.279
1403636909.101666451,157.801
1403636909.201666594,164.468
1403636909.301666498,163.581
1403636909.401666403,164.43
1403636909.501666546,192.713
1403636909.601666451,164.241
1403636909.701666594,178.208
1403636909.801666498,166.37
1403636909.901666403,206.041
1403636910.001666546,162.812
1403636910.101666451,161.985
1403636910.201666594,164.639
1403636910.301666498,164.178
1403636910.401666403,162.742
1403636910.501666546,160.887
1403636910.601666451,164.435
1403636910.701666594,163.999
1403636910.801666498,163.726
1403636910.901666403,161.879
1403636911.001666546,164.083
1403636911.101666451,162.91
1403636911.201666594,171.716
1403636911.301666498,159.219
1403636911.401666403,163.052
1403636911.501666546,162.626
1403636911.601666451,205.095
1403636911.701666594,160.605
1403636911.801666498,162.629
1403636911.901666403,205.05
1403636912.001666546,163.136
1403636912.101666451,165.245
1403636912.201666594,168.112
1403636912.301666498,165.349
1403636912.401666403,165.167
1403636912.501666546,166.033
1403636912.601666451,201.479
1403636912.701666594,168.821
1403636912.801666498,166.813
1403636912.901666403,168.721
1403636913.001666546,171.107
1403636913.101666451,184.98
1403636913.201666594,169.246
1403636913.301666498,167.881
1403636913.401666403,173.521
1403636913.501666546,169.501
1403636913.601666451,168.435
1403636913.701666594,168.981
1403636913.801666498,174.116
1403636913.901666403,172.626
1403636914.001666546,172.107
1403636914.101666451,170.1
1403636914.201666594,194.442
1403636914.301666498,176.725
1403636914.501666546,183.906
1403636914.601666451,186.122
1403636914.701666594,176.351
1403636914.801666498,175.491
1403636914.901666403,183.581
1403636915.001666546,181.184
1403636915.101666451,180.599
1403636915.201666594,180.074
1403636915.301666498,186.552
1403636915.401666403,184.612
1403636915.501666546,183.579
1403636915.601666451,184.312
1403636915.701666594,190.259
1403636915.801666498,185.212
1403636915.901666403,186.28
1403636916.001666546,184.974
1403636916.101666451,192.524
1403636916.201666594,191.034
1403636916.301666498,187.853
1403636916.401666403,190.004
1403636916.501666546,195.52
1403636916.601666451,192.43
1403636916.701666594,190.5
1403636916.801666498,190.263
1403636916.901666403,193.137
1403636917.001666546,192.941
1403636917.101666451,193.391
1403636917.201666594,193.025
1403636917.301666498,200.096
1403636917.401666403,196.846
1403636917.501666546,193.428
1403636917.601666451,195.299
1403636917.701666594,202.488
1403636917.801666498,195.492
1403636917.901666403,193.715
1403636918.001666546,192.266
1403636918.101666451,199.725
1403636918.201666594,194.478
1403636918.301666498,192.797
1403636918.401666403,192.31
1403636918.501666546,200.501
1403636918.601666451,194.366
1403636918.701666594,197.684
1403636918.801666498,200.752
1403636918.901666403,210.073
1403636919.001666546,203.58
1403636919.101666451,201.735
1403636919.201666594,202.672
1403636919.301666498,207.777
1403636919.401666403,202.039
1403636919.501666546,202.209
1403636919.601666451,201.293
1403636919.701666594,207.857
1403636919.801666498,206.679
1403636919.901666403,206.56
1403636920.001666546,211.225
1403636920.101666451,213.329
1403636920.201666594,207.048
1403636920.301666498,207.763
1403636920.401666403,215.024
1403636920.501666546,216.088
1403636920.601666451,211.571
1403636920.701666594,213.016
1403636920.801666498,211.998
1403636920.901666403,219.213
1403636921.001666546,215.925
1403636921.101666451,216.696
1403636921.201666594,214.297
1403636921.301666498,223.612
1403636921.401666403,218.544
1403636921.501666546,216.716
1403636921.601666451,219.906
1403636921.701666594,226.503
1403636921.801666498,222.531
1403636921.901666403,227.907
1403636922.001666546,223.162
1403636922.101666451,222.928
1403636922.201666594,222.604
1403636922.301666498,224.432
1403636922.401666403,217.886
1403636922.501666546,220.247
1403636922.601666451,217.038
1403636922.701666594,217.415
1403636922.801666498,216.178
1403636922.901666403,213.824
1403636923.001666546,212.876
1403636923.101666451,215.182
1403636923.201666594,216.368
1403636923.301666498,213.983
1403636923.401666403,215.449
1403636923.501666546,217.172
1403636923.601666451,213.565
1403636923.701666594,220.49
1403636923.801666498,212.36
1403636923.901666403,208.595
1403636924.001666546,211.657
1403636924.101666451,217.645
1403636924.201666594,212.386
1403636924.301666498,216.962
1403636924.401666403,212.137
1403636924.501666546,224.619
1403636924.601666451,221.277
1403636924.701666594,220.741
1403636924.801666498,218.88
1403636924.901666403,226.512
1403636925.001666546,221.162
1403636925.101666451,218.866
1403636925.201666594,218.91
1403636925.301666498,225.134
1403636925.401666403,220.223
1403636925.501666546,216.184
1403636925.601666451,214.718
1403636925.701666594,225.108
1403636925.801666498,215.262
1403636925.901666403,218.802
1403636926.001666546,215.586
1403636926.101666451,226.863
1403636926.201666594,225.016
1403636926.301666498,220.196
1403636926.401666403,225.609
1403636926.501666546,228.111
1403636926.601666451,221.347
1403636926.701666594,220.865
1403636926.801666498,247.843
1403636926.901666403,230.325
1403636927.001666546,220.244
1403636927.101666451,216.175
1403636927.201666594,226.09
1403636927.301666498,227.003
1403636927.401666403,219.792
1403636927.501666546,220.441
1403636927.601666451,218.848
1403636927.701666594,225.225
1403636927.801666498,219.374
1403636927.901666403,218.297
1403636928.001666546,217.004
1403636928.101666451,246.734
1403636928.201666594,218.199
1403636928.301666498,218.042
1403636928.401666403,217.333
1403636928.501666546,226.987
1403636928.601666451,218.688
1403636928.701666594,217.86
1403636928.801666498,217.016
1403636928.901666403,224.299
1403636929.001666546,222.046
1403636929.101666451,222.222
1403636929.201666594,219.331
1403636929.301666498,228.097
1403636929.401666403,218.995
1403636929.501666546,224.94
1403636929.601666451,218.11
1403636929.701666594,223.689
1403636929.801666498,219.89
1403636929.901666403,218.23
1403636930.001666546,217.485
1403636930.101666451,222.918
1403636930.201666594,215.685
1403636930.301666498,217.148
1403636930.401666403,216.647
1403636930.501666546,220.509
1403636930.601666451,216.432
1403636930.701666594,214.91
1403636930.801666498,219.081
1403636930.901666403,224.405
1403636931.001666546,216.63
1403636931.101666451,215.26
1403636931.201666594,215.114
1403636931.301666498,221.645
1403636931.401666403,214.064
1403636931.501666546,212.672
1403636931.601666451,214.343
1403636931.701666594,215.033
1403636931.801666498,216.698
1403636931.901666403,219.252
1403636932.001666546,216.509
1403636932.101666451,224.782
1403636932.201666594,219.464
1403636932.301666498,218.812
1403636932.401666403,217.35
1403636932.501666546,221.73
1403636932.601666451,222.701
1403636932.701666594,224.263
1403636932.801666498,218.329
1403636932.901666403,228.291
1403636933.001666546,225.743
1403636933.101666451,224.942
1403636933.201666594,219.734
1403636933.301666498,225.19
1403636933.401666403,219.803
1403636933.501666546,220.947
1403636933.601666451,220.273
1403636933.701666594,223.756
1403636933.801666498,221.846
1403636933.901666403,217.569
1403636934.001666546,220.711
1403636934.101666451,221.189
1403636934.201666594,216.485
1403636934.301666498,218.694
1403636934.401666403,211.589
1403636934.501666546,236.841
1403636934.601666451,209.902
1403636934.701666594,210.547
1403636934.801666498,210.689
1403636934.901666403,213.284
1403636935.001666546,212.205
1403636935.101666451,210.306
1403636935.201666594,212.897
1403636935.301666498,209.464
1403636935.401666403,216.387
1403636935.501666546,210.576
1403636935.601666451,220.5
1403636935.701666594,210.484
1403636935.801666498,216.107
1403636935.901666403,213.983
1403636936.001666546,218.95
1403636936.101666451,216.316
1403636936.201666594,211.602
1403636936.301666498,212.722
1403636936.401666403,214.547
1403636936.501666546,214.654
1403636936.601666451,211.681
1403636936.701666594,207.402
1403636936.801666498,214.544
1403636936.901666403,212.858
1403636937.001666546,209.346
1403636937.101666451,205.141
1403636937.201666594,215.376
1403636937.301666498,210.542
1403636937.401666403,209.157
1403636937.501666546,205.594
1403636937.601666451,210.96
1403636937.701666594,210.726
1403636937.801666498,211.023
1403636937.901666403,208.803
1403636938.001666546,206.853
1403636938.101666451,210.755
1403636938.201666594,210.059
1403636938.301666498,212.909
1403636938.401666403,204.155
1403636938.501666546,208.519
1403636938.601666451,212.445
1403636938.701666594,208.097
1403636938.801666498,206.13
1403636938.901666403,210.22
1403636939.001666546,207.755
1403636939.101666451,208.56
1403636939.201666594,206.392
1403636939.301666498,209.886
1403636939.401666403,209.494
1403636939.501666546,206.27
1403636939.601666451,202.574
1403636939.701666594,203.86
1403636939.801666498,202.974
1403636939.901666403,203.941
1403636940.001666546,201.914
1403636940.101666451,199.247
1403636940.201666594,198.07
1403636940.301666498,194.856
1403636940.401666403,192.171
1403636940.501666546,195.922
1403636940.601666451,189.387
1403636940.701666594,199.527
1403636940.801666498,185.701
1403636940.901666403,186.201
1403636941.001666546,188.611
1403636941.101666451,185.193
1403636941.201666594,182.779
1403636941.301666498,185.152
1403636941.401666403,181.618
1403636941.501666546,179.808
1403636941.601666451,180.978
1403636941.701666594,178.89
1403636941.801666498,181.727
1403636941.901666403,180.531
1403636942.001666546,180.764
1403636942.101666451,178.794
1403636942.201666594,179.511
1403636942.301666498,183.084
1403636942.401666403,178.94
1403636942.501666546,177.141
1403636942.601666451,176.73
1403636942.701666594,176.71
1403636942.801666498,173.22
1403636942.901666403,171.436
1403636943.001666546,166.273
1403636943.101666451,164.756
1403636943.201666594,171.406
1403636943.301666498,163.623
1403636943.401666403,164.062
1403636943.501666546,166.852
1403636943.601666451,164.516
1403636943.701666594,165.29
1403636943.801666498,171.474
1403636943.901666403,163.088
1403636944.001666546,156.053
1403636944.101666451,160.907
1403636944.201666594,157.386
1403636944.301666498,157.487
1403636944.401666403,164.663
1403636944.501666546,161.86
1403636944.601666451,157.27
1403636944.701666594,156.501
1403636944.801666498,154.928
1403636944.901666403,152.218
1403636945.001666546,158.766
1403636945.101666451,157.934
1403636945.201666594,153.34
1403636945.301666498,150.998
1403636945.401666403,231.163
1403636945.501666546,154.352
1403636945.601666451,152.721
1403636945.701666594,153.874
1403636945.801666498,159.628
1403636945.901666403,156.926
1403636946.001666546,155.695
1403636946.101666451,156.05
1403636946.201666594,161.742
1403636946.301666498,161.61
1403636946.401666403,162.326
1403636946.501666546,160.304
1403636946.601666451,171.29
1403636946.701666594,168.848
1403636946.801666498,164.755
1403636946.901666403,163.88
1403636947.001666546,173.015
1403636947.101666451,166.22
1403636947.201666594,180.021
1403636947.301666498,163.694
1403636947.401666403,175.479
1403636947.501666546,167.058
1403636947.601666451,166.702
1403636947.701666594,176.019
1403636947.801666498,172.021
1403636947.901666403,169.649
1403636948.001666546,168.835
1403636948.101666451,177.598
1403636948.201666594,187.973
1403636948.301666498,173.936
1403636948.401666403,174.263
1403636948.501666546,181.894
1403636948.601666451,178.042
1403636948.701666594,176.81
1403636948.801666498,176.091
1403636948.901666403,187.565
1403636949.001666546,186.344
1403636949.101666451,184.333
1403636949.201666594,184.567
1403636949.301666498,195.811
1403636949.401666403,193.916
1403636949.501666546,191.736
1403636949.601666451,190.069
1403636949.701666594,192.255
1403636949.801666498,190.4
1403636949.901666403,188.707
1403636950.001666546,187.186
1403636950.101666451,191.618
1403636950.201666594,191.946
1403636950.301666498,193.753
1403636950.401666403,192.187
1403636950.501666546,194.406
1403636950.601666451,197.033
1403636950.701666594,193.046
1403636950.801666498,192.427
1403636950.901666403,195.32
1403636951.001666546,195.456
1403636951.101666451,192.382
1403636951.201666594,192.198
1403636951.301666498,192.707
1403636951.401666403,192.614
1403636951.501666546,192.703
1403636951.601666451,190.539
1403636951.701666594,194.025
1403636951.801666498,192.798
1403636951.901666403,195.201
1403636952.001666546,197.232
1403636952.101666451,200.525
1403636952.201666594,198.543
1403636952.301666498,199.173
1403636952.401666403,199.467
1403636952.501666546,201.714
1403636952.601666451,199.44
1403636952.701666594,199.04
1403636952.801666498,199.696
1403636952.901666403,205.246
1403636953.001666546,199.212
1403636953.101666451,198.584
1403636953.201666594,200.793
1403636953.301666498,208.722
1403636953.401666403,203.86
1403636953.501666546,199.683
1403636953.601666451,198.977
1403636953.701666594,284.985
1403636953.801666498,199.292
1403636953.901666403,201.104
1403636954.001666546,200.557
1403636954.101666451,208.187
1403636954.201666594,198.956
1403636954.301666498,202.621
1403636954.401666403,200.767
1403636954.501666546,207.304
1403636954.601666451,200.187
1403636954.701666594,197.354
1403636954.801666498,198.488
1403636954.901666403,202.41
1403636955.001666546,194.709
1403636955.101666451,191.176
1403636955.201666594,192.36
1403636955.301666498,199.972
1403636955.401666403,200.591
1403636955.501666546,199.046
1403636955.601666451,199.205
1403636955.701666594,199.531
1403636955.801666498,195.575
1403636955.901666403,191.514
1403636956.001666546,226.135
1403636956.101666451,191.865
1403636956.201666594,191.959
1403636956.301666498,194.262
1403636956.401666403,201.417
1403636956.501666546,196.229
1403636956.601666451,194.652
1403636956.701666594,192.757
1403636956.801666498,202.027
1403636956.901666403,201.859
1403636957.001666546,205.768
1403636957.101666451,201.292
1403636957.201666594,207.01
1403636957.301666498,197.541
1403636957.401666403,192.723
1403636957.501666546,200.009
1403636957.601666451,195.69
1403636957.701666594,205.653
1403636957.801666498,205.542
1403636957.901666403,209.083
1403636958.001666546,209.304
1403636958.101666451,206.474
1403636958.201666594,212.54
1403636958.301666498,206.65
1403636958.401666403,207.02
1403636958.501666546,210.226
1403636958.601666451,206.589
1403636958.701666594,206.689
1403636958.801666498,206.763
1403636958.901666403,205.79
1403636959.001666546,207.018
1403636959.101666451,212.473
1403636959.201666594,208.492
1403636959.301666498,208.532
1403636959.401666403,209.94
1403636959.501666546,211.395
1403636959.601666451,211.099
1403636959.701666594,212.347
1403636959.801666498,209.986
1403636959.901666403,212.136
1403636960.001666546,210.82
1403636960.101666451,210.157
1403636960.201666594,211.67
1403636960.301666498,216.76
1403636960.401666403,214.91
1403636960.501666546,212.063
1403636960.601666451,213.667
1403636960.701666594,211.592
1403636960.801666498,213.084
1403636960.901666403,211.578
1403636961.001666546,221.903
1403636961.101666451,216.707
1403636961.201666594,211.779
1403636961.301666498,209.695
1403636961.401666403,209.399
1403636961.501666546,217.858
1403636961.601666451,214.545
1403636961.701666594,211.562
1403636961.801666498,210.067
1403636961.901666403,213.677
1403636962.001666546,212.457
1403636962.101666451,212.421
1403636962.201666594,213.546
1403636962.301666498,212.828
1403636962.401666403,216.464
1403636962.501666546,215.062
1403636962.601666451,212.299
1403636962.701666594,217.358
1403636962.801666498,220.001
1403636962.901666403,218.029
1403636963.001666546,215.823
1403636963.101666451,218.933
1403636963.201666594,217.911
1403636963.301666498,216.477
1403636963.401666403,219.922
1403636963.501666546,222.452
1403636963.601666451,219.254
1403636963.701666594,224.135
1403636963.801666498,229.332
1403636963.901666403,225.747
1403636964.001666546,225.561
1403636964.101666451,226.687
1403636964.201666594,237.206
1403636964.301666498,230.568
1403636964.401666403,232.412
1403636964.501666546,231.782
1403636964.601666451,236.323
1403636964.701666594,233.727
1403636964.801666498,235.466
1403636964.901666403,228.172
1403636965.001666546,234.21
1403636965.101666451,233.195
1403636965.201666594,230.788
1403636965.301666498,229.667
1403636965.401666403,226.084
1403636965.501666546,230.999
1403636965.601666451,230.962
1403636965.701666594,232.151
1403636965.801666498,230.341
1403636965.901666403,231.366
1403636966.001666546,238.148
1403636966.101666451,239.81
1403636966.201666594,238.229
1403636966.301666498,242.253
1403636966.401666403,233.556
1403636966.501666546,237.663
1403636966.601666451,237.795
1403636966.701666594,236.606
1403636966.801666498,236.46
1403636966.901666403,234.677
1403636967.001666546,237.096
1403636967.101666451,239.544
1403636967.201666594,241.332
1403636967.301666498,241.787
1403636967.401666403,242.592
1403636967.501666546,247.922
1403636967.601666451,243.397
1403636967.701666594,245.224
1403636967.801666498,246.316
1403636967.901666403,249.739
1403636968.001666546,245.589
1403636968.101666451,245.505
1403636968.201666594,249.423
1403636968.301666498,247.45
1403636968.401666403,242.13
1403636968.501666546,243.812
1403636968.601666451,243.376
1403636968.701666594,243.934
1403636968.801666498,251.698
1403636968.901666403,245.003
1403636969.001666546,238.779
1403636969.101666451,241.265
1403636969.201666594,247.857
1403636969.301666498,244.668
1403636969.401666403,234.627
1403636969.501666546,240.248
1403636969.601666451,236.218
1403636969.701666594,242.124
1403636969.801666498,238.083
1403636969.901666403,239.022
1403636970.001666546,236.098
1403636970.101666451,234.027
1403636970.201666594,232.42
1403636970.301666498,231.533
1403636970.401666403,232.549
1403636970.501666546,220.035
1403636970.601666451,197.743
1403636970.701666594,195.437
1403636970.801666498,195.879
1403636970.901666403,193.549
1403636971.001666546,196.287
1403636971.101666451,191.646
1403636971.201666594,290.341
1403636971.301666498,288.235
1403636971.401666403,197.614
1403636971.501666546,188.335
1403636971.601666451,186.57
1403636971.701666594,184.355
1403636971.801666498,185.059
1403636971.901666403,189.834
1403636972.001666546,185.609
1403636972.101666451,182.422
1403636972.201666594,180.301
1403636972.301666498,184.042
1403636972.401666403,247.994
1403636972.501666546,280.805
1403636972.601666451,182.367
1403636972.701666594,189.917
1403636972.801666498,185.255
1403636972.901666403,188.67
1403636973.001666546,189.271
1403636973.101666451,193.29
1403636973.201666594,236.554
1403636973.301666498,184.557
1403636973.401666403,183.531
1403636973.501666546,191.335
1403636973.601666451,191.481
1403636973.701666594,190.252
1403636973.801666498,188.751
1403636973.901666403,195.839
1403636974.001666546,195.168
1403636974.101666451,197.703
1403636974.201666594,194.542
1403636974.301666498,196.127
1403636974.401666403,188.995
1403636974.501666546,287.579
1403636974.601666451,195.246
1403636974.701666594,196.226
1403636974.801666498,191.271
1403636974.901666403,194.523
1403636975.001666546,191.932
1403636975.101666451,197.17
1403636975.201666594,209.533
1403636975.301666498,196.865
1403636975.401666403,195.645
1403636975.501666546,197.403
1403636975.601666451,193.305
1403636975.701666594,212.378
1403636975.801666498,191.292
1403636975.901666403,202.163
1403636976.001666546,197.546
1403636976.101666451,198.743
1403636976.201666594,202.905
1403636976.301666498,213.563
1403636976.401666403,207.464
1403636976.501666546,208.592
1403636976.601666451,211.48
1403636976.701666594,235.651
1403636976.801666498,219.001
1403636976.901666403,216.596
1403636977.001666546,215.97
1403636977.101666451,218.112
1403636977.201666594,221.469
1403636977.301666498,220.966
1403636977.401666403,220.4
1403636977.501666546,223.422
1403636977.601666451,225.562
1403636977.701666594,221.923
1403636977.801666498,225.101
1403636977.901666403,234.029
1403636978.001666546,229.385
1403636978.101666451,231.607
1403636978.201666594,227.874
1403636978.301666498,236.072
1403636978.401666403,232.226
1403636978.501666546,232.026
1403636978.601666451,225.866
1403636978.701666594,230.043
1403636978.801666498,229.171
1403636978.901666403,228.824
1403636979.001666546,233.233
1403636979.101666451,233.177
1403636979.201666594,233.883
1403636979.301666498,238.587
1403636979.401666403,232.157
1403636979.501666546,232.372
1403636979.601666451,237.534
1403636979.701666594,234.551
1403636979.801666498,235.157
1403636979.901666403,239.033
1403636980.001666546,238.142
1403636980.101666451,235.757
1403636980.201666594,236.979
1403636980.301666498,238.078
1403636980.401666403,238.043
1403636980.501666546,238.136
1403636980.601666451,240.46
1403636980.701666594,247.697
1403636980.801666498,240.833
1403636980.901666403,247.222
1403636981.001666546,246.321
1403636981.101666451,245.582
1403636981.201666594,244.044
1403636981.301666498,248.226
1403636981.401666403,247.576
1403636981.501666546,246.643
1403636981.601666451,247.669
1403636981.701666594,248.048
1403636981.801666498,242.014
1403636981.901666403,238.036
1403636982.001666546,244.03
1403636982.101666451,244.96
1403636982.201666594,244.683
1403636982.301666498,300.756
1403636982.401666403,241.704
1403636982.501666546,242.618
1403636982.601666451,239.159
1403636982.701666594,249.068
1403636982.801666498,241.379
1403636982.901666403,244.519
1403636983.001666546,242.358
1403636983.101666451,249.114
1403636983.201666594,279.596
1403636983.301666498,239.807
1403636983.401666403,279.641
1403636983.501666546,249.415
1403636983.601666451,247.15
1403636983.701666594,236.892
1403636983.801666498,235.363
1403636983.901666403,235.223
1403636984.001666546,326.531
1403636984.101666451,260.641
1403636984.201666594,239.904
1403636984.301666498,237.63
1403636984.401666403,244.646
1403636984.501666546,239.658
1403636984.601666451,243.163
1403636984.701666594,242.333
1403636984.801666498,243.583
1403636984.901666403,241.173
1403636985.001666546,244.698
1403636985.101666451,250.126
1403636985.201666594,246.944
1403636985.301666498,243.854
1403636985.401666403,246.385
1403636985.501666546,245.649
1403636985.601666451,243.606
1403636985.701666594,238.227
1403636985.801666498,243.572
1403636985.901666403,248.029
1403636986.001666546,248.428
1403636986.101666451,246.073
1403636986.201666594,245.223
1403636986.301666498,246.536
1403636986.401666403,243.476
1403636986.501666546,242.581
1403636986.601666451,242.525
1403636986.701666594,252.947
1403636986.801666498,250.995
1403636986.901666403,243.386
1403636987.001666546,242.645
1403636987.101666451,244.368
1403636987.201666594,246.693
1403636987.301666498,250.322
1403636987.401666403,245.751
1403636987.501666546,258.678
1403636987.601666451,249.671
1403636987.701666594,250.007
1403636987.801666498,245.754
1403636987.901666403,255.802
1403636988.001666546,257.796
1403636988.101666451,252.913
1403636988.201666594,252.113
1403636988.301666498,250.832
1403636988.401666403,248.467
1403636988.501666546,250.129
1403636988.601666451,242.464
1403636988.701666594,248.148
1403636988.801666498,269.311
1403636988.901666403,245.526
1403636989.001666546,248.337
1403636989.101666451,252.107
1403636989.201666594,250.539
1403636989.301666498,252.496
1403636989.401666403,251.778
1403636989.501666546,254.633
1403636989.601666451,253.52
1403636989.701666594,252.661
1403636989.801666498,253.491
1403636989.901666403,263.175
1403636990.001666546,259.297
1403636990.101666451,257.079
1403636990.201666594,256.288
1403636990.301666498,263.427
1403636990.401666403,262.118
1403636990.501666546,259.347
1403636990.601666451,255.424
1403636990.701666594,262.008
1403636990.801666498,258.316
1403636990.901666403,253.418
1403636991.001666546,255.707
1403636991.101666451,264.035
1403636991.201666594,260.451
1403636991.301666498,264.298
1403636991.401666403,257.966
1403636991.501666546,257.678
1403636991.601666451,261.139
1403636991.701666594,260.745
1403636991.801666498,261.455
1403636991.901666403,255.012
1403636992.001666546,254.527
1403636992.101666451,254.86
1403636992.201666594,258.616
1403636992.301666498,255.739
1403636992.401666403,252.79
1403636992.501666546,257.846
1403636992.601666451,256.478
1403636992.701666594,251.813
1403636992.801666498,252.248
1403636992.901666403,258.929
1403636993.001666546,260.229
1403636993.101666451,262.043
1403636993.201666594,254.567
1403636993.301666498,258.537
1403636993.401666403,258.851
1403636993.501666546,261.258
1403636993.601666451,265.112
1403636993.701666594,269.298
1403636993.801666498,265.621
1403636993.901666403,267.353
1403636994.001666546,268.226
1403636994.101666451,266.926
1403636994.201666594,266.382
1403636994.301666498,263.519
1403636994.401666403,271.623
1403636994.501666546,274.675
1403636994.601666451,269.963
1403636994.701666594,274.865
1403636994.801666498,272.139
1403636994.901666403,270.674
1403636995.001666546,272.363
1403636995.101666451,291.797
1403636995.201666594,270.839
1403636995.301666498,275.381
1403636995.401666403,266.822
1403636995.501666546,278.338
1403636995.601666451,281.189
1403636995.701666594,278.218
1403636995.801666498,277.797
1403636995.901666403,281.826
1403636996.001666546,280.348
1403636996.101666451,279.629
1403636996.201666594,279.166
1403636996.301666498,284.929
1403636996.401666403,281.062
1403636996.501666546,275.929
1403636996.601666451,279.851
1403636996.701666594,282.272
1403636996.801666498,277.831
1403636996.901666403,274.109
1403636997.001666546,273.865
1403636997.101666451,272.979
1403636997.201666594,276.007
1403636997.301666498,275.3
1403636997.401666403,281.696
1403636997.501666546,277.173
1403636997.601666451,276.317
1403636997.701666594,278.753
1403636997.801666498,450.512
1403636997.901666403,280.027
1403636998.001666546,261.83
1403636998.101666451,278.665
1403636998.201666594,275.669
1403636998.301666498,275.099
1403636998.401666403,272.28
1403636998.501666546,276.96
1403636998.601666451,277.15
1403636998.701666594,273.593
1403636998.801666498,272.447
1403636998.901666403,281.046
1403636999.001666546,279.889
1403636999.101666451,281.04
1403636999.201666594,280.468
1403636999.301666498,285.214
1403636999.401666403,285.22
1403636999.501666546,283.342
1403636999.601666451,283.564
1403636999.701666594,284.214
1403636999.801666498,285.846
1403636999.901666403,282.484
1403637000.001666546,284.291
1403637000.101666451,288.275
1403637000.201666594,286.51
1403637000.301666498,279.129
1403637000.401666403,282.703
1403637000.501666546,290.225
1403637000.601666451,285.455
1403637000.701666594,283.747
1403637000.801666498,285.44
1403637000.901666403,290.965
1403637001.001666546,293.006
1403637001.101666451,289.322
1403637001.201666594,288.626
1403637001.301666498,290.688
1403637001.401666403,295.461
1403637001.501666546,292.732
1403637001.601666451,296.622
1403637001.701666594,297.483
1403637001.801666498,400.907
1403637001.901666403,293.364
1403637002.001666546,354.374
1403637002.101666451,289.811
1403637002.201666594,296.419
1403637002.301666498,288.369
1403637002.401666403,293.765
1403637002.501666546,291.366
1403637002.601666451,287.577
1403637002.701666594,287.608
1403637002.801666498,352.316
1403637002.901666403,287.915
1403637003.001666546,292.708
1403637003.101666451,287.094
1403637003.201666594,287.195
1403637003.301666498,289.631
1403637003.401666403,280.765
1403637003.501666546,279.579
1403637003.601666451,275.728
1403637003.701666594,278.802
1403637003.801666498,271.808
1403637003.901666403,272.753
1403637004.001666546,265.773
1403637004.101666451,265.081
1403637004.201666594,264.911
1403637004.301666498,264.841
1403637004.401666403,265.036
1403637004.501666546,265.113
1403637004.601666451,261.996
1403637004.701666594,267.566
1403637004.801666498,263.724
1403637004.901666403,264.562
1403637005.001666546,262.969
1403637005.101666451,262.734
1403637005.201666594,252.427
1403637005.301666498,254.741
1403637005.401666403,256.261
1403637005.501666546,261.19
1403637005.601666451,253.041
1403637005.701666594,261.195
1403637005.801666498,259.503
1403637005.901666403,261.844
1403637006.001666546,262.034
1403637006.101666451,261.612
1403637006.201666594,262.551
1403637006.301666498,256.419
1403637006.401666403,262.068
1403637006.501666546,258.359
1403637006.601666451,259.798
1403637006.701666594,261.312
1403637006.801666498,263.233
1403637006.901666403,255.221
1403637007.001666546,252.081
1403637007.101666451,252.092
1403637007.201666594,253.958
1403637007.301666498,238.299
1403637007.401666403,248.172
1403637007.501666546,246.769
1403637007.601666451,246.563
1403637007.701666594,239.173
1403637007.801666498,238.958
1403637007.901666403,235.156
1403637008.001666546,237.21
1403637008.101666451,227.513
1403637008.201666594,230.716
1403637008.301666498,229.513
1403637008.401666403,226.613
1403637008.501666546,215.903
1403637008.601666451,222.808
1403637008.701666594,221.651
1403637008.801666498,224.169
1403637008.901666403,211.237
1403637009.001666546,216.516
1403637009.101666451,211.321
1403637009.201666594,210.777
1403637009.301666498,200.62
1403637009.401666403,198.743
1403637009.501666546,206.538
1403637009.601666451,103.033
1403637009.701666594,201.393
1403637009.801666498,197.469
1403637009.901666403,188.647
1403637010.001666546,186.143
1403637010.101666451,186.665
1403637010.201666594,186.522
1403637010.301666498,185.766
1403637010.401666403,184.18
1403637010.501666546,184.988
1403637010.601666451,185.067
