1413393886.005760431,2478.4
1413393886.055760384,2580.45
1413393886.105760574,2670.53
1413393886.155760527,2752.28
1413393886.205760479,2835.61
1413393886.255760431,2925.39
1413393886.305760384,3011.7
1413393886.355760574,3095.53
1413393886.405760527,3184.95
1413393886.455760479,3272.69
1413393886.505760431,3358.33
1413393886.555760384,3439.44
1413393886.605760574,3536.26
1413393886.655760527,3618.36
1413393886.705760479,3705.64
1413393886.755760431,3795.34
1413393886.805760384,3888.4
1413393886.855760574,3970.63
1413393886.905760527,4062.88
1413393886.955760479,4146.51
1413393887.005760431,4258.25
1413393887.055760384,4346.52
1413393887.105760574,4445.54
1413393887.155760527,4530.55
1413393887.205760479,4620.2
1413393887.255760431,4705.76
1413393887.305760384,4798.93
1413393887.355760574,4890.67
1413393887.405760527,4982.48
1413393887.455760479,5071.01
1413393887.505760431,5160.18
1413393887.555760384,5240.23
1413393887.605760574,5325.16
1413393887.655760527,5418.54
1413393887.705760479,5512.9
1413393887.755760431,5600.45
1413393887.805760384,5711.79
1413393887.855760574,5810.19
1413393887.905760527,5891.62
1413393887.955760479,5978.69
1413393888.005760431,6067.27
1413393888.055760384,6159.3
1413393888.105760574,6246.63
1413393888.155760527,6338.44
1413393888.205760479,6446.78
1413393888.255760431,6536.39
1413393888.305760384,6618.15
1413393888.355760574,6708.92
1413393888.405760527,6805.81
1413393888.455760479,6907.19
1413393888.505760431,6998.59
1413393888.555760384,7112.13
1413393888.605760574,7199
1413393888.655760527,7283.08
1413393888.705760479,7376.28
1413393888.755760431,7469.8
1413393888.805760384,7565.57
1413393888.855760574,7658.63
1413393888.905760527,7756.55
1413393888.955760479,7835.38
1413393889.005760431,7921.86
1413393889.055760384,8006.68
1413393889.105760574,8097.11
1413393889.155760527,8181.72
1413393889.205760479,8301.61
1413393889.255760431,8389.29
1413393889.305760384,8472.91
1413393889.355760574,8557.88
1413393889.405760527,8638.98
1413393889.455760479,8726.44
1413393889.505760431,8811.07
1413393889.555760384,8895.75
1413393889.605760574,9001.43
1413393889.655760527,9097.11
1413393889.705760479,9189.47
1413393889.755760431,9279.25
1413393889.805760384,9367.86
1413393889.855760574,9457.21
1413393889.905760527,9541.65
1413393889.955760479,9619.82
1413393890.005760431,9714.08
1413393890.055760384,9826.79
1413393890.105760574,9907.93
1413393890.155760527,9992.67
1413393890.205760479,10107.5
1413393890.255760431,10206.7
1413393890.305760384,10304.9
1413393890.355760574,10400.3
1413393890.405760527,10481
1413393890.455760479,10586.2
1413393890.505760431,10688.6
1413393890.555760384,10778
1413393890.605760574,10876.1
1413393890.655760527,10975
1413393890.705760479,11073.8
1413393890.755760431,11152
1413393890.805760384,11243.9
1413393890.855760574,11352.8
1413393890.905760527,11456.9
1413393890.955760479,11552.2
1413393891.005760431,11650.1
1413393891.055760384,11756.5
1413393891.105760574,11854.7
1413393891.155760527,11947.1
1413393891.205760479,12043.7
1413393891.255760431,12180.5
1413393891.305760384,12286.1
1413393891.355760574,12382.2
1413393891.405760527,12472.1
1413393891.455760479,12563.6
1413393891.505760431,12666.5
1413393891.555760384,12771.2
1413393891.605760574,12870.8
1413393891.655760527,12977.4
1413393891.705760479,13074
1413393891.755760431,13169.1
1413393891.805760384,13248
1413393891.855760574,13359.5
1413393891.905760527,13465.7
1413393891.955760479,13565.7
1413393892.005760431,13669.7
1413393892.055760384,13779.9
1413393892.105760574,13881.8
1413393892.155760527,13960.9
1413393892.205760479,14051.6
1413393892.255760431,14163.9
1413393892.305760384,14267.8
1413393892.355760574,14349.4
1413393892.405760527,14450.7
1413393892.455760479,14577.6
1413393892.505760431,14691.5
1413393892.555760384,14787.2
1413393892.605760574,14886.4
1413393892.655760527,14997.2
1413393892.705760479,15093.8
1413393892.755760431,15216.7
1413393892.805760384,15309.7
1413393892.855760574,15419.9
1413393892.905760527,15520.8
1413393892.955760479,15616.8
1413393893.005760431,15711.5
1413393893.055760384,15824.5
1413393893.105760574,15927.1
1413393893.155760527,16019.5
1413393893.205760479,16123.5
1413393893.255760431,16236.3
1413393893.305760384,16340.8
1413393893.355760574,16442.7
1413393893.405760527,16528
1413393893.455760479,16632.7
1413393893.505760431,16750.1
1413393893.555760384,16841.7
1413393893.605760574,16929.3
1413393893.655760527,17036.6
1413393893.705760479,17153.7
1413393893.755760431,17242.2
1413393893.805760384,17332.3
1413393893.855760574,17434.8
1413393893.905760527,17525.5
1413393893.955760479,17620.9
1413393894.005760431,17721.1
1413393894.055760384,17838.7
1413393894.105760574,17946.1
1413393894.155760527,18037.7
1413393894.205760479,18129.7
1413393894.255760431,18241.1
1413393894.305760384,18346
1413393894.355760574,18451.6
1413393894.405760527,18543.4
1413393894.455760479,18636.3
1413393894.505760431,18744
1413393894.555760384,18841.2
1413393894.605760574,18935.7
1413393894.655760527,19026.7
1413393894.705760479,19135
1413393894.755760431,19238.9
1413393894.805760384,19323.9
1413393894.855760574,19433.9
1413393894.905760527,19535.2
1413393894.955760479,19637.3
1413393895.005760431,19734.1
1413393895.055760384,19843.6
1413393895.105760574,19972.1
1413393895.155760527,20064.4
1413393895.205760479,20160.7
1413393895.255760431,20283.6
1413393895.305760384,20378.6
1413393895.355760574,20495
1413393895.405760527,20593.6
1413393895.455760479,20698.5
1413393895.505760431,20800.3
1413393895.555760384,20901.9
1413393895.605760574,21004.5
1413393895.655760527,21091.8
1413393895.705760479,21198
1413393895.755760431,21296.7
1413393895.805760384,21394.9
1413393895.855760574,21491.2
1413393895.905760527,21603.3
1413393895.955760479,21710.2
1413393896.005760431,21789.4
1413393896.055760384,21887.7
1413393896.105760574,21998.5
1413393896.155760527,22105.9
1413393896.205760479,22191.1
1413393896.255760431,22296.3
1413393896.305760384,22417.1
1413393896.355760574,22501.4
1413393896.405760527,22588.9
1413393896.455760479,22695.2
1413393896.505760431,22807.1
1413393896.555760384,22901.7
1413393896.605760574,23000.4
1413393896.655760527,23091.9
1413393896.705760479,23211.7
1413393896.755760431,23297.3
1413393896.805760384,23408.3
1413393896.855760574,23519.3
1413393896.905760527,23633.7
1413393896.955760479,23736.6
1413393897.005760431,23838.2
1413393897.055760384,23926.3
1413393897.105760574,24049.2
1413393897.155760527,24151
1413393897.205760479,24248.8
1413393897.255760431,24353.1
1413393897.305760384,24448.4
1413393897.355760574,24554.9
1413393897.405760527,24642.5
1413393897.455760479,24746.1
1413393897.505760431,24851.9
1413393897.555760384,24952.5
1413393897.605760574,25047.9
1413393897.655760527,25157.9
1413393897.705760479,25275.4
1413393897.755760431,25369.8
1413393897.805760384,25458.5
1413393897.855760574,25572.8
1413393897.905760527,25692
1413393897.955760479,25780.1
1413393898.005760431,25926.4
1413393898.055760384,26051.1
1413393898.105760574,26164.2
1413393898.155760527,26255.8
1413393898.205760479,26368.8
1413393898.255760431,26473.3
1413393898.305760384,26568.9
1413393898.355760574,26672.8
1413393898.405760527,26774.4
1413393898.455760479,26884.5
1413393898.505760431,27001.9
1413393898.555760384,27098.9
1413393898.605760574,27184.6
1413393898.655760527,27305.6
1413393898.705760479,27422.3
1413393898.755760431,27519.3
1413393898.805760384,27600.9
1413393898.855760574,27708.4
1413393898.905760527,27818.1
1413393898.955760479,27927
1413393899.005760431,28025.1
1413393899.055760384,28145
1413393899.105760574,28246.5
1413393899.155760527,28343.1
1413393899.205760479,28438.1
1413393899.255760431,28550.8
1413393899.305760384,28657.5
1413393899.355760574,28752.6
1413393899.405760527,28859.6
1413393899.455760479,28978.3
1413393899.505760431,29066.2
1413393899.555760384,29159.6
1413393899.605760574,29261.2
1413393899.655760527,29388.9
1413393899.705760479,29490.5
1413393899.755760431,29585.5
1413393899.805760384,29682
1413393899.855760574,29788.2
1413393899.905760527,29888.1
1413393899.955760479,29997.5
1413393900.005760431,30092.7
1413393900.055760384,30197.4
1413393900.105760574,30310.2
1413393900.155760527,30421.6
1413393900.205760479,30504.6
1413393900.255760431,30611.4
1413393900.305760384,30731.4
1413393900.355760574,30824.2
1413393900.405760527,30913.9
1413393900.455760479,31017
1413393900.505760431,31122.2
1413393900.555760384,31220.5
1413393900.605760574,31311.6
1413393900.655760527,31408.5
1413393900.705760479,31561.3
1413393900.755760431,31649.6
1413393900.805760384,31743.8
1413393900.855760574,31864.2
1413393900.905760527,31956
1413393900.955760479,32064.4
1413393901.005760431,32168.4
1413393901.055760384,32285.8
1413393901.105760574,32401.2
1413393901.155760527,32501.1
1413393901.205760479,32590.8
1413393901.255760431,32687.5
1413393901.305760384,32799
1413393901.355760574,32899.6
1413393901.405760527,32995.8
1413393901.455760479,33102.8
1413393901.505760431,33224.1
1413393901.555760384,33328.2
1413393901.605760574,33411.3
1413393901.655760527,33522.7
1413393901.705760479,33636.9
1413393901.755760431,33724.7
1413393901.805760384,33819.6
1413393901.855760574,33934.4
1413393901.905760527,34055.9
1413393901.955760479,34142.7
1413393902.005760431,34230.1
1413393902.055760384,34342.1
1413393902.105760574,34472.8
1413393902.155760527,34570.4
1413393902.205760479,34674
1413393902.255760431,34772.1
1413393902.305760384,34875.3
1413393902.355760574,34977
1413393902.405760527,35069
1413393902.455760479,35185.6
1413393902.505760431,35289.7
1413393902.555760384,35400.2
1413393902.605760574,35492.1
1413393902.655760527,35587.8
1413393902.705760479,35690.1
1413393902.755760431,35796.9
1413393902.805760384,35888.8
1413393902.855760574,35979.3
1413393902.905760527,36095.9
1413393902.955760479,36189.4
1413393903.005760431,36299.3
1413393903.055760384,36395.5
1413393903.105760574,36508.1
1413393903.155760527,36600.6
1413393903.205760479,36694.4
1413393903.255760431,36795
1413393903.305760384,36910.9
1413393903.355760574,37019.4
1413393903.405760527,37114.9
1413393903.455760479,37224.9
1413393903.505760431,37333.4
1413393903.555760384,37426
1413393903.605760574,37516.3
1413393903.655760527,37630.3
1413393903.705760479,37737.8
1413393903.755760431,37830.2
1413393903.805760384,37919.7
1413393903.855760574,38019
1413393903.905760527,38107.3
1413393903.955760479,38203.9
1413393904.005760431,38291.4
1413393904.055760384,38394.7
1413393904.105760574,38502
1413393904.155760527,38608.3
1413393904.205760479,38706.4
1413393904.255760431,38798.9
1413393904.305760384,38917.7
1413393904.355760574,39010.7
1413393904.405760527,39104.1
1413393904.455760479,39220
1413393904.505760431,39339.1
1413393904.555760384,39436
1413393904.605760574,39536
1413393904.655760527,39676.9
1413393904.705760479,39770.1
1413393904.755760431,39863.7
1413393904.805760384,39960.7
1413393904.855760574,40078.1
1413393904.905760527,40195.8
1413393904.955760479,40293.4
1413393905.005760431,40381.8
1413393905.055760384,40493.1
1413393905.105760574,40590.3
1413393905.155760527,40709.3
1413393905.205760479,40808.6
1413393905.255760431,40921.7
1413393905.305760384,41040.5
1413393905.355760574,41128.9
1413393905.405760527,41225.3
1413393905.455760479,41334.9
1413393905.505760431,41453.6
1413393905.555760384,41553.6
1413393905.605760574,41645.5
1413393905.655760527,41736.3
1413393905.705760479,41849.9
1413393905.755760431,41954.3
1413393905.805760384,42043.8
1413393905.855760574,42166
1413393905.905760527,42267.3
1413393905.955760479,42368.1
1413393906.005760431,42457.1
1413393906.055760384,42579.1
1413393906.105760574,42694.5
1413393906.155760527,42786.7
1413393906.205760479,42878.3
1413393906.255760431,42994.6
1413393906.305760384,43110.3
1413393906.355760574,43198.5
1413393906.405760527,43296.1
1413393906.455760479,43437.4
1413393906.505760431,43550.2
1413393906.555760384,43668
1413393906.605760574,43766.1
1413393906.655760527,43876.1
1413393906.705760479,43986.4
1413393906.755760431,44076.7
1413393906.805760384,44175.8
1413393906.855760574,44287.3
1413393906.905760527,44414.8
1413393906.955760479,44510.9
1413393907.005760431,44600.3
1413393907.055760384,44697.9
1413393907.105760574,44803.4
1413393907.155760527,44907.8
1413393907.205760479,44985.7
1413393907.255760431,45093.3
1413393907.305760384,45208.4
1413393907.355760574,45302.3
1413393907.405760527,45400.5
1413393907.455760479,45515.2
1413393907.505760431,45614.2
1413393907.555760384,45708.5
1413393907.605760574,45805.9
1413393907.655760527,45933.6
1413393907.705760479,46044.3
1413393907.755760431,46138.7
1413393907.805760384,46229.3
1413393907.855760574,46342.3
1413393907.905760527,46446.4
1413393907.955760479,46545.7
1413393908.005760431,46644.9
1413393908.055760384,46737.2
1413393908.105760574,46862.3
1413393908.155760527,46953.8
1413393908.205760479,47050.1
1413393908.255760431,47162.3
1413393908.305760384,47279.7
1413393908.355760574,47389.1
1413393908.405760527,47482.2
1413393908.455760479,47586.8
1413393908.505760431,47697.1
1413393908.555760384,47817.9
1413393908.605760574,47912.4
1413393908.655760527,48018.4
1413393908.705760479,48133.6
1413393908.755760431,48225.7
1413393908.805760384,48323.6
1413393908.855760574,48410.9
1413393908.905760527,48537.8
1413393908.955760479,48642.8
1413393909.005760431,48741.5
1413393909.055760384,48856.3
1413393909.105760574,48969.9
1413393909.155760527,49069
1413393909.205760479,49164
1413393909.255760431,49278
1413393909.305760384,49379
1413393909.355760574,49499.3
1413393909.405760527,49602.6
1413393909.455760479,49724.6
1413393909.505760431,49850.7
1413393909.555760384,49968.8
1413393909.605760574,50056.2
1413393909.655760527,50161.9
1413393909.705760479,50282.6
1413393909.755760431,50395.4
1413393909.805760384,50498
1413393909.855760574,50600.4
1413393909.905760527,50699.7
1413393909.955760479,50792.5
1413393910.005760431,50894.6
1413393910.055760384,50998.7
1413393910.105760574,51109.3
1413393910.155760527,51229.5
1413393910.205760479,51317.3
1413393910.255760431,51444.8
1413393910.305760384,51556.8
1413393910.355760574,51646.6
1413393910.405760527,51735.5
1413393910.455760479,51863
1413393910.505760431,51972.8
1413393910.555760384,52068.3
1413393910.605760574,52163.7
1413393910.655760527,52274.8
1413393910.705760479,52410.6
1413393910.755760431,52503.2
1413393910.805760384,52612
1413393910.855760574,52718.7
1413393910.905760527,52831.4
1413393910.955760479,52940.2
1413393911.005760431,53042.9
1413393911.055760384,53140
1413393911.105760574,53254.2
1413393911.155760527,53357.6
1413393911.205760479,53440.9
1413393911.255760431,53553.2
1413393911.305760384,53671.7
1413393911.355760574,53770
1413393911.405760527,53858.3
1413393911.455760479,53950.7
1413393911.505760431,54095.9
1413393911.555760384,54208.7
1413393911.605760574,54295
1413393911.655760527,54399.1
1413393911.705760479,54519.2
1413393911.755760431,54615.2
1413393911.805760384,54712
1413393911.855760574,54813.7
1413393911.905760527,54928.4
1413393911.955760479,55016.8
1413393912.005760431,55111.6
1413393912.055760384,55225.1
1413393912.105760574,55336.7
1413393912.155760527,55432.5
1413393912.205760479,55531.7
1413393912.255760431,55651.1
1413393912.305760384,55768.2
1413393912.355760574,55885.1
1413393912.405760527,55988.9
1413393912.455760479,56074.2
1413393912.505760431,56186.4
1413393912.555760384,56305.5
1413393912.605760574,56414.2
1413393912.655760527,56510
1413393912.705760479,56627.6
1413393912.755760431,56760.4
1413393912.805760384,56848.4
1413393912.855760574,56967.8
1413393912.905760527,57103.8
1413393912.955760479,57220.7
1413393913.005760431,57322.2
1413393913.055760384,57427.5
1413393913.105760574,57524.7
1413393913.155760527,57622.4
1413393913.205760479,57725.4
1413393913.255760431,57843.5
1413393913.305760384,57953.1
1413393913.355760574,58058
1413393913.405760527,58158.9
1413393913.455760479,58286.7
1413393913.505760431,58400.3
1413393913.555760384,58508.1
1413393913.605760574,58608.6
1413393913.655760527,58738
1413393913.705760479,58846.7
1413393913.755760431,58967.8
1413393913.805760384,59068.3
1413393913.855760574,59153.3
1413393913.905760527,59269.4
1413393913.955760479,59382.5
1413393914.005760431,59476.8
1413393914.055760384,59563.9
1413393914.105760574,59662.5
1413393914.155760527,59787.8
1413393914.205760479,59878.7
1413393914.255760431,60002.5
1413393914.305760384,60109.5
1413393914.355760574,60210
1413393914.405760527,60296.8
1413393914.455760479,60404.7
1413393914.505760431,60512.6
1413393914.555760384,60604.6
1413393914.605760574,60685.7
1413393914.655760527,60818.9
1413393914.705760479,60960.9
1413393914.755760431,61057.3
1413393914.805760384,61152.2
1413393914.855760574,61266.6
1413393914.905760527,61388.8
1413393914.955760479,61477.9
1413393915.005760431,61578.1
1413393915.055760384,61689.1
1413393915.105760574,61789.1
1413393915.155760527,61910.8
1413393915.205760479,61999.7
1413393915.255760431,62139.5
1413393915.305760384,62236.3
1413393915.355760574,62337.9
1413393915.405760527,62437.5
1413393915.455760479,62524.7
1413393915.505760431,62636.5
1413393915.555760384,62728.8
1413393915.605760574,62830.7
1413393915.655760527,62951.6
1413393915.705760479,63073.1
1413393915.755760431,63173.4
1413393915.805760384,63261.5
1413393915.855760574,63376.7
1413393915.905760527,63474.4
1413393915.955760479,63576.3
1413393916.005760431,63659.5
1413393916.055760384,63788
1413393916.105760574,63898.9
1413393916.155760527,64008.4
1413393916.205760479,64120.9
1413393916.255760431,64244.1
1413393916.305760384,64332.8
1413393916.355760574,64438.6
1413393916.405760527,64536.9
1413393916.455760479,64648.8
1413393916.505760431,64764.8
1413393916.555760384,64889.6
1413393916.605760574,64982.2
1413393916.655760527,65085
1413393916.705760479,65210.4
1413393916.755760431,65307.6
1413393916.805760384,65399.6
1413393916.855760574,65488.3
1413393916.905760527,65613.4
1413393916.955760479,65735.4
1413393917.005760431,65829.3
1413393917.055760384,65951.5
1413393917.105760574,66071.9
1413393917.155760527,66173.5
1413393917.205760479,66257.7
1413393917.255760431,66378.9
1413393917.305760384,66478
1413393917.355760574,66584.9
1413393917.405760527,66679.6
1413393917.455760479,66817
1413393917.505760431,66911.8
1413393917.555760384,67022.4
1413393917.605760574,67111.2
1413393917.655760527,67226.1
1413393917.705760479,67340.1
1413393917.755760431,67449.5
1413393917.805760384,67536.2
1413393917.855760574,67643
1413393917.905760527,67748.2
1413393917.955760479,67867.6
1413393918.005760431,67970
1413393918.055760384,68090.6
1413393918.105760574,68210.5
1413393918.155760527,68315.2
1413393918.205760479,68406.6
1413393918.255760431,68535.8
1413393918.305760384,68659.1
1413393918.355760574,68750.1
1413393918.405760527,68852.7
1413393918.455760479,68976.4
1413393918.505760431,69097.9
1413393918.555760384,69219.1
1413393918.605760574,69320.1
1413393918.655760527,69441.7
1413393918.705760479,69545.8
1413393918.755760431,69649.3
1413393918.805760384,69763.4
1413393918.855760574,69912.9
1413393918.905760527,70025.1
1413393918.955760479,70130.4
1413393919.005760431,70218.4
1413393919.055760384,70316.8
1413393919.105760574,70426.6
1413393919.155760527,70531.4
1413393919.205760479,70617.7
1413393919.255760431,70750.7
1413393919.305760384,70864.3
1413393919.355760574,70956.7
1413393919.405760527,71057.8
1413393919.455760479,71153.2
1413393919.505760431,71264.7
1413393919.555760384,71385.2
1413393919.605760574,71481.9
1413393919.655760527,71596.3
1413393919.705760479,71714.4
1413393919.755760431,71809.2
1413393919.805760384,71890.3
1413393919.855760574,71990.9
1413393919.905760527,72120.8
1413393919.955760479,72218.1
1413393920.005760431,72316
1413393920.055760384,72440.6
1413393920.105760574,72562.8
1413393920.155760527,72668
1413393920.205760479,72765
1413393920.255760431,72912
1413393920.305760384,73059.6
1413393920.355760574,73182.1
1413393920.405760527,73302
1413393920.455760479,73395.8
1413393920.505760431,73525.5
1413393920.555760384,73637.7
1413393920.605760574,73741
1413393920.655760527,73872.8
1413393920.705760479,73988.8
1413393920.755760431,74112.7
1413393920.805760384,74222.7
1413393920.855760574,74329.4
1413393920.905760527,74449.6
1413393920.955760479,74573.4
1413393921.005760431,74668.2
1413393921.055760384,74788.6
1413393921.105760574,74905.6
1413393921.155760527,75001.4
1413393921.205760479,75099.8
1413393921.255760431,75219.9
1413393921.305760384,75334.9
1413393921.355760574,75461.6
1413393921.405760527,75559.8
1413393921.455760479,75697.5
1413393921.505760431,75799.3
1413393921.555760384,75909.7
1413393921.605760574,76015.8
1413393921.655760527,76138.6
1413393921.705760479,76289.8
1413393921.755760431,76414.1
1413393921.805760384,76528.4
1413393921.855760574,76641.9
1413393921.905760527,76761.3
1413393921.955760479,76877.2
1413393922.005760431,77005.5
1413393922.055760384,77121.8
1413393922.105760574,77249.3
1413393922.155760527,77355.3
1413393922.205760479,77452.6
1413393922.255760431,77563.1
1413393922.305760384,77694.6
1413393922.355760574,77812.5
1413393922.405760527,77960.3
1413393922.455760479,78063.7
1413393922.505760431,78171.3
1413393922.555760384,78276.5
1413393922.605760574,78366.7
1413393922.655760527,78486.6
1413393922.705760479,78610
1413393922.755760431,78705.7
1413393922.805760384,78802.9
1413393922.855760574,78913.8
1413393922.905760527,79053.4
1413393922.955760479,79147.3
1413393923.005760431,79244.2
1413393923.055760384,79365.6
1413393923.105760574,79455
1413393923.155760527,79557
1413393923.205760479,79659.2
1413393923.255760431,79759.5
1413393923.305760384,79887.7
1413393923.355760574,79990.4
1413393923.405760527,80090.3
1413393923.455760479,80235.9
1413393923.505760431,80349.2
1413393923.555760384,80478
1413393923.605760574,80564.1
1413393923.655760527,80667.6
1413393923.705760479,80786.2
1413393923.755760431,80911.1
1413393923.805760384,81014.7
1413393923.855760574,81102
1413393923.905760527,81216.2
1413393923.955760479,81315.9
1413393924.005760431,81408.5
1413393924.055760384,81498.9
1413393924.105760574,81615.5
1413393924.155760527,81728.7
1413393924.205760479,81822.5
1413393924.255760431,81960.3
1413393924.305760384,82066.6
1413393924.355760574,82165.5
1413393924.405760527,82270.1
1413393924.455760479,82386
1413393924.505760431,82538.1
1413393924.555760384,82640
1413393924.605760574,82741.6
1413393924.655760527,82865.8
1413393924.705760479,82976.3
1413393924.755760431,83073
1413393924.805760384,83165.1
1413393924.855760574,83305.9
1413393924.905760527,83400.9
1413393924.955760479,83525.6
1413393925.005760431,83628.1
1413393925.055760384,83722.7
1413393925.105760574,83840.2
1413393925.155760527,83934.2
1413393925.205760479,84031.4
1413393925.255760431,84119.2
1413393925.305760384,84233.7
1413393925.355760574,84328.7
1413393925.405760527,84439.2
1413393925.455760479,84538.9
1413393925.505760431,84649.5
1413393925.555760384,84746
1413393925.605760574,84840.5
1413393925.655760527,84952.1
1413393925.705760479,85048.6
1413393925.755760431,85169.9
1413393925.805760384,85268.9
1413393925.855760574,85385.6
1413393925.905760527,85499.8
1413393925.955760479,85624.3
1413393926.005760431,85717
1413393926.055760384,85817.9
1413393926.105760574,85924
1413393926.155760527,86035.8
1413393926.205760479,86139.7
1413393926.255760431,86254
1413393926.305760384,86367.4
1413393926.355760574,86463.5
1413393926.405760527,86564
1413393926.455760479,86673.7
1413393926.505760431,86811.3
1413393926.555760384,86957
1413393926.605760574,87047.6
1413393926.655760527,87160.6
1413393926.705760479,87285.3
1413393926.755760431,87373.8
1413393926.805760384,87476.3
1413393926.855760574,87577.3
1413393926.905760527,87697.9
1413393926.955760479,87806.1
1413393927.005760431,87900.7
1413393927.055760384,88036.8
1413393927.105760574,88149.8
1413393927.155760527,88252.6
1413393927.205760479,88352.6
1413393927.255760431,88495
1413393927.305760384,88603.1
1413393927.355760574,88698.5
1413393927.405760527,88814.9
1413393927.455760479,88927.8
1413393927.505760431,89029.8
1413393927.555760384,89140.2
1413393927.605760574,89238.9
1413393927.655760527,89341.2
1413393927.705760479,89456.3
1413393927.755760431,89571
1413393927.805760384,89673.9
1413393927.855760574,89818.4
1413393927.905760527,89930.8
1413393927.955760479,90026.2
1413393928.005760431,90119.5
1413393928.055760384,90230
1413393928.105760574,90351.6
1413393928.155760527,90470.9
1413393928.205760479,90558.2
1413393928.255760431,90687.2
1413393928.305760384,90822.9
1413393928.355760574,90916.2
1413393928.405760527,91010.6
1413393928.455760479,91142.3
1413393928.505760431,91239.9
1413393928.555760384,91345.1
1413393928.605760574,91443.3
1413393928.655760527,91572.3
1413393928.705760479,91701
1413393928.755760431,91789.4
1413393928.805760384,91893.8
1413393928.855760574,91982
1413393928.905760527,92072.6
1413393928.955760479,92165.6
1413393929.005760431,92257.2
1413393929.055760384,92366.9
1413393929.105760574,92466.8
1413393929.155760527,92583.4
1413393929.205760479,92669
1413393929.255760431,92770.6
1413393929.305760384,92879
1413393929.355760574,92972.7
1413393929.405760527,93061.1
1413393929.455760479,93166.9
1413393929.505760431,93278.9
1413393929.555760384,93366.2
1413393929.605760574,93455.9
1413393929.655760527,93561
1413393929.705760479,93675.8
1413393929.755760431,93779.5
1413393929.805760384,93887
1413393929.855760574,94016.4
1413393929.905760527,94108.8
1413393929.955760479,94210.5
1413393930.005760431,94297.9
1413393930.055760384,94413.8
1413393930.105760574,94536.8
1413393930.155760527,94632.6
1413393930.205760479,94729.5
1413393930.255760431,94838.4
1413393930.305760384,94938.7
1413393930.355760574,95044.3
1413393930.405760527,95132.3
1413393930.455760479,95249.9
1413393930.505760431,95363
1413393930.555760384,95482.8
1413393930.605760574,95566.9
1413393930.655760527,95670.1
1413393930.705760479,95789.1
1413393930.755760431,95907.7
1413393930.805760384,96003.2
1413393930.855760574,96112.9
1413393930.905760527,96231.4
1413393930.955760479,96329.2
1413393931.005760431,96422.8
1413393931.055760384,96544.5
1413393931.105760574,96657.4
1413393931.155760527,96785.4
1413393931.205760479,96888.2
1413393931.255760431,96988.7
1413393931.305760384,97105.5
1413393931.355760574,97202.9
1413393931.405760527,97302.5
1413393931.455760479,97422.5
1413393931.505760431,97543.2
1413393931.555760384,97668.5
1413393931.605760574,97759.7
1413393931.655760527,97851.2
1413393931.705760479,97971.6
1413393931.755760431,98083.6
1413393931.805760384,98185.2
1413393931.855760574,98298.4
1413393931.905760527,98409
1413393931.955760479,98528.3
1413393932.005760431,98621.9
1413393932.055760384,98731
1413393932.105760574,98848.3
1413393932.155760527,98994.9
1413393932.205760479,99083.2
1413393932.255760431,99189.9
1413393932.305760384,99299.1
1413393932.355760574,99395.4
1413393932.405760527,99490.1
1413393932.455760479,99625
1413393932.505760431,99731
1413393932.555760384,99890.5
1413393932.605760574,100001
1413393932.655760527,100107
1413393932.705760479,100232
1413393932.755760431,100363
1413393932.805760384,100453
1413393932.855760574,100572
1413393932.905760527,100673
1413393932.955760479,100793
1413393933.005760431,100884
1413393933.055760384,100987
1413393933.105760574,101102
1413393933.155760527,101231
1413393933.205760479,101336
1413393933.255760431,101437
1413393933.305760384,101555
1413393933.355760574,101655
1413393933.405760527,101748
1413393933.455760479,101869
1413393933.505760431,101976
1413393933.555760384,102119
1413393933.605760574,102224
1413393933.655760527,102335
1413393933.705760479,102429
1413393933.755760431,102539
1413393933.805760384,102638
1413393933.855760574,102739
1413393933.905760527,102869
1413393933.955760479,102989
1413393934.005760431,103087
1413393934.055760384,103198
1413393934.105760574,103301
1413393934.155760527,103407
1413393934.205760479,103498
1413393934.255760431,103611
1413393934.305760384,103732
1413393934.355760574,103849
1413393934.405760527,103969
1413393934.455760479,104072
1413393934.505760431,104166
1413393934.555760384,104282
1413393934.605760574,104412
1413393934.655760527,104533
1413393934.705760479,104655
1413393934.755760431,104770
1413393934.805760384,104871
1413393934.855760574,104965
1413393934.905760527,105086
1413393934.955760479,105226
1413393935.005760431,105325
1413393935.055760384,105429
1413393935.105760574,105544
1413393935.155760527,105637
1413393935.205760479,105733
1413393935.255760431,105840
1413393935.305760384,105958
1413393935.355760574,106067
1413393935.405760527,106168
1413393935.455760479,106286
1413393935.505760431,106395
1413393935.555760384,106496
1413393935.605760574,106590
1413393935.655760527,106739
1413393935.705760479,106851
1413393935.755760431,106955
1413393935.805760384,107058
1413393935.855760574,107182
1413393935.905760527,107292
1413393935.955760479,107406
1413393936.005760431,107506
1413393936.055760384,107601
1413393936.105760574,107734
1413393936.155760527,107845
1413393936.205760479,107936
1413393936.255760431,108019
1413393936.305760384,108137
1413393936.355760574,108268
1413393936.405760527,108365
1413393936.455760479,108453
1413393936.505760431,108576
1413393936.555760384,108697
1413393936.605760574,108779
1413393936.655760527,108892
1413393936.705760479,108996
1413393936.755760431,109105
1413393936.805760384,109200
1413393936.855760574,109294
1413393936.905760527,109417
1413393936.955760479,109520
1413393937.005760431,109612
1413393937.055760384,109709
1413393937.105760574,109834
1413393937.155760527,109957
1413393937.205760479,110052
1413393937.255760431,110160
1413393937.305760384,110280
1413393937.355760574,110372
1413393937.405760527,110466
1413393937.455760479,110568
1413393937.505760431,110680
1413393937.555760384,110800
1413393937.605760574,110891
1413393937.655760527,110999
1413393937.705760479,111100
1413393937.755760431,111223
1413393937.805760384,111326
1413393937.855760574,111436
1413393937.905760527,111552
1413393937.955760479,111671
1413393938.005760431,111762
1413393938.055760384,111868
1413393938.105760574,111987
1413393938.155760527,112101
1413393938.205760479,112186
1413393938.255760431,112318
1413393938.305760384,112408
1413393938.355760574,112538
1413393938.405760527,112644
1413393938.455760479,112745
1413393938.505760431,112848
1413393938.555760384,112964
1413393938.605760574,113054
1413393938.655760527,113166
1413393938.705760479,113281
1413393938.755760431,113373
1413393938.805760384,113468
1413393938.855760574,113577
1413393938.905760527,113693
1413393938.955760479,113819
1413393939.005760431,113911
1413393939.055760384,114024
1413393939.105760574,114129
1413393939.155760527,114250
1413393939.205760479,114343
1413393939.255760431,114467
1413393939.305760384,114563
1413393939.355760574,114697
1413393939.405760527,114801
1413393939.455760479,114900
1413393939.505760431,115019
1413393939.555760384,115134
1413393939.605760574,115252
1413393939.655760527,115372
1413393939.705760479,115496
1413393939.755760431,115602
1413393939.805760384,115699
1413393939.855760574,115815
1413393939.905760527,115922
1413393939.955760479,116038
1413393940.005760431,116146
1413393940.055760384,116261
1413393940.105760574,116374
1413393940.155760527,116500
1413393940.205760479,116615
1413393940.255760431,116747
1413393940.305760384,116839
1413393940.355760574,116941
1413393940.405760527,117049
1413393940.455760479,117159
1413393940.505760431,117266
1413393940.555760384,117398
1413393940.605760574,117498
1413393940.655760527,117586
1413393940.705760479,117705
1413393940.755760431,117816
1413393940.805760384,117909
1413393940.855760574,118021
1413393940.905760527,118139
1413393940.955760479,118246
1413393941.005760431,118337
1413393941.055760384,118440
1413393941.105760574,118557
1413393941.155760527,118681
1413393941.205760479,118771
1413393941.255760431,118888
1413393941.305760384,119016
1413393941.355760574,119120
1413393941.405760527,119241
1413393941.455760479,119346
1413393941.505760431,119443
1413393941.555760384,119568
1413393941.605760574,119668
1413393941.655760527,119762
1413393941.705760479,119881
1413393941.755760431,120004
1413393941.805760384,120114
1413393941.855760574,120218
1413393941.905760527,120337
1413393941.955760479,120426
1413393942.005760431,120524
1413393942.055760384,120630
1413393942.105760574,120755
1413393942.155760527,120897
1413393942.205760479,120989
1413393942.255760431,121097
1413393942.305760384,121213
1413393942.355760574,121318
1413393942.405760527,121412
1413393942.455760479,121509
1413393942.505760431,121635
1413393942.555760384,121764
1413393942.605760574,121854
1413393942.655760527,121947
1413393942.705760479,122044
1413393942.755760431,122171
1413393942.805760384,122265
1413393942.855760574,122362
1413393942.905760527,122473
1413393942.955760479,122575
1413393943.005760431,122706
1413393943.055760384,122820
1413393943.105760574,122943
1413393943.155760527,123075
1413393943.205760479,123186
1413393943.255760431,123286
1413393943.305760384,123403
1413393943.355760574,123511
1413393943.405760527,123604
1413393943.455760479,123712
1413393943.505760431,123839
1413393943.555760384,123958
1413393943.605760574,124046
1413393943.655760527,124150
1413393943.705760479,124260
1413393943.755760431,124378
1413393943.805760384,124475
1413393943.855760574,124570
1413393943.905760527,124696
1413393943.955760479,124795
1413393944.005760431,124907
1413393944.055760384,125013
1413393944.105760574,125130
1413393944.155760527,125253
1413393944.205760479,125345
1413393944.255760431,125471
1413393944.305760384,125573
1413393944.355760574,125670
1413393944.405760527,125762
1413393944.455760479,125861
1413393944.505760431,125979
1413393944.555760384,126107
1413393944.605760574,126198
1413393944.655760527,126296
1413393944.705760479,126408
1413393944.755760431,126526
1413393944.805760384,126620
1413393944.855760574,126720
1413393944.905760527,126840
1413393944.955760479,126955
1413393945.005760431,127057
1413393945.055760384,127162
1413393945.105760574,127260
1413393945.155760527,127379
1413393945.205760479,127482
1413393945.255760431,127589
1413393945.305760384,127712
1413393945.355760574,127824
1413393945.405760527,127920
1413393945.455760479,128039
1413393945.505760431,128138
1413393945.555760384,128256
1413393945.605760574,128345
1413393945.655760527,128459
1413393945.705760479,128574
1413393945.755760431,128658
1413393945.805760384,128759
1413393945.855760574,128856
1413393945.905760527,128975
1413393945.955760479,129098
1413393946.005760431,129195
1413393946.055760384,129276
1413393946.105760574,129388
1413393946.155760527,129525
1413393946.205760479,129645
1413393946.255760431,129751
1413393946.305760384,129889
1413393946.355760574,129980
1413393946.405760527,130102
1413393946.455760479,130223
1413393946.505760431,130347
1413393946.555760384,130468
1413393946.605760574,130577
1413393946.655760527,130699
1413393946.705760479,130841
1413393946.755760431,130932
1413393946.805760384,131061
1413393946.855760574,131146
1413393946.905760527,131255
1413393946.955760479,131363
1413393947.005760431,131457
1413393947.055760384,131556
1413393947.105760574,131655
1413393947.155760527,131786
1413393947.205760479,131887
1413393947.255760431,131984
1413393947.305760384,132101
1413393947.355760574,132238
1413393947.405760527,132332
1413393947.455760479,132446
1413393947.505760431,132548
1413393947.555760384,132674
1413393947.605760574,132774
1413393947.655760527,132860
1413393947.705760479,132965
1413393947.755760431,133086
1413393947.805760384,133184
1413393947.855760574,133289
1413393947.905760527,133408
1413393947.955760479,133520
1413393948.005760431,133646
1413393948.055760384,133742
1413393948.105760574,133842
1413393948.155760527,133959
1413393948.205760479,134064
1413393948.255760431,134178
1413393948.305760384,134293
1413393948.355760574,134416
1413393948.405760527,134524
1413393948.455760479,134637
1413393948.505760431,134756
1413393948.555760384,134880
1413393948.605760574,135015
1413393948.655760527,135118
1413393948.705760479,135234
1413393948.755760431,135327
1413393948.805760384,135430
1413393948.855760574,135536
1413393948.905760527,135641
1413393948.955760479,135759
1413393949.005760431,135867
1413393949.055760384,135997
1413393949.105760574,136106
1413393949.155760527,136203
1413393949.205760479,136311
1413393949.255760431,136446
1413393949.305760384,136548
1413393949.355760574,136675
1413393949.405760527,136781
1413393949.455760479,136892
1413393949.505760431,136993
1413393949.555760384,137113
1413393949.605760574,137238
1413393949.655760527,137354
1413393949.705760479,137487
1413393949.755760431,137595
1413393949.805760384,137728
1413393949.855760574,137819
1413393949.905760527,137927
1413393949.955760479,138047
1413393950.005760431,138213
1413393950.055760384,138326
1413393950.105760574,138441
1413393950.155760527,138536
1413393950.205760479,138643
1413393950.255760431,138749
1413393950.305760384,138868
1413393950.355760574,138996
1413393950.405760527,139099
1413393950.455760479,139211
1413393950.505760431,139317
1413393950.555760384,139434
1413393950.605760574,139568
1413393950.655760527,139679
1413393950.705760479,139801
1413393950.755760431,139941
1413393950.805760384,140055
1413393950.855760574,140153
1413393950.905760527,140255
1413393950.955760479,140389
1413393951.005760431,140514
1413393951.055760384,140630
1413393951.105760574,140738
1413393951.155760527,140855
1413393951.205760479,140995
1413393951.255760431,141088
1413393951.305760384,141205
1413393951.355760574,141322
1413393951.405760527,141448
1413393951.455760479,141558
1413393951.505760431,141678
1413393951.555760384,141803
1413393951.605760574,141902
1413393951.655760527,142013
1413393951.705760479,142129
1413393951.755760431,142254
1413393951.805760384,142372
1413393951.855760574,142472
1413393951.905760527,142588
1413393951.955760479,142684
1413393952.005760431,142797
1413393952.055760384,142919
1413393952.105760574,143039
1413393952.155760527,143161
1413393952.205760479,143288
1413393952.255760431,143436
1413393952.305760384,143533
1413393952.355760574,143652
1413393952.405760527,143777
1413393952.455760479,143881
1413393952.505760431,143996
1413393952.555760384,144111
1413393952.605760574,144206
1413393952.655760527,144321
1413393952.705760479,144417
1413393952.755760431,144538
1413393952.805760384,144663
1413393952.855760574,144778
1413393952.905760527,144916
1413393952.955760479,145003
1413393953.005760431,145114
1413393953.055760384,145225
1413393953.105760574,145338
1413393953.155760527,145438
1413393953.205760479,145552
1413393953.255760431,145656
1413393953.305760384,145749
1413393953.355760574,145862
1413393953.405760527,145984
1413393953.455760479,146098
1413393953.505760431,146229
1413393953.555760384,146349
1413393953.605760574,146474
1413393953.655760527,146570
1413393953.705760479,146665
1413393953.755760431,146781
1413393953.805760384,146900
1413393953.855760574,147019
1413393953.905760527,147142
1413393953.955760479,147260
1413393954.005760431,147358
1413393954.055760384,147458
1413393954.105760574,147571
1413393954.155760527,147678
1413393954.205760479,147795
1413393954.255760431,147893
1413393954.305760384,148018
1413393954.355760574,148105
1413393954.405760527,148207
1413393954.455760479,148307
1413393954.505760431,148419
1413393954.555760384,148539
1413393954.605760574,148658
1413393954.655760527,148768
1413393954.705760479,148885
1413393954.755760431,148989
1413393954.805760384,149106
1413393954.855760574,149223
1413393954.905760527,149351
1413393954.955760479,149469
1413393955.005760431,149599
1413393955.055760384,149709
1413393955.105760574,149798
1413393955.155760527,149907
1413393955.205760479,150027
1413393955.255760431,150146
1413393955.305760384,150271
1413393955.355760574,150410
1413393955.405760527,150534
1413393955.455760479,150619
1413393955.505760431,150723
1413393955.555760384,150855
1413393955.605760574,150970
1413393955.655760527,151079
1413393955.705760479,151216
1413393955.755760431,151321
1413393955.805760384,151430
1413393955.855760574,151548
1413393955.905760527,151665
1413393955.955760479,151780
1413393956.005760431,151904
1413393956.055760384,152008
1413393956.105760574,152100
1413393956.155760527,152215
1413393956.205760479,152329
1413393956.255760431,152451
1413393956.305760384,152570
1413393956.355760574,152696
1413393956.405760527,152819
1413393956.455760479,152927
1413393956.505760431,153035
1413393956.555760384,153152
1413393956.605760574,153273
1413393956.655760527,153426
1413393956.705760479,153535
1413393956.755760431,153650
1413393956.805760384,153763
1413393956.855760574,153849
1413393956.905760527,153964
1413393956.955760479,154089
1413393957.005760431,154218
1413393957.055760384,154322
1413393957.105760574,154423
1413393957.155760527,154537
1413393957.205760479,154631
1413393957.255760431,154764
1413393957.305760384,154858
1413393957.355760574,154981
1413393957.405760527,155102
1413393957.455760479,155205
1413393957.505760431,155317
1413393957.555760384,155422
1413393957.605760574,155515
1413393957.655760527,155621
1413393957.705760479,155751
1413393957.755760431,155846
1413393957.805760384,155975
1413393957.855760574,156087
1413393957.905760527,156206
1413393957.955760479,156329
1413393958.005760431,156423
1413393958.055760384,156530
1413393958.105760574,156654
1413393958.155760527,156773
1413393958.205760479,156883
1413393958.255760431,156985
1413393958.305760384,157098
1413393958.355760574,157223
1413393958.405760527,157316
1413393958.455760479,157421
1413393958.505760431,157541
1413393958.555760384,157651
1413393958.605760574,157768
1413393958.655760527,157903
1413393958.705760479,158011
1413393958.755760431,158130
1413393958.805760384,158246
1413393958.855760574,158333
1413393958.905760527,158452
1413393958.955760479,158569
1413393959.005760431,158679
1413393959.055760384,158798
1413393959.105760574,158933
1413393959.155760527,159044
1413393959.205760479,159147
1413393959.255760431,159246
1413393959.305760384,159359
1413393959.355760574,159472
1413393959.405760527,159562
1413393959.455760479,159681
1413393959.505760431,159783
1413393959.555760384,159909
1413393959.605760574,160029
1413393959.655760527,160136
1413393959.705760479,160260
1413393959.755760431,160380
1413393959.805760384,160474
1413393959.855760574,160584
1413393959.905760527,160674
1413393959.955760479,160797
1413393960.005760431,160916
1413393960.055760384,161027
1413393960.105760574,161155
1413393960.155760527,161264
1413393960.205760479,161368
1413393960.255760431,161470
1413393960.305760384,161587
1413393960.355760574,161702
1413393960.405760527,161794
1413393960.455760479,161902
1413393960.505760431,162019
1413393960.555760384,162127
1413393960.605760574,162252
1413393960.655760527,162379
1413393960.705760479,162480
1413393960.755760431,162584
1413393960.805760384,162686
1413393960.855760574,162796
1413393960.905760527,162916
1413393960.955760479,163029
1413393961.005760431,163122
1413393961.055760384,163223
1413393961.105760574,163347
1413393961.155760527,163467
1413393961.205760479,163559
1413393961.255760431,163666
1413393961.305760384,163782
1413393961.355760574,163894
1413393961.405760527,164008
1413393961.455760479,164121
1413393961.505760431,164256
1413393961.555760384,164374
1413393961.605760574,164465
1413393961.655760527,164564
1413393961.705760479,164671
1413393961.755760431,164788
1413393961.805760384,164873
1413393961.855760574,164983
1413393961.905760527,165101
1413393961.955760479,165219
1413393962.005760431,165319
1413393962.055760384,165419
1413393962.105760574,165555
1413393962.155760527,165659
1413393962.205760479,165757
1413393962.255760431,165855
1413393962.305760384,165982
1413393962.355760574,166100
1413393962.405760527,166210
1413393962.455760479,166310
1413393962.505760431,166423
1413393962.555760384,166542
1413393962.605760574,166639
1413393962.655760527,166745
1413393962.705760479,166866
1413393962.755760431,166987
1413393962.805760384,167086
1413393962.855760574,167177
1413393962.905760527,167294
1413393962.955760479,167426
1413393963.005760431,167521
1413393963.055760384,167610
1413393963.105760574,167725
1413393963.155760527,167822
1413393963.205760479,167939
1413393963.255760431,168017
1413393963.305760384,168143
1413393963.355760574,168255
1413393963.405760527,168386
1413393963.455760479,168509
1413393963.505760431,168613
1413393963.555760384,168722
1413393963.605760574,168828
1413393963.655760527,168967
1413393963.705760479,169079
1413393963.755760431,169211
1413393963.805760384,169328
1413393963.855760574,169415
1413393963.905760527,169526
1413393963.955760479,169631
1413393964.005760431,169741
1413393964.055760384,169858
1413393964.105760574,169966
1413393964.155760527,170061
1413393964.205760479,170171
1413393964.255760431,170276
1413393964.305760384,170388
1413393964.355760574,170502
1413393964.405760527,170599
1413393964.455760479,170735
1413393964.505760431,170855
1413393964.555760384,170975
1413393964.605760574,171073
1413393964.655760527,171213
1413393964.705760479,171331
1413393964.755760431,171420
1413393964.805760384,171534
1413393964.855760574,171628
1413393964.905760527,171732
1413393964.955760479,171844
1413393965.005760431,171966
1413393965.055760384,172089
1413393965.105760574,172205
1413393965.155760527,172323
1413393965.205760479,172415
1413393965.255760431,172513
1413393965.305760384,172629
1413393965.355760574,172734
1413393965.405760527,172863
1413393965.455760479,172994
1413393965.505760431,173106
1413393965.555760384,173223
1413393965.605760574,173321
1413393965.655760527,173448
1413393965.705760479,173574
1413393965.755760431,173688
1413393965.805760384,173805
1413393965.855760574,173934
1413393965.905760527,174049
1413393965.955760479,174166
1413393966.005760431,174266
1413393966.055760384,174366
1413393966.105760574,174489
1413393966.155760527,174605
1413393966.205760479,174725
1413393966.255760431,174819
1413393966.305760384,174922
1413393966.355760574,175035
1413393966.405760527,175153
1413393966.455760479,175267
1413393966.505760431,175388
1413393966.555760384,175481
1413393966.605760574,175597
1413393966.655760527,175705
1413393966.705760479,175815
1413393966.755760431,175936
1413393966.805760384,176058
1413393966.855760574,176149
1413393966.905760527,176250
1413393966.955760479,176368
1413393967.005760431,176483
1413393967.055760384,176587
1413393967.105760574,176723
1413393967.155760527,176841
1413393967.205760479,176949
1413393967.255760431,177042
1413393967.305760384,177159
1413393967.355760574,177281
1413393967.405760527,177400
1413393967.455760479,177514
1413393967.505760431,177652
1413393967.555760384,177752
1413393967.605760574,177845
1413393967.655760527,177956
1413393967.705760479,178054
1413393967.755760431,178170
1413393967.805760384,178267
1413393967.855760574,178385
1413393967.905760527,178515
1413393967.955760479,178631
1413393968.005760431,178727
1413393968.055760384,178832
1413393968.105760574,178931
1413393968.155760527,179066
1413393968.205760479,179179
1413393968.255760431,179283
1413393968.305760384,179400
1413393968.355760574,179495
1413393968.405760527,179604
1413393968.455760479,179712
1413393968.505760431,179817
1413393968.555760384,179944
1413393968.605760574,180054
1413393968.655760527,180147
1413393968.705760479,180244
1413393968.755760431,180351
1413393968.805760384,180468
1413393968.855760574,180581
1413393968.905760527,180683
1413393968.955760479,180802
1413393969.005760431,180926
1413393969.055760384,181028
1413393969.105760574,181127
1413393969.155760527,181242
1413393969.205760479,181355
1413393969.255760431,181460
1413393969.305760384,181586
1413393969.355760574,181699
1413393969.405760527,181798
1413393969.455760479,181923
1413393969.505760431,182021
1413393969.555760384,182150
1413393969.605760574,182247
1413393969.655760527,182344
1413393969.705760479,182455
1413393969.755760431,182573
1413393969.805760384,182671
1413393969.855760574,182780
1413393969.905760527,182889
1413393969.955760479,182991
1413393970.005760431,183106
1413393970.055760384,183223
1413393970.105760574,183340
1413393970.155760527,183455
1413393970.205760479,183559
1413393970.255760431,183670
1413393970.305760384,183785
1413393970.355760574,183906
1413393970.405760527,184000
1413393970.455760479,184111
1413393970.505760431,184214
1413393970.555760384,184334
1413393970.605760574,184460
1413393970.655760527,184575
1413393970.705760479,184675
1413393970.755760431,184795
1413393970.805760384,184896
1413393970.855760574,184999
1413393970.905760527,185106
1413393970.955760479,185229
1413393971.005760431,185355
1413393971.055760384,185466
1413393971.105760574,185579
1413393971.155760527,185671
1413393971.205760479,185777
1413393971.255760431,185888
1413393971.305760384,186011
1413393971.355760574,186146
1413393971.405760527,186246
1413393971.455760479,186348
1413393971.505760431,186441
1413393971.555760384,186552
1413393971.605760574,186677
1413393971.655760527,186799
1413393971.705760479,186915
1413393971.755760431,187027
1413393971.805760384,187121
1413393971.855760574,187237
1413393971.905760527,187342
1413393971.955760479,187470
1413393972.005760431,187581
1413393972.055760384,187691
1413393972.105760574,187796
1413393972.155760527,187887
1413393972.205760479,187998
1413393972.255760431,188128
1413393972.305760384,188232
1413393972.355760574,188355
1413393972.405760527,188464
1413393972.455760479,188570
1413393972.505760431,188668
1413393972.555760384,188796
1413393972.605760574,188899
1413393972.655760527,189033
1413393972.705760479,189140
1413393972.755760431,189258
1413393972.805760384,189381
1413393972.855760574,189479
1413393972.905760527,189599
1413393972.955760479,189704
1413393973.005760431,189828
1413393973.055760384,189948
1413393973.105760574,190061
1413393973.155760527,190176
1413393973.205760479,190275
1413393973.255760431,190385
1413393973.305760384,190483
1413393973.355760574,190594
1413393973.405760527,190698
1413393973.455760479,190805
1413393973.505760431,190919
1413393973.555760384,191038
1413393973.605760574,191143
1413393973.655760527,191253
1413393973.705760479,191367
1413393973.755760431,191482
1413393973.805760384,191598
1413393973.855760574,191722
1413393973.905760527,191836
1413393973.955760479,191939
1413393974.005760431,192054
1413393974.055760384,192187
1413393974.105760574,192276
1413393974.155760527,192395
1413393974.205760479,192513
1413393974.255760431,192624
1413393974.305760384,192736
1413393974.355760574,192848
1413393974.405760527,192947
1413393974.455760479,193042
1413393974.505760431,193156
1413393974.555760384,193256
1413393974.605760574,193348
1413393974.655760527,193463
1413393974.705760479,193564
1413393974.755760431,193674
1413393974.805760384,193794
1413393974.855760574,193946
1413393974.905760527,194072
1413393974.955760479,194180
1413393975.005760431,194281
1413393975.055760384,194373
1413393975.105760574,194494
1413393975.155760527,194612
1413393975.205760479,194710
1413393975.255760431,194810
1413393975.305760384,194911
1413393975.355760574,195030
1413393975.405760527,195132
1413393975.455760479,195233
1413393975.505760431,195359
1413393975.555760384,195473
1413393975.605760574,195595
1413393975.655760527,195686
1413393975.705760479,195799
1413393975.755760431,195898
1413393975.805760384,196006
1413393975.855760574,196119
1413393975.905760527,196233
1413393975.955760479,196346
1413393976.005760431,196464
1413393976.055760384,196582
1413393976.105760574,196689
1413393976.155760527,196801
1413393976.205760479,196954
1413393976.255760431,197064
1413393976.305760384,197179
1413393976.355760574,197299
1413393976.405760527,197394
1413393976.455760479,197520
1413393976.505760431,197614
1413393976.555760384,197738
1413393976.605760574,197867
1413393976.655760527,197979
1413393976.705760479,198098
1413393976.755760431,198216
1413393976.805760384,198318
1413393976.855760574,198427
1413393976.905760527,198569
1413393976.955760479,198685
1413393977.005760431,198801
1413393977.055760384,198904
1413393977.105760574,198995
1413393977.155760527,199128
1413393977.205760479,199233
1413393977.255760431,199352
1413393977.305760384,199473
1413393977.355760574,199577
1413393977.405760527,199699
1413393977.455760479,199795
1413393977.505760431,199887
1413393977.555760384,200000
1413393977.605760574,200120
1413393977.655760527,200230
1413393977.705760479,200348
1413393977.755760431,200468
1413393977.805760384,200564
1413393977.855760574,200668
1413393977.905760527,200776
1413393977.955760479,200902
1413393978.005760431,201024
1413393978.055760384,201125
1413393978.105760574,201241
1413393978.155760527,201344
1413393978.205760479,201453
1413393978.255760431,201555
1413393978.305760384,201657
1413393978.355760574,201772
1413393978.405760527,201895
1413393978.455760479,202003
1413393978.505760431,202098
1413393978.555760384,202223
1413393978.605760574,202329
1413393978.655760527,202451
1413393978.705760479,202576
1413393978.755760431,202695
1413393978.805760384,202817
1413393978.855760574,202906
1413393978.905760527,203011
1413393978.955760479,203124
1413393979.005760431,203241
1413393979.055760384,203404
1413393979.105760574,203507
1413393979.155760527,203624
1413393979.205760479,203748
1413393979.255760431,203869
1413393979.305760384,203974
1413393979.355760574,204088
1413393979.405760527,204200
1413393979.455760479,204325
1413393979.505760431,204413
1413393979.555760384,204526
1413393979.605760574,204643
1413393979.655760527,204753
1413393979.705760479,204876
1413393979.755760431,204982
1413393979.805760384,205100
1413393979.855760574,205207
1413393979.905760527,205315
1413393979.955760479,205431
1413393980.005760431,205548
1413393980.055760384,205660
1413393980.105760574,205767
1413393980.155760527,205882
1413393980.205760479,205997
1413393980.255760431,206087
1413393980.305760384,206189
1413393980.355760574,206316
1413393980.405760527,206424
1413393980.455760479,206545
1413393980.505760431,206666
1413393980.555760384,206783
1413393980.605760574,206904
1413393980.655760527,206992
1413393980.705760479,207112
1413393980.755760431,207241
1413393980.805760384,207341
1413393980.855760574,207435
1413393980.905760527,207555
1413393980.955760479,207667
1413393981.005760431,207762
1413393981.055760384,207878
1413393981.105760574,207998
1413393981.155760527,208117
1413393981.205760479,208213
1413393981.255760431,208317
1413393981.305760384,208434
1413393981.355760574,208546
1413393981.405760527,208639
1413393981.455760479,208748
1413393981.505760431,208857
1413393981.555760384,208963
1413393981.605760574,209083
1413393981.655760527,209180
1413393981.705760479,209286
1413393981.755760431,209402
1413393981.805760384,209523
1413393981.855760574,209642
1413393981.905760527,209759
1413393981.955760479,209875
1413393982.005760431,209966
1413393982.055760384,210058
1413393982.105760574,210174
1413393982.155760527,210308
1413393982.205760479,210426
1413393982.255760431,210527
1413393982.305760384,210641
1413393982.355760574,210748
1413393982.405760527,210856
1413393982.455760479,210966
1413393982.505760431,211081
1413393982.555760384,211190
1413393982.605760574,211299
1413393982.655760527,211408
1413393982.705760479,211500
1413393982.755760431,211600
1413393982.805760384,211715
1413393982.855760574,211832
1413393982.905760527,211951
1413393982.955760479,212070
1413393983.005760431,212203
1413393983.055760384,212296
1413393983.105760574,212399
1413393983.155760527,212528
1413393983.205760479,212647
1413393983.255760431,212762
1413393983.305760384,212866
1413393983.355760574,212983
1413393983.405760527,213086
1413393983.455760479,213192
1413393983.505760431,213293
1413393983.555760384,213412
1413393983.605760574,213529
1413393983.655760527,213643
1413393983.705760479,213767
1413393983.755760431,213856
1413393983.805760384,213980
1413393983.855760574,214086
1413393983.905760527,214217
1413393983.955760479,214342
1413393984.005760431,214459
1413393984.055760384,214552
1413393984.105760574,214655
1413393984.155760527,214754
1413393984.205760479,214869
1413393984.255760431,214976
1413393984.305760384,215084
1413393984.355760574,215190
1413393984.405760527,215314
1413393984.455760479,215414
1413393984.505760431,215521
1413393984.555760384,215615
1413393984.605760574,215731
1413393984.655760527,215845
1413393984.705760479,215958
1413393984.755760431,216047
1413393984.805760384,216152
1413393984.855760574,216259
1413393984.905760527,216375
1413393984.955760479,216490
1413393985.005760431,216611
1413393985.055760384,216722
1413393985.105760574,216845
1413393985.155760527,216962
1413393985.205760479,217086
1413393985.255760431,217187
1413393985.305760384,217292
1413393985.355760574,217405
1413393985.405760527,217521
1413393985.455760479,217614
1413393985.505760431,217715
1413393985.555760384,217834
1413393985.605760574,217938
1413393985.655760527,218041
1413393985.705760479,218174
1413393985.755760431,218266
1413393985.805760384,218384
1413393985.855760574,218495
1413393985.905760527,218595
1413393985.955760479,218708
1413393986.005760431,218828
1413393986.055760384,218931
1413393986.105760574,219049
1413393986.155760527,219151
1413393986.205760479,219270
1413393986.255760431,219373
1413393986.305760384,219490
1413393986.355760574,219613
1413393986.405760527,219750
1413393986.455760479,219839
1413393986.505760431,219942
1413393986.555760384,220048
1413393986.605760574,220181
1413393986.655760527,220288
1413393986.705760479,220411
1413393986.755760431,220529
1413393986.805760384,220620
1413393986.855760574,220730
1413393986.905760527,220842
1413393986.955760479,220938
1413393987.005760431,221051
1413393987.055760384,221149
1413393987.105760574,221270
1413393987.155760527,221395
1413393987.205760479,221522
1413393987.255760431,221616
1413393987.305760384,221720
1413393987.355760574,221832
1413393987.405760527,221945
1413393987.455760479,222055
1413393987.505760431,222171
1413393987.555760384,222290
1413393987.605760574,222395
1413393987.655760527,222497
1413393987.705760479,222628
1413393987.755760431,222752
1413393987.805760384,222868
1413393987.855760574,222993
1413393987.905760527,223080
1413393987.955760479,223183
1413393988.005760431,223298
1413393988.055760384,223408
1413393988.105760574,223526
1413393988.155760527,223625
1413393988.205760479,223737
1413393988.255760431,223840
1413393988.305760384,223978
1413393988.355760574,224082
1413393988.405760527,224211
1413393988.455760479,224315
1413393988.505760431,224435
1413393988.555760384,224550
1413393988.605760574,224670
1413393988.655760527,224761
1413393988.705760479,224882
1413393988.755760431,225013
1413393988.805760384,225120
1413393988.855760574,225239
1413393988.905760527,225341
1413393988.955760479,225442
1413393989.005760431,225543
1413393989.055760384,225654
1413393989.105760574,225772
1413393989.155760527,225891
1413393989.205760479,226019
1413393989.255760431,226115
1413393989.305760384,226230
1413393989.355760574,226335
1413393989.405760527,226450
1413393989.455760479,226538
1413393989.505760431,226654
1413393989.555760384,226780
1413393989.605760574,226875
1413393989.655760527,226963
1413393989.705760479,227065
1413393989.755760431,227166
1413393989.805760384,227298
1413393989.855760574,227395
1413393989.905760527,227502
1413393989.955760479,227625
1413393990.005760431,227744
1413393990.055760384,227835
1413393990.105760574,227935
1413393990.155760527,228032
1413393990.205760479,228163
1413393990.255760431,228267
1413393990.305760384,228388
1413393990.355760574,228525
1413393990.405760527,228617
1413393990.455760479,228757
1413393990.505760431,228864
1413393990.555760384,228980
1413393990.605760574,229111
1413393990.655760527,229216
1413393990.705760479,229329
1413393990.755760431,229422
1413393990.805760384,229529
1413393990.855760574,229645
1413393990.905760527,229761
1413393990.955760479,229884
1413393991.005760431,230006
1413393991.055760384,230120
1413393991.105760574,230228
1413393991.155760527,230355
1413393991.205760479,230465
1413393991.255760431,230589
1413393991.305760384,230711
1413393991.355760574,230831
1413393991.405760527,230952
1413393991.455760479,231060
1413393991.505760431,231171
1413393991.555760384,231280
1413393991.605760574,231406
1413393991.655760527,231528
1413393991.705760479,231628
1413393991.755760431,231766
1413393991.805760384,231888
1413393991.855760574,231980
1413393991.905760527,232079
1413393991.955760479,232194
1413393992.005760431,232315
1413393992.055760384,232400
1413393992.105760574,232511
1413393992.155760527,232631
1413393992.205760479,232742
1413393992.255760431,232861
1413393992.305760384,232960
1413393992.355760574,233087
1413393992.405760527,233184
1413393992.455760479,233290
1413393992.505760431,233407
1413393992.555760384,233517
1413393992.605760574,233632
1413393992.655760527,233756
1413393992.705760479,233874
1413393992.755760431,233988
1413393992.805760384,234079
1413393992.855760574,234177
1413393992.905760527,234301
1413393992.955760479,234416
1413393993.005760431,234528
1413393993.055760384,234649
1413393993.105760574,234750
1413393993.155760527,234871
1413393993.205760479,234962
1413393993.255760431,235067
1413393993.305760384,235186
1413393993.355760574,235294
1413393993.405760527,235430
1413393993.455760479,235524
1413393993.505760431,235638
1413393993.555760384,235733
1413393993.605760574,235869
1413393993.655760527,235971
1413393993.705760479,236088
1413393993.755760431,236176
1413393993.805760384,236298
1413393993.855760574,236381
1413393993.905760527,236489
1413393993.955760479,236605
1413393994.005760431,236723
1413393994.055760384,236823
1413393994.105760574,236924
1413393994.155760527,237040
1413393994.205760479,237136
1413393994.255760431,237248
1413393994.305760384,237373
1413393994.355760574,237481
1413393994.405760527,237603
1413393994.455760479,237707
1413393994.505760431,237811
1413393994.555760384,237896
1413393994.605760574,238027
1413393994.655760527,238138
1413393994.705760479,238222
1413393994.755760431,238336
1413393994.805760384,238440
1413393994.855760574,238541
1413393994.905760527,238632
1413393994.955760479,238760
1413393995.005760431,238883
1413393995.055760384,238994
1413393995.105760574,239118
1413393995.155760527,239229
1413393995.205760479,239365
1413393995.255760431,239464
1413393995.305760384,239558
1413393995.355760574,239666
1413393995.405760527,239808
1413393995.455760479,239924
1413393995.505760431,240070
1413393995.555760384,240187
1413393995.605760574,240308
1413393995.655760527,240401
1413393995.705760479,240505
1413393995.755760431,240620
1413393995.805760384,240743
1413393995.855760574,240854
1413393995.905760527,240972
1413393995.955760479,241086
1413393996.005760431,241185
1413393996.055760384,241291
1413393996.105760574,241399
1413393996.155760527,241508
1413393996.205760479,241614
1413393996.255760431,241709
1413393996.305760384,241825
1413393996.355760574,241926
1413393996.405760527,242037
1413393996.455760479,242148
1413393996.505760431,242277
1413393996.555760384,242388
1413393996.605760574,242522
1413393996.655760527,242616
1413393996.705760479,242711
1413393996.755760431,242824
1413393996.805760384,242954
1413393996.855760574,243050
1413393996.905760527,243165
1413393996.955760479,243277
1413393997.005760431,243390
1413393997.055760384,243511
1413393997.105760574,243628
1413393997.155760527,243740
1413393997.205760479,243898
1413393997.255760431,244005
1413393997.305760384,244119
1413393997.355760574,244236
1413393997.405760527,244339
1413393997.455760479,244466
1413393997.505760431,244575
1413393997.555760384,244695
1413393997.605760574,244790
1413393997.655760527,244891
1413393997.705760479,244984
1413393997.755760431,245107
1413393997.805760384,245216
1413393997.855760574,245324
1413393997.905760527,245447
1413393997.955760479,245555
1413393998.005760431,245679
1413393998.055760384,245781
1413393998.105760574,245892
1413393998.155760527,245987
1413393998.205760479,246099
1413393998.255760431,246209
1413393998.305760384,246309
1413393998.355760574,246412
1413393998.405760527,246523
1413393998.455760479,246636
1413393998.505760431,246749
1413393998.555760384,246840
1413393998.605760574,246945
1413393998.655760527,247043
1413393998.705760479,247164
1413393998.755760431,247271
1413393998.805760384,247388
1413393998.855760574,247519
1413393998.905760527,247636
1413393998.955760479,247754
1413393999.005760431,247847
1413393999.055760384,247943
1413393999.105760574,248061
1413393999.155760527,248167
1413393999.205760479,248261
1413393999.255760431,248366
1413393999.305760384,248482
1413393999.355760574,248587
1413393999.405760527,248690
1413393999.455760479,248798
1413393999.505760431,248910
1413393999.555760384,249022
1413393999.605760574,249111
1413393999.655760527,249229
1413393999.705760479,249347
1413393999.755760431,249473
1413393999.805760384,249562
1413393999.855760574,249698
1413393999.905760527,249807
1413393999.955760479,249931
1413394000.005760431,250025
1413394000.055760384,250163
1413394000.105760574,250255
1413394000.155760527,250356
1413394000.205760479,250461
1413394000.255760431,250584
1413394000.305760384,250677
1413394000.355760574,250773
1413394000.405760527,250872
1413394000.455760479,250968
1413394000.505760431,251080
1413394000.555760384,251172
1413394000.605760574,251264
1413394000.655760527,251369
1413394000.705760479,251476
1413394000.755760431,251582
1413394000.805760384,251676
1413394000.855760574,251809
1413394000.905760527,251914
1413394000.955760479,252008
1413394001.005760431,252100
1413394001.055760384,252212
1413394001.105760574,252331
1413394001.155760527,252428
1413394001.205760479,252521
1413394001.255760431,252616
1413394001.305760384,252728
1413394001.355760574,252844
1413394001.405760527,252944
1413394001.455760479,253066
1413394001.505760431,253179
1413394001.555760384,253277
1413394001.605760574,253363
1413394001.655760527,253462
1413394001.705760479,253571
1413394001.755760431,253686
1413394001.805760384,253801
1413394001.855760574,253916
1413394001.905760527,254034
1413394001.955760479,254130
1413394002.005760431,254232
1413394002.055760384,254366
1413394002.105760574,254458
1413394002.155760527,254587
1413394002.205760479,254680
1413394002.255760431,254801
1413394002.305760384,254911
1413394002.355760574,255017
1413394002.405760527,255116
1413394002.455760479,255227
1413394002.505760431,255340
1413394002.555760384,255443
1413394002.605760574,255543
1413394002.655760527,255632
1413394002.705760479,255736
1413394002.755760431,255848
1413394002.805760384,255959
1413394002.855760574,256083
1413394002.905760527,256198
1413394002.955760479,256294
1413394003.005760431,256400
1413394003.055760384,256500
1413394003.105760574,256611
1413394003.155760527,256712
1413394003.205760479,256824
1413394003.255760431,256941
1413394003.305760384,257054
1413394003.355760574,257141
