1.40364e+09,2392.33
1.40364e+09,2549.62
1.40364e+09,2628.32
1.40364e+09,2716.59
1.40364e+09,2801.09
1.40364e+09,2901.81
1.40364e+09,2999.82
1.40364e+09,3101.04
1.40364e+09,3187.17
1.40364e+09,3270.56
1.40364e+09,3359.18
1.40364e+09,3445.71
1.40364e+09,3527.24
1.40364e+09,3607.86
1.40364e+09,3695.55
1.40364e+09,3781.9
1.40364e+09,3889.62
1.40364e+09,3978.37
1.40364e+09,4068.62
1.40364e+09,4160.29
1.40364e+09,4247.37
1.40364e+09,4341.49
1.40364e+09,4432.3
1.40364e+09,4530.96
1.40364e+09,4625.98
1.40364e+09,4718.92
1.40364e+09,4809.17
1.40364e+09,4902.58
1.40364e+09,4996.02
1.40364e+09,5094.68
1.40364e+09,5186.9
1.40364e+09,5277.49
1.40364e+09,5364.51
1.40364e+09,5468.84
1.40364e+09,5566.19
1.40364e+09,5652.2
1.40364e+09,5750.27
1.40364e+09,5854.88
1.40364e+09,5974.8
1.40364e+09,6066.48
1.40364e+09,6173.66
1.40364e+09,6264.65
1.40364e+09,6349.6
1.40364e+09,6461.14
1.40364e+09,6555.96
1.40364e+09,6640.17
1.40364e+09,6756.12
1.40364e+09,6845.88
1.40364e+09,6930.32
1.40364e+09,7021.39
1.40364e+09,7106.12
1.40364e+09,7195.61
1.40364e+09,7328.67
1.40364e+09,7449.14
1.40364e+09,7534.13
1.40364e+09,7625.35
1.40364e+09,7741.35
1.40364e+09,7827.2
1.40364e+09,7917.36
1.40364e+09,8021.13
1.40364e+09,8111.92
1.40364e+09,8199.24
1.40364e+09,8292.69
1.40364e+09,8385.51
1.40364e+09,8472.62
1.40364e+09,8559.87
1.40364e+09,8655.29
1.40364e+09,8751.5
1.40364e+09,8846.8
1.40364e+09,8943.81
1.40364e+09,9039.33
1.40364e+09,9132.06
1.40364e+09,9223.04
1.40364e+09,9320.01
1.40364e+09,9409.18
1.40364e+09,9494.73
1.40364e+09,9586.91
1.40364e+09,9688
1.40364e+09,9778.84
1.40364e+09,9870.05
1.40364e+09,9963.25
1.40364e+09,10049.5
1.40364e+09,10143.6
1.40364e+09,10234.7
1.40364e+09,10321.6
1.40364e+09,10415.9
1.40364e+09,10508.1
1.40364e+09,10595
1.40364e+09,10685.8
1.40364e+09,10781.4
1.40364e+09,10870.4
1.40364e+09,10967.2
1.40364e+09,11056.3
1.40364e+09,11152.4
1.40364e+09,11247.8
1.40364e+09,11338.3
1.40364e+09,11427.5
1.40364e+09,11523.1
1.40364e+09,11608.5
1.40364e+09,11720.3
1.40364e+09,11872.5
1.40364e+09,11965.8
1.40364e+09,12053.7
1.40364e+09,12147.3
1.40364e+09,12233.4
1.40364e+09,12322.2
1.40364e+09,12415.8
1.40364e+09,12509.8
1.40364e+09,12602.5
1.40364e+09,12691.6
1.40364e+09,12776.4
1.40364e+09,12867
1.40364e+09,12974.5
1.40364e+09,13063.4
1.40364e+09,13157.9
1.40364e+09,13250
1.40364e+09,13341.6
1.40364e+09,13442.1
1.40364e+09,13537
1.40364e+09,13625.2
1.40364e+09,13733.9
1.40364e+09,13821.3
1.40364e+09,13912.5
1.40364e+09,14008.1
1.40364e+09,14097.9
1.40364e+09,14182.3
1.40364e+09,14270.9
1.40364e+09,14368.9
1.40364e+09,14449.5
1.40364e+09,14542.4
1.40364e+09,14633.7
1.40364e+09,14735.5
1.40364e+09,14834.4
1.40364e+09,14931.9
1.40364e+09,15021
1.40364e+09,15110.2
1.40364e+09,15220.7
1.40364e+09,15308.5
1.40364e+09,15383.5
1.40364e+09,15484.6
1.40364e+09,15571.5
1.40364e+09,15699.9
1.40364e+09,15795.9
1.40364e+09,15889.6
1.40364e+09,15976.4
1.40364e+09,16070.8
1.40364e+09,16161.6
1.40364e+09,16267.2
1.40364e+09,16409.5
1.40364e+09,16498.8
1.40364e+09,16601
1.40364e+09,16696.4
1.40364e+09,16790.2
1.40364e+09,16885.1
1.40364e+09,16983.3
1.40364e+09,17075.1
1.40364e+09,17157.8
1.40364e+09,17237.6
1.40364e+09,17323.5
1.40364e+09,17425.3
1.40364e+09,17543
1.40364e+09,17633.3
1.40364e+09,17734.7
1.40364e+09,17829
1.40364e+09,17925.2
1.40364e+09,18014.2
1.40364e+09,18128.6
1.40364e+09,18220.2
1.40364e+09,18307.9
1.40364e+09,18409.1
1.40364e+09,18498.7
1.40364e+09,18584.4
1.40364e+09,18669
1.40364e+09,18763.1
1.40364e+09,18853.8
1.40364e+09,18943.2
1.40364e+09,19033.3
1.40364e+09,19199.2
1.40364e+09,19290.1
1.40364e+09,19394.6
1.40364e+09,19507.6
1.40364e+09,19596.7
1.40364e+09,19686.1
1.40364e+09,19791.3
1.40364e+09,19882.5
1.40364e+09,19988.3
1.40364e+09,20077.2
1.40364e+09,20171.8
1.40364e+09,20270.6
1.40364e+09,20378.4
1.40364e+09,20464.7
1.40364e+09,20553.6
1.40364e+09,20644
1.40364e+09,20741.6
1.40364e+09,20839.2
1.40364e+09,20925.2
1.40364e+09,21016.7
1.40364e+09,21115.9
1.40364e+09,21209.6
1.40364e+09,21302.1
1.40364e+09,21409.9
1.40364e+09,21497.5
1.40364e+09,21583.7
1.40364e+09,21680.7
1.40364e+09,21771.4
1.40364e+09,21863.7
1.40364e+09,21960.3
1.40364e+09,22046.4
1.40364e+09,22131.5
1.40364e+09,22229.7
1.40364e+09,22328.5
1.40364e+09,22426.1
1.40364e+09,22514.4
1.40364e+09,22602.7
1.40364e+09,22696.4
1.40364e+09,22791.2
1.40364e+09,22891.8
1.40364e+09,22978.9
1.40364e+09,23069.4
1.40364e+09,23173.9
1.40364e+09,23266.7
1.40364e+09,23361.2
1.40364e+09,23450.9
1.40364e+09,23541.2
1.40364e+09,23635.3
1.40364e+09,23734.4
1.40364e+09,23829.3
1.40364e+09,23925.6
1.40364e+09,24018.2
1.40364e+09,24122.1
1.40364e+09,24229.5
1.40364e+09,24319.9
1.40364e+09,24405.9
1.40364e+09,24499.9
1.40364e+09,24593.9
1.40364e+09,24698
1.40364e+09,24786.8
1.40364e+09,24891.7
1.40364e+09,24989
1.40364e+09,25094
1.40364e+09,25198.4
1.40364e+09,25313
1.40364e+09,25401.7
1.40364e+09,25496.1
1.40364e+09,25595.2
1.40364e+09,25688.4
1.40364e+09,25782.3
1.40364e+09,25877.3
1.40364e+09,25970.4
1.40364e+09,26061.4
1.40364e+09,26158.3
1.40364e+09,26248.6
1.40364e+09,26343
1.40364e+09,26434.4
1.40364e+09,26553.8
1.40364e+09,26653.2
1.40364e+09,26749.6
1.40364e+09,26849.4
1.40364e+09,26942.7
1.40364e+09,27031.9
1.40364e+09,27125.4
1.40364e+09,27219.5
1.40364e+09,27323.2
1.40364e+09,27415.6
1.40364e+09,27513.3
1.40364e+09,27608.1
1.40364e+09,27701.8
1.40364e+09,27793.3
1.40364e+09,27887
1.40364e+09,28016.6
1.40364e+09,28118.3
1.40364e+09,28203.8
1.40364e+09,28289.4
1.40364e+09,28372.3
1.40364e+09,28474.6
1.40364e+09,28563.6
1.40364e+09,28651.4
1.40364e+09,28738.7
1.40364e+09,28834.1
1.40364e+09,28926.6
1.40364e+09,29024.9
1.40364e+09,29096.2
1.40364e+09,29184.2
1.40364e+09,29268.1
1.40364e+09,29359.4
1.40364e+09,29459.3
1.40364e+09,29565.4
1.40364e+09,29654.1
1.40364e+09,29771.3
1.40364e+09,29874.7
1.40364e+09,29973.1
1.40364e+09,30066.1
1.40364e+09,30163.3
1.40364e+09,30273.5
1.40364e+09,30363.3
1.40364e+09,30465.2
1.40364e+09,30571.7
1.40364e+09,30663
1.40364e+09,30754.8
1.40364e+09,30845
1.40364e+09,30937.5
1.40364e+09,31043
1.40364e+09,31139.9
1.40364e+09,31242.5
1.40364e+09,31351
1.40364e+09,31450
1.40364e+09,31541.7
1.40364e+09,31630
1.40364e+09,31722.4
1.40364e+09,31840.9
1.40364e+09,31942.9
1.40364e+09,32047.3
1.40364e+09,32158.3
1.40364e+09,32256.9
1.40364e+09,32351.6
1.40364e+09,32438.9
1.40364e+09,32530.9
1.40364e+09,32626.2
1.40364e+09,32715.3
1.40364e+09,32805.7
1.40364e+09,32900.4
1.40364e+09,32993.5
1.40364e+09,33098.8
1.40364e+09,33193.7
1.40364e+09,33290.9
1.40364e+09,33396.9
1.40364e+09,33500.6
1.40364e+09,33604.4
1.40364e+09,33730.8
1.40364e+09,33830.1
1.40364e+09,33925.1
1.40364e+09,34025.3
1.40364e+09,34114.1
1.40364e+09,34199.6
1.40364e+09,34293.8
1.40364e+09,34380.3
1.40364e+09,34475.2
1.40364e+09,34578.8
1.40364e+09,34681.1
1.40364e+09,34769.1
1.40364e+09,34862.7
1.40364e+09,34957.4
1.40364e+09,35046.2
1.40364e+09,35141.9
1.40364e+09,35230.3
1.40364e+09,35333.3
1.40364e+09,35429.5
1.40364e+09,35520.9
1.40364e+09,35627
1.40364e+09,35734.8
1.40364e+09,35828.6
1.40364e+09,35928.3
1.40364e+09,36054.3
1.40364e+09,36152.3
1.40364e+09,36251.4
1.40364e+09,36342.8
1.40364e+09,36438.6
1.40364e+09,36530.7
1.40364e+09,36618.7
1.40364e+09,36713.9
1.40364e+09,36807.2
1.40364e+09,36889.8
1.40364e+09,36992.8
1.40364e+09,37091.7
1.40364e+09,37191.5
1.40364e+09,37273.9
1.40364e+09,37367.6
1.40364e+09,37452.5
1.40364e+09,37576.4
1.40364e+09,37675
1.40364e+09,37768.6
1.40364e+09,37867.9
1.40364e+09,37996.8
1.40364e+09,38106.3
1.40364e+09,38205.3
1.40364e+09,38290.8
1.40364e+09,38380.6
1.40364e+09,38467.1
1.40364e+09,38554.2
1.40364e+09,38643.6
1.40364e+09,38742.1
1.40364e+09,38846.1
1.40364e+09,38939.4
1.40364e+09,39030.2
1.40364e+09,39121.8
1.40364e+09,39209.6
1.40364e+09,39306.4
1.40364e+09,39403
1.40364e+09,39487.4
1.40364e+09,39581
1.40364e+09,39679.7
1.40364e+09,39771.9
1.40364e+09,39864.3
1.40364e+09,39966.8
1.40364e+09,40070.4
1.40364e+09,40160.7
1.40364e+09,40253.3
1.40364e+09,40346.1
1.40364e+09,40441.4
1.40364e+09,40529
1.40364e+09,40622.3
1.40364e+09,40710.7
1.40364e+09,40852.7
1.40364e+09,40944.7
1.40364e+09,41039.3
1.40364e+09,41136.8
1.40364e+09,41212
1.40364e+09,41306.8
1.40364e+09,41399.5
1.40364e+09,41487.9
1.40364e+09,41576
1.40364e+09,41664
1.40364e+09,41760.4
1.40364e+09,41848.7
1.40364e+09,41939.6
1.40364e+09,42036.2
1.40364e+09,42139.8
1.40364e+09,42230.1
1.40364e+09,42327.7
1.40364e+09,42411.6
1.40364e+09,42544.6
1.40364e+09,42642.8
1.40364e+09,42734.7
1.40364e+09,42822.1
1.40364e+09,42923.6
1.40364e+09,43021.9
1.40364e+09,43108.1
1.40364e+09,43198
1.40364e+09,43298.9
1.40364e+09,43382.9
1.40364e+09,43478.7
1.40364e+09,43570.1
1.40364e+09,43663
1.40364e+09,43755.6
1.40364e+09,43844.1
1.40364e+09,43931
1.40364e+09,44027.1
1.40364e+09,44121.5
1.40364e+09,44220.9
1.40364e+09,44311.7
1.40364e+09,44408.8
1.40364e+09,44498.4
1.40364e+09,44587
1.40364e+09,44675.8
1.40364e+09,44763.5
1.40364e+09,44855.6
1.40364e+09,44960.9
1.40364e+09,45061.2
1.40364e+09,45166.1
1.40364e+09,45261.8
1.40364e+09,45352.5
1.40364e+09,45457.6
1.40364e+09,45550.8
1.40364e+09,45642.3
1.40364e+09,45745.5
1.40364e+09,45837.5
1.40364e+09,45926.4
1.40364e+09,46026.4
1.40364e+09,46119.3
1.40364e+09,46211.6
1.40364e+09,46299.8
1.40364e+09,46393.7
1.40364e+09,46486.3
1.40364e+09,46572.8
1.40364e+09,46669.9
1.40364e+09,46780.1
1.40364e+09,46875.7
1.40364e+09,46967.1
1.40364e+09,47068.3
1.40364e+09,47155.4
1.40364e+09,47256.5
1.40364e+09,47347.8
1.40364e+09,47440.7
1.40364e+09,47538.8
1.40364e+09,47627.8
1.40364e+09,47719
1.40364e+09,47811.5
1.40364e+09,47913.6
1.40364e+09,48008.4
1.40364e+09,48096.2
1.40364e+09,48188.3
1.40364e+09,48276.3
1.40364e+09,48372.3
1.40364e+09,48465.4
1.40364e+09,48554.4
1.40364e+09,48644.7
1.40364e+09,48735.3
1.40364e+09,48852.4
1.40364e+09,48959.3
1.40364e+09,49047.6
1.40364e+09,49134.6
1.40364e+09,49228.6
1.40364e+09,49322.9
1.40364e+09,49412.7
1.40364e+09,49512.6
1.40364e+09,49604.9
1.40364e+09,49700.6
1.40364e+09,49798.7
1.40364e+09,49890.5
1.40364e+09,49980.2
1.40364e+09,50071.6
1.40364e+09,50168.4
1.40364e+09,50263.7
1.40364e+09,50358.1
1.40364e+09,50445.4
1.40364e+09,50545.8
1.40364e+09,50657.8
1.40364e+09,50752.8
1.40364e+09,50859.9
1.40364e+09,50948.9
1.40364e+09,51038.1
1.40364e+09,51128.2
1.40364e+09,51225.2
1.40364e+09,51315
1.40364e+09,51419.2
1.40364e+09,51512.5
1.40364e+09,51605.1
1.40364e+09,51691.5
1.40364e+09,51799.9
1.40364e+09,51891.7
1.40364e+09,51982.6
1.40364e+09,52074.3
1.40364e+09,52165.7
1.40364e+09,52256.6
1.40364e+09,52346.4
1.40364e+09,52441.7
1.40364e+09,52535.9
1.40364e+09,52625.4
1.40364e+09,52718.7
1.40364e+09,52812.2
1.40364e+09,52904.8
1.40364e+09,52993.4
1.40364e+09,53092.8
1.40364e+09,53196.9
1.40364e+09,53274.5
1.40364e+09,53362.3
1.40364e+09,53464.6
1.40364e+09,53554.1
1.40364e+09,53643.4
1.40364e+09,53732.1
1.40364e+09,53823
1.40364e+09,53910.3
1.40364e+09,54006.2
1.40364e+09,54095.6
1.40364e+09,54189.5
1.40364e+09,54277.3
1.40364e+09,54367.7
1.40364e+09,54469.7
1.40364e+09,54568.2
1.40364e+09,54657.6
1.40364e+09,54749.4
1.40364e+09,54833.5
1.40364e+09,54926.4
1.40364e+09,55021.4
1.40364e+09,55121.1
1.40364e+09,55210.6
1.40364e+09,55307.9
1.40364e+09,55426.2
1.40364e+09,55524.4
1.40364e+09,55617
1.40364e+09,55709.1
1.40364e+09,55801.8
1.40364e+09,55901.1
1.40364e+09,55994.1
1.40364e+09,56085.4
1.40364e+09,56172.6
1.40364e+09,56266.8
1.40364e+09,56360
1.40364e+09,56460.8
1.40364e+09,56554.3
1.40364e+09,56643.1
1.40364e+09,56726.9
1.40364e+09,56813.8
1.40364e+09,56899.9
1.40364e+09,56999
1.40364e+09,57087.3
1.40364e+09,57181.6
1.40364e+09,57278.9
1.40364e+09,57375.9
1.40364e+09,57475.4
1.40364e+09,57565.2
1.40364e+09,57655.2
1.40364e+09,57740.5
1.40364e+09,57830.3
1.40364e+09,57915.2
1.40364e+09,58009.7
1.40364e+09,58109.3
1.40364e+09,58208.3
1.40364e+09,58311.4
1.40364e+09,58416.6
1.40364e+09,58511.8
1.40364e+09,58597.8
1.40364e+09,58682.8
1.40364e+09,58776.8
1.40364e+09,58869.7
1.40364e+09,58960.5
1.40364e+09,59046.1
1.40364e+09,59138.3
1.40364e+09,59238
1.40364e+09,59342.6
1.40364e+09,59433.8
1.40364e+09,59543.3
1.40364e+09,59647.9
1.40364e+09,59729.2
1.40364e+09,59820.4
1.40364e+09,59907.8
1.40364e+09,60002.3
1.40364e+09,60096.5
1.40364e+09,60198.8
1.40364e+09,60299.8
1.40364e+09,60393.5
1.40364e+09,60494.1
1.40364e+09,60578.5
1.40364e+09,60683.8
1.40364e+09,60784.2
1.40364e+09,60871.9
1.40364e+09,60957.6
1.40364e+09,61050.1
1.40364e+09,61151
1.40364e+09,61254.8
1.40364e+09,61345.5
1.40364e+09,61450.7
1.40364e+09,61545.9
1.40364e+09,61639.5
1.40364e+09,61734.8
1.40364e+09,61826
1.40364e+09,61925.4
1.40364e+09,62047.2
1.40364e+09,62153.6
1.40364e+09,62257.7
1.40364e+09,62349.3
1.40364e+09,62437.5
1.40364e+09,62532.3
1.40364e+09,62632.6
1.40364e+09,62723.7
1.40364e+09,62815.8
1.40364e+09,62899.2
1.40364e+09,62996.9
1.40364e+09,63102.2
1.40364e+09,63204.5
1.40364e+09,63315.2
1.40364e+09,63432.6
1.40364e+09,63519.8
1.40364e+09,63610.9
1.40364e+09,63704.9
1.40364e+09,63801
1.40364e+09,63903
1.40364e+09,64005.8
1.40364e+09,64118.5
1.40364e+09,64207.5
1.40364e+09,64317.2
1.40364e+09,64406.2
1.40364e+09,64500.4
1.40364e+09,64626.8
1.40364e+09,64719
1.40364e+09,64807.9
1.40364e+09,64902.5
1.40364e+09,65008
1.40364e+09,65103.9
1.40364e+09,65196
1.40364e+09,65292
1.40364e+09,65383.5
1.40364e+09,65481.1
1.40364e+09,65576.2
1.40364e+09,65668.5
1.40364e+09,65763.7
1.40364e+09,65854.8
1.40364e+09,65948.5
1.40364e+09,66040.4
1.40364e+09,66129
1.40364e+09,66223.1
1.40364e+09,66323.2
1.40364e+09,66413.3
1.40364e+09,66516.5
1.40364e+09,66601.9
1.40364e+09,66688.5
1.40364e+09,66771.8
1.40364e+09,66874.6
1.40364e+09,66978.5
1.40364e+09,67079.3
1.40364e+09,67170.5
1.40364e+09,67259.2
1.40364e+09,67359.5
1.40364e+09,67455.5
1.40364e+09,67542.1
1.40364e+09,67634.2
1.40364e+09,67723.6
1.40364e+09,67810
1.40364e+09,67902.1
1.40364e+09,67998.9
1.40364e+09,68088.7
1.40364e+09,68181.2
1.40364e+09,68285.3
1.40364e+09,68430.6
1.40364e+09,68523.3
1.40364e+09,68618.6
1.40364e+09,68713.3
1.40364e+09,68800.1
1.40364e+09,68897.9
1.40364e+09,68995.7
1.40364e+09,69091.4
1.40364e+09,69205.5
1.40364e+09,69299.5
1.40364e+09,69388.2
1.40364e+09,69485.8
1.40364e+09,69574.2
1.40364e+09,69685.1
1.40364e+09,69800.6
1.40364e+09,69902.6
1.40364e+09,69992.1
1.40364e+09,70079.7
1.40364e+09,70167.6
1.40364e+09,70253.6
1.40364e+09,70342.3
1.40364e+09,70432.5
1.40364e+09,70519
1.40364e+09,70615.6
1.40364e+09,70701.1
1.40364e+09,70792.4
1.40364e+09,70887.8
1.40364e+09,70982.1
1.40364e+09,71065.3
1.40364e+09,71154.2
1.40364e+09,71241.5
1.40364e+09,71331.2
1.40364e+09,71446.4
1.40364e+09,71540.3
1.40364e+09,71632.6
1.40364e+09,71726.6
1.40364e+09,71809.6
1.40364e+09,71901.6
1.40364e+09,71989.1
1.40364e+09,72075.8
1.40364e+09,72163.2
1.40364e+09,72251.8
1.40364e+09,72344.8
1.40364e+09,72437
1.40364e+09,72515.4
1.40364e+09,72627.5
1.40364e+09,72718.9
1.40364e+09,72809.5
1.40364e+09,72905
1.40364e+09,73003.4
1.40364e+09,73092.5
1.40364e+09,73187.6
1.40364e+09,73286
1.40364e+09,73370.3
1.40364e+09,73477.8
1.40364e+09,73570
1.40364e+09,73666
1.40364e+09,73757.9
1.40364e+09,73851.4
1.40364e+09,73943.4
1.40364e+09,74027.7
1.40364e+09,74130.9
1.40364e+09,74212.4
1.40364e+09,74303.7
1.40364e+09,74426.4
1.40364e+09,74555.9
1.40364e+09,74643
1.40364e+09,74736.9
1.40364e+09,74823.6
1.40364e+09,74917
1.40364e+09,75010.5
1.40364e+09,75102.6
1.40364e+09,75179.1
1.40364e+09,75272
1.40364e+09,75361.7
1.40364e+09,75454.1
1.40364e+09,75552.1
1.40364e+09,75642.7
1.40364e+09,75735.9
1.40364e+09,75819.5
1.40364e+09,75906.3
1.40364e+09,75996.9
1.40364e+09,76080.6
1.40364e+09,76166.7
1.40364e+09,76257.6
1.40364e+09,76358.6
1.40364e+09,76448.7
1.40364e+09,76536
1.40364e+09,76617.2
1.40364e+09,76708.3
1.40364e+09,76813.4
1.40364e+09,76951.6
1.40364e+09,77038.8
1.40364e+09,77122.6
1.40364e+09,77222.4
1.40364e+09,77319.6
1.40364e+09,77405
1.40364e+09,77488.6
1.40364e+09,77596.9
1.40364e+09,77700
1.40364e+09,77797
1.40364e+09,77894
1.40364e+09,77981.3
1.40364e+09,78072.8
1.40364e+09,78176.3
1.40364e+09,78272.2
1.40364e+09,78369.8
1.40364e+09,78463.8
1.40364e+09,78546.8
1.40364e+09,78645
1.40364e+09,78745.9
1.40364e+09,78828.5
1.40364e+09,78917.7
1.40364e+09,79009.1
1.40364e+09,79104.6
1.40364e+09,79215.6
1.40364e+09,79306.2
1.40364e+09,79399
1.40364e+09,79500.3
1.40364e+09,79594.9
1.40364e+09,79679.6
1.40364e+09,79766.8
1.40364e+09,79852.9
1.40364e+09,79946.4
1.40364e+09,80054.1
1.40364e+09,80156.7
1.40364e+09,80242.1
1.40364e+09,80328.8
1.40364e+09,80421.2
1.40364e+09,80513.3
1.40364e+09,80596.4
1.40364e+09,80686.9
1.40364e+09,80770.5
1.40364e+09,80859.1
1.40364e+09,80960.5
1.40364e+09,81055.4
1.40364e+09,81139.4
1.40364e+09,81230.6
1.40364e+09,81313.4
1.40364e+09,81400.7
1.40364e+09,81484.9
1.40364e+09,81571.1
1.40364e+09,81667.6
1.40364e+09,81754.6
1.40364e+09,81854.4
1.40364e+09,81946.4
1.40364e+09,82038.5
1.40364e+09,82129.3
1.40364e+09,82217.1
1.40364e+09,82302.9
1.40364e+09,82409
1.40364e+09,82500.2
1.40364e+09,82587.9
1.40364e+09,82679.4
1.40364e+09,82791.8
1.40364e+09,82893.7
1.40364e+09,82992.1
1.40364e+09,83085.6
1.40364e+09,83176.8
1.40364e+09,83268.8
1.40364e+09,83360.9
1.40364e+09,83451.1
1.40364e+09,83538.3
1.40364e+09,83641.2
1.40364e+09,83729.9
1.40364e+09,83831.1
1.40364e+09,83933.8
1.40364e+09,84024.7
1.40364e+09,84114.9
1.40364e+09,84210.9
1.40364e+09,84301.9
1.40364e+09,84387.8
1.40364e+09,84478.4
1.40364e+09,84567.2
1.40364e+09,84664.3
1.40364e+09,84751.5
1.40364e+09,84849.9
1.40364e+09,84947.7
1.40364e+09,85042.1
1.40364e+09,85136.5
1.40364e+09,85221.5
1.40364e+09,85311.8
1.40364e+09,85401.1
1.40364e+09,85497.3
1.40364e+09,85599.6
1.40364e+09,85697.4
1.40364e+09,85792.2
1.40364e+09,85889.4
1.40364e+09,85984.8
1.40364e+09,86069.6
1.40364e+09,86168
1.40364e+09,86261.6
1.40364e+09,86350
1.40364e+09,86438.1
1.40364e+09,86544.1
1.40364e+09,86637.7
1.40364e+09,86738.9
1.40364e+09,86840.8
1.40364e+09,86932.2
1.40364e+09,87023.5
1.40364e+09,87120.6
1.40364e+09,87213.9
1.40364e+09,87311.5
1.40364e+09,87418.5
1.40364e+09,87519.9
1.40364e+09,87630.2
1.40364e+09,87719.3
1.40364e+09,87804.8
1.40364e+09,87903.9
1.40364e+09,87988.9
1.40364e+09,88070.6
1.40364e+09,88170
1.40364e+09,88274.7
1.40364e+09,88378.6
1.40364e+09,88479.7
1.40364e+09,88585.9
1.40364e+09,88671.7
1.40364e+09,88766.5
1.40364e+09,88864.4
1.40364e+09,88957.2
1.40364e+09,89053.5
1.40364e+09,89151.4
1.40364e+09,89237.5
1.40364e+09,89322.6
1.40364e+09,89415.4
1.40364e+09,89505.8
1.40364e+09,89599.9
1.40364e+09,89695.6
1.40364e+09,89784.8
1.40364e+09,89875.6
1.40364e+09,89964.7
1.40364e+09,90055.2
1.40364e+09,90147.5
1.40364e+09,90237.9
1.40364e+09,90329.2
1.40364e+09,90417.9
1.40364e+09,90502.3
1.40364e+09,90597.8
1.40364e+09,90701.8
1.40364e+09,90790.8
1.40364e+09,90882.1
1.40364e+09,90997.3
1.40364e+09,91082.8
1.40364e+09,91184.5
1.40364e+09,91274
1.40364e+09,91371.6
1.40364e+09,91468.1
1.40364e+09,91555.4
1.40364e+09,91647.9
1.40364e+09,91738.5
1.40364e+09,91836.1
1.40364e+09,91921.5
1.40364e+09,92013.3
1.40364e+09,92097.8
1.40364e+09,92199.3
1.40364e+09,92288.3
1.40364e+09,92371.6
1.40364e+09,92472.8
1.40364e+09,92587.3
1.40364e+09,92685.5
1.40364e+09,92805.1
1.40364e+09,92931.5
1.40364e+09,93030.9
1.40364e+09,93123.4
1.40364e+09,93218.1
1.40364e+09,93307.2
1.40364e+09,93402.2
1.40364e+09,93499.6
1.40364e+09,93600.6
1.40364e+09,93692.5
1.40364e+09,93782.6
1.40364e+09,93876
1.40364e+09,93970.4
1.40364e+09,94038.7
1.40364e+09,94146.3
1.40364e+09,94259.7
1.40364e+09,94363.2
1.40364e+09,94457.9
1.40364e+09,94541.8
1.40364e+09,94632.2
1.40364e+09,94724.8
1.40364e+09,94810.6
1.40364e+09,94907
1.40364e+09,95033.9
1.40364e+09,95128
1.40364e+09,95226
1.40364e+09,95324.8
1.40364e+09,95415.1
1.40364e+09,95503.5
1.40364e+09,95602.7
1.40364e+09,95698.1
1.40364e+09,95801.8
1.40364e+09,95918.5
1.40364e+09,96016.3
1.40364e+09,96103.7
1.40364e+09,96197
1.40364e+09,96290.5
1.40364e+09,96386.9
1.40364e+09,96479
1.40364e+09,96585
1.40364e+09,96746.3
1.40364e+09,96845.2
1.40364e+09,96936.9
1.40364e+09,97042.1
1.40364e+09,97152
1.40364e+09,97250.4
1.40364e+09,97344.9
1.40364e+09,97448.3
1.40364e+09,97544.4
1.40364e+09,97649.5
1.40364e+09,97737.8
1.40364e+09,97826.9
1.40364e+09,97923.9
1.40364e+09,98026.2
1.40364e+09,98114.5
1.40364e+09,98216.4
1.40364e+09,98337.8
1.40364e+09,98430.1
1.40364e+09,98525.7
1.40364e+09,98624.6
1.40364e+09,98719
1.40364e+09,98838.3
1.40364e+09,98929.1
1.40364e+09,99018.4
1.40364e+09,99114.4
1.40364e+09,99215.7
1.40364e+09,99319.1
1.40364e+09,99426.9
1.40364e+09,99525.6
1.40364e+09,99617.9
1.40364e+09,99701.7
1.40364e+09,99790.1
1.40364e+09,99894
1.40364e+09,99986
1.40364e+09,100079
1.40364e+09,100184
1.40364e+09,100275
1.40364e+09,100364
1.40364e+09,100465
1.40364e+09,100559
1.40364e+09,100655
1.40364e+09,100762
1.40364e+09,100858
1.40364e+09,101020
1.40364e+09,101123
1.40364e+09,101216
1.40364e+09,101310
1.40364e+09,101396
1.40364e+09,101479
1.40364e+09,101568
1.40364e+09,101657
1.40364e+09,101738
1.40364e+09,101835
1.40364e+09,101930
1.40364e+09,102025
1.40364e+09,102123
1.40364e+09,102213
1.40364e+09,102320
1.40364e+09,102425
1.40364e+09,102573
1.40364e+09,102715
1.40364e+09,102834
1.40364e+09,102921
1.40364e+09,103073
1.40364e+09,103159
1.40364e+09,103264
1.40364e+09,103350
1.40364e+09,103448
1.40364e+09,103540
1.40364e+09,103637
1.40364e+09,103745
1.40364e+09,103837
1.40364e+09,103934
1.40364e+09,104027
1.40364e+09,104135
1.40364e+09,104226
1.40364e+09,104325
1.40364e+09,104420
1.40364e+09,104506
1.40364e+09,104600
1.40364e+09,104698
1.40364e+09,104788
1.40364e+09,104882
1.40364e+09,104990
1.40364e+09,105103
1.40364e+09,105189
1.40364e+09,105288
1.40364e+09,105374
1.40364e+09,105464
1.40364e+09,105558
1.40364e+09,105640
1.40364e+09,105741
1.40364e+09,105854
1.40364e+09,105943
1.40364e+09,106044
1.40364e+09,106139
1.40364e+09,106228
1.40364e+09,106325
1.40364e+09,106435
1.40364e+09,106536
1.40364e+09,106637
1.40364e+09,106731
1.40364e+09,106814
1.40364e+09,106918
1.40364e+09,107012
1.40364e+09,107125
1.40364e+09,107233
1.40364e+09,107344
1.40364e+09,107447
1.40364e+09,107608
1.40364e+09,107759
1.40364e+09,107861
1.40364e+09,107958
1.40364e+09,108067
1.40364e+09,108168
1.40364e+09,108265
1.40364e+09,108361
1.40364e+09,108456
1.40364e+09,108548
1.40364e+09,108633
1.40364e+09,108725
1.40364e+09,108830
1.40364e+09,108930
1.40364e+09,109019
1.40364e+09,109144
1.40364e+09,109249
1.40364e+09,109362
1.40364e+09,109447
1.40364e+09,109546
1.40364e+09,109635
1.40364e+09,109784
1.40364e+09,109873
1.40364e+09,109973
1.40364e+09,110062
1.40364e+09,110164
1.40364e+09,110255
1.40364e+09,110347
1.40364e+09,110454
1.40364e+09,110556
1.40364e+09,110679
1.40364e+09,110770
1.40364e+09,110860
1.40364e+09,110958
1.40364e+09,111066
1.40364e+09,111170
1.40364e+09,111272
1.40364e+09,111364
1.40364e+09,111462
1.40364e+09,111567
1.40364e+09,111676
1.40364e+09,111759
1.40364e+09,111856
1.40364e+09,111957
1.40364e+09,112081
1.40364e+09,112168
1.40364e+09,112269
1.40364e+09,112362
1.40364e+09,112455
1.40364e+09,112557
1.40364e+09,112654
1.40364e+09,112747
1.40364e+09,112850
1.40364e+09,112947
1.40364e+09,113046
1.40364e+09,113159
1.40364e+09,113273
1.40364e+09,113366
1.40364e+09,113470
1.40364e+09,113555
1.40364e+09,113661
1.40364e+09,113749
1.40364e+09,113838
1.40364e+09,113920
1.40364e+09,114012
1.40364e+09,114156
1.40364e+09,114256
1.40364e+09,114355
1.40364e+09,114480
1.40364e+09,114589
1.40364e+09,114708
1.40364e+09,114803
1.40364e+09,114893
1.40364e+09,115000
1.40364e+09,115090
1.40364e+09,115181
1.40364e+09,115273
1.40364e+09,115359
1.40364e+09,115469
1.40364e+09,115560
1.40364e+09,115656
1.40364e+09,115744
1.40364e+09,115835
1.40364e+09,115936
1.40364e+09,116058
1.40364e+09,116177
1.40364e+09,116279
1.40364e+09,116383
1.40364e+09,116493
1.40364e+09,116608
1.40364e+09,116720
1.40364e+09,116862
1.40364e+09,116958
1.40364e+09,117053
1.40364e+09,117150
1.40364e+09,117249
1.40364e+09,117410
1.40364e+09,117509
1.40364e+09,117605
1.40364e+09,117707
1.40364e+09,117805
1.40364e+09,117893
1.40364e+09,117983
1.40364e+09,118087
1.40364e+09,118174
1.40364e+09,118282
1.40364e+09,118376
1.40364e+09,118460
1.40364e+09,118560
1.40364e+09,118654
1.40364e+09,118759
1.40364e+09,118867
1.40364e+09,118959
1.40364e+09,119048
1.40364e+09,119141
1.40364e+09,119240
1.40364e+09,119352
1.40364e+09,119450
1.40364e+09,119551
1.40364e+09,119639
1.40364e+09,119734
1.40364e+09,119825
1.40364e+09,119918
1.40364e+09,120022
1.40364e+09,120131
1.40364e+09,120224
1.40364e+09,120332
1.40364e+09,120439
1.40364e+09,120529
1.40364e+09,120632
1.40364e+09,120719
1.40364e+09,120815
1.40364e+09,120909
1.40364e+09,121004
1.40364e+09,121103
1.40364e+09,121228
1.40364e+09,121326
1.40364e+09,121417
1.40364e+09,121503
1.40364e+09,121602
1.40364e+09,121685
1.40364e+09,121771
1.40364e+09,121864
1.40364e+09,121954
1.40364e+09,122061
1.40364e+09,122161
1.40364e+09,122271
1.40364e+09,122377
1.40364e+09,122468
1.40364e+09,122573
1.40364e+09,122667
1.40364e+09,122786
1.40364e+09,122885
1.40364e+09,123000
1.40364e+09,123087
1.40364e+09,123179
1.40364e+09,123365
1.40364e+09,123469
1.40364e+09,123568
1.40364e+09,123692
1.40364e+09,123811
1.40364e+09,123916
1.40364e+09,124020
1.40364e+09,124118
1.40364e+09,124210
1.40364e+09,124305
1.40364e+09,124396
1.40364e+09,124505
1.40364e+09,124604
1.40364e+09,124714
1.40364e+09,124829
1.40364e+09,124943
1.40364e+09,125035
1.40364e+09,125129
1.40364e+09,125216
1.40364e+09,125307
1.40364e+09,125399
1.40364e+09,125506
1.40364e+09,125607
1.40364e+09,125701
1.40364e+09,125823
1.40364e+09,125935
1.40364e+09,126011
1.40364e+09,126116
1.40364e+09,126226
1.40364e+09,126340
1.40364e+09,126457
1.40364e+09,126544
1.40364e+09,126649
1.40364e+09,126752
1.40364e+09,126856
1.40364e+09,126958
1.40364e+09,127076
1.40364e+09,127174
1.40364e+09,127276
1.40364e+09,127377
1.40364e+09,127487
1.40364e+09,127575
1.40364e+09,127668
1.40364e+09,127782
1.40364e+09,127880
1.40364e+09,127972
1.40364e+09,128077
1.40364e+09,128187
1.40364e+09,128294
1.40364e+09,128387
1.40364e+09,128505
1.40364e+09,128620
1.40364e+09,128734
1.40364e+09,128846
1.40364e+09,128937
1.40364e+09,129021
1.40364e+09,129113
1.40364e+09,129213
1.40364e+09,129308
1.40364e+09,129417
1.40364e+09,129532
1.40364e+09,129633
1.40364e+09,129754
1.40364e+09,129864
1.40364e+09,129967
1.40364e+09,130081
1.40364e+09,130185
1.40364e+09,130290
1.40364e+09,130379
1.40364e+09,130477
1.40364e+09,130595
1.40364e+09,130723
1.40364e+09,130808
1.40364e+09,130924
1.40364e+09,131035
1.40364e+09,131126
1.40364e+09,131223
1.40364e+09,131318
1.40364e+09,131416
1.40364e+09,131522
1.40364e+09,131628
1.40364e+09,131721
1.40364e+09,131828
1.40364e+09,131929
1.40364e+09,132023
1.40364e+09,132108
1.40364e+09,132220
1.40364e+09,132314
1.40364e+09,132410
1.40364e+09,132500
1.40364e+09,132591
1.40364e+09,132688
1.40364e+09,132772
1.40364e+09,132864
1.40364e+09,132974
1.40364e+09,133081
1.40364e+09,133197
1.40364e+09,133309
1.40364e+09,133430
1.40364e+09,133536
1.40364e+09,133635
1.40364e+09,133732
1.40364e+09,133827
1.40364e+09,133926
1.40364e+09,134049
1.40364e+09,134145
1.40364e+09,134233
1.40364e+09,134325
1.40364e+09,134435
1.40364e+09,134530
1.40364e+09,134630
1.40364e+09,134737
1.40364e+09,134832
1.40364e+09,134929
1.40364e+09,135043
1.40364e+09,135159
1.40364e+09,135261
1.40364e+09,135355
1.40364e+09,135443
1.40364e+09,135547
1.40364e+09,135637
1.40364e+09,135757
1.40364e+09,135850
1.40364e+09,135972
1.40364e+09,136062
1.40364e+09,136155
1.40364e+09,136253
1.40364e+09,136348
1.40364e+09,136463
1.40364e+09,136555
1.40364e+09,136668
1.40364e+09,136752
1.40364e+09,136845
1.40364e+09,136940
1.40364e+09,137048
1.40364e+09,137154
1.40364e+09,137258
1.40364e+09,137362
1.40364e+09,137468
1.40364e+09,137562
1.40364e+09,137650
1.40364e+09,137752
1.40364e+09,137847
1.40364e+09,137932
1.40364e+09,138046
1.40364e+09,138160
1.40364e+09,138250
1.40364e+09,138406
1.40364e+09,138520
1.40364e+09,138639
1.40364e+09,138752
1.40364e+09,138868
1.40364e+09,138964
1.40364e+09,139089
1.40364e+09,139201
1.40364e+09,139297
1.40364e+09,139412
1.40364e+09,139526
1.40364e+09,139622
1.40364e+09,139712
1.40364e+09,139835
1.40364e+09,139948
1.40364e+09,140045
1.40364e+09,140172
1.40364e+09,140255
1.40364e+09,140341
1.40364e+09,140444
1.40364e+09,140599
1.40364e+09,140695
1.40364e+09,140792
1.40364e+09,140894
1.40364e+09,141001
1.40364e+09,141098
1.40364e+09,141188
1.40364e+09,141295
1.40364e+09,141384
1.40364e+09,141477
1.40364e+09,141567
1.40364e+09,141662
1.40364e+09,141773
1.40364e+09,141878
1.40364e+09,141998
1.40364e+09,142111
1.40364e+09,142223
1.40364e+09,142338
1.40364e+09,142462
1.40364e+09,142575
1.40364e+09,142691
1.40364e+09,142805
1.40364e+09,142918
1.40364e+09,143017
1.40364e+09,143113
1.40364e+09,143227
1.40364e+09,143328
1.40364e+09,143420
1.40364e+09,143509
1.40364e+09,143611
1.40364e+09,143704
1.40364e+09,143797
1.40364e+09,143883
1.40364e+09,143975
1.40364e+09,144081
1.40364e+09,144207
1.40364e+09,144300
1.40364e+09,144396
1.40364e+09,144490
1.40364e+09,144601
1.40364e+09,144699
1.40364e+09,144794
1.40364e+09,144886
1.40364e+09,144973
1.40364e+09,145122
1.40364e+09,145218
1.40364e+09,145320
1.40364e+09,145446
1.40364e+09,145559
1.40364e+09,145656
1.40364e+09,145759
1.40364e+09,145854
1.40364e+09,145961
1.40364e+09,146059
1.40364e+09,146142
1.40364e+09,146259
1.40364e+09,146369
1.40364e+09,146475
1.40364e+09,146566
1.40364e+09,146656
1.40364e+09,146754
1.40364e+09,146850
1.40364e+09,146940
1.40364e+09,147034
1.40364e+09,147123
1.40364e+09,147236
1.40364e+09,147325
1.40364e+09,147426
1.40364e+09,147510
1.40364e+09,147606
1.40364e+09,147710
1.40364e+09,147819
1.40364e+09,147921
1.40364e+09,148027
1.40364e+09,148117
1.40364e+09,148207
1.40364e+09,148344
1.40364e+09,148441
1.40364e+09,148531
1.40364e+09,148619
1.40364e+09,148707
1.40364e+09,148800
1.40364e+09,148907
1.40364e+09,149007
1.40364e+09,149115
1.40364e+09,149224
1.40364e+09,149317
1.40364e+09,149417
1.40364e+09,149523
1.40364e+09,149608
1.40364e+09,149715
1.40364e+09,149819
1.40364e+09,149903
1.40364e+09,150002
1.40364e+09,150091
1.40364e+09,150200
1.40364e+09,150300
1.40364e+09,150417
1.40364e+09,150502
1.40364e+09,150614
1.40364e+09,150728
1.40364e+09,150838
1.40364e+09,150936
1.40364e+09,151044
1.40364e+09,151149
1.40364e+09,151245
1.40364e+09,151341
1.40364e+09,151478
1.40364e+09,151574
1.40364e+09,151657
1.40364e+09,151770
1.40364e+09,151875
1.40364e+09,151964
1.40364e+09,152049
1.40364e+09,152155
1.40364e+09,152266
1.40364e+09,152380
1.40364e+09,152472
1.40364e+09,152564
1.40364e+09,152658
1.40364e+09,152770
1.40364e+09,152879
1.40364e+09,152964
1.40364e+09,153076
1.40364e+09,153166
1.40364e+09,153259
1.40364e+09,153346
1.40364e+09,153431
1.40364e+09,153525
1.40364e+09,153617
1.40364e+09,153719
1.40364e+09,153807
1.40364e+09,153901
1.40364e+09,153990
1.40364e+09,154100
1.40364e+09,154231
1.40364e+09,154356
1.40364e+09,154457
1.40364e+09,154569
1.40364e+09,154671
1.40364e+09,154823
1.40364e+09,154948
1.40364e+09,155082
1.40364e+09,155192
1.40364e+09,155275
1.40364e+09,155372
1.40364e+09,155457
1.40364e+09,155552
1.40364e+09,155654
1.40364e+09,155740
1.40364e+09,155867
1.40364e+09,155955
1.40364e+09,156043
1.40364e+09,156144
1.40364e+09,156257
1.40364e+09,156367
1.40364e+09,156451
1.40364e+09,156536
1.40364e+09,156627
1.40364e+09,156732
1.40364e+09,156839
1.40364e+09,156941
1.40364e+09,157031
1.40364e+09,157121
1.40364e+09,157212
1.40364e+09,157315
1.40364e+09,157431
1.40364e+09,157535
1.40364e+09,157622
1.40364e+09,157721
1.40364e+09,157831
1.40364e+09,157926
1.40364e+09,158025
1.40364e+09,158125
1.40364e+09,158212
1.40364e+09,158306
1.40364e+09,158408
1.40364e+09,158521
1.40364e+09,158622
1.40364e+09,158743
1.40364e+09,158826
1.40364e+09,158939
1.40364e+09,159032
1.40364e+09,159142
1.40364e+09,159258
1.40364e+09,159367
1.40364e+09,159458
1.40364e+09,159557
1.40364e+09,159647
1.40364e+09,159758
1.40364e+09,159860
1.40364e+09,159967
1.40364e+09,160067
1.40364e+09,160177
1.40364e+09,160271
1.40364e+09,160365
1.40364e+09,160458
1.40364e+09,160549
1.40364e+09,160654
1.40364e+09,160786
1.40364e+09,160895
1.40364e+09,160997
1.40364e+09,161100
1.40364e+09,161184
1.40364e+09,161314
1.40364e+09,161442
1.40364e+09,161562
1.40364e+09,161679
1.40364e+09,161767
1.40364e+09,161881
1.40364e+09,161989
1.40364e+09,162094
1.40364e+09,162178
1.40364e+09,162281
1.40364e+09,162390
1.40364e+09,162509
1.40364e+09,162602
1.40364e+09,162696
1.40364e+09,162793
1.40364e+09,162891
1.40364e+09,162991
1.40364e+09,163081
1.40364e+09,163178
1.40364e+09,163282
1.40364e+09,163381
1.40364e+09,163500
1.40364e+09,163621
1.40364e+09,163751
1.40364e+09,163847
1.40364e+09,163939
1.40364e+09,164029
1.40364e+09,164120
1.40364e+09,164222
1.40364e+09,164331
1.40364e+09,164440
1.40364e+09,164538
1.40364e+09,164628
1.40364e+09,164751
1.40364e+09,164861
1.40364e+09,164970
1.40364e+09,165074
1.40364e+09,165179
1.40364e+09,165286
1.40364e+09,165392
1.40364e+09,165493
1.40364e+09,165608
1.40364e+09,165695
1.40364e+09,165790
1.40364e+09,165882
1.40364e+09,165974
1.40364e+09,166062
1.40364e+09,166171
1.40364e+09,166279
1.40364e+09,166371
1.40364e+09,166466
1.40364e+09,166572
1.40364e+09,166681
1.40364e+09,166789
1.40364e+09,166892
1.40364e+09,166981
1.40364e+09,167075
1.40364e+09,167193
1.40364e+09,167303
1.40364e+09,167409
1.40364e+09,167504
1.40364e+09,167594
1.40364e+09,167695
1.40364e+09,167791
1.40364e+09,167887
1.40364e+09,167972
1.40364e+09,168087
1.40364e+09,168191
1.40364e+09,168295
1.40364e+09,168403
1.40364e+09,168513
1.40364e+09,168615
1.40364e+09,168715
1.40364e+09,168808
1.40364e+09,168906
1.40364e+09,169003
1.40364e+09,169108
1.40364e+09,169211
1.40364e+09,169301
1.40364e+09,169395
1.40364e+09,169495
1.40364e+09,169597
1.40364e+09,169712
1.40364e+09,169819
1.40364e+09,169921
1.40364e+09,170026
1.40364e+09,170119
1.40364e+09,170243
1.40364e+09,170358
1.40364e+09,170455
1.40364e+09,170564
1.40364e+09,170655
1.40364e+09,170762
1.40364e+09,170852
1.40364e+09,170959
1.40364e+09,171064
1.40364e+09,171167
1.40364e+09,171270
1.40364e+09,171362
1.40364e+09,171467
1.40364e+09,171555
1.40364e+09,171649
1.40364e+09,171752
1.40364e+09,171857
1.40364e+09,171961
1.40364e+09,172074
1.40364e+09,172168
1.40364e+09,172262
1.40364e+09,172364
1.40364e+09,172470
1.40364e+09,172571
1.40364e+09,172684
1.40364e+09,172768
1.40364e+09,172859
1.40364e+09,172961
1.40364e+09,173059
1.40364e+09,173150
1.40364e+09,173250
1.40364e+09,173341
1.40364e+09,173439
1.40364e+09,173549
1.40364e+09,173666
1.40364e+09,173755
1.40364e+09,173860
1.40364e+09,173960
1.40364e+09,174054
1.40364e+09,174160
1.40364e+09,174263
1.40364e+09,174354
1.40364e+09,174452
1.40364e+09,174558
1.40364e+09,174667
1.40364e+09,174753
1.40364e+09,174857
1.40364e+09,174957
1.40364e+09,175049
1.40364e+09,175154
1.40364e+09,175256
1.40364e+09,175371
1.40364e+09,175475
1.40364e+09,175569
1.40364e+09,175653
1.40364e+09,175780
1.40364e+09,175874
1.40364e+09,175972
1.40364e+09,176069
1.40364e+09,176157
1.40364e+09,176239
1.40364e+09,176357
1.40364e+09,176451
1.40364e+09,176549
1.40364e+09,176649
1.40364e+09,176739
1.40364e+09,176825
1.40364e+09,176925
1.40364e+09,177030
1.40364e+09,177134
1.40364e+09,177237
1.40364e+09,177336
1.40364e+09,177471
1.40364e+09,177580
1.40364e+09,177685
1.40364e+09,177785
1.40364e+09,177894
1.40364e+09,178006
1.40364e+09,178093
1.40364e+09,178201
1.40364e+09,178305
1.40364e+09,178412
1.40364e+09,178514
1.40364e+09,178622
1.40364e+09,178732
1.40364e+09,178833
1.40364e+09,178917
1.40364e+09,179007
1.40364e+09,179099
1.40364e+09,179202
1.40364e+09,179287
1.40364e+09,179395
1.40364e+09,179501
1.40364e+09,179606
1.40364e+09,179722
1.40364e+09,179820
1.40364e+09,179908
1.40364e+09,180013
1.40364e+09,180099
1.40364e+09,180192
1.40364e+09,180298
1.40364e+09,180399
1.40364e+09,180503
1.40364e+09,180590
1.40364e+09,180700
1.40364e+09,180794
1.40364e+09,180900
1.40364e+09,180999
1.40364e+09,181111
1.40364e+09,181204
1.40364e+09,181319
1.40364e+09,181420
1.40364e+09,181531
1.40364e+09,181639
1.40364e+09,181740
1.40364e+09,181845
1.40364e+09,181954
1.40364e+09,182069
1.40364e+09,182173
1.40364e+09,182300
1.40364e+09,182427
1.40364e+09,182529
1.40364e+09,182637
1.40364e+09,182733
1.40364e+09,182829
1.40364e+09,182940
1.40364e+09,183042
1.40364e+09,183152
1.40364e+09,183241
1.40364e+09,183348
1.40364e+09,183446
1.40364e+09,183557
1.40364e+09,183671
1.40364e+09,183779
1.40364e+09,183884
1.40364e+09,183982
1.40364e+09,184098
1.40364e+09,184191
1.40364e+09,184292
1.40364e+09,184419
1.40364e+09,184517
1.40364e+09,184626
1.40364e+09,184713
1.40364e+09,184812
1.40364e+09,184901
1.40364e+09,184996
1.40364e+09,185089
1.40364e+09,185188
1.40364e+09,185283
1.40364e+09,185369
1.40364e+09,185464
1.40364e+09,185559
1.40364e+09,185676
1.40364e+09,185785
1.40364e+09,185883
1.40364e+09,185972
1.40364e+09,186064
1.40364e+09,186159
1.40364e+09,186257
1.40364e+09,186344
1.40364e+09,186441
1.40364e+09,186563
1.40364e+09,186646
1.40364e+09,186743
1.40364e+09,186843
1.40364e+09,186931
1.40364e+09,187023
1.40364e+09,187110
1.40364e+09,187219
1.40364e+09,187309
1.40364e+09,187420
1.40364e+09,187552
1.40364e+09,187655
1.40364e+09,187767
1.40364e+09,187862
1.40364e+09,187953
1.40364e+09,188047
1.40364e+09,188154
1.40364e+09,188255
1.40364e+09,188346
1.40364e+09,188449
1.40364e+09,188545
1.40364e+09,188639
1.40364e+09,188741
1.40364e+09,188842
1.40364e+09,188926
1.40364e+09,189093
1.40364e+09,189203
1.40364e+09,189301
1.40364e+09,189416
1.40364e+09,189529
1.40364e+09,189630
1.40364e+09,189716
1.40364e+09,189805
1.40364e+09,189912
1.40364e+09,189997
1.40364e+09,190113
1.40364e+09,190212
1.40364e+09,190382
1.40364e+09,190490
1.40364e+09,190605
1.40364e+09,190710
1.40364e+09,190797
1.40364e+09,190904
1.40364e+09,191019
1.40364e+09,191106
1.40364e+09,191203
1.40364e+09,191323
1.40364e+09,191417
1.40364e+09,191520
1.40364e+09,191603
1.40364e+09,191706
1.40364e+09,191830
1.40364e+09,191936
1.40364e+09,192045
1.40364e+09,192157
1.40364e+09,192255
1.40364e+09,192375
1.40364e+09,192486
1.40364e+09,192576
1.40364e+09,192674
1.40364e+09,192790
1.40364e+09,192879
1.40364e+09,192978
1.40364e+09,193084
1.40364e+09,193165
1.40364e+09,193284
1.40364e+09,193383
1.40364e+09,193485
1.40364e+09,193599
1.40364e+09,193704
1.40364e+09,193791
1.40364e+09,193902
1.40364e+09,193993
1.40364e+09,194082
1.40364e+09,194216
1.40364e+09,194326
1.40364e+09,194425
1.40364e+09,194511
1.40364e+09,194605
1.40364e+09,194716
1.40364e+09,194802
1.40364e+09,194895
1.40364e+09,195022
1.40364e+09,195130
1.40364e+09,195219
1.40364e+09,195304
1.40364e+09,195412
1.40364e+09,195499
1.40364e+09,195590
1.40364e+09,195691
1.40364e+09,195795
1.40364e+09,195900
1.40364e+09,196029
1.40364e+09,196140
1.40364e+09,196258
1.40364e+09,196369
1.40364e+09,196481
1.40364e+09,196577
1.40364e+09,196683
1.40364e+09,196787
1.40364e+09,196876
1.40364e+09,196982
1.40364e+09,197088
1.40364e+09,197195
1.40364e+09,197315
1.40364e+09,197436
1.40364e+09,197522
1.40364e+09,197625
1.40364e+09,197722
1.40364e+09,197826
1.40364e+09,197924
1.40364e+09,198035
1.40364e+09,198121
1.40364e+09,198213
1.40364e+09,198303
1.40364e+09,198397
1.40364e+09,198503
1.40364e+09,198606
1.40364e+09,198707
1.40364e+09,198817
1.40364e+09,198928
1.40364e+09,199022
1.40364e+09,199127
1.40364e+09,199253
1.40364e+09,199365
1.40364e+09,199497
1.40364e+09,199609
1.40364e+09,199733
1.40364e+09,199850
1.40364e+09,199983
1.40364e+09,200066
1.40364e+09,200169
1.40364e+09,200280
1.40364e+09,200380
1.40364e+09,200490
1.40364e+09,200613
1.40364e+09,200726
1.40364e+09,200818
1.40364e+09,200919
1.40364e+09,200985
1.40364e+09,201082
1.40364e+09,201179
1.40364e+09,201282
1.40364e+09,201378
1.40364e+09,201487
1.40364e+09,201594
1.40364e+09,201717
1.40364e+09,201805
1.40364e+09,201905
1.40364e+09,202016
1.40364e+09,202118
1.40364e+09,202224
1.40364e+09,202324
1.40364e+09,202465
1.40364e+09,202577
1.40364e+09,202686
1.40364e+09,202792
1.40364e+09,202878
1.40364e+09,202970
1.40364e+09,203109
1.40364e+09,203224
1.40364e+09,203339
1.40364e+09,203429
1.40364e+09,203537
1.40364e+09,203625
1.40364e+09,203723
1.40364e+09,203812
1.40364e+09,203942
1.40364e+09,204038
1.40364e+09,204120
1.40364e+09,204208
1.40364e+09,204323
1.40364e+09,204410
1.40364e+09,204535
1.40364e+09,204635
1.40364e+09,204737
1.40364e+09,204842
1.40364e+09,204935
1.40364e+09,205048
1.40364e+09,205168
1.40364e+09,205262
1.40364e+09,205357
1.40364e+09,205448
1.40364e+09,205549
1.40364e+09,205673
1.40364e+09,205765
1.40364e+09,205875
1.40364e+09,205982
1.40364e+09,206066
1.40364e+09,206157
1.40364e+09,206250
1.40364e+09,206340
1.40364e+09,206438
1.40364e+09,206587
1.40364e+09,206707
1.40364e+09,206804
1.40364e+09,206912
1.40364e+09,207028
1.40364e+09,207119
1.40364e+09,207211
1.40364e+09,207330
1.40364e+09,207426
1.40364e+09,207521
1.40364e+09,207632
1.40364e+09,207740
1.40364e+09,207850
1.40364e+09,207947
1.40364e+09,208042
1.40364e+09,208138
1.40364e+09,208234
1.40364e+09,208336
1.40364e+09,208436
1.40364e+09,208557
1.40364e+09,208676
1.40364e+09,208779
1.40364e+09,208874
1.40364e+09,208966
1.40364e+09,209076
1.40364e+09,209194
1.40364e+09,209328
1.40364e+09,209472
1.40364e+09,209586
1.40364e+09,209715
1.40364e+09,209821
1.40364e+09,209923
1.40364e+09,210015
1.40364e+09,210112
1.40364e+09,210202
1.40364e+09,210291
1.40364e+09,210393
1.40364e+09,210500
1.40364e+09,210606
1.40364e+09,210718
1.40364e+09,210826
1.40364e+09,210934
1.40364e+09,211022
1.40364e+09,211127
1.40364e+09,211226
1.40364e+09,211315
1.40364e+09,211421
1.40364e+09,211523
1.40364e+09,211620
1.40364e+09,211724
1.40364e+09,211844
1.40364e+09,211937
1.40364e+09,212031
1.40364e+09,212126
1.40364e+09,212233
1.40364e+09,212330
1.40364e+09,212422
1.40364e+09,212525
1.40364e+09,212635
1.40364e+09,212733
1.40364e+09,212819
1.40364e+09,212919
1.40364e+09,213022
1.40364e+09,213110
1.40364e+09,213204
1.40364e+09,213294
1.40364e+09,213378
1.40364e+09,213490
1.40364e+09,213610
1.40364e+09,213719
1.40364e+09,213841
1.40364e+09,213947
1.40364e+09,214056
1.40364e+09,214174
1.40364e+09,214268
1.40364e+09,214366
1.40364e+09,214469
1.40364e+09,214574
1.40364e+09,214691
1.40364e+09,214786
1.40364e+09,214922
1.40364e+09,215043
1.40364e+09,215165
1.40364e+09,215258
1.40364e+09,215376
1.40364e+09,215469
1.40364e+09,215583
1.40364e+09,215689
1.40364e+09,215804
1.40364e+09,215904
1.40364e+09,216013
1.40364e+09,216119
1.40364e+09,216224
1.40364e+09,216330
1.40364e+09,216438
1.40364e+09,216544
1.40364e+09,216656
1.40364e+09,216771
1.40364e+09,216886
1.40364e+09,217001
1.40364e+09,217103
1.40364e+09,217207
1.40364e+09,217316
1.40364e+09,217427
1.40364e+09,217536
1.40364e+09,217637
1.40364e+09,217740
1.40364e+09,217836
1.40364e+09,217947
1.40364e+09,218064
1.40364e+09,218179
1.40364e+09,218288
1.40364e+09,218396
1.40364e+09,218506
1.40364e+09,218612
1.40364e+09,218710
1.40364e+09,218823
1.40364e+09,218920
1.40364e+09,219031
1.40364e+09,219112
1.40364e+09,219208
1.40364e+09,219300
1.40364e+09,219405
1.40364e+09,219496
1.40364e+09,219605
1.40364e+09,219702
1.40364e+09,219794
1.40364e+09,219935
1.40364e+09,220060
1.40364e+09,220174
1.40364e+09,220291
1.40364e+09,220398
1.40364e+09,220543
1.40364e+09,220647
1.40364e+09,220760
1.40364e+09,220864
1.40364e+09,220976
1.40364e+09,221099
1.40364e+09,221200
1.40364e+09,221306
1.40364e+09,221410
1.40364e+09,221515
1.40364e+09,221614
1.40364e+09,221712
1.40364e+09,221798
1.40364e+09,221920
1.40364e+09,222037
1.40364e+09,222138
1.40364e+09,222248
1.40364e+09,222339
1.40364e+09,222442
1.40364e+09,222529
1.40364e+09,222638
1.40364e+09,222721
1.40364e+09,222829
1.40364e+09,222933
1.40364e+09,223048
1.40364e+09,223148
1.40364e+09,223238
1.40364e+09,223325
1.40364e+09,223428
1.40364e+09,223528
1.40364e+09,223632
1.40364e+09,223721
1.40364e+09,223816
1.40364e+09,223935
1.40364e+09,224035
1.40364e+09,224137
1.40364e+09,224232
1.40364e+09,224329
1.40364e+09,224481
1.40364e+09,224587
1.40364e+09,224706
1.40364e+09,224798
1.40364e+09,224898
1.40364e+09,225001
1.40364e+09,225125
1.40364e+09,225231
1.40364e+09,225346
1.40364e+09,225459
1.40364e+09,225566
1.40364e+09,225654
1.40364e+09,225753
1.40364e+09,225850
1.40364e+09,225938
1.40364e+09,226039
1.40364e+09,226141
1.40364e+09,226242
1.40364e+09,226335
1.40364e+09,226448
1.40364e+09,226562
1.40364e+09,226653
1.40364e+09,226751
1.40364e+09,226848
1.40364e+09,226952
1.40364e+09,227055
1.40364e+09,227148
1.40364e+09,227259
1.40364e+09,227369
1.40364e+09,227472
1.40364e+09,227576
1.40364e+09,227670
1.40364e+09,227777
1.40364e+09,227881
1.40364e+09,227971
1.40364e+09,228089
1.40364e+09,228197
1.40364e+09,228303
1.40364e+09,228409
1.40364e+09,228510
1.40364e+09,228606
1.40364e+09,228747
1.40364e+09,228847
1.40364e+09,228942
1.40364e+09,229055
1.40364e+09,229159
1.40364e+09,229248
1.40364e+09,229363
1.40364e+09,229488
1.40364e+09,229609
1.40364e+09,229741
1.40364e+09,229851
1.40364e+09,229944
1.40364e+09,230036
1.40364e+09,230144
1.40364e+09,230243
1.40364e+09,230348
1.40364e+09,230461
1.40364e+09,230574
1.40364e+09,230671
1.40364e+09,230771
1.40364e+09,230865
1.40364e+09,230960
1.40364e+09,231058
1.40364e+09,231171
1.40364e+09,231268
1.40364e+09,231363
1.40364e+09,231472
1.40364e+09,231590
1.40364e+09,231728
1.40364e+09,231919
1.40364e+09,232035
1.40364e+09,232139
1.40364e+09,232237
1.40364e+09,232355
1.40364e+09,232469
1.40364e+09,232562
1.40364e+09,232655
1.40364e+09,232774
1.40364e+09,232856
1.40364e+09,233034
1.40364e+09,233133
1.40364e+09,233220
1.40364e+09,233311
1.40364e+09,233413
1.40364e+09,233503
1.40364e+09,233613
1.40364e+09,233725
1.40364e+09,233830
1.40364e+09,233924
1.40364e+09,234034
1.40364e+09,234140
1.40364e+09,234257
1.40364e+09,234380
1.40364e+09,234474
1.40364e+09,234578
1.40364e+09,234732
1.40364e+09,234826
1.40364e+09,234981
1.40364e+09,235084
1.40364e+09,235188
1.40364e+09,235303
1.40364e+09,235411
1.40364e+09,235519
1.40364e+09,235632
1.40364e+09,235716
1.40364e+09,235812
1.40364e+09,235911
1.40364e+09,236000
1.40364e+09,236086
1.40364e+09,236195
1.40364e+09,236286
1.40364e+09,236375
1.40364e+09,236458
1.40364e+09,236554
1.40364e+09,236635
1.40364e+09,236758
1.40364e+09,236857
1.40364e+09,236950
1.40364e+09,237042
1.40364e+09,237183
1.40364e+09,237275
1.40364e+09,237366
1.40364e+09,237470
1.40364e+09,237573
1.40364e+09,237666
1.40364e+09,237774
1.40364e+09,237872
1.40364e+09,237982
1.40364e+09,238088
1.40364e+09,238174
1.40364e+09,238287
1.40364e+09,238395
1.40364e+09,238501
1.40364e+09,238615
1.40364e+09,238734
1.40364e+09,238830
1.40364e+09,238967
1.40364e+09,239090
1.40364e+09,239226
1.40364e+09,239322
1.40364e+09,239451
1.40364e+09,239557
1.40364e+09,239659
1.40364e+09,239773
1.40364e+09,239871
1.40364e+09,239960
1.40364e+09,240048
1.40364e+09,240157
1.40364e+09,240245
1.40364e+09,240342
1.40364e+09,240446
1.40364e+09,240561
1.40364e+09,240661
1.40364e+09,240769
1.40364e+09,240889
1.40364e+09,241027
1.40364e+09,241164
1.40364e+09,241282
1.40364e+09,241407
1.40364e+09,241497
1.40364e+09,241610
1.40364e+09,241725
1.40364e+09,241820
1.40364e+09,241924
1.40364e+09,242033
1.40364e+09,242117
1.40364e+09,242215
1.40364e+09,242321
1.40364e+09,242425
1.40364e+09,242522
1.40364e+09,242619
1.40364e+09,242736
1.40364e+09,242843
1.40364e+09,242947
1.40364e+09,243047
1.40364e+09,243158
1.40364e+09,243266
1.40364e+09,243379
1.40364e+09,243481
1.40364e+09,243584
1.40364e+09,243688
1.40364e+09,243789
1.40364e+09,243885
1.40364e+09,243988
1.40364e+09,244161
1.40364e+09,244253
1.40364e+09,244359
1.40364e+09,244471
1.40364e+09,244557
1.40364e+09,244684
1.40364e+09,244789
1.40364e+09,244898
1.40364e+09,244995
1.40364e+09,245098
1.40364e+09,245216
1.40364e+09,245325
1.40364e+09,245428
1.40364e+09,245557
1.40364e+09,245718
1.40364e+09,245826
1.40364e+09,245921
1.40364e+09,246046
1.40364e+09,246145
1.40364e+09,246252
1.40364e+09,246361
1.40364e+09,246482
1.40364e+09,246573
1.40364e+09,246685
1.40364e+09,246787
1.40364e+09,246880
1.40364e+09,246984
1.40364e+09,247085
1.40364e+09,247190
1.40364e+09,247275
1.40364e+09,247377
1.40364e+09,247483
1.40364e+09,247585
1.40364e+09,247689
1.40364e+09,247789
1.40364e+09,247877
1.40364e+09,247991
1.40364e+09,248097
1.40364e+09,248189
1.40364e+09,248284
1.40364e+09,248388
1.40364e+09,248478
1.40364e+09,248616
1.40364e+09,248709
1.40364e+09,248811
1.40364e+09,248948
1.40364e+09,249057
1.40364e+09,249182
1.40364e+09,249288
1.40364e+09,249398
1.40364e+09,249482
1.40364e+09,249577
1.40364e+09,249682
1.40364e+09,249796
1.40364e+09,249899
1.40364e+09,250006
1.40364e+09,250110
1.40364e+09,250218
1.40364e+09,250317
1.40364e+09,250414
1.40364e+09,250527
1.40364e+09,250632
1.40364e+09,250746
1.40364e+09,250859
1.40364e+09,250971
1.40364e+09,251066
1.40364e+09,251177
1.40364e+09,251287
1.40364e+09,251391
1.40364e+09,251504
1.40364e+09,251622
1.40364e+09,251731
1.40364e+09,251840
1.40364e+09,251959
1.40364e+09,252062
1.40364e+09,252170
1.40364e+09,252281
1.40364e+09,252368
1.40364e+09,252462
1.40364e+09,252574
1.40364e+09,252677
1.40364e+09,252786
1.40364e+09,252898
1.40364e+09,253008
1.40364e+09,253100
1.40364e+09,253188
1.40364e+09,253292
1.40364e+09,253444
1.40364e+09,253549
1.40364e+09,253655
1.40364e+09,253778
1.40364e+09,253903
1.40364e+09,254005
1.40364e+09,254152
1.40364e+09,254278
1.40364e+09,254368
1.40364e+09,254474
1.40364e+09,254586
1.40364e+09,254694
1.40364e+09,254795
1.40364e+09,254893
1.40364e+09,254998
1.40364e+09,255110
1.40364e+09,255202
1.40364e+09,255297
1.40364e+09,255405
1.40364e+09,255511
1.40364e+09,255602
1.40364e+09,255702
1.40364e+09,255801
1.40364e+09,255896
1.40364e+09,256014
1.40364e+09,256108
1.40364e+09,256213
1.40364e+09,256319
1.40364e+09,256404
1.40364e+09,256514
1.40364e+09,256620
1.40364e+09,256724
1.40364e+09,256833
1.40364e+09,256948
1.40364e+09,257042
1.40364e+09,257136
1.40364e+09,257241
1.40364e+09,257350
1.40364e+09,257451
1.40364e+09,257556
1.40364e+09,257664
1.40364e+09,257779
1.40364e+09,257880
1.40364e+09,257970
1.40364e+09,258082
1.40364e+09,258179
1.40364e+09,258284
1.40364e+09,258389
1.40364e+09,258496
1.40364e+09,258599
1.40364e+09,258702
1.40364e+09,258806
1.40364e+09,258898
1.40364e+09,258992
1.40364e+09,259090
1.40364e+09,259195
1.40364e+09,259292
1.40364e+09,259378
1.40364e+09,259485
1.40364e+09,259603
1.40364e+09,259722
1.40364e+09,259829
1.40364e+09,259932
1.40364e+09,260043
1.40364e+09,260159
1.40364e+09,260254
1.40364e+09,260357
1.40364e+09,260486
1.40364e+09,260588
1.40364e+09,260705
1.40364e+09,260837
1.40364e+09,260931
1.40364e+09,261045
1.40364e+09,261149
1.40364e+09,261257
1.40364e+09,261361
1.40364e+09,261472
1.40364e+09,261583
1.40364e+09,261675
1.40364e+09,261772
1.40364e+09,261878
1.40364e+09,261997
1.40364e+09,262107
1.40364e+09,262214
1.40364e+09,262333
1.40364e+09,262426
1.40364e+09,262522
1.40364e+09,262617
1.40364e+09,262714
1.40364e+09,262810
1.40364e+09,262909
1.40364e+09,263016
1.40364e+09,263110
1.40364e+09,263215
1.40364e+09,263345
1.40364e+09,263434
1.40364e+09,263534
1.40364e+09,263636
1.40364e+09,263727
1.40364e+09,263843
1.40364e+09,263950
1.40364e+09,264051
1.40364e+09,264158
1.40364e+09,264273
1.40364e+09,264383
1.40364e+09,264491
1.40364e+09,264595
1.40364e+09,264694
1.40364e+09,264802
1.40364e+09,264914
1.40364e+09,265021
1.40364e+09,265130
1.40364e+09,265241
1.40364e+09,265329
1.40364e+09,265437
1.40364e+09,265546
1.40364e+09,265642
1.40364e+09,265752
1.40364e+09,265879
1.40364e+09,265976
1.40364e+09,266083
1.40364e+09,266195
1.40364e+09,266300
1.40364e+09,266409
1.40364e+09,266510
1.40364e+09,266600
1.40364e+09,266695
1.40364e+09,266801
1.40364e+09,266918
1.40364e+09,267019
1.40364e+09,267129
1.40364e+09,267237
1.40364e+09,267332
1.40364e+09,267441
1.40364e+09,267614
1.40364e+09,267729
1.40364e+09,267856
1.40364e+09,267948
1.40364e+09,268056
1.40364e+09,268164
1.40364e+09,268252
1.40364e+09,268357
1.40364e+09,268486
1.40364e+09,268581
1.40364e+09,268688
1.40364e+09,268807
1.40364e+09,268912
1.40364e+09,269016
1.40364e+09,269131
1.40364e+09,269219
1.40364e+09,269337
1.40364e+09,269444
1.40364e+09,269557
1.40364e+09,269663
1.40364e+09,269778
1.40364e+09,269868
1.40364e+09,269973
1.40364e+09,270078
1.40364e+09,270178
1.40364e+09,270280
1.40364e+09,270386
1.40364e+09,270485
1.40364e+09,270602
1.40364e+09,270699
1.40364e+09,270806
1.40364e+09,270902
1.40364e+09,271011
1.40364e+09,271115
1.40364e+09,271222
1.40364e+09,271322
1.40364e+09,271411
1.40364e+09,271517
1.40364e+09,271623
1.40364e+09,271727
1.40364e+09,271830
1.40364e+09,271954
1.40364e+09,272053
1.40364e+09,272142
1.40364e+09,272254
1.40364e+09,272358
1.40364e+09,272458
1.40364e+09,272559
1.40364e+09,272674
1.40364e+09,272775
1.40364e+09,272880
1.40364e+09,272970
1.40364e+09,273072
1.40364e+09,273173
1.40364e+09,273278
1.40364e+09,273409
1.40364e+09,273521
1.40364e+09,273614
1.40364e+09,273726
1.40364e+09,273813
1.40364e+09,273899
1.40364e+09,273999
1.40364e+09,274108
1.40364e+09,274214
1.40364e+09,274321
1.40364e+09,274441
1.40364e+09,274539
1.40364e+09,274634
1.40364e+09,274728
1.40364e+09,274824
1.40364e+09,274922
1.40364e+09,275048
1.40364e+09,275161
1.40364e+09,275274
1.40364e+09,275368
1.40364e+09,275456
1.40364e+09,275558
1.40364e+09,275656
1.40364e+09,275815
1.40364e+09,275909
1.40364e+09,276007
1.40364e+09,276109
1.40364e+09,276217
1.40364e+09,276328
1.40364e+09,276423
1.40364e+09,276511
1.40364e+09,276621
1.40364e+09,276712
1.40364e+09,276810
1.40364e+09,276903
1.40364e+09,276995
1.40364e+09,277090
1.40364e+09,277191
1.40364e+09,277295
1.40364e+09,277392
1.40364e+09,277497
1.40364e+09,277603
1.40364e+09,277714
1.40364e+09,277843
1.40364e+09,277936
1.40364e+09,278048
1.40364e+09,278155
1.40364e+09,278254
1.40364e+09,278355
1.40364e+09,278460
1.40364e+09,278581
1.40364e+09,278681
1.40364e+09,278782
1.40364e+09,278902
1.40364e+09,279009
1.40364e+09,279103
1.40364e+09,279203
1.40364e+09,279298
1.40364e+09,279394
1.40364e+09,279515
1.40364e+09,279621
1.40364e+09,279748
1.40364e+09,279857
1.40364e+09,279971
1.40364e+09,280074
1.40364e+09,280159
1.40364e+09,280256
1.40364e+09,280359
1.40364e+09,280471
1.40364e+09,280576
1.40364e+09,280682
1.40364e+09,280792
1.40364e+09,280879
1.40364e+09,280977
1.40364e+09,281071
1.40364e+09,281181
1.40364e+09,281286
1.40364e+09,281398
1.40364e+09,281493
1.40364e+09,281584
1.40364e+09,281680
1.40364e+09,281788
1.40364e+09,281899
1.40364e+09,282022
1.40364e+09,282130
1.40364e+09,282245
1.40364e+09,282358
1.40364e+09,282450
1.40364e+09,282534
1.40364e+09,282633
1.40364e+09,282706
1.40364e+09,282881
1.40364e+09,282969
1.40364e+09,283091
1.40364e+09,283196
1.40364e+09,283291
1.40364e+09,283392
1.40364e+09,283490
1.40364e+09,283575
1.40364e+09,283694
1.40364e+09,283794
1.40364e+09,283907
1.40364e+09,284017
1.40364e+09,284131
1.40364e+09,284224
1.40364e+09,284319
1.40364e+09,284409
1.40364e+09,284511
1.40364e+09,284609
1.40364e+09,284717
1.40364e+09,284822
1.40364e+09,284913
1.40364e+09,285033
1.40364e+09,285140
1.40364e+09,285245
1.40364e+09,285350
1.40364e+09,285462
1.40364e+09,285576
1.40364e+09,285701
1.40364e+09,285870
1.40364e+09,286047
1.40364e+09,286190
1.40364e+09,286318
1.40364e+09,286455
1.40364e+09,286575
1.40364e+09,286686
1.40364e+09,286783
1.40364e+09,286891
1.40364e+09,286998
1.40364e+09,287103
1.40364e+09,287200
1.40364e+09,287300
1.40364e+09,287401
1.40364e+09,287541
1.40364e+09,287640
1.40364e+09,287747
1.40364e+09,287853
1.40364e+09,287959
1.40364e+09,288070
1.40364e+09,288178
1.40364e+09,288323
1.40364e+09,288430
1.40364e+09,288572
1.40364e+09,288671
1.40364e+09,288773
1.40364e+09,288882
1.40364e+09,288986
1.40364e+09,289096
1.40364e+09,289205
1.40364e+09,289308
1.40364e+09,289427
1.40364e+09,289543
1.40364e+09,289633
1.40364e+09,289763
1.40364e+09,289896
1.40364e+09,290024
1.40364e+09,290135
1.40364e+09,290246
1.40364e+09,290343
1.40364e+09,290442
1.40364e+09,290542
1.40364e+09,290630
1.40364e+09,290721
1.40364e+09,290811
1.40364e+09,290908
1.40364e+09,291014
1.40364e+09,291120
1.40364e+09,291229
1.40364e+09,291335
1.40364e+09,291438
1.40364e+09,291522
1.40364e+09,291640
1.40364e+09,291737
1.40364e+09,291869
1.40364e+09,291990
1.40364e+09,292114
1.40364e+09,292213
1.40364e+09,292316
1.40364e+09,292427
1.40364e+09,292519
1.40364e+09,292642
1.40364e+09,292734
1.40364e+09,292850
1.40364e+09,292939
1.40364e+09,293061
1.40364e+09,293169
1.40364e+09,293268
1.40364e+09,293371
1.40364e+09,293479
1.40364e+09,293577
1.40364e+09,293732
1.40364e+09,293838
1.40364e+09,293941
1.40364e+09,294052
1.40364e+09,294157
1.40364e+09,294267
1.40364e+09,294371
1.40364e+09,294483
1.40364e+09,294580
1.40364e+09,294674
1.40364e+09,294763
1.40364e+09,294875
1.40364e+09,294986
1.40364e+09,295099
1.40364e+09,295215
1.40364e+09,295322
1.40364e+09,295426
1.40364e+09,295532
1.40364e+09,295625
1.40364e+09,295725
1.40364e+09,295817
1.40364e+09,295921
1.40364e+09,296027
1.40364e+09,296146
1.40364e+09,296253
1.40364e+09,296358
1.40364e+09,296465
1.40364e+09,296588
1.40364e+09,296715
1.40364e+09,296802
1.40364e+09,296893
1.40364e+09,296996
1.40364e+09,297103
1.40364e+09,297221
1.40364e+09,297321
1.40364e+09,297429
1.40364e+09,297524
1.40364e+09,297617
1.40364e+09,297743
1.40364e+09,297890
1.40364e+09,297999
1.40364e+09,298091
1.40364e+09,298201
1.40364e+09,298322
1.40364e+09,298423
1.40364e+09,298532
1.40364e+09,298637
1.40364e+09,298744
1.40364e+09,298836
1.40364e+09,298941
1.40364e+09,299045
1.40364e+09,299142
1.40364e+09,299264
1.40364e+09,299375
1.40364e+09,299488
1.40364e+09,299579
1.40364e+09,299670
1.40364e+09,299768
1.40364e+09,299875
1.40364e+09,299973
1.40364e+09,300063
1.40364e+09,300157
1.40364e+09,300262
1.40364e+09,300373
1.40364e+09,300484
1.40364e+09,300604
1.40364e+09,300707
1.40364e+09,300796
1.40364e+09,300882
1.40364e+09,301004
1.40364e+09,301111
1.40364e+09,301217
1.40364e+09,301320
1.40364e+09,301438
1.40364e+09,301541
1.40364e+09,301649
1.40364e+09,301749
1.40364e+09,301845
1.40364e+09,301931
1.40364e+09,302018
1.40364e+09,302131
1.40364e+09,302231
1.40364e+09,302350
1.40364e+09,302453
1.40364e+09,302577
1.40364e+09,302671
1.40364e+09,302781
1.40364e+09,302884
1.40364e+09,302978
1.40364e+09,303084
1.40364e+09,303173
1.40364e+09,303280
1.40364e+09,303387
1.40364e+09,303492
1.40364e+09,303609
1.40364e+09,303711
1.40364e+09,303813
1.40364e+09,303915
1.40364e+09,304018
1.40364e+09,304130
1.40364e+09,304245
1.40364e+09,304361
1.40364e+09,304469
1.40364e+09,304568
1.40364e+09,304665
1.40364e+09,304782
1.40364e+09,304876
1.40364e+09,304972
1.40364e+09,305072
1.40364e+09,305185
1.40364e+09,305320
1.40364e+09,305436
1.40364e+09,305545
1.40364e+09,305663
1.40364e+09,305775
1.40364e+09,305878
1.40364e+09,305991
1.40364e+09,306102
1.40364e+09,306212
1.40364e+09,306318
1.40364e+09,306420
1.40364e+09,306587
1.40364e+09,306693
1.40364e+09,306803
1.40364e+09,306911
1.40364e+09,307016
1.40364e+09,307137
1.40364e+09,307235
1.40364e+09,307352
1.40364e+09,307442
1.40364e+09,307578
1.40364e+09,307688
1.40364e+09,307806
1.40364e+09,307914
1.40364e+09,308032
1.40364e+09,308128
1.40364e+09,308250
1.40364e+09,308371
1.40364e+09,308468
1.40364e+09,308571
1.40364e+09,308680
1.40364e+09,308790
1.40364e+09,308880
1.40364e+09,308986
1.40364e+09,309084
1.40364e+09,309185
1.40364e+09,309277
1.40364e+09,309380
1.40364e+09,309468
1.40364e+09,309653
1.40364e+09,309758
1.40364e+09,309876
1.40364e+09,309985
1.40364e+09,310103
1.40364e+09,310209
1.40364e+09,310299
1.40364e+09,310395
1.40364e+09,310497
1.40364e+09,310596
1.40364e+09,310695
1.40364e+09,310795
1.40364e+09,310902
1.40364e+09,311012
1.40364e+09,311119
1.40364e+09,311228
1.40364e+09,311325
1.40364e+09,311423
1.40364e+09,311516
1.40364e+09,311615
1.40364e+09,311735
1.40364e+09,311848
1.40364e+09,311958
1.40364e+09,312086
1.40364e+09,312180
1.40364e+09,312282
1.40364e+09,312384
1.40364e+09,312494
1.40364e+09,312619
1.40364e+09,312727
1.40364e+09,312869
1.40364e+09,312980
1.40364e+09,313088
1.40364e+09,313193
1.40364e+09,313315
1.40364e+09,313430
1.40364e+09,313542
1.40364e+09,313637
1.40364e+09,313756
1.40364e+09,313858
1.40364e+09,313956
1.40364e+09,314043
1.40364e+09,314135
1.40364e+09,314236
1.40364e+09,314357
1.40364e+09,314466
1.40364e+09,314589
1.40364e+09,314698
1.40364e+09,314818
1.40364e+09,314919
1.40364e+09,315039
1.40364e+09,315144
1.40364e+09,315234
1.40364e+09,315347
1.40364e+09,315455
1.40364e+09,315568
1.40364e+09,315664
1.40364e+09,315776
1.40364e+09,315881
1.40364e+09,315988
1.40364e+09,316074
1.40364e+09,316177
1.40364e+09,316267
1.40364e+09,316362
1.40364e+09,316461
1.40364e+09,316567
1.40364e+09,316686
1.40364e+09,316795
1.40364e+09,316901
1.40364e+09,317004
1.40364e+09,317101
1.40364e+09,317186
1.40364e+09,317301
1.40364e+09,317452
1.40364e+09,317557
1.40364e+09,317713
1.40364e+09,317834
1.40364e+09,317943
1.40364e+09,318054
1.40364e+09,318167
1.40364e+09,318284
1.40364e+09,318381
1.40364e+09,318491
1.40364e+09,318576
1.40364e+09,318683
1.40364e+09,318789
1.40364e+09,318886
1.40364e+09,319001
1.40364e+09,319100
1.40364e+09,319216
1.40364e+09,319321
1.40364e+09,319421
1.40364e+09,319532
1.40364e+09,319646
1.40364e+09,319751
1.40364e+09,319862
1.40364e+09,319972
1.40364e+09,320073
1.40364e+09,320168
1.40364e+09,320272
1.40364e+09,320375
1.40364e+09,320485
1.40364e+09,320591
1.40364e+09,320695
1.40364e+09,320788
1.40364e+09,320918
1.40364e+09,321024
1.40364e+09,321112
1.40364e+09,321221
1.40364e+09,321325
1.40364e+09,321424
1.40364e+09,321531
1.40364e+09,321638
1.40364e+09,321747
1.40364e+09,321856
1.40364e+09,321959
1.40364e+09,322078
1.40364e+09,322184
1.40364e+09,322310
1.40364e+09,322411
1.40364e+09,322521
1.40364e+09,322620
1.40364e+09,322709
1.40364e+09,322802
1.40364e+09,322902
1.40364e+09,323004
1.40364e+09,323119
1.40364e+09,323232
1.40364e+09,323341
1.40364e+09,323453
1.40364e+09,323563
1.40364e+09,323656
1.40364e+09,323816
1.40364e+09,323914
1.40364e+09,324018
1.40364e+09,324119
1.40364e+09,324234
1.40364e+09,324352
1.40364e+09,324457
1.40364e+09,324569
1.40364e+09,324679
1.40364e+09,324792
1.40364e+09,324904
1.40364e+09,324994
1.40364e+09,325118
1.40364e+09,325224
1.40364e+09,325327
1.40364e+09,325432
1.40364e+09,325542
1.40364e+09,325650
1.40364e+09,325752
1.40364e+09,325878
1.40364e+09,325981
1.40364e+09,326091
1.40364e+09,326202
1.40364e+09,326300
1.40364e+09,326393
1.40364e+09,326491
1.40364e+09,326597
1.40364e+09,326684
1.40364e+09,326774
1.40364e+09,326878
1.40364e+09,326997
1.40364e+09,327077
1.40364e+09,327192
1.40364e+09,327322
1.40364e+09,327427
1.40364e+09,327541
1.40364e+09,327634
1.40364e+09,327736
1.40364e+09,327881
1.40364e+09,327994
1.40364e+09,328108
1.40364e+09,328212
1.40364e+09,328325
1.40364e+09,328427
1.40364e+09,328531
1.40364e+09,328622
1.40364e+09,328729
1.40364e+09,328818
1.40364e+09,328939
1.40364e+09,329047
1.40364e+09,329166
1.40364e+09,329268
1.40364e+09,329380
1.40364e+09,329492
1.40364e+09,329606
1.40364e+09,329747
1.40364e+09,329909
1.40364e+09,330047
1.40364e+09,330161
1.40364e+09,330274
1.40364e+09,330386
1.40364e+09,330488
1.40364e+09,330597
1.40364e+09,330710
1.40364e+09,330826
1.40364e+09,330935
1.40364e+09,331050
1.40364e+09,331155
1.40364e+09,331266
1.40364e+09,331389
1.40364e+09,331502
1.40364e+09,331592
1.40364e+09,331688
1.40364e+09,331776
1.40364e+09,331872
1.40364e+09,331969
1.40364e+09,332092
1.40364e+09,332198
1.40364e+09,332301
1.40364e+09,332413
1.40364e+09,332522
1.40364e+09,332620
1.40364e+09,332718
1.40364e+09,332821
1.40364e+09,332922
1.40364e+09,333026
1.40364e+09,333136
1.40364e+09,333250
1.40364e+09,333356
1.40364e+09,333469
1.40364e+09,333575
1.40364e+09,333667
1.40364e+09,333791
1.40364e+09,333894
1.40364e+09,333992
1.40364e+09,334091
1.40364e+09,334202
1.40364e+09,334313
1.40364e+09,334426
1.40364e+09,334558
1.40364e+09,334669
1.40364e+09,334777
1.40364e+09,334899
1.40364e+09,335003
1.40364e+09,335113
1.40364e+09,335217
1.40364e+09,335331
1.40364e+09,335449
1.40364e+09,335541
1.40364e+09,335635
1.40364e+09,335747
1.40364e+09,335848
1.40364e+09,335976
1.40364e+09,336083
1.40364e+09,336166
1.40364e+09,336273
1.40364e+09,336376
1.40364e+09,336474
1.40364e+09,336580
1.40364e+09,336691
1.40364e+09,336802
1.40364e+09,336912
1.40364e+09,337037
1.40364e+09,337162
1.40364e+09,337272
1.40364e+09,337412
1.40364e+09,337504
1.40364e+09,337609
1.40364e+09,337709
1.40364e+09,337822
1.40364e+09,337944
1.40364e+09,338059
1.40364e+09,338170
1.40364e+09,338274
1.40364e+09,338391
1.40364e+09,338504
1.40364e+09,338591
1.40364e+09,338698
1.40364e+09,338811
1.40364e+09,338921
1.40364e+09,339024
1.40364e+09,339122
1.40364e+09,339225
1.40364e+09,339327
1.40364e+09,339428
1.40364e+09,339524
1.40364e+09,339633
1.40364e+09,339719
1.40364e+09,339821
1.40364e+09,339928
1.40364e+09,340045
1.40364e+09,340148
1.40364e+09,340255
1.40364e+09,340364
1.40364e+09,340461
1.40364e+09,340569
1.40364e+09,340661
1.40364e+09,340764
1.40364e+09,340875
1.40364e+09,340984
1.40364e+09,341085
1.40364e+09,341189
1.40364e+09,341306
1.40364e+09,341412
1.40364e+09,341522
1.40364e+09,341671
1.40364e+09,341836
1.40364e+09,341940
1.40364e+09,342050
1.40364e+09,342162
1.40364e+09,342293
1.40364e+09,342385
1.40364e+09,342496
1.40364e+09,342593
1.40364e+09,342698
1.40364e+09,342790
1.40364e+09,342917
1.40364e+09,343014
1.40364e+09,343122
1.40364e+09,343229
1.40364e+09,343341
1.40364e+09,343439
1.40364e+09,343544
1.40364e+09,343640
1.40364e+09,343764
1.40364e+09,343870
1.40364e+09,343978
1.40364e+09,344089
1.40364e+09,344193
1.40364e+09,344308
1.40364e+09,344420
1.40364e+09,344515
1.40364e+09,344615
1.40364e+09,344712
1.40364e+09,344873
1.40364e+09,344973
1.40364e+09,345088
1.40364e+09,345203
1.40364e+09,345308
1.40364e+09,345424
1.40364e+09,345529
1.40364e+09,345623
1.40364e+09,345758
1.40364e+09,345845
1.40364e+09,345955
1.40364e+09,346073
1.40364e+09,346187
1.40364e+09,346304
1.40364e+09,346409
1.40364e+09,346517
1.40364e+09,346632
1.40364e+09,346758
1.40364e+09,346877
1.40364e+09,346994
1.40364e+09,347112
1.40364e+09,347241
1.40364e+09,347397
1.40364e+09,347509
1.40364e+09,347615
1.40364e+09,347728
1.40364e+09,347823
1.40364e+09,347911
1.40364e+09,348018
1.40364e+09,348128
1.40364e+09,348266
1.40364e+09,348380
1.40364e+09,348492
1.40364e+09,348599
1.40364e+09,348694
1.40364e+09,348790
1.40364e+09,348915
1.40364e+09,349019
1.40364e+09,349123
1.40364e+09,349232
1.40364e+09,349340
1.40364e+09,349443
1.40364e+09,349536
1.40364e+09,349625
1.40364e+09,349720
1.40364e+09,349823
1.40364e+09,349927
1.40364e+09,350034
1.40364e+09,350148
1.40364e+09,350246
1.40364e+09,350357
1.40364e+09,350452
1.40364e+09,350548
1.40364e+09,350657
1.40364e+09,350749
1.40364e+09,350848
1.40364e+09,350958
1.40364e+09,351059
1.40364e+09,351172
1.40364e+09,351276
1.40364e+09,351391
1.40364e+09,351541
1.40364e+09,351640
1.40364e+09,351727
1.40364e+09,351830
1.40364e+09,351938
1.40364e+09,352040
1.40364e+09,352140
1.40364e+09,352254
1.40364e+09,352348
1.40364e+09,352461
1.40364e+09,352556
1.40364e+09,352662
1.40364e+09,352754
1.40364e+09,352861
1.40364e+09,352959
1.40364e+09,353063
1.40364e+09,353175
1.40364e+09,353271
1.40364e+09,353381
1.40364e+09,353522
1.40364e+09,353631
1.40364e+09,353715
1.40364e+09,353813
1.40364e+09,353937
1.40364e+09,354037
1.40364e+09,354137
1.40364e+09,354246
1.40364e+09,354365
1.40364e+09,354467
1.40364e+09,354555
1.40364e+09,354660
1.40364e+09,354757
1.40364e+09,354872
1.40364e+09,354992
1.40364e+09,355099
1.40364e+09,355200
1.40364e+09,355310
1.40364e+09,355428
1.40364e+09,355533
1.40364e+09,355623
1.40364e+09,355729
1.40364e+09,355828
1.40364e+09,355937
1.40364e+09,356043
1.40364e+09,356152
1.40364e+09,356276
1.40364e+09,356390
1.40364e+09,356522
1.40364e+09,356661
1.40364e+09,356801
1.40364e+09,356938
1.40364e+09,357020
1.40364e+09,357150
1.40364e+09,357262
1.40364e+09,357371
1.40364e+09,357482
1.40364e+09,357598
1.40364e+09,357686
1.40364e+09,357793
1.40364e+09,357881
1.40364e+09,357971
1.40364e+09,358069
1.40364e+09,358176
1.40364e+09,358279
1.40364e+09,358389
1.40364e+09,358491
1.40364e+09,358601
1.40364e+09,358712
1.40364e+09,358803
1.40364e+09,358895
1.40364e+09,358995
1.40364e+09,359103
1.40364e+09,359212
1.40364e+09,359327
1.40364e+09,359444
1.40364e+09,359558
1.40364e+09,359687
1.40364e+09,359814
1.40364e+09,359925
1.40364e+09,360042
1.40364e+09,360134
1.40364e+09,360244
1.40364e+09,360351
1.40364e+09,360450
1.40364e+09,360552
1.40364e+09,360664
1.40364e+09,360769
1.40364e+09,360867
1.40364e+09,360975
1.40364e+09,361079
1.40364e+09,361181
1.40364e+09,361280
1.40364e+09,361384
1.40364e+09,361497
1.40364e+09,361604
1.40364e+09,361717
1.40364e+09,361840
1.40364e+09,361956
1.40364e+09,362093
1.40364e+09,362179
1.40364e+09,362320
1.40364e+09,362428
1.40364e+09,362559
1.40364e+09,362662
1.40364e+09,362785
1.40364e+09,362899
1.40364e+09,363008
1.40364e+09,363117
1.40364e+09,363226
1.40364e+09,363335
1.40364e+09,363463
1.40364e+09,363564
1.40364e+09,363673
1.40364e+09,363783
1.40364e+09,363884
1.40364e+09,363992
1.40364e+09,364094
1.40364e+09,364196
1.40364e+09,364300
1.40364e+09,364406
1.40364e+09,364519
1.40364e+09,364624
1.40364e+09,364727
1.40364e+09,364837
1.40364e+09,364968
1.40364e+09,365071
1.40364e+09,365184
1.40364e+09,365294
1.40364e+09,365398
1.40364e+09,365513
1.40364e+09,365628
1.40364e+09,365739
1.40364e+09,365869
1.40364e+09,365986
1.40364e+09,366100
1.40364e+09,366206
1.40364e+09,366316
1.40364e+09,366426
1.40364e+09,366546
1.40364e+09,366661
1.40364e+09,366772
1.40364e+09,366897
1.40364e+09,367027
1.40364e+09,367143
1.40364e+09,367261
1.40364e+09,367427
1.40364e+09,367555
1.40364e+09,367693
1.40364e+09,367815
1.40364e+09,367924
1.40364e+09,368031
1.40364e+09,368139
1.40364e+09,368244
1.40364e+09,368353
1.40364e+09,368449
1.40364e+09,368540
1.40364e+09,368645
1.40364e+09,368760
1.40364e+09,368872
1.40364e+09,368985
1.40364e+09,369096
1.40364e+09,369207
1.40364e+09,369319
1.40364e+09,369425
1.40364e+09,369515
1.40364e+09,369629
1.40364e+09,369738
1.40364e+09,369860
1.40364e+09,369954
1.40364e+09,370059
1.40364e+09,370171
1.40364e+09,370274
1.40364e+09,370401
1.40364e+09,370526
1.40364e+09,370634
1.40364e+09,370726
1.40364e+09,370825
1.40364e+09,370947
1.40364e+09,371055
1.40364e+09,371161
1.40364e+09,371268
1.40364e+09,371379
1.40364e+09,371490
1.40364e+09,371580
1.40364e+09,371664
1.40364e+09,371767
1.40364e+09,371858
1.40364e+09,371960
1.40364e+09,372083
1.40364e+09,372187
1.40364e+09,372299
1.40364e+09,372410
1.40364e+09,372511
1.40364e+09,372621
1.40364e+09,372723
1.40364e+09,372830
1.40364e+09,372936
1.40364e+09,373042
1.40364e+09,373156
1.40364e+09,373252
1.40364e+09,373351
1.40364e+09,373486
1.40364e+09,373606
1.40364e+09,373715
1.40364e+09,373828
1.40364e+09,373922
1.40364e+09,374022
1.40364e+09,374129
1.40364e+09,374236
1.40364e+09,374326
1.40364e+09,374424
1.40364e+09,374524
1.40364e+09,374635
1.40364e+09,374727
1.40364e+09,374830
1.40364e+09,374950
1.40364e+09,375049
1.40364e+09,375140
1.40364e+09,375244
1.40364e+09,375344
1.40364e+09,375445
1.40364e+09,375533
1.40364e+09,375637
1.40364e+09,375744
1.40364e+09,375851
1.40364e+09,375956
1.40364e+09,376044
1.40364e+09,376138
1.40364e+09,376248
1.40364e+09,376351
1.40364e+09,376455
1.40364e+09,376562
1.40364e+09,376646
1.40364e+09,376741
1.40364e+09,376865
1.40364e+09,376990
1.40364e+09,377094
1.40364e+09,377203
1.40364e+09,377316
1.40364e+09,377422
1.40364e+09,377525
1.40364e+09,377657
1.40364e+09,377754
1.40364e+09,377865
1.40364e+09,377959
1.40364e+09,378054
1.40364e+09,378168
1.40364e+09,378270
1.40364e+09,378369
1.40364e+09,378465
1.40364e+09,378569
1.40364e+09,378671
1.40364e+09,378758
1.40364e+09,378854
1.40364e+09,378955
