1413393886.005760431,6.50892
1413393886.055760384,5.5223
1413393886.105760574,7.23185
1413393886.155760527,7.69018
1413393886.205760479,7.03774
1413393886.255760431,5.89212
1413393886.305760384,7.62824
1413393886.355760574,6.13059
1413393886.405760527,8.06381
1413393886.455760479,7.47998
1413393886.505760431,7.59941
1413393886.555760384,7.58674
1413393886.605760574,7.79086
1413393886.655760527,5.95934
1413393886.705760479,7.11099
1413393886.755760431,7.62681
1413393886.805760384,7.53287
1413393886.855760574,5.71576
1413393886.905760527,5.11692
1413393886.955760479,7.25969
1413393887.005760431,7.82552
1413393887.055760384,7.44849
1413393887.105760574,6.72869
1413393887.155760527,8.50194
1413393887.205760479,6.30089
1413393887.255760431,8.18466
1413393887.305760384,6.81726
1413393887.355760574,7.48711
1413393887.405760527,6.88486
1413393887.455760479,6.27061
1413393887.505760431,7.46404
1413393887.555760384,6.19692
1413393887.605760574,7.29556
1413393887.655760527,7.38059
1413393887.705760479,7.76655
1413393887.755760431,7.49058
1413393887.805760384,7.2565
1413393887.855760574,5.74669
1413393887.905760527,7.27356
1413393887.955760479,7.04343
1413393888.005760431,6.91349
1413393888.055760384,5.81581
1413393888.105760574,8.57277
1413393888.155760527,6.5058
1413393888.205760479,5.87832
1413393888.255760431,5.6711
1413393888.305760384,8.00449
1413393888.355760574,7.72218
1413393888.405760527,5.18656
1413393888.455760479,6.07236
1413393888.505760431,7.19677
1413393888.555760384,7.71493
1413393888.605760574,7.53208
1413393888.655760527,7.40372
1413393888.705760479,7.61397
1413393888.755760431,9.47725
1413393888.805760384,8.62763
1413393888.855760574,5.83035
1413393888.905760527,9.18307
1413393888.955760479,7.44042
1413393889.005760431,7.63816
1413393889.055760384,9.38575
1413393889.105760574,7.7129
1413393889.155760527,5.90249
1413393889.205760479,5.9076
1413393889.255760431,5.61282
1413393889.305760384,5.20033
1413393889.355760574,7.22946
1413393889.405760527,6.56419
1413393889.455760479,7.46333
1413393889.505760431,6.87357
1413393889.555760384,5.92007
1413393889.605760574,7.97953
1413393889.655760527,21.5306
1413393889.705760479,16.3644
1413393889.755760431,18.0043
1413393889.805760384,22.6943
1413393889.855760574,21.3526
1413393889.905760527,22.3228
1413393889.955760479,25.1899
1413393890.005760431,24.5769
1413393890.055760384,25.0952
1413393890.105760574,26.6807
1413393890.155760527,23.1309
1413393890.205760479,24.603
1413393890.255760431,27.1331
1413393890.305760384,25.9228
1413393890.355760574,25.1467
1413393890.405760527,25.6007
1413393890.455760479,25.9728
1413393890.505760431,26.9547
1413393890.555760384,27.9807
1413393890.605760574,26.3284
1413393890.655760527,28.7441
1413393890.705760479,25.9081
1413393890.755760431,26.4613
1413393890.805760384,28.2069
1413393890.855760574,29.3965
1413393890.905760527,25.9389
1413393890.955760479,25.828
1413393891.005760431,26.7846
1413393891.055760384,28.5402
1413393891.105760574,27.774
1413393891.155760527,24.0555
1413393891.205760479,24.6548
1413393891.255760431,24.8131
1413393891.305760384,23.5108
1413393891.355760574,23.0408
1413393891.405760527,24.307
1413393891.455760479,22.1464
1413393891.505760431,20.4373
1413393891.555760384,24.0465
1413393891.605760574,23.2768
1413393891.655760527,24.5961
1413393891.705760479,21.2332
1413393891.755760431,26.778
1413393891.805760384,24.8181
1413393891.855760574,25.0049
1413393891.905760527,25.6309
1413393891.955760479,25.1569
1413393892.005760431,24.7643
1413393892.055760384,26.8101
1413393892.105760574,24.7624
1413393892.155760527,24.6979
1413393892.205760479,23.8028
1413393892.255760431,22.7826
1413393892.305760384,24.7069
1413393892.355760574,25.321
1413393892.405760527,23.3328
1413393892.455760479,23.9446
1413393892.505760431,23.1016
1413393892.555760384,22.91
1413393892.605760574,25.535
1413393892.655760527,23.8171
1413393892.705760479,22.2208
1413393892.755760431,23.2838
1413393892.805760384,22.8937
1413393892.855760574,22.4063
1413393892.905760527,23.9984
1413393892.955760479,21.9653
1413393893.005760431,24.8189
1413393893.055760384,20.6658
1413393893.105760574,21.7582
1413393893.155760527,21.4246
1413393893.205760479,25.6794
1413393893.255760431,24.9351
1413393893.305760384,22.7572
1413393893.355760574,23.3971
1413393893.405760527,25.7925
1413393893.455760479,23.5749
1413393893.505760431,25.5788
1413393893.555760384,24.466
1413393893.605760574,27.0086
1413393893.655760527,23.9706
1413393893.705760479,23.8273
1413393893.755760431,25.9662
1413393893.805760384,25.7375
1413393893.855760574,26.083
1413393893.905760527,24.6084
1413393893.955760479,23.7358
1413393894.005760431,24.9567
1413393894.055760384,25.1373
1413393894.105760574,26.4073
1413393894.155760527,27.0588
1413393894.205760479,25.4066
1413393894.255760431,25.2693
1413393894.305760384,24.0535
1413393894.355760574,28.189
1413393894.405760527,25.9965
1413393894.455760479,26.3673
1413393894.505760431,25.0786
1413393894.555760384,28.2639
1413393894.605760574,23.0251
1413393894.655760527,27.4249
1413393894.705760479,25.6351
1413393894.755760431,22.7204
1413393894.805760384,26.9107
1413393894.855760574,29.1474
1413393894.905760527,25.1429
1413393894.955760479,25.536
1413393895.005760431,26.2604
1413393895.055760384,25.5527
1413393895.105760574,27.0006
1413393895.155760527,26.4281
1413393895.205760479,24.3906
1413393895.255760431,24.7219
1413393895.305760384,26.3224
1413393895.355760574,22.8941
1413393895.405760527,23.5369
1413393895.455760479,24.921
1413393895.505760431,23.0713
1413393895.555760384,23.1806
1413393895.605760574,25.2841
1413393895.655760527,24.3345
1413393895.705760479,20.7178
1413393895.755760431,23.167
1413393895.805760384,25.2021
1413393895.855760574,23.9384
1413393895.905760527,25.0531
1413393895.955760479,24.9063
1413393896.005760431,23.3696
1413393896.055760384,20.2381
1413393896.105760574,24.9766
1413393896.155760527,24.2673
1413393896.205760479,24.6519
1413393896.255760431,23.448
1413393896.305760384,26.0946
1413393896.355760574,22.2034
1413393896.405760527,23.8752
1413393896.455760479,24.7141
1413393896.505760431,25.1055
1413393896.555760384,28.4513
1413393896.605760574,25.405
1413393896.655760527,28.8907
1413393896.705760479,25.0695
1413393896.755760431,25.3637
1413393896.805760384,25.2503
1413393896.855760574,27.2728
1413393896.905760527,24.7933
1413393896.955760479,26.8217
1413393897.005760431,25.2598
1413393897.055760384,26.2154
1413393897.105760574,26.6214
1413393897.155760527,22.6588
1413393897.205760479,26.2628
1413393897.255760431,25.0916
1413393897.305760384,23.9147
1413393897.355760574,23.2168
1413393897.405760527,23.863
1413393897.455760479,23.3038
1413393897.505760431,26.7547
1413393897.555760384,23.6783
1413393897.605760574,24.1658
1413393897.655760527,25.5304
1413393897.705760479,24.7855
1413393897.755760431,23.9044
1413393897.805760384,23.3914
1413393897.855760574,25.5535
1413393897.905760527,23.6476
1413393897.955760479,26.2166
1413393898.005760431,23.5038
1413393898.055760384,26.7696
1413393898.105760574,26.4355
1413393898.155760527,24.8406
1413393898.205760479,21.5977
1413393898.255760431,21.0534
1413393898.305760384,25.0849
1413393898.355760574,23.3719
1413393898.405760527,24.0143
1413393898.455760479,22.0821
1413393898.505760431,22.7634
1413393898.555760384,24.4878
1413393898.605760574,23.1656
1413393898.655760527,24.5056
1413393898.705760479,25.8718
1413393898.755760431,24.1812
1413393898.805760384,22.6349
1413393898.855760574,24.8184
1413393898.905760527,27.9928
1413393898.955760479,27.1106
1413393899.005760431,24.4951
1413393899.055760384,25.11
1413393899.105760574,27.5261
1413393899.155760527,25.2741
1413393899.205760479,23.7764
1413393899.255760431,21.6088
1413393899.305760384,20.4041
1413393899.355760574,19.715
1413393899.405760527,22.4268
1413393899.455760479,18.983
1413393899.505760431,17.2006
1413393899.555760384,15.7198
1413393899.605760574,18.4237
1413393899.655760527,19.565
1413393899.705760479,23.3617
1413393899.755760431,21.7199
1413393899.805760384,19.2805
1413393899.855760574,19.0863
1413393899.905760527,21.7182
1413393899.955760479,21.2104
1413393900.005760431,25.9772
1413393900.055760384,26.9525
1413393900.105760574,25.9691
1413393900.155760527,25.3497
1413393900.205760479,28.4984
1413393900.255760431,26.5699
1413393900.305760384,27.9436
1413393900.355760574,26.9729
1413393900.405760527,26.338
1413393900.455760479,25.4564
1413393900.505760431,23.0619
1413393900.555760384,21.62
1413393900.605760574,22.7047
1413393900.655760527,24.0547
1413393900.705760479,23.6123
1413393900.755760431,21.8888
1413393900.805760384,24.0385
1413393900.855760574,23.6075
1413393900.905760527,26.8496
1413393900.955760479,25.2632
1413393901.005760431,23.2626
1413393901.055760384,21.7325
1413393901.105760574,21.7333
1413393901.155760527,23.067
1413393901.205760479,24.4955
1413393901.255760431,25.3285
1413393901.305760384,26.7584
1413393901.355760574,26.5141
1413393901.405760527,27.7154
1413393901.455760479,27.4702
1413393901.505760431,24.6682
1413393901.555760384,26.4298
1413393901.605760574,24.9796
1413393901.655760527,23.7314
1413393901.705760479,23.3106
1413393901.755760431,22.4127
1413393901.805760384,19.0277
1413393901.855760574,22.4508
1413393901.905760527,23.4719
1413393901.955760479,25.2976
1413393902.005760431,27.5223
1413393902.055760384,25.6818
1413393902.105760574,26.4615
1413393902.155760527,27.6335
1413393902.205760479,25.9556
1413393902.255760431,27.0712
1413393902.305760384,25.4809
1413393902.355760574,27.2595
1413393902.405760527,25.2642
1413393902.455760479,28.6732
1413393902.505760431,27.2708
1413393902.555760384,25.0425
1413393902.605760574,27.7473
1413393902.655760527,24.8324
1413393902.705760479,25.2384
1413393902.755760431,27.0926
1413393902.805760384,25.4942
1413393902.855760574,22.9419
1413393902.905760527,27.2543
1413393902.955760479,26.4371
1413393903.005760431,27.4274
1413393903.055760384,28.3586
1413393903.105760574,24.9757
1413393903.155760527,25.0563
1413393903.205760479,24.9167
1413393903.255760431,25.4268
1413393903.305760384,28.892
1413393903.355760574,27.6839
1413393903.405760527,29.6627
1413393903.455760479,27.1552
1413393903.505760431,28.508
1413393903.555760384,27.6139
1413393903.605760574,26.508
1413393903.655760527,25.0758
1413393903.705760479,25.2172
1413393903.755760431,26.2648
1413393903.805760384,26.3702
1413393903.855760574,24.8644
1413393903.905760527,24.4257
1413393903.955760479,25.0202
1413393904.005760431,23.6689
1413393904.055760384,22.4979
1413393904.105760574,25.0394
1413393904.155760527,23.7946
1413393904.205760479,24.4157
1413393904.255760431,26.0104
1413393904.305760384,24.3851
1413393904.355760574,24.6103
1413393904.405760527,25.3872
1413393904.455760479,26.0496
1413393904.505760431,22.855
1413393904.555760384,23.5425
1413393904.605760574,22.2324
1413393904.655760527,23.051
1413393904.705760479,24.9922
1413393904.755760431,24.967
1413393904.805760384,20.1662
1413393904.855760574,23.1869
1413393904.905760527,24.2544
1413393904.955760479,21.3336
1413393905.005760431,21.6172
1413393905.055760384,25.2253
1413393905.105760574,25.0165
1413393905.155760527,23.7774
1413393905.205760479,24.8532
1413393905.255760431,23.3928
1413393905.305760384,26.5665
1413393905.355760574,24.4609
1413393905.405760527,25.515
1413393905.455760479,24.2245
1413393905.505760431,26.8029
1413393905.555760384,25.0898
1413393905.605760574,23.6589
1413393905.655760527,24.592
1413393905.705760479,25.2329
1413393905.755760431,27.2468
1413393905.805760384,26.1567
1413393905.855760574,25.7351
1413393905.905760527,27.1328
1413393905.955760479,26.675
1413393906.005760431,27.7565
1413393906.055760384,27.6775
1413393906.105760574,27.8395
1413393906.155760527,23.7367
1413393906.205760479,26.512
1413393906.255760431,24.4083
1413393906.305760384,24.0852
1413393906.355760574,25.8582
1413393906.405760527,27.1432
1413393906.455760479,22.9514
1413393906.505760431,23.2101
1413393906.555760384,25.3987
1413393906.605760574,25.018
1413393906.655760527,23.5939
1413393906.705760479,24.1912
1413393906.755760431,22.0556
1413393906.805760384,22.7547
1413393906.855760574,23.5154
1413393906.905760527,21.3823
1413393906.955760479,22.1622
1413393907.005760431,23.1492
1413393907.055760384,21.9995
1413393907.105760574,23.051
1413393907.155760527,25.4956
1413393907.205760479,24.3545
1413393907.255760431,22.1692
1413393907.305760384,25.2975
1413393907.355760574,23.2541
1413393907.405760527,25.0707
1413393907.455760479,21.1899
1413393907.505760431,21.8834
1413393907.555760384,24.3787
1413393907.605760574,24.9397
1413393907.655760527,22.0519
1413393907.705760479,24.5211
1413393907.755760431,26.141
1413393907.805760384,22.2484
1413393907.855760574,23.2502
1413393907.905760527,23.1188
1413393907.955760479,23.4278
1413393908.005760431,23.9863
1413393908.055760384,24.186
1413393908.105760574,21.8448
1413393908.155760527,23.1808
1413393908.205760479,23.6557
1413393908.255760431,24.4936
1413393908.305760384,23.7397
1413393908.355760574,23.0293
1413393908.405760527,24.5514
1413393908.455760479,26.8862
1413393908.505760431,22.7738
1413393908.555760384,22.2902
1413393908.605760574,24.3824
1413393908.655760527,22.993
1413393908.705760479,22.647
1413393908.755760431,22.9828
1413393908.805760384,21.2729
1413393908.855760574,23.0072
1413393908.905760527,23.8852
1413393908.955760479,26.181
1413393909.005760431,23.0346
1413393909.055760384,26.3368
1413393909.105760574,24.5761
1413393909.155760527,23.3812
1413393909.205760479,26.5689
1413393909.255760431,23.7443
1413393909.305760384,23.8414
1413393909.355760574,26.3001
1413393909.405760527,24.9895
1413393909.455760479,22.8366
1413393909.505760431,24.0298
1413393909.555760384,24.5117
1413393909.605760574,25.1327
1413393909.655760527,22.6606
1413393909.705760479,24.1062
1413393909.755760431,21.1901
1413393909.805760384,24.1168
1413393909.855760574,23.5551
1413393909.905760527,21.9698
1413393909.955760479,24.6736
1413393910.005760431,24.8673
1413393910.055760384,21.1271
1413393910.105760574,22.1563
1413393910.155760527,21.9258
1413393910.205760479,24.1861
1413393910.255760431,24.2741
1413393910.305760384,22.6889
1413393910.355760574,21.4859
1413393910.405760527,22.9303
1413393910.455760479,25.0446
1413393910.505760431,21.9819
1413393910.555760384,23.1573
1413393910.605760574,22.7197
1413393910.655760527,21.7549
1413393910.705760479,24.9536
1413393910.755760431,25.0447
1413393910.805760384,24.5522
1413393910.855760574,24.0565
1413393910.905760527,24.2002
1413393910.955760479,21.453
1413393911.005760431,22.2368
1413393911.055760384,25.0356
1413393911.105760574,22.3308
1413393911.155760527,23.0252
1413393911.205760479,22.7555
1413393911.255760431,21.9999
1413393911.305760384,24.9081
1413393911.355760574,24.6606
1413393911.405760527,22.2467
1413393911.455760479,21.8588
1413393911.505760431,23.0297
1413393911.555760384,21.1139
1413393911.605760574,21.1433
1413393911.655760527,20.9029
1413393911.705760479,21.1751
1413393911.755760431,21.7166
1413393911.805760384,21.6761
1413393911.855760574,22.972
1413393911.905760527,19.419
1413393911.955760479,19.9549
1413393912.005760431,21.9486
1413393912.055760384,20.3235
1413393912.105760574,19.335
1413393912.155760527,19.99
1413393912.205760479,23.0997
1413393912.255760431,20.3709
1413393912.305760384,22.9642
1413393912.355760574,21.2801
1413393912.405760527,22.113
1413393912.455760479,20.2319
1413393912.505760431,21.1817
1413393912.555760384,20.8464
1413393912.605760574,20.045
1413393912.655760527,17.2943
1413393912.705760479,20.0001
1413393912.755760431,17.7433
1413393912.805760384,21.7453
1413393912.855760574,18.6437
1413393912.905760527,21.5789
1413393912.955760479,23.6647
1413393913.005760431,20.9027
1413393913.055760384,20.8358
1413393913.105760574,21.5726
1413393913.155760527,23.7515
1413393913.205760479,21.0971
1413393913.255760431,22.7678
1413393913.305760384,23.6821
1413393913.355760574,21.7109
1413393913.405760527,22.2245
1413393913.455760479,24.5301
1413393913.505760431,22.499
1413393913.555760384,19.666
1413393913.605760574,21.4317
1413393913.655760527,22.8409
1413393913.705760479,21.2129
1413393913.755760431,22.8565
1413393913.805760384,20.3491
1413393913.855760574,22.4921
1413393913.905760527,22.4766
1413393913.955760479,21.5465
1413393914.005760431,19.2103
1413393914.055760384,21.8989
1413393914.105760574,23.0724
1413393914.155760527,20.4093
1413393914.205760479,19.8674
1413393914.255760431,18.9511
1413393914.305760384,19.8036
1413393914.355760574,20.74
1413393914.405760527,20.3997
1413393914.455760479,20.2587
1413393914.505760431,22.9022
1413393914.555760384,20.8387
1413393914.605760574,22.1789
1413393914.655760527,23.9651
1413393914.705760479,20.4135
1413393914.755760431,20.8041
1413393914.805760384,21.3921
1413393914.855760574,21.5094
1413393914.905760527,22.0867
1413393914.955760479,23.7595
1413393915.005760431,22.1841
1413393915.055760384,23.5905
1413393915.105760574,24.7391
1413393915.155760527,21.755
1413393915.205760479,22.4025
1413393915.255760431,22.2634
1413393915.305760384,22.9499
1413393915.355760574,22.0767
1413393915.405760527,21.8796
1413393915.455760479,22.8158
1413393915.505760431,23.2143
1413393915.555760384,21.6099
1413393915.605760574,22.1767
1413393915.655760527,25.1478
1413393915.705760479,20.2924
1413393915.755760431,22.043
1413393915.805760384,19.7713
1413393915.855760574,24.2089
1413393915.905760527,20.098
1413393915.955760479,21.8609
1413393916.005760431,22.8494
1413393916.055760384,22.2737
1413393916.105760574,23.1032
1413393916.155760527,23.6147
1413393916.205760479,20.0153
1413393916.255760431,22.9602
1413393916.305760384,22.2081
1413393916.355760574,21.4928
1413393916.405760527,22.0384
1413393916.455760479,22.5623
1413393916.505760431,19.1126
1413393916.555760384,21.2133
1413393916.605760574,22.741
1413393916.655760527,22.7719
1413393916.705760479,24.4965
1413393916.755760431,24.1189
1413393916.805760384,23.2109
1413393916.855760574,24.7255
1413393916.905760527,21.8522
1413393916.955760479,21.4885
1413393917.005760431,23.761
1413393917.055760384,22.1676
1413393917.105760574,22.1765
1413393917.155760527,25.2012
1413393917.205760479,22.2531
1413393917.255760431,24.2827
1413393917.305760384,23.0058
1413393917.355760574,21.4121
1413393917.405760527,23.4506
1413393917.455760479,23.6983
1413393917.505760431,22.9664
1413393917.555760384,21.7917
1413393917.605760574,21.9213
1413393917.655760527,23.235
1413393917.705760479,25.218
1413393917.755760431,26.9081
1413393917.805760384,25.1931
1413393917.855760574,24.6167
1413393917.905760527,25.8071
1413393917.955760479,27.9267
1413393918.005760431,22.2638
1413393918.055760384,24.9865
1413393918.105760574,26.1395
1413393918.155760527,25.7972
1413393918.205760479,24.7127
1413393918.255760431,25.9165
1413393918.305760384,24.6558
1413393918.355760574,24.5946
1413393918.405760527,24.9855
1413393918.455760479,26.1566
1413393918.505760431,27.0482
1413393918.555760384,23.9074
1413393918.605760574,25.1695
1413393918.655760527,20.4261
1413393918.705760479,22.0466
1413393918.755760431,22.1634
1413393918.805760384,22.8396
1413393918.855760574,23.8494
1413393918.905760527,23.2371
1413393918.955760479,20.2558
1413393919.005760431,19.687
1413393919.055760384,18.4906
1413393919.105760574,21.1479
1413393919.155760527,21.5878
1413393919.205760479,23.0322
1413393919.255760431,24.7546
1413393919.305760384,25.8809
1413393919.355760574,26.1261
1413393919.405760527,23.5874
1413393919.455760479,23.6992
1413393919.505760431,25.284
1413393919.555760384,23.8545
1413393919.605760574,24.7339
1413393919.655760527,26.2253
1413393919.705760479,25.4544
1413393919.755760431,23.829
1413393919.805760384,26.0079
1413393919.855760574,22.8365
1413393919.905760527,25.1678
1413393919.955760479,25.4058
1413393920.005760431,25.2069
1413393920.055760384,25.7316
1413393920.105760574,27.1821
1413393920.155760527,26.5585
1413393920.205760479,26.5979
1413393920.255760431,26.0738
1413393920.305760384,26.3437
1413393920.355760574,27.0223
1413393920.405760527,23.2278
1413393920.455760479,26.1315
1413393920.505760431,24.3688
1413393920.555760384,27.2072
1413393920.605760574,26.4625
1413393920.655760527,22.0538
1413393920.705760479,22.5089
1413393920.755760431,25.4881
1413393920.805760384,24.4637
1413393920.855760574,23.3447
1413393920.905760527,24.291
1413393920.955760479,23.1973
1413393921.005760431,23.308
1413393921.055760384,21.9851
1413393921.105760574,21.9553
1413393921.155760527,22.6243
1413393921.205760479,22.2396
1413393921.255760431,22.5143
1413393921.305760384,22.6167
1413393921.355760574,25.8488
1413393921.405760527,22.9062
1413393921.455760479,22.7625
1413393921.505760431,24.7718
1413393921.555760384,26.2118
1413393921.605760574,24.2575
1413393921.655760527,22.4838
1413393921.705760479,25.9826
1413393921.755760431,22.9633
1413393921.805760384,24.6698
1413393921.855760574,23.1696
1413393921.905760527,22.4582
1413393921.955760479,24.458
1413393922.005760431,25.7087
1413393922.055760384,24.0557
1413393922.105760574,23.6859
1413393922.155760527,23.0918
1413393922.205760479,19.7976
1413393922.255760431,22.0966
1413393922.305760384,25.5857
1413393922.355760574,21.9582
1413393922.405760527,22.109
1413393922.455760479,22.1766
1413393922.505760431,21.5157
1413393922.555760384,24.7386
1413393922.605760574,24.7343
1413393922.655760527,22.5544
1413393922.705760479,24.0096
1413393922.755760431,24.4957
1413393922.805760384,23.5992
1413393922.855760574,21.5927
1413393922.905760527,21.7046
1413393922.955760479,20.4072
1413393923.005760431,22.9816
1413393923.055760384,20.3422
1413393923.105760574,20.5554
1413393923.155760527,20.3956
1413393923.205760479,22.8741
1413393923.255760431,21.9023
1413393923.305760384,21.0309
1413393923.355760574,22.1677
1413393923.405760527,21.6078
1413393923.455760479,23.9526
1413393923.505760431,21.623
1413393923.555760384,22.107
1413393923.605760574,23.9514
1413393923.655760527,19.4372
1413393923.705760479,21.6886
1413393923.755760431,20.6656
1413393923.805760384,19.2634
1413393923.855760574,20.3738
1413393923.905760527,19.2062
1413393923.955760479,20.3447
1413393924.005760431,22.0741
1413393924.055760384,23.563
1413393924.105760574,21.7833
1413393924.155760527,21.5387
1413393924.205760479,22.6053
1413393924.255760431,22.0012
1413393924.305760384,21.0055
1413393924.355760574,22.3445
1413393924.405760527,22.6168
1413393924.455760479,20.8842
1413393924.505760431,20.8733
1413393924.555760384,22.7509
1413393924.605760574,20.7226
1413393924.655760527,21.1174
1413393924.705760479,20.7175
1413393924.755760431,20.1773
1413393924.805760384,19.8914
1413393924.855760574,18.3616
1413393924.905760527,20.5686
1413393924.955760479,21.5234
1413393925.005760431,19.9801
1413393925.055760384,20.72
1413393925.105760574,21.6533
1413393925.155760527,18.8954
1413393925.205760479,21.5767
1413393925.255760431,23.8576
1413393925.305760384,20.0974
1413393925.355760574,22.4609
1413393925.405760527,23.6264
1413393925.455760479,20.9465
1413393925.505760431,24.0128
1413393925.555760384,22.4474
1413393925.605760574,22.5016
1413393925.655760527,23.4873
1413393925.705760479,23.7081
1413393925.755760431,24.8734
1413393925.805760384,25.8244
1413393925.855760574,26.9198
1413393925.905760527,23.8902
1413393925.955760479,24.8688
1413393926.005760431,24.5433
1413393926.055760384,24.6359
1413393926.105760574,23.7894
1413393926.155760527,26.5563
1413393926.205760479,26.1371
1413393926.255760431,24.2113
1413393926.305760384,26.4683
1413393926.355760574,23.6373
1413393926.405760527,24.9189
1413393926.455760479,26.5043
1413393926.505760431,26.4866
1413393926.555760384,24.5375
1413393926.605760574,24.9565
1413393926.655760527,25.2902
1413393926.705760479,25.0474
1413393926.755760431,25.1549
1413393926.805760384,24.31
1413393926.855760574,25.3878
1413393926.905760527,24.6239
1413393926.955760479,25.9578
1413393927.005760431,25.6878
1413393927.055760384,22.9993
1413393927.105760574,24.8363
1413393927.155760527,25.5146
1413393927.205760479,27.48
1413393927.255760431,24.454
1413393927.305760384,24.3319
1413393927.355760574,24.3215
1413393927.405760527,26.5405
1413393927.455760479,24.0879
1413393927.505760431,25.8075
1413393927.555760384,23.7118
1413393927.605760574,23.5065
1413393927.655760527,27.0741
1413393927.705760479,24.6213
1413393927.755760431,22.9712
1413393927.805760384,23.2311
1413393927.855760574,22.4277
1413393927.905760527,21.8654
1413393927.955760479,24.0125
1413393928.005760431,25.28
1413393928.055760384,22.2319
1413393928.105760574,24.0044
1413393928.155760527,21.2384
1413393928.205760479,21.1662
1413393928.255760431,21.765
1413393928.305760384,20.4086
1413393928.355760574,17.9824
1413393928.405760527,17.6753
1413393928.455760479,15.8488
1413393928.505760431,15.3068
1413393928.555760384,13.4423
1413393928.605760574,12.4873
1413393928.655760527,10.7785
1413393928.705760479,11.0157
1413393928.755760431,10.5544
1413393928.805760384,9.07046
1413393928.855760574,9.2063
1413393928.905760527,9.00717
1413393928.955760479,7.2279
1413393929.005760431,9.43082
1413393929.055760384,10.1875
1413393929.105760574,9.36863
1413393929.155760527,9.67982
1413393929.205760479,8.08373
1413393929.255760431,8.35207
1413393929.305760384,11.5731
1413393929.355760574,12.5721
1413393929.405760527,10.3365
1413393929.455760479,12.8851
1413393929.505760431,14.0997
1413393929.555760384,16.3192
1413393929.605760574,15.5068
1413393929.655760527,18.2108
1413393929.705760479,18.169
1413393929.755760431,18.8499
1413393929.805760384,18.6585
1413393929.855760574,19.5238
1413393929.905760527,21.5891
1413393929.955760479,25.0866
1413393930.005760431,23.5828
1413393930.055760384,27.2466
1413393930.105760574,24.6079
1413393930.155760527,25.5426
1413393930.205760479,27.5022
1413393930.255760431,25.7628
1413393930.305760384,24.6877
1413393930.355760574,23.7148
1413393930.405760527,25.9384
1413393930.455760479,26.5831
1413393930.505760431,26.3528
1413393930.555760384,28.0784
1413393930.605760574,24.2929
1413393930.655760527,25.2574
1413393930.705760479,25.4023
1413393930.755760431,24.9572
1413393930.805760384,25.9155
1413393930.855760574,24.8453
1413393930.905760527,22.7053
1413393930.955760479,25.1918
1413393931.005760431,25.4022
1413393931.055760384,25.9571
1413393931.105760574,27.94
1413393931.155760527,28.3733
1413393931.205760479,25.6397
1413393931.255760431,27.2182
1413393931.305760384,27.0639
1413393931.355760574,27.726
1413393931.405760527,25.8731
1413393931.455760479,28.6588
1413393931.505760431,26.0453
1413393931.555760384,26.6642
1413393931.605760574,28.0314
1413393931.655760527,28.0219
1413393931.705760479,26.2445
1413393931.755760431,28.5254
1413393931.805760384,25.1801
1413393931.855760574,27.1182
1413393931.905760527,25.6323
1413393931.955760479,24.7309
1413393932.005760431,28.5902
1413393932.055760384,28.6998
1413393932.105760574,25.4645
1413393932.155760527,26.3608
1413393932.205760479,27.3647
1413393932.255760431,25.5829
1413393932.305760384,25.8227
1413393932.355760574,25.5464
1413393932.405760527,26.8992
1413393932.455760479,24.3543
1413393932.505760431,27.6932
1413393932.555760384,25.2721
1413393932.605760574,27.4667
1413393932.655760527,24.7245
1413393932.705760479,25.4965
1413393932.755760431,25.7347
1413393932.805760384,27.2254
1413393932.855760574,24.2884
1413393932.905760527,25.2738
1413393932.955760479,26.0218
1413393933.005760431,25.6574
1413393933.055760384,23.64
1413393933.105760574,23.6892
1413393933.155760527,22.8589
1413393933.205760479,25.8985
1413393933.255760431,24.265
1413393933.305760384,24.0303
1413393933.355760574,24.4191
1413393933.405760527,25.6017
1413393933.455760479,22.3266
1413393933.505760431,23.9033
1413393933.555760384,24.7316
1413393933.605760574,20.7092
1413393933.655760527,20.8591
1413393933.705760479,23.4344
1413393933.755760431,23.701
1413393933.805760384,23.4593
1413393933.855760574,24.829
1413393933.905760527,26.0647
1413393933.955760479,25.8756
1413393934.005760431,24.3822
1413393934.055760384,24.6199
1413393934.105760574,27.0262
1413393934.155760527,26.5476
1413393934.205760479,22.7158
1413393934.255760431,25.3466
1413393934.305760384,27.0558
1413393934.355760574,24.1923
1413393934.405760527,23.6235
1413393934.455760479,24.4422
1413393934.505760431,27.0433
1413393934.555760384,25.2755
1413393934.605760574,23.8411
1413393934.655760527,27.1665
1413393934.705760479,24.1588
1413393934.755760431,24.6117
1413393934.805760384,24.4869
1413393934.855760574,26.2144
1413393934.905760527,24.9166
1413393934.955760479,26.4452
1413393935.005760431,25.4082
1413393935.055760384,25.8361
1413393935.105760574,23.3326
1413393935.155760527,26.0616
1413393935.205760479,23.7497
1413393935.255760431,23.8656
1413393935.305760384,26.6675
1413393935.355760574,23.4757
1413393935.405760527,25.9427
1413393935.455760479,24.9017
1413393935.505760431,25.7748
1413393935.555760384,23.4703
1413393935.605760574,24.9571
1413393935.655760527,27.2679
1413393935.705760479,26.6573
1413393935.755760431,24.2136
1413393935.805760384,27.1833
1413393935.855760574,24.0942
1413393935.905760527,24.7543
1413393935.955760479,26.3865
1413393936.005760431,23.5814
1413393936.055760384,26.5
1413393936.105760574,26.7467
1413393936.155760527,25.1219
1413393936.205760479,24.8639
1413393936.255760431,27.3593
1413393936.305760384,23.9877
1413393936.355760574,24.5305
1413393936.405760527,23.7079
1413393936.455760479,22.6761
1413393936.505760431,25.541
1413393936.555760384,24.2622
1413393936.605760574,21.3495
1413393936.655760527,22.1359
1413393936.705760479,22.0728
1413393936.755760431,23.1183
1413393936.805760384,22.3912
1413393936.855760574,20.1323
1413393936.905760527,22.7057
1413393936.955760479,23.8233
1413393937.005760431,21.8102
1413393937.055760384,20.9036
1413393937.105760574,22.2041
1413393937.155760527,21.9701
1413393937.205760479,20.4364
1413393937.255760431,24.1478
1413393937.305760384,22.6591
1413393937.355760574,25.466
1413393937.405760527,23.9064
1413393937.455760479,24.7716
1413393937.505760431,23.8723
1413393937.555760384,23.2195
1413393937.605760574,25.4365
1413393937.655760527,21.4577
1413393937.705760479,22.5811
1413393937.755760431,21.9679
1413393937.805760384,20.4315
1413393937.855760574,19.1614
1413393937.905760527,24.0948
1413393937.955760479,24.1169
1413393938.005760431,24.9989
1413393938.055760384,21.4801
1413393938.105760574,23.6027
1413393938.155760527,24.8851
1413393938.205760479,21.517
1413393938.255760431,20.48
1413393938.305760384,22.8976
1413393938.355760574,24.5358
1413393938.405760527,22.6084
1413393938.455760479,25.7311
1413393938.505760431,24.01
1413393938.555760384,19.4748
1413393938.605760574,23.2861
1413393938.655760527,25.2055
1413393938.705760479,23.9186
1413393938.755760431,24.7321
1413393938.805760384,24.7003
1413393938.855760574,25.2464
1413393938.905760527,23.7744
1413393938.955760479,27.3007
1413393939.005760431,20.2077
1413393939.055760384,25.2625
1413393939.105760574,22.8192
1413393939.155760527,23.9549
1413393939.205760479,25.5638
1413393939.255760431,24.5591
1413393939.305760384,22.8959
1413393939.355760574,24.4192
1413393939.405760527,24.2155
1413393939.455760479,23.1763
1413393939.505760431,21.6231
1413393939.555760384,26.438
1413393939.605760574,23.4481
1413393939.655760527,24.0297
1413393939.705760479,22.3616
1413393939.755760431,23.7143
1413393939.805760384,23.2616
1413393939.855760574,24.9358
1413393939.905760527,21.3337
1413393939.955760479,24.9764
1413393940.005760431,24.6337
1413393940.055760384,26.3497
1413393940.105760574,25.378
1413393940.155760527,24.3143
1413393940.205760479,26.5489
1413393940.255760431,23.448
1413393940.305760384,29.4356
1413393940.355760574,27.4236
1413393940.405760527,25.8023
1413393940.455760479,27.4098
1413393940.505760431,20.8771
1413393940.555760384,23.5616
1413393940.605760574,24.8831
1413393940.655760527,20.442
1413393940.705760479,23.38
1413393940.755760431,21.2693
1413393940.805760384,22.7709
1413393940.855760574,27.0024
1413393940.905760527,27.5201
1413393940.955760479,24.7909
1413393941.005760431,25.1303
1413393941.055760384,24.0114
1413393941.105760574,24.3115
1413393941.155760527,24.2414
1413393941.205760479,24.0873
1413393941.255760431,24.2925
1413393941.305760384,28.6127
1413393941.355760574,25.0007
1413393941.405760527,25.4558
1413393941.455760479,25.2429
1413393941.505760431,22.9912
1413393941.555760384,23.9159
1413393941.605760574,25.6769
1413393941.655760527,24.75
1413393941.705760479,25.9018
1413393941.755760431,26.4409
1413393941.805760384,26.3681
1413393941.855760574,23.3042
1413393941.905760527,25.2369
1413393941.955760479,26.4386
1413393942.005760431,23.3319
1413393942.055760384,23.6301
1413393942.105760574,25.759
1413393942.155760527,24.9235
1413393942.205760479,26.5076
1413393942.255760431,25.6945
1413393942.305760384,25.4736
1413393942.355760574,27.3062
1413393942.405760527,24.9536
1413393942.455760479,25.3196
1413393942.505760431,26.0227
1413393942.555760384,25.7065
1413393942.605760574,22.2866
1413393942.655760527,27.9116
1413393942.705760479,27.9641
1413393942.755760431,21.0998
1413393942.805760384,25.874
1413393942.855760574,23.6069
1413393942.905760527,23.2525
1413393942.955760479,24.2779
1413393943.005760431,23.3289
1413393943.055760384,22.8241
1413393943.105760574,22.5325
1413393943.155760527,26.2618
1413393943.205760479,22.6191
1413393943.255760431,27.1012
1413393943.305760384,25.9075
1413393943.355760574,20.9136
1413393943.405760527,25.346
1413393943.455760479,25.2115
1413393943.505760431,25.6579
1413393943.555760384,29.1809
1413393943.605760574,24.6112
1413393943.655760527,24.3779
1413393943.705760479,25.8252
1413393943.755760431,27.4589
1413393943.805760384,23.4173
1413393943.855760574,22.4371
1413393943.905760527,20.2381
1413393943.955760479,18.967
1413393944.005760431,23.7379
1413393944.055760384,24.8229
1413393944.105760574,20.3233
1413393944.155760527,25.447
1413393944.205760479,24.6597
1413393944.255760431,21.016
1413393944.305760384,24.7146
1413393944.355760574,24.0603
1413393944.405760527,22.454
1413393944.455760479,24.854
1413393944.505760431,25.9881
1413393944.555760384,22.7418
1413393944.605760574,26.1998
1413393944.655760527,24.9661
1413393944.705760479,23.8541
1413393944.755760431,24.5951
1413393944.805760384,25.7915
1413393944.855760574,25.1796
1413393944.905760527,22.7012
1413393944.955760479,21.7436
1413393945.005760431,23.5321
1413393945.055760384,24.5209
1413393945.105760574,23.4403
1413393945.155760527,22.2349
1413393945.205760479,23.3413
1413393945.255760431,24.4844
1413393945.305760384,19.0813
1413393945.355760574,22.0312
1413393945.405760527,21.761
1413393945.455760479,22.9843
1413393945.505760431,23.7234
1413393945.555760384,24.8684
1413393945.605760574,21.7274
1413393945.655760527,23.781
1413393945.705760479,25.3367
1413393945.755760431,24.7683
1413393945.805760384,23.8132
1413393945.855760574,25.0828
1413393945.905760527,22.4516
1413393945.955760479,23.8156
1413393946.005760431,25.8803
1413393946.055760384,19.0196
1413393946.105760574,23.6278
1413393946.155760527,21.4088
1413393946.205760479,20.4896
1413393946.255760431,25.391
1413393946.305760384,27.2244
1413393946.355760574,24.7308
1413393946.405760527,25.8814
1413393946.455760479,25.8176
1413393946.505760431,23.311
1413393946.555760384,22.3842
1413393946.605760574,22.5619
1413393946.655760527,24.2108
1413393946.705760479,21.6985
1413393946.755760431,24.308
1413393946.805760384,25.0548
1413393946.855760574,25.4606
1413393946.905760527,24.8265
1413393946.955760479,23.9124
1413393947.005760431,21.6137
1413393947.055760384,21.3965
1413393947.105760574,19.5958
1413393947.155760527,20.1653
1413393947.205760479,25.376
1413393947.255760431,23.3211
1413393947.305760384,27.0685
1413393947.355760574,24.8759
1413393947.405760527,23.2185
1413393947.455760479,24.7079
1413393947.505760431,22.1624
1413393947.555760384,23.5202
1413393947.605760574,23.2239
1413393947.655760527,27.2298
1413393947.705760479,23.7466
1413393947.755760431,23.5636
1413393947.805760384,23.7696
1413393947.855760574,21.2235
1413393947.905760527,27.5441
1413393947.955760479,24.1953
1413393948.005760431,23.7404
1413393948.055760384,24.0462
1413393948.105760574,24.8135
1413393948.155760527,21.1627
1413393948.205760479,24.3703
1413393948.255760431,23.1584
1413393948.305760384,24.464
1413393948.355760574,23.2196
1413393948.405760527,24.5919
1413393948.455760479,20.0397
1413393948.505760431,24.9151
1413393948.555760384,25.0914
1413393948.605760574,20.9922
1413393948.655760527,27.2487
1413393948.705760479,25.607
1413393948.755760431,23.9461
1413393948.805760384,26.3468
1413393948.855760574,25.8053
1413393948.905760527,22.5111
1413393948.955760479,25.2897
1413393949.005760431,25.8622
1413393949.055760384,24.8702
1413393949.105760574,26.2454
1413393949.155760527,26.8975
1413393949.205760479,23.4826
1413393949.255760431,27.1443
1413393949.305760384,27.01
1413393949.355760574,23.081
1413393949.405760527,26.4974
1413393949.455760479,26.988
1413393949.505760431,22.9152
1413393949.555760384,27.6559
1413393949.605760574,28.8118
1413393949.655760527,22.4807
1413393949.705760479,25.9002
1413393949.755760431,27.6615
1413393949.805760384,27.8566
1413393949.855760574,25.7743
1413393949.905760527,26.5508
1413393949.955760479,24.2951
1413393950.005760431,28.4684
1413393950.055760384,28.7279
1413393950.105760574,21.9169
1413393950.155760527,27.1394
1413393950.205760479,26.4808
1413393950.255760431,23.2956
1413393950.305760384,27.4537
1413393950.355760574,26.8796
1413393950.405760527,26.789
1413393950.455760479,26.1823
1413393950.505760431,27.5349
1413393950.555760384,23.5991
1413393950.605760574,28.1292
1413393950.655760527,29.0842
1413393950.705760479,23.3965
1413393950.755760431,26.6503
1413393950.805760384,29.4034
1413393950.855760574,23.2671
1413393950.905760527,27.6208
1413393950.955760479,28.5945
1413393951.005760431,23.3838
1413393951.055760384,25.8144
1413393951.105760574,27.0169
1413393951.155760527,23.7997
1413393951.205760479,27.9029
1413393951.255760431,26.7367
1413393951.305760384,23.284
1413393951.355760574,26.5752
1413393951.405760527,29.5328
1413393951.455760479,23.1776
1413393951.505760431,27.0327
1413393951.555760384,27.5685
1413393951.605760574,22.4763
1413393951.655760527,26.029
1413393951.705760479,26.1094
1413393951.755760431,22.7597
1413393951.805760384,26.163
1413393951.855760574,26.769
1413393951.905760527,23.9452
1413393951.955760479,26.5118
1413393952.005760431,28.678
1413393952.055760384,22.5027
1413393952.105760574,25.8616
1413393952.155760527,27.3075
1413393952.205760479,21.7925
1413393952.255760431,27.5391
1413393952.305760384,25.4391
1413393952.355760574,21.7103
1413393952.405760527,28.183
1413393952.455760479,25.5327
1413393952.505760431,21.8677
1413393952.555760384,24.4439
1413393952.605760574,26.5233
1413393952.655760527,22.5842
1413393952.705760479,23.8983
1413393952.755760431,26.9236
1413393952.805760384,22.9227
1413393952.855760574,26.2889
1413393952.905760527,26.6973
1413393952.955760479,22.8858
1413393953.005760431,28.0969
1413393953.055760384,25.8391
1413393953.105760574,23.1765
1413393953.155760527,27.4153
1413393953.205760479,27.7166
1413393953.255760431,23.3129
1413393953.305760384,27.3081
1413393953.355760574,23.6594
1413393953.405760527,22.7569
1413393953.455760479,25.9405
1413393953.505760431,26.6302
1413393953.555760384,22.6018
1413393953.605760574,27.4312
1413393953.655760527,26.9263
1413393953.705760479,22.8969
1413393953.755760431,29.2693
1413393953.805760384,26.9017
1413393953.855760574,22.6681
1413393953.905760527,27.3655
1413393953.955760479,29.0974
1413393954.005760431,26.4357
1413393954.055760384,29.3713
1413393954.105760574,26.8374
1413393954.155760527,24.2504
1413393954.205760479,28.907
1413393954.255760431,26.9626
1413393954.305760384,23.9229
1413393954.355760574,27.3557
1413393954.405760527,25.9568
1413393954.455760479,24.4482
1413393954.505760431,28.6205
1413393954.555760384,27.488
1413393954.605760574,24.4459
1413393954.655760527,28.0726
1413393954.705760479,29.9731
1413393954.755760431,24.4299
1413393954.805760384,29.0104
1413393954.855760574,29.61
1413393954.905760527,23.7487
1413393954.955760479,28.2419
1413393955.005760431,27.231
1413393955.055760384,23.5646
1413393955.105760574,26.5064
1413393955.155760527,28.091
1413393955.205760479,23.1644
1413393955.255760431,25.5853
1413393955.305760384,24.3537
1413393955.355760574,23.4078
1413393955.405760527,28.3912
1413393955.455760479,26.7789
1413393955.505760431,22.6206
1413393955.555760384,25.7025
1413393955.605760574,25.3155
1413393955.655760527,22.569
1413393955.705760479,26.6235
1413393955.755760431,27.2764
1413393955.805760384,22.4392
1413393955.855760574,23.8768
1413393955.905760527,28.3623
1413393955.955760479,22.0535
1413393956.005760431,27.6248
1413393956.055760384,25.8332
1413393956.105760574,22.9502
1413393956.155760527,27.7764
1413393956.205760479,28.7449
1413393956.255760431,22.3327
1413393956.305760384,27.702
1413393956.355760574,24.8017
1413393956.405760527,24.2655
1413393956.455760479,26.1335
1413393956.505760431,26.9144
1413393956.555760384,20.7276
1413393956.605760574,25.4847
1413393956.655760527,23.4771
1413393956.705760479,20.8871
1413393956.755760431,23.9806
1413393956.805760384,22.7659
1413393956.855760574,20.9705
1413393956.905760527,23.9119
1413393956.955760479,24.7611
1413393957.005760431,19.6525
1413393957.055760384,23.2949
1413393957.105760574,23.5038
1413393957.155760527,21.9343
1413393957.205760479,26.1678
1413393957.255760431,23.3657
1413393957.305760384,20.7514
1413393957.355760574,22.5086
1413393957.405760527,23.2391
1413393957.455760479,21.7341
1413393957.505760431,22.2842
1413393957.555760384,23.8011
1413393957.605760574,23.9975
1413393957.655760527,22.5501
1413393957.705760479,17.6043
1413393957.755760431,20.8604
1413393957.805760384,20.8533
1413393957.855760574,20.6226
1413393957.905760527,21.1093
1413393957.955760479,22.4476
1413393958.005760431,24.3322
1413393958.055760384,21.0055
1413393958.105760574,23.7308
1413393958.155760527,21.3552
1413393958.205760479,21.096
1413393958.255760431,25.8344
1413393958.305760384,23.6345
1413393958.355760574,22.7856
1413393958.405760527,22.1255
1413393958.455760479,23.2486
1413393958.505760431,19.3266
1413393958.555760384,24.0175
1413393958.605760574,22.9978
1413393958.655760527,23.5636
1413393958.705760479,19.8488
1413393958.755760431,23.6086
1413393958.805760384,22.5902
1413393958.855760574,22.8294
1413393958.905760527,22.2344
1413393958.955760479,21.9649
1413393959.005760431,24.6682
1413393959.055760384,25.1057
1413393959.105760574,20.2227
1413393959.155760527,25.5128
1413393959.205760479,22.4539
1413393959.255760431,20.8974
1413393959.305760384,23.6822
1413393959.355760574,22.2955
1413393959.405760527,20.5006
1413393959.455760479,21.6282
1413393959.505760431,22.3457
1413393959.555760384,21.6222
1413393959.605760574,20.9239
1413393959.655760527,25.2619
1413393959.705760479,21.8829
1413393959.755760431,24.3189
1413393959.805760384,23.2319
1413393959.855760574,22.61
1413393959.905760527,23.9923
1413393959.955760479,23.4791
1413393960.005760431,22.4542
1413393960.055760384,24.4006
1413393960.105760574,25.227
1413393960.155760527,22.2638
1413393960.205760479,25.2506
1413393960.255760431,25.5577
1413393960.305760384,21.7829
1413393960.355760574,25.2188
1413393960.405760527,26.6063
1413393960.455760479,22.7907
1413393960.505760431,25.4433
1413393960.555760384,23.0373
1413393960.605760574,19.5502
1413393960.655760527,22.7692
1413393960.705760479,25.3486
1413393960.755760431,20.3085
1413393960.805760384,23.0289
1413393960.855760574,22.7214
1413393960.905760527,21.8105
1413393960.955760479,26.4018
1413393961.005760431,23.861
1413393961.055760384,20.037
1413393961.105760574,23.5153
1413393961.155760527,24.0555
1413393961.205760479,20.6549
1413393961.255760431,23.385
1413393961.305760384,25.1837
1413393961.355760574,19.9251
1413393961.405760527,22.7849
1413393961.455760479,23.2817
1413393961.505760431,21.0056
1413393961.555760384,23.8017
1413393961.605760574,24.125
1413393961.655760527,19.8598
1413393961.705760479,22.0106
1413393961.755760431,21.925
1413393961.805760384,19.9563
1413393961.855760574,23.9748
1413393961.905760527,25.1925
1413393961.955760479,23.5203
1413393962.005760431,24.3091
1413393962.055760384,24.6567
1413393962.105760574,22.4349
1413393962.155760527,23.4992
1413393962.205760479,25.849
1413393962.255760431,20.0946
1413393962.305760384,22.2144
1413393962.355760574,22.5342
1413393962.405760527,21.0818
1413393962.455760479,23.3837
1413393962.505760431,21.5964
1413393962.555760384,18.0284
1413393962.605760574,20.2825
1413393962.655760527,22.2213
1413393962.705760479,20.6552
1413393962.755760431,23.4679
1413393962.805760384,21.1892
1413393962.855760574,24.0685
1413393962.905760527,24.1344
1413393962.955760479,21.2544
1413393963.005760431,21.4107
1413393963.055760384,24.7147
1413393963.105760574,23.0017
1413393963.155760527,21.6423
1413393963.205760479,20.5027
1413393963.255760431,22.2917
1413393963.305760384,19.6757
1413393963.355760574,23.8427
1413393963.405760527,23.0548
1413393963.455760479,22.7402
1413393963.505760431,25.9685
1413393963.555760384,24.2235
1413393963.605760574,21.3122
1413393963.655760527,25.4214
1413393963.705760479,25.1231
1413393963.755760431,24.4097
1413393963.805760384,25.6203
1413393963.855760574,24.1052
1413393963.905760527,24.402
1413393963.955760479,27.6843
1413393964.005760431,27.0663
1413393964.055760384,22.5334
1413393964.105760574,24.0965
1413393964.155760527,26.0113
1413393964.205760479,22.3026
1413393964.255760431,27.5274
1413393964.305760384,25.1247
1413393964.355760574,22.1913
1413393964.405760527,26.6115
1413393964.455760479,25.7498
1413393964.505760431,26.5372
1413393964.555760384,26.074
1413393964.605760574,25.3963
1413393964.655760527,21.8022
1413393964.705760479,26.8526
1413393964.755760431,26.2219
1413393964.805760384,21.9748
1413393964.855760574,25.5644
1413393964.905760527,25.4677
1413393964.955760479,21.7912
1413393965.005760431,28.1883
1413393965.055760384,27.8286
1413393965.105760574,21.7983
1413393965.155760527,25.4828
1413393965.205760479,25.1134
1413393965.255760431,20.7244
1413393965.305760384,24.4907
1413393965.355760574,23.5257
1413393965.405760527,20.9458
1413393965.455760479,23.5451
1413393965.505760431,23.0754
1413393965.555760384,20.3463
1413393965.605760574,24.7407
1413393965.655760527,23.8539
1413393965.705760479,21.158
1413393965.755760431,23.1896
1413393965.805760384,26.183
1413393965.855760574,20.9372
1413393965.905760527,25.2135
1413393965.955760479,25.3197
1413393966.005760431,27.8096
1413393966.055760384,26.3807
1413393966.105760574,25.7445
1413393966.155760527,22.193
1413393966.205760479,25.9214
1413393966.255760431,26.893
1413393966.305760384,23.8422
1413393966.355760574,26.9956
1413393966.405760527,26.1274
1413393966.455760479,22.3556
1413393966.505760431,26.0179
1413393966.555760384,28.5836
1413393966.605760574,22.7092
1413393966.655760527,27.1493
1413393966.705760479,25.5388
1413393966.755760431,22.0721
1413393966.805760384,26.0097
1413393966.855760574,26.9705
1413393966.905760527,21.7936
1413393966.955760479,25.0579
1413393967.005760431,26.6672
1413393967.055760384,20.6663
1413393967.105760574,25.6685
1413393967.155760527,23.6327
1413393967.205760479,20.3249
1413393967.255760431,25.189
1413393967.305760384,25.6977
1413393967.355760574,20.4099
1413393967.405760527,25.0418
1413393967.455760479,24.3232
1413393967.505760431,19.8416
1413393967.555760384,25.9079
1413393967.605760574,24.2541
1413393967.655760527,21.7399
1413393967.705760479,23.2366
1413393967.755760431,24.2488
1413393967.805760384,23.7498
1413393967.855760574,23.9552
1413393967.905760527,25.0917
1413393967.955760479,21.6997
1413393968.005760431,23.8841
1413393968.055760384,24.0136
1413393968.105760574,20.6487
1413393968.155760527,26.137
1413393968.205760479,25.4266
1413393968.255760431,23.0646
1413393968.305760384,27.1324
1413393968.355760574,26.3631
1413393968.405760527,21.6435
1413393968.455760479,26.729
1413393968.505760431,25.2159
1413393968.555760384,24.3491
1413393968.605760574,25.3266
1413393968.655760527,28.0496
1413393968.705760479,21.686
1413393968.755760431,24.932
1413393968.805760384,27.8401
1413393968.855760574,21.3439
1413393968.905760527,25.8881
1413393968.955760479,26.5732
1413393969.005760431,21.7092
1413393969.055760384,25.5242
1413393969.105760574,25.754
1413393969.155760527,21.5674
1413393969.205760479,24.1436
1413393969.255760431,25.0742
1413393969.305760384,20.0415
1413393969.355760574,25.1802
1413393969.405760527,25.2357
1413393969.455760479,21.2427
1413393969.505760431,25.5099
1413393969.555760384,26.0514
1413393969.605760574,22.208
1413393969.655760527,27.2123
1413393969.705760479,27.108
1413393969.755760431,20.7687
1413393969.805760384,27.8587
1413393969.855760574,24.2456
1413393969.905760527,23.0792
1413393969.955760479,26.0466
1413393970.005760431,25.926
1413393970.055760384,23.7246
1413393970.105760574,25.8183
1413393970.155760527,26.8567
1413393970.205760479,21.9085
1413393970.255760431,25.3763
1413393970.305760384,25.6813
1413393970.355760574,22.7253
1413393970.405760527,25.868
1413393970.455760479,26.9616
1413393970.505760431,22.6714
1413393970.555760384,26.242
1413393970.605760574,27.9373
1413393970.655760527,25.9523
1413393970.705760479,26.1887
1413393970.755760431,26.0651
1413393970.805760384,21.9755
1413393970.855760574,25.6554
1413393970.905760527,26.6585
1413393970.955760479,22.153
1413393971.005760431,27.9961
1413393971.055760384,26.1396
1413393971.105760574,25.0804
1413393971.155760527,24.817
1413393971.205760479,27.1179
1413393971.255760431,20.411
1413393971.305760384,26.8137
1413393971.355760574,24.8396
1413393971.405760527,21.2596
1413393971.455760479,27.667
1413393971.505760431,25.1817
1413393971.555760384,20.7702
1413393971.605760574,24.9208
1413393971.655760527,27.9166
1413393971.705760479,21.892
1413393971.755760431,26.2108
1413393971.805760384,22.8377
1413393971.855760574,21.9135
1413393971.905760527,28.2193
1413393971.955760479,28.3605
1413393972.005760431,22.2741
1413393972.055760384,28.001
1413393972.105760574,26.2704
1413393972.155760527,22.2695
1413393972.205760479,27.9194
1413393972.255760431,25.668
1413393972.305760384,24.039
1413393972.355760574,28.354
1413393972.405760527,26.4256
1413393972.455760479,22.3178
1413393972.505760431,24.9418
1413393972.555760384,25.2999
1413393972.605760574,22.6055
1413393972.655760527,25.4587
1413393972.705760479,25.4772
1413393972.755760431,21.4307
1413393972.805760384,23.5555
1413393972.855760574,27.8355
1413393972.905760527,23.8511
1413393972.955760479,26.0651
1413393973.005760431,28.362
1413393973.055760384,21.3217
1413393973.105760574,26.5008
1413393973.155760527,26.2579
1413393973.205760479,22.1909
1413393973.255760431,28.2052
1413393973.305760384,28.0021
1413393973.355760574,21.3412
1413393973.405760527,25.9747
1413393973.455760479,26.5993
1413393973.505760431,24.1448
1413393973.555760384,25.4989
1413393973.605760574,26.1457
1413393973.655760527,22.0381
1413393973.705760479,25.9379
1413393973.755760431,24.7117
1413393973.805760384,22.5722
1413393973.855760574,25.7961
1413393973.905760527,25.1322
1413393973.955760479,21.7329
1413393974.005760431,24.8149
1413393974.055760384,23.1884
1413393974.105760574,23.6529
1413393974.155760527,23.616
1413393974.205760479,24.34
1413393974.255760431,23.2749
1413393974.305760384,24.4815
1413393974.355760574,23.9535
1413393974.405760527,24.2982
1413393974.455760479,23.9407
1413393974.505760431,22.9348
1413393974.555760384,25.2949
1413393974.605760574,23.8784
1413393974.655760527,25.0341
1413393974.705760479,22.6771
1413393974.755760431,26.99
1413393974.805760384,25.8139
1413393974.855760574,23.5658
1413393974.905760527,29.2267
1413393974.955760479,28.1223
1413393975.005760431,23.8215
1413393975.055760384,26.9058
1413393975.105760574,26.6252
1413393975.155760527,22.2794
1413393975.205760479,28.2173
1413393975.255760431,26.8971
1413393975.305760384,26.4532
1413393975.355760574,27.4956
1413393975.405760527,27.4021
1413393975.455760479,23.0394
1413393975.505760431,28.8314
1413393975.555760384,25.7838
1413393975.605760574,23.3878
1413393975.655760527,25.0116
1413393975.705760479,28.2727
1413393975.755760431,22.0831
1413393975.805760384,26.7717
1413393975.855760574,27.8949
1413393975.905760527,26.8875
1413393975.955760479,28.8389
1413393976.005760431,27.435
1413393976.055760384,22.3988
1413393976.105760574,28.4612
1413393976.155760527,27.0184
1413393976.205760479,22.6143
1413393976.255760431,25.6725
1413393976.305760384,26.8153
1413393976.355760574,26.8782
1413393976.405760527,27.987
1413393976.455760479,25.9521
1413393976.505760431,22.1443
1413393976.555760384,27.8395
1413393976.605760574,26.733
1413393976.655760527,22.5022
1413393976.705760479,28.4578
1413393976.755760431,27.2717
1413393976.805760384,22.7623
1413393976.855760574,28.3624
1413393976.905760527,26.363
1413393976.955760479,24.9546
1413393977.005760431,26.7326
1413393977.055760384,26.7762
1413393977.105760574,23.1223
1413393977.155760527,28.1836
1413393977.205760479,29.4766
1413393977.255760431,23.3715
1413393977.305760384,28.6128
1413393977.355760574,26.2191
1413393977.405760527,23.0344
1413393977.455760479,28.0738
1413393977.505760431,26.8403
1413393977.555760384,23.3366
1413393977.605760574,28.1696
1413393977.655760527,27.7739
1413393977.705760479,22.691
1413393977.755760431,26.5341
1413393977.805760384,27.3446
1413393977.855760574,22.8035
1413393977.905760527,28.392
1413393977.955760479,27.5622
1413393978.005760431,29.7183
1413393978.055760384,27.3879
1413393978.105760574,30.1503
1413393978.155760527,24.1807
1413393978.205760479,27.4372
1413393978.255760431,27.7232
1413393978.305760384,24.0741
1413393978.355760574,27.2054
1413393978.405760527,27.5832
1413393978.455760479,23.4103
1413393978.505760431,24.0324
1413393978.555760384,26.8691
1413393978.605760574,27.7735
1413393978.655760527,28.8073
1413393978.705760479,29.4596
1413393978.755760431,26.6402
1413393978.805760384,27.9766
1413393978.855760574,28.2979
1413393978.905760527,24.1907
1413393978.955760479,27.5467
1413393979.005760431,29.1087
1413393979.055760384,23.7527
1413393979.105760574,28.12
1413393979.155760527,27.5893
1413393979.205760479,28.2707
1413393979.255760431,28.1666
1413393979.305760384,30.5345
1413393979.355760574,28.2847
1413393979.405760527,28.8506
1413393979.455760479,27.235
1413393979.505760431,24.0169
1413393979.555760384,27.6646
1413393979.605760574,29.3036
1413393979.655760527,24.558
1413393979.705760479,26.9547
1413393979.755760431,29.5297
1413393979.805760384,24.5891
1413393979.855760574,26.6566
1413393979.905760527,27.3881
1413393979.955760479,23.6172
1413393980.005760431,29.3499
1413393980.055760384,25.6844
1413393980.105760574,23.7818
1413393980.155760527,28.4979
1413393980.205760479,27.1215
1413393980.255760431,23.2416
1413393980.305760384,28.3063
1413393980.355760574,25.9617
1413393980.405760527,22.2251
1413393980.455760479,25.7865
1413393980.505760431,25.1529
1413393980.555760384,20.9782
1413393980.605760574,25.3161
1413393980.655760527,26.7001
1413393980.705760479,24.2065
1413393980.755760431,27.4123
1413393980.805760384,26.2105
1413393980.855760574,21.3644
1413393980.905760527,25.1015
1413393980.955760479,26.9989
1413393981.005760431,21.8773
1413393981.055760384,23.2418
1413393981.105760574,26.5539
1413393981.155760527,21.8809
1413393981.205760479,28.1941
1413393981.255760431,26.3502
1413393981.305760384,22.9292
1413393981.355760574,25.664
1413393981.405760527,27.9645
1413393981.455760479,21.493
1413393981.505760431,24.4483
1413393981.555760384,25.8026
1413393981.605760574,21.3386
1413393981.655760527,24.3483
1413393981.705760479,25.4583
1413393981.755760431,21.4677
1413393981.805760384,27.0601
1413393981.855760574,24.6663
1413393981.905760527,20.0572
1413393981.955760479,24.8184
1413393982.005760431,24.7681
1413393982.055760384,26.6075
1413393982.105760574,25.5335
1413393982.155760527,26.0598
1413393982.205760479,20.6024
1413393982.255760431,25.5927
1413393982.305760384,24.3589
1413393982.355760574,23.2481
1413393982.405760527,22.2602
1413393982.455760479,23.3338
1413393982.505760431,19.3327
1413393982.555760384,24.9597
1413393982.605760574,24.4287
1413393982.655760527,17.8892
1413393982.705760479,21.8437
1413393982.755760431,25.068
1413393982.805760384,19.4292
1413393982.855760574,22.2391
1413393982.905760527,25.3488
1413393982.955760479,20.2024
1413393983.005760431,24.3256
1413393983.055760384,22.9543
1413393983.105760574,20.8422
1413393983.155760527,25.9892
1413393983.205760479,23.3173
1413393983.255760431,20.9334
1413393983.305760384,24.4474
1413393983.355760574,24.9371
1413393983.405760527,22.257
1413393983.455760479,24.5721
1413393983.505760431,25.9991
1413393983.555760384,24.6585
1413393983.605760574,26.6745
1413393983.655760527,28.0064
1413393983.705760479,25.1308
1413393983.755760431,26.6624
1413393983.805760384,26.2086
1413393983.855760574,23.6474
1413393983.905760527,25.8368
1413393983.955760479,25.6376
1413393984.005760431,23.6032
1413393984.055760384,22.2746
1413393984.105760574,27.5654
1413393984.155760527,22.1116
1413393984.205760479,24.9404
1413393984.255760431,24.8685
1413393984.305760384,23.683
1413393984.355760574,25.9366
1413393984.405760527,25.6872
1413393984.455760479,23.6085
1413393984.505760431,26.109
1413393984.555760384,27.4434
1413393984.605760574,24.4967
1413393984.655760527,24.6602
1413393984.705760479,23.6502
1413393984.755760431,22.0683
1413393984.805760384,26.5051
1413393984.855760574,27.4745
1413393984.905760527,23.9726
1413393984.955760479,22.2559
1413393985.005760431,23.2235
1413393985.055760384,21.1192
1413393985.105760574,24.8016
1413393985.155760527,25.5728
1413393985.205760479,21.8607
1413393985.255760431,26.0341
1413393985.305760384,25.0137
1413393985.355760574,21.6893
1413393985.405760527,24.4749
1413393985.455760479,27.8015
1413393985.505760431,22.1549
1413393985.555760384,27.2569
1413393985.605760574,25.7295
1413393985.655760527,22.684
1413393985.705760479,26.2432
1413393985.755760431,27.0603
1413393985.805760384,23.1409
1413393985.855760574,26.5136
1413393985.905760527,26.4037
1413393985.955760479,22.1533
1413393986.005760431,23.5184
1413393986.055760384,25.36
1413393986.105760574,21.6503
1413393986.155760527,25.2671
1413393986.205760479,27.1944
1413393986.255760431,25.9702
1413393986.305760384,26.2163
1413393986.355760574,26.4988
1413393986.405760527,25.3291
1413393986.455760479,24.7231
1413393986.505760431,27.1706
1413393986.555760384,25.4334
1413393986.605760574,24.8172
1413393986.655760527,29.785
1413393986.705760479,25.086
1413393986.755760431,27.0393
1413393986.805760384,29.6358
1413393986.855760574,23.0561
1413393986.905760527,28.1984
1413393986.955760479,25.8411
1413393987.005760431,25.1026
1413393987.055760384,27.8407
1413393987.105760574,30.1809
1413393987.155760527,24.866
1413393987.205760479,27.459
1413393987.255760431,26.4987
1413393987.305760384,23.8207
1413393987.355760574,27.4442
1413393987.405760527,28.5876
1413393987.455760479,23.18
1413393987.505760431,26.74
1413393987.555760384,27.1302
1413393987.605760574,25.5716
1413393987.655760527,25.9746
1413393987.705760479,26.1739
1413393987.755760431,25.6312
1413393987.805760384,26.6184
1413393987.855760574,26.28
1413393987.905760527,24.6886
1413393987.955760479,25.5332
1413393988.005760431,28.528
1413393988.055760384,24.611
1413393988.105760574,26.9195
1413393988.155760527,27.3829
1413393988.205760479,23.8403
1413393988.255760431,28.3613
1413393988.305760384,28.4112
1413393988.355760574,24.3839
1413393988.405760527,26.2964
1413393988.455760479,27.5357
1413393988.505760431,26.442
1413393988.555760384,25.3114
1413393988.605760574,24.845
1413393988.655760527,22.5366
1413393988.705760479,24.8594
1413393988.755760431,26.4158
1413393988.805760384,21.6283
1413393988.855760574,27.7502
1413393988.905760527,25.1683
1413393988.955760479,22.2266
1413393989.005760431,25.4696
1413393989.055760384,25.5765
1413393989.105760574,22.5239
1413393989.155760527,27.5971
1413393989.205760479,28.6455
1413393989.255760431,24.3962
1413393989.305760384,24.1685
1413393989.355760574,26.3098
1413393989.405760527,22.5745
1413393989.455760479,26.1377
1413393989.505760431,24.8925
1413393989.555760384,22.0559
1413393989.605760574,25.8761
1413393989.655760527,25.0084
1413393989.705760479,21.9523
1413393989.755760431,24.8355
1413393989.805760384,25.3249
1413393989.855760574,21.7765
1413393989.905760527,25.3802
1413393989.955760479,26.2866
1413393990.005760431,21.4408
1413393990.055760384,27.0755
1413393990.105760574,27.5072
1413393990.155760527,22.1025
1413393990.205760479,24.2356
1413393990.255760431,27.478
1413393990.305760384,21.8934
1413393990.355760574,24.8532
1413393990.405760527,25.7238
1413393990.455760479,23.1344
1413393990.505760431,27.9011
1413393990.555760384,26.9234
1413393990.605760574,25.6169
1413393990.655760527,24.765
1413393990.705760479,27.1257
1413393990.755760431,22.5274
1413393990.805760384,27.6837
1413393990.855760574,25.4755
1413393990.905760527,21.9758
1413393990.955760479,24.9969
1413393991.005760431,25.4858
1413393991.055760384,22.1897
1413393991.105760574,27.552
1413393991.155760527,24.753
1413393991.205760479,22.3233
1413393991.255760431,28.1036
1413393991.305760384,24.1857
1413393991.355760574,19.9051
1413393991.405760527,24.4409
1413393991.455760479,23.565
1413393991.505760431,22.6566
1413393991.555760384,24.7382
1413393991.605760574,27.7489
1413393991.655760527,21.9755
1413393991.705760479,27.6627
1413393991.755760431,26.6351
1413393991.805760384,23.3309
1413393991.855760574,26.0264
1413393991.905760527,26.5146
1413393991.955760479,22.8551
1413393992.005760431,25.8852
1413393992.055760384,24.7186
1413393992.105760574,22.0249
1413393992.155760527,25.9415
1413393992.205760479,26.017
1413393992.255760431,23.1242
1413393992.305760384,27.427
1413393992.355760574,27.5402
1413393992.405760527,22.7411
1413393992.455760479,28.5158
1413393992.505760431,26.923
1413393992.555760384,23.8668
1413393992.605760574,25.5589
1413393992.655760527,29.9894
1413393992.705760479,24.1853
1413393992.755760431,26.312
1413393992.805760384,24.9482
1413393992.855760574,23.1474
1413393992.905760527,26.2905
1413393992.955760479,28.7038
1413393993.005760431,24.014
1413393993.055760384,28.1776
1413393993.105760574,28.3484
1413393993.155760527,22.9444
1413393993.205760479,25.7329
1413393993.255760431,26.9727
1413393993.305760384,23.6664
1413393993.355760574,26.7064
1413393993.405760527,25.8915
1413393993.455760479,23.7264
1413393993.505760431,27.7054
1413393993.555760384,26.2295
1413393993.605760574,23.2684
1413393993.655760527,28.0629
1413393993.705760479,25.8686
1413393993.755760431,22.1257
1413393993.805760384,28.2855
1413393993.855760574,26.6351
1413393993.905760527,20.9693
1413393993.955760479,23.8286
1413393994.005760431,26.3467
1413393994.055760384,20.8973
1413393994.105760574,25.3598
1413393994.155760527,26.1776
1413393994.205760479,21.5012
1413393994.255760431,25.6247
1413393994.305760384,23.8239
1413393994.355760574,23.5943
1413393994.405760527,28.3183
1413393994.455760479,27.6993
1413393994.505760431,23.1276
1413393994.555760384,26.5439
1413393994.605760574,27.8439
1413393994.655760527,22.8106
1413393994.705760479,26.2333
1413393994.755760431,24.6856
1413393994.805760384,23.311
1413393994.855760574,27.5057
1413393994.905760527,28.7948
1413393994.955760479,24.5002
1413393995.005760431,28.5104
1413393995.055760384,28.9825
1413393995.105760574,24.6248
1413393995.155760527,28.7232
1413393995.205760479,28.067
1413393995.255760431,24.4761
1413393995.305760384,28.0232
1413393995.355760574,30.6541
1413393995.405760527,23.5216
1413393995.455760479,28.8579
1413393995.505760431,27.6524
1413393995.555760384,23.5223
1413393995.605760574,28.1533
1413393995.655760527,29.3731
1413393995.705760479,22.9473
1413393995.755760431,27.0726
1413393995.805760384,28.1339
1413393995.855760574,23.1495
1413393995.905760527,25.9382
1413393995.955760479,25.9293
1413393996.005760431,22.7747
1413393996.055760384,24.747
1413393996.105760574,25.4833
1413393996.155760527,22.502
1413393996.205760479,27.8915
1413393996.255760431,24.8635
1413393996.305760384,21.7816
1413393996.355760574,25.6215
1413393996.405760527,28.5367
1413393996.455760479,23.4497
1413393996.505760431,26.8542
1413393996.555760384,29.2937
1413393996.605760574,24.2879
1413393996.655760527,27.6843
1413393996.705760479,25.9331
1413393996.755760431,23.0317
1413393996.805760384,25.6903
1413393996.855760574,27.9097
1413393996.905760527,23.8939
1413393996.955760479,29.5077
1413393997.005760431,26.7491
1413393997.055760384,24.3644
1413393997.105760574,28.1153
1413393997.155760527,27.9536
1413393997.205760479,24.1155
1413393997.255760431,27.802
1413393997.305760384,27.4001
1413393997.355760574,24.4742
1413393997.405760527,28.301
1413393997.455760479,26.4712
1413393997.505760431,25.5756
1413393997.555760384,29.5084
1413393997.605760574,28.5208
1413393997.655760527,24.246
1413393997.705760479,25.7628
1413393997.755760431,24.4386
1413393997.805760384,21.9848
1413393997.855760574,26.3107
1413393997.905760527,23.8947
1413393997.955760479,21.879
1413393998.005760431,28.1796
1413393998.055760384,27.1907
1413393998.105760574,20.7472
1413393998.155760527,24.3485
1413393998.205760479,23.9902
1413393998.255760431,19.9151
1413393998.305760384,25.8103
1413393998.355760574,25.1325
1413393998.405760527,19.5349
1413393998.455760479,24.1596
1413393998.505760431,23.4557
1413393998.555760384,24.3108
1413393998.605760574,24.6063
1413393998.655760527,22.2034
1413393998.705760479,22.9323
1413393998.755760431,24.7679
1413393998.805760384,24.2578
1413393998.855760574,18.042
1413393998.905760527,20.5271
1413393998.955760479,22.0811
1413393999.005760431,19.9826
1413393999.055760384,21.7934
1413393999.105760574,20.5629
1413393999.155760527,19.3983
1413393999.205760479,20.5501
1413393999.255760431,20.9199
1413393999.305760384,17.0349
1413393999.355760574,19.4534
1413393999.405760527,18.3835
1413393999.455760479,20.0031
1413393999.505760431,18.6213
1413393999.555760384,16.6932
1413393999.605760574,16.0677
1413393999.655760527,15.8312
1413393999.705760479,15.3348
1413393999.755760431,14.1088
1413393999.805760384,15.9422
1413393999.855760574,17.8454
1413393999.905760527,14.6105
1413393999.955760479,14.0212
1413394000.005760431,14.0074
1413394000.055760384,11.4965
1413394000.105760574,13.4221
1413394000.155760527,15.3981
1413394000.205760479,16.8596
1413394000.255760431,15.8693
1413394000.305760384,13.1128
1413394000.355760574,12.7201
1413394000.405760527,14.0016
1413394000.455760479,17.5702
1413394000.505760431,13.2054
1413394000.555760384,13.9579
1413394000.605760574,18.3227
1413394000.655760527,11.2574
1413394000.705760479,16.0285
1413394000.755760431,15.0118
1413394000.805760384,12.3347
1413394000.855760574,15.9982
1413394000.905760527,14.5004
1413394000.955760479,11.9052
1413394001.005760431,15.2097
1413394001.055760384,11.0006
1413394001.105760574,11.8389
1413394001.155760527,13.3657
1413394001.205760479,13.7208
1413394001.255760431,12.428
1413394001.305760384,17.1559
1413394001.355760574,14.5453
1413394001.405760527,15.9778
1413394001.455760479,16.4851
1413394001.505760431,14.1469
1413394001.555760384,12.4082
1413394001.605760574,13.5909
1413394001.655760527,14.3467
1413394001.705760479,13.5815
1413394001.755760431,14.3073
1413394001.805760384,14.3149
1413394001.855760574,13.3348
1413394001.905760527,15.113
1413394001.955760479,15.2894
1413394002.005760431,13.8664
1413394002.055760384,12.4592
1413394002.105760574,12.5137
1413394002.155760527,11.0886
1413394002.205760479,14.0581
1413394002.255760431,16.2801
1413394002.305760384,12.5009
1413394002.355760574,12.4528
1413394002.405760527,14.1185
1413394002.455760479,12.5878
1413394002.505760431,13.2019
1413394002.555760384,15.423
1413394002.605760574,12.1631
1413394002.655760527,13.3932
1413394002.705760479,14.1937
1413394002.755760431,12.1195
1413394002.805760384,15.8636
1413394002.855760574,12.3064
1413394002.905760527,14.0542
1413394002.955760479,14.076
1413394003.005760431,17.0602
1413394003.055760384,9.77928
1413394003.105760574,16.2881
1413394003.155760527,12.6067
1413394003.205760479,15.7232
1413394003.255760431,12.7314
1413394003.305760384,14.1089
1413394003.355760574,11.8446
