1413393212.255760431,10.1842
1413393212.305760384,8.83431
1413393212.355760574,10.1889
1413393212.405760527,12.1631
1413393212.455760479,10.7528
1413393212.505760431,10.3713
1413393212.555760384,9.95272
1413393212.605760574,11.1398
1413393212.655760527,10.7819
1413393212.705760479,8.99864
1413393212.755760431,9.55065
1413393212.805760384,9.12944
1413393212.855760574,9.01534
1413393212.905760527,11.6321
1413393212.955760479,11.5347
1413393213.005760431,12.5083
1413393213.055760384,9.74784
1413393213.105760574,9.27468
1413393213.155760527,8.69356
1413393213.205760479,8.69154
1413393213.255760431,11.7234
1413393213.305760384,11.9153
1413393213.355760574,12.629
1413393213.405760527,12.506
1413393213.455760479,12.1545
1413393213.505760431,12.7817
1413393213.555760384,9.35347
1413393213.605760574,14.3775
1413393213.655760527,11.4274
1413393213.705760479,10.1766
1413393213.755760431,10.922
1413393213.805760384,10.9474
1413393213.855760574,9.26498
1413393213.905760527,7.90235
1413393213.955760479,9.70691
1413393214.005760431,12.3227
1413393214.055760384,11.7395
1413393214.105760574,10.8136
1413393214.155760527,11.9426
1413393214.205760479,9.77371
1413393214.255760431,10.3553
1413393214.305760384,11.3044
1413393214.355760574,11.2574
1413393214.405760527,10.647
1413393214.455760479,11.6582
1413393214.505760431,11.51
1413393214.555760384,10.3401
1413393214.605760574,10.3532
1413393214.655760527,12.1569
1413393214.705760479,11.2255
1413393214.755760431,8.80719
1413393214.805760384,11.2658
1413393214.855760574,10.2796
1413393214.905760527,12.3603
1413393214.955760479,7.96268
1413393215.005760431,10.4221
1413393215.055760384,12.0065
1413393215.105760574,11.7517
1413393215.155760527,10.6899
1413393215.205760479,9.99202
1413393215.255760431,12.0808
1413393215.305760384,10.5969
1413393215.355760574,10.8358
1413393215.405760527,10.9402
1413393215.455760479,8.99904
1413393215.505760431,10.6321
1413393215.555760384,9.90814
1413393215.605760574,9.93698
1413393215.655760527,11.415
1413393215.705760479,8.99769
1413393215.755760431,10.024
1413393215.805760384,11.4834
1413393215.855760574,9.44699
1413393215.905760527,9.54591
1413393215.955760479,10.6633
1413393216.005760431,8.94365
1413393216.055760384,8.74076
1413393216.105760574,13.7338
1413393216.155760527,12.6753
1413393216.205760479,8.93093
1413393216.255760431,11.278
1413393216.305760384,10.8824
1413393216.355760574,9.43132
1413393216.405760527,11.6597
1413393216.455760479,11.2859
1413393216.505760431,10.8974
1413393216.555760384,13.3051
1413393216.605760574,27.7665
1413393216.655760527,24.3153
1413393216.705760479,23.6806
1413393216.755760431,26.8601
1413393216.805760384,25.9674
1413393216.855760574,26.6346
1413393216.905760527,23.4909
1413393216.955760479,24.1542
1413393217.005760431,26.2713
1413393217.055760384,23.7658
1413393217.105760574,24.9364
1413393217.155760527,27.896
1413393217.205760479,26.3729
1413393217.255760431,26.276
1413393217.305760384,26.947
1413393217.355760574,23.0367
1413393217.405760527,23.7782
1413393217.455760479,24.4164
1413393217.505760431,25.3245
1413393217.555760384,26.4345
1413393217.605760574,24.6885
1413393217.655760527,24.4271
1413393217.705760479,26.2774
1413393217.755760431,23.9714
1413393217.805760384,23.7571
1413393217.855760574,27.0235
1413393217.905760527,26.3055
1413393217.955760479,24.8558
1413393218.005760431,22.1965
1413393218.055760384,25.6062
1413393218.105760574,24.8722
1413393218.155760527,22.8162
1413393218.205760479,21.6564
1413393218.255760431,24.9823
1413393218.305760384,25.9288
1413393218.355760574,26.4351
1413393218.405760527,23.675
1413393218.455760479,20.1651
1413393218.505760431,20.5615
1413393218.555760384,23.0174
1413393218.605760574,20.512
1413393218.655760527,23.7689
1413393218.705760479,24.0328
1413393218.755760431,22.789
1413393218.805760384,20.9387
1413393218.855760574,24.8563
1413393218.905760527,23.8452
1413393218.955760479,23.6211
1413393219.005760431,19.976
1413393219.055760384,23.101
1413393219.105760574,22.5995
1413393219.155760527,22.3206
1413393219.205760479,20.3607
1413393219.255760431,24.2728
1413393219.305760384,26.0571
1413393219.355760574,25.3409
1413393219.405760527,21.2764
1413393219.455760479,19.923
1413393219.505760431,27.4152
1413393219.555760384,24.1341
1413393219.605760574,20.838
1413393219.655760527,20.4006
1413393219.705760479,24.973
1413393219.755760431,25.0609
1413393219.805760384,21.4685
1413393219.855760574,25.093
1413393219.905760527,23.6923
1413393219.955760479,25.7954
1413393220.005760431,21.9078
1413393220.055760384,20.6044
1413393220.105760574,26.6923
1413393220.155760527,23.6816
1413393220.205760479,21.9087
1413393220.255760431,20.6075
1413393220.305760384,27.5626
1413393220.355760574,25.9996
1413393220.405760527,21.7544
1413393220.455760479,22.7822
1413393220.505760431,24.5161
1413393220.555760384,25.077
1413393220.605760574,22.6011
1413393220.655760527,22.4712
1413393220.705760479,21.9904
1413393220.755760431,27.5192
1413393220.805760384,21.9585
1413393220.855760574,22.1451
1413393220.905760527,23.9273
1413393220.955760479,27.3239
1413393221.005760431,22.367
1413393221.055760384,22.315
1413393221.105760574,22.284
1413393221.155760527,27.5164
1413393221.205760479,22.6396
1413393221.255760431,22.5695
1413393221.305760384,25.7664
1413393221.355760574,26.1214
1413393221.405760527,22.1576
1413393221.455760479,22.5437
1413393221.505760431,24.7734
1413393221.555760384,25.3513
1413393221.605760574,22.9702
1413393221.655760527,22.8735
1413393221.705760479,21.5907
1413393221.755760431,26.1113
1413393221.805760384,22.69
1413393221.855760574,23.1135
1413393221.905760527,22.0701
1413393221.955760479,23.2053
1413393222.005760431,26.6311
1413393222.055760384,30.5753
1413393222.105760574,30.2692
1413393222.155760527,28.2191
1413393222.205760479,23.4953
1413393222.255760431,23.6848
1413393222.305760384,25.6166
1413393222.355760574,25.9265
1413393222.405760527,23.0233
1413393222.455760479,23.21
1413393222.505760431,25.4972
1413393222.555760384,26.8985
1413393222.605760574,23.2314
1413393222.655760527,23.3216
1413393222.705760479,27.2768
1413393222.755760431,29.6297
1413393222.805760384,23.241
1413393222.855760574,23.465
1413393222.905760527,26.9221
1413393222.955760479,28.9748
1413393223.005760431,23.2834
1413393223.055760384,23.2815
1413393223.105760574,27.5007
1413393223.155760527,28.1367
1413393223.205760479,23.1414
1413393223.255760431,23.228
1413393223.305760384,24.8736
1413393223.355760574,24.4282
1413393223.405760527,23.3341
1413393223.455760479,22.8006
1413393223.505760431,23.6986
1413393223.555760384,27.6814
1413393223.605760574,22.5546
1413393223.655760527,22.8176
1413393223.705760479,22.6676
1413393223.755760431,25.0723
1413393223.805760384,22.1854
1413393223.855760574,22.4756
1413393223.905760527,25.2225
1413393223.955760479,23.5085
1413393224.005760431,22.308
1413393224.055760384,21.9271
1413393224.105760574,24.5562
1413393224.155760527,23.1819
1413393224.205760479,21.3561
1413393224.255760431,21.4193
1413393224.305760384,21.8784
1413393224.355760574,24.9289
1413393224.405760527,21.1953
1413393224.455760479,20.8801
1413393224.505760431,24.5686
1413393224.555760384,26.0173
1413393224.605760574,21.2433
1413393224.655760527,21.5648
1413393224.705760479,23.3089
1413393224.755760431,22.8674
1413393224.805760384,22.8146
1413393224.855760574,22.4323
1413393224.905760527,23.6332
1413393224.955760479,26.3244
1413393225.005760431,22.523
1413393225.055760384,22.7208
1413393225.105760574,22.8881
1413393225.155760527,24.4468
1413393225.205760479,21.9191
1413393225.255760431,22.008
1413393225.305760384,24.227
1413393225.355760574,26.9079
1413393225.405760527,20.9668
1413393225.455760479,21.4247
1413393225.505760431,25.0829
1413393225.555760384,25.3976
1413393225.605760574,20.2915
1413393225.655760527,20.5358
1413393225.705760479,21.796
1413393225.755760431,24.0349
1413393225.805760384,20.8606
1413393225.855760574,21.266
1413393225.905760527,22.2066
1413393225.955760479,23.3389
1413393226.005760431,21.5043
1413393226.055760384,21.3451
1413393226.105760574,22.1902
1413393226.155760527,20.7904
1413393226.205760479,21.0504
1413393226.255760431,20.6136
1413393226.305760384,23.7401
1413393226.355760574,24.5534
1413393226.405760527,20.3264
1413393226.455760479,20.6315
1413393226.505760431,21.2321
1413393226.555760384,23.676
1413393226.605760574,19.7408
1413393226.655760527,19.8967
1413393226.705760479,23.0697
1413393226.755760431,21.966
1413393226.805760384,20.9007
1413393226.855760574,20.6323
1413393226.905760527,22.3988
1413393226.955760479,25.3551
1413393227.005760431,19.6092
1413393227.055760384,20.2256
1413393227.105760574,22.6737
1413393227.155760527,22.1904
1413393227.205760479,20.7057
1413393227.255760431,20.3429
1413393227.305760384,21.3762
1413393227.355760574,25.2042
1413393227.405760527,20.9978
1413393227.455760479,20.8596
1413393227.505760431,25.289
1413393227.555760384,25.9218
1413393227.605760574,21.405
1413393227.655760527,21.3899
1413393227.705760479,23.13
1413393227.755760431,24.5874
1413393227.805760384,21.5222
1413393227.855760574,21.0563
1413393227.905760527,21.7815
1413393227.955760479,25.3742
1413393228.005760431,21.4607
1413393228.055760384,20.9907
1413393228.105760574,24.572
1413393228.155760527,24.0416
1413393228.205760479,22.1279
1413393228.255760431,20.675
1413393228.305760384,26.4188
1413393228.355760574,27.1395
1413393228.405760527,21.6458
1413393228.455760479,21.6063
1413393228.505760431,23.2056
1413393228.555760384,25.9259
1413393228.605760574,21.6755
1413393228.655760527,21.3884
1413393228.705760479,19.6029
1413393228.755760431,25.935
1413393228.805760384,21.8093
1413393228.855760574,22.232
1413393228.905760527,23.1692
1413393228.955760479,23.6435
1413393229.005760431,21.3044
1413393229.055760384,20.0837
1413393229.105760574,25.3341
1413393229.155760527,27.2353
1413393229.205760479,21.3994
1413393229.255760431,21.3014
1413393229.305760384,19.5561
1413393229.355760574,23.5793
1413393229.405760527,20.1029
1413393229.455760479,20.1828
1413393229.505760431,23.9408
1413393229.555760384,22.8488
1413393229.605760574,20.6988
1413393229.655760527,22.4575
1413393229.705760479,22.7502
1413393229.755760431,22.5095
1413393229.805760384,20.1121
1413393229.855760574,19.77
1413393229.905760527,20.6471
1413393229.955760479,24.0894
1413393230.005760431,20.0679
1413393230.055760384,21.34
1413393230.105760574,21.2211
1413393230.155760527,23.6348
1413393230.205760479,20.7551
1413393230.255760431,19.1955
1413393230.305760384,22.0552
1413393230.355760574,25.97
1413393230.405760527,20.6353
1413393230.455760479,20.4305
1413393230.505760431,23.3981
1413393230.555760384,24.0879
1413393230.605760574,20.7568
1413393230.655760527,18.9342
1413393230.705760479,25.8032
1413393230.755760431,23.5763
1413393230.805760384,20.7291
1413393230.855760574,20.868
1413393230.905760527,22.8105
1413393230.955760479,23.9163
1413393231.005760431,21.7252
1413393231.055760384,20.1037
1413393231.105760574,26.1954
1413393231.155760527,22.1498
1413393231.205760479,20.6391
1413393231.255760431,20.5014
1413393231.305760384,17.9391
1413393231.355760574,21.9542
1413393231.405760527,21.3367
1413393231.455760479,19.7617
1413393231.505760431,26.4239
1413393231.555760384,24.0233
1413393231.605760574,21.6028
1413393231.655760527,21.8979
1413393231.705760479,23.9143
1413393231.755760431,24.7044
1413393231.805760384,21.5402
1413393231.855760574,21.5665
1413393231.905760527,20.9378
1413393231.955760479,25.3026
1413393232.005760431,21.5201
1413393232.055760384,21.9654
1413393232.105760574,17.1606
1413393232.155760527,18.6619
1413393232.205760479,22.8548
1413393232.255760431,27.3859
1413393232.305760384,24.2251
1413393232.355760574,22.3635
1413393232.405760527,20.0833
1413393232.455760479,19.7405
1413393232.505760431,23.1371
1413393232.555760384,23.1149
1413393232.605760574,18.9068
1413393232.655760527,19.3119
1413393232.705760479,20.8811
1413393232.755760431,20.9651
1413393232.805760384,19.4487
1413393232.855760574,20.6012
1413393232.905760527,18.6374
1413393232.955760479,23.6816
1413393233.005760431,18.9182
1413393233.055760384,18.5867
1413393233.105760574,22.1612
1413393233.155760527,20.7906
1413393233.205760479,18.6742
1413393233.255760431,19.0095
1413393233.305760384,22.4143
1413393233.355760574,23.6266
1413393233.405760527,19.1264
1413393233.455760479,18.3165
1413393233.505760431,20.665
1413393233.555760384,21.4975
1413393233.605760574,18.8859
1413393233.655760527,18.9365
1413393233.705760479,20.76
1413393233.755760431,22.5255
1413393233.805760384,19.3626
1413393233.855760574,18.3737
1413393233.905760527,16.3688
1413393233.955760479,21.7141
1413393234.005760431,20.4849
1413393234.055760384,19.5605
1413393234.105760574,22.8111
1413393234.155760527,21.3421
1413393234.205760479,22.9327
1413393234.255760431,19.7836
1413393234.305760384,19.0745
1413393234.355760574,20.5557
1413393234.405760527,17.7875
1413393234.455760479,16.736
1413393234.505760431,16.1913
1413393234.555760384,15.7245
1413393234.605760574,12.5098
1413393234.655760527,10.8676
1413393234.705760479,18.2391
1413393234.755760431,18.7626
1413393234.805760384,19.4924
1413393234.855760574,18.9786
1413393234.905760527,22.2618
1413393234.955760479,23.6833
1413393235.005760431,22.4034
1413393235.055760384,21.8791
1413393235.105760574,22.7937
1413393235.155760527,24.7638
1413393235.205760479,22.5563
1413393235.255760431,21.8723
1413393235.305760384,19.7687
1413393235.355760574,27.1051
1413393235.405760527,22.5504
1413393235.455760479,22.0409
1413393235.505760431,24.5834
1413393235.555760384,24.9637
1413393235.605760574,21.8421
1413393235.655760527,21.6691
1413393235.705760479,25.0176
1413393235.755760431,24.9874
1413393235.805760384,21.6812
1413393235.855760574,21.68
1413393235.905760527,22.8683
1413393235.955760479,24.8169
1413393236.005760431,22.1531
1413393236.055760384,22.0818
1413393236.105760574,20.7971
1413393236.155760527,23.8083
1413393236.205760479,21.1649
1413393236.255760431,21.0161
1413393236.305760384,22.7025
1413393236.355760574,24.5355
1413393236.405760527,20.0741
1413393236.455760479,20.3105
1413393236.505760431,22.7578
1413393236.555760384,23.2839
1413393236.605760574,19.7022
1413393236.655760527,21.1622
1413393236.705760479,22.7501
1413393236.755760431,24.3382
1413393236.805760384,20.067
1413393236.855760574,19.7634
1413393236.905760527,18.4986
1413393236.955760479,24.7971
1413393237.005760431,19.6364
1413393237.055760384,20.903
1413393237.105760574,21.9574
1413393237.155760527,24.043
1413393237.205760479,19.0335
1413393237.255760431,19.2033
1413393237.305760384,19.2847
1413393237.355760574,21.8988
1413393237.405760527,19.2602
1413393237.455760479,18.8445
1413393237.505760431,19.4774
1413393237.555760384,24.0423
1413393237.605760574,19.0671
1413393237.655760527,19.1655
1413393237.705760479,21.352
1413393237.755760431,25.3987
1413393237.805760384,19.9569
1413393237.855760574,19.9709
1413393237.905760527,22.4175
1413393237.955760479,23.1596
1413393238.005760431,20.0687
1413393238.055760384,19.7332
1413393238.105760574,25.2918
1413393238.155760527,25.0689
1413393238.205760479,19.795
1413393238.255760431,19.4887
1413393238.305760384,23.2433
1413393238.355760574,22.766
1413393238.405760527,19.9947
1413393238.455760479,20.0128
1413393238.505760431,18.3135
1413393238.555760384,23.0074
1413393238.605760574,19.9193
1413393238.655760527,19.4305
1413393238.705760479,20.733
1413393238.755760431,23.7628
1413393238.805760384,20.5572
1413393238.855760574,20.1187
1413393238.905760527,19.1413
1413393238.955760479,21.6555
1413393239.005760431,19.0999
1413393239.055760384,19.3883
1413393239.105760574,21.751
1413393239.155760527,22.9737
1413393239.205760479,19.9768
1413393239.255760431,20.712
1413393239.305760384,18.1659
1413393239.355760574,22.159
1413393239.405760527,20.7424
1413393239.455760479,20.4546
1413393239.505760431,22.0217
1413393239.555760384,23.257
1413393239.605760574,20.4252
1413393239.655760527,19.4864
1413393239.705760479,19.421
1413393239.755760431,21.7265
1413393239.805760384,19.3813
1413393239.855760574,18.9903
1413393239.905760527,19.3197
1413393239.955760479,23.9645
1413393240.005760431,19.5884
1413393240.055760384,19.3431
1413393240.105760574,22.6288
1413393240.155760527,22.7515
1413393240.205760479,19.7676
1413393240.255760431,19.5689
1413393240.305760384,19.0131
1413393240.355760574,22.4011
1413393240.405760527,20.1804
1413393240.455760479,19.9287
1413393240.505760431,18.9135
1413393240.555760384,22.3726
1413393240.605760574,18.8592
1413393240.655760527,19.0268
1413393240.705760479,19.9101
1413393240.755760431,22.8182
1413393240.805760384,19.6682
1413393240.855760574,19.3517
1413393240.905760527,21.5267
1413393240.955760479,22.8265
1413393241.005760431,18.8681
1413393241.055760384,19.0523
1413393241.105760574,17.3789
1413393241.155760527,24.6338
1413393241.205760479,19.8471
1413393241.255760431,19.4152
1413393241.305760384,18.3704
1413393241.355760574,20.8096
1413393241.405760527,19.7024
1413393241.455760479,18.807
1413393241.505760431,21.5524
1413393241.555760384,20.7202
1413393241.605760574,19.8801
1413393241.655760527,19.2539
1413393241.705760479,18.1409
1413393241.755760431,24.4908
1413393241.805760384,19.2493
1413393241.855760574,19.3875
1413393241.905760527,20.6154
1413393241.955760479,24.1811
1413393242.005760431,19.2613
1413393242.055760384,19.1194
1413393242.105760574,18.6731
1413393242.155760527,24.228
1413393242.205760479,18.7206
1413393242.255760431,18.596
1413393242.305760384,19.2754
1413393242.355760574,23.8723
1413393242.405760527,18.9411
1413393242.455760479,18.836
1413393242.505760431,17.7333
1413393242.555760384,20.5985
1413393242.605760574,18.8819
1413393242.655760527,18.3937
1413393242.705760479,18.2263
1413393242.755760431,20.9746
1413393242.805760384,18.8085
1413393242.855760574,19.1635
1413393242.905760527,18.7758
1413393242.955760479,23.6152
1413393243.005760431,19.0981
1413393243.055760384,18.7067
1413393243.105760574,17.4613
1413393243.155760527,20.9177
1413393243.205760479,18.3851
1413393243.255760431,18.9431
1413393243.305760384,17.085
1413393243.355760574,22.1688
1413393243.405760527,18.3502
1413393243.455760479,17.8499
1413393243.505760431,16.0066
1413393243.555760384,23.3676
1413393243.605760574,18.504
1413393243.655760527,18.8871
1413393243.705760479,18.1386
1413393243.755760431,21.036
1413393243.805760384,18.3948
1413393243.855760574,18.6537
1413393243.905760527,17.4168
1413393243.955760479,21.9594
1413393244.005760431,19.4126
1413393244.055760384,19.4229
1413393244.105760574,20.5115
1413393244.155760527,24.6476
1413393244.205760479,19.6199
1413393244.255760431,19.3144
1413393244.305760384,18.7034
1413393244.355760574,22.7069
1413393244.405760527,18.9743
1413393244.455760479,19.5115
1413393244.505760431,17.5049
1413393244.555760384,24.2996
1413393244.605760574,19.1884
1413393244.655760527,19.2434
1413393244.705760479,20.126
1413393244.755760431,24.0276
1413393244.805760384,19.7578
1413393244.855760574,19.8386
1413393244.905760527,18.2156
1413393244.955760479,22.4546
1413393245.005760431,19.976
1413393245.055760384,19.9304
1413393245.105760574,18.4551
1413393245.155760527,23.6298
1413393245.205760479,20.1382
1413393245.255760431,20.2746
1413393245.305760384,18.656
1413393245.355760574,24.8855
1413393245.405760527,20.4009
1413393245.455760479,20.5099
1413393245.505760431,22.3203
1413393245.555760384,24.8603
1413393245.605760574,19.9593
1413393245.655760527,20.8242
1413393245.705760479,19.5202
1413393245.755760431,25.8264
1413393245.805760384,20.7202
1413393245.855760574,20.5472
1413393245.905760527,20.0546
1413393245.955760479,22.8491
1413393246.005760431,20.245
1413393246.055760384,20.2489
1413393246.105760574,18.6019
1413393246.155760527,23.5137
1413393246.205760479,20.0033
1413393246.255760431,20.5732
1413393246.305760384,19.0276
1413393246.355760574,23.0947
1413393246.405760527,21.0545
1413393246.455760479,21.4637
1413393246.505760431,18.8097
1413393246.555760384,25.4345
1413393246.605760574,20.2381
1413393246.655760527,20.2907
1413393246.705760479,18.6217
1413393246.755760431,23.6596
1413393246.805760384,20.7457
1413393246.855760574,20.9837
1413393246.905760527,19.2873
1413393246.955760479,22.6411
1413393247.005760431,20.2898
1413393247.055760384,20.2469
1413393247.105760574,20.4932
1413393247.155760527,22.4888
1413393247.205760479,19.357
1413393247.255760431,19.5752
1413393247.305760384,17.2974
1413393247.355760574,20.1472
1413393247.405760527,18.4553
1413393247.455760479,17.8603
1413393247.505760431,15.9932
1413393247.555760384,23.0578
1413393247.605760574,18.7303
1413393247.655760527,17.9006
1413393247.705760479,17.994
1413393247.755760431,22.766
1413393247.805760384,18.098
1413393247.855760574,18.3068
1413393247.905760527,16.6381
1413393247.955760479,22.0822
1413393248.005760431,18.8351
1413393248.055760384,19.1492
1413393248.105760574,17.7068
1413393248.155760527,21.2259
1413393248.205760479,19.1148
1413393248.255760431,19.538
1413393248.305760384,16.962
1413393248.355760574,22.0254
1413393248.405760527,20.301
1413393248.455760479,20.0972
1413393248.505760431,19.1795
1413393248.555760384,19.4379
1413393248.605760574,19.7879
1413393248.655760527,20.9772
1413393248.705760479,17.9207
1413393248.755760431,22.7653
1413393248.805760384,20.7222
1413393248.855760574,20.5184
1413393248.905760527,19.3635
1413393248.955760479,24.2991
1413393249.005760431,20.9131
1413393249.055760384,20.941
1413393249.105760574,21.6753
1413393249.155760527,20.4317
1413393249.205760479,21.6244
1413393249.255760431,21.0732
1413393249.305760384,19.7241
1413393249.355760574,25.5953
1413393249.405760527,21.2548
1413393249.455760479,20.9958
1413393249.505760431,21.8395
1413393249.555760384,25.7033
1413393249.605760574,21.6709
1413393249.655760527,21.7924
1413393249.705760479,22.7597
1413393249.755760431,26.3229
1413393249.805760384,21.2049
1413393249.855760574,22.7932
1413393249.905760527,22.2434
1413393249.955760479,22.3261
1413393250.005760431,20.2495
1413393250.055760384,20.8108
1413393250.105760574,19.1551
1413393250.155760527,26.3968
1413393250.205760479,20.1864
1413393250.255760431,20.2463
1413393250.305760384,19.2343
1413393250.355760574,26.7458
1413393250.405760527,20.7985
1413393250.455760479,20.5652
1413393250.505760431,20.8883
1413393250.555760384,24.2073
1413393250.605760574,20.5123
1413393250.655760527,20.2919
1413393250.705760479,21.3402
1413393250.755760431,24.1753
1413393250.805760384,20.0837
1413393250.855760574,19.8332
1413393250.905760527,19.1549
1413393250.955760479,23.2402
1413393251.005760431,20.2429
1413393251.055760384,20.2434
1413393251.105760574,20.4318
1413393251.155760527,23.6443
1413393251.205760479,21.2133
1413393251.255760431,21.5709
1413393251.305760384,20.8983
1413393251.355760574,20.7061
1413393251.405760527,21.0756
1413393251.455760479,21.201
1413393251.505760431,19.4808
1413393251.555760384,25.3645
1413393251.605760574,21.2998
1413393251.655760527,21.4076
1413393251.705760479,21.2085
1413393251.755760431,23.5184
1413393251.805760384,19.95
1413393251.855760574,20.1821
1413393251.905760527,17.8807
1413393251.955760479,23.9304
1413393252.005760431,20.1453
1413393252.055760384,20.0936
1413393252.105760574,20.6032
1413393252.155760527,21.4164
1413393252.205760479,20.7595
1413393252.255760431,20.8534
1413393252.305760384,23.9522
1413393252.355760574,24.2843
1413393252.405760527,21.8228
1413393252.455760479,21.2045
1413393252.505760431,20.1284
1413393252.555760384,26.841
1413393252.605760574,21.0686
1413393252.655760527,21.2914
1413393252.705760479,22.6115
1413393252.755760431,24.7788
1413393252.805760384,21.7033
1413393252.855760574,21.2934
1413393252.905760527,20.1264
1413393252.955760479,24.0831
1413393253.005760431,21.4682
1413393253.055760384,21.4388
1413393253.105760574,23.3351
1413393253.155760527,24.8749
1413393253.205760479,20.5426
1413393253.255760431,20.6316
1413393253.305760384,19.4231
1413393253.355760574,24.0166
1413393253.405760527,20.1869
1413393253.455760479,20.8653
1413393253.505760431,23.5887
1413393253.555760384,24.0682
1413393253.605760574,20.6546
1413393253.655760527,21.0092
1413393253.705760479,22.6325
1413393253.755760431,23.0754
1413393253.805760384,20.6152
1413393253.855760574,20.6457
1413393253.905760527,21.2224
1413393253.955760479,23.8397
1413393254.005760431,20.0385
1413393254.055760384,19.9583
1413393254.105760574,21.6256
1413393254.155760527,24.4682
1413393254.205760479,20.3786
1413393254.255760431,20.0678
1413393254.305760384,22.4597
1413393254.355760574,22.7922
1413393254.405760527,20.5706
1413393254.455760479,20.1896
1413393254.505760431,22.4796
1413393254.555760384,23.3719
1413393254.605760574,19.4857
1413393254.655760527,19.8632
1413393254.705760479,21.5784
1413393254.755760431,21.9878
1413393254.805760384,19.8606
1413393254.855760574,20.2268
1413393254.905760527,19.6342
1413393254.955760479,24.2416
1413393255.005760431,18.9711
1413393255.055760384,19.2854
1413393255.105760574,19.0761
1413393255.155760527,22.8864
1413393255.205760479,19.7428
1413393255.255760431,19.2569
1413393255.305760384,20.1908
1413393255.355760574,21.7684
1413393255.405760527,19.1778
1413393255.455760479,19.0954
1413393255.505760431,20.5761
1413393255.555760384,22.6899
1413393255.605760574,19.5967
1413393255.655760527,19.5209
1413393255.705760479,19.4121
1413393255.755760431,25.0625
1413393255.805760384,19.6893
1413393255.855760574,19.5156
1413393255.905760527,20.5766
1413393255.955760479,24.9371
1413393256.005760431,19.2327
1413393256.055760384,19.4744
1413393256.105760574,17.6804
1413393256.155760527,21.3163
1413393256.205760479,19.4021
1413393256.255760431,18.933
1413393256.305760384,23.375
1413393256.355760574,22.2929
1413393256.405760527,19.2546
1413393256.455760479,18.8477
1413393256.505760431,17.3126
1413393256.555760384,20.7554
1413393256.605760574,19.4602
1413393256.655760527,19.2711
1413393256.705760479,19.5488
1413393256.755760431,21.6604
1413393256.805760384,18.9976
1413393256.855760574,19.4155
1413393256.905760527,19.8872
1413393256.955760479,22.0801
1413393257.005760431,19.2054
1413393257.055760384,19.1021
1413393257.105760574,17.6114
1413393257.155760527,20.2661
1413393257.205760479,19.423
1413393257.255760431,19.2536
1413393257.305760384,22.7152
1413393257.355760574,23.3623
1413393257.405760527,18.0815
1413393257.455760479,18.6004
1413393257.505760431,17.9617
1413393257.555760384,20.1571
1413393257.605760574,19.3289
1413393257.655760527,18.6218
1413393257.705760479,20.717
1413393257.755760431,21.1818
1413393257.805760384,19.2859
1413393257.855760574,18.5144
1413393257.905760527,19.7464
1413393257.955760479,23.0368
1413393258.005760431,19.4008
1413393258.055760384,18.9451
1413393258.105760574,17.5286
1413393258.155760527,22.5692
1413393258.205760479,19.3158
1413393258.255760431,18.8403
1413393258.305760384,17.657
1413393258.355760574,22.8978
1413393258.405760527,18.8453
1413393258.455760479,18.5417
1413393258.505760431,16.1412
1413393258.555760384,21.4824
1413393258.605760574,18.8422
1413393258.655760527,18.9003
1413393258.705760479,19.2375
1413393258.755760431,23.5651
1413393258.805760384,18.8255
1413393258.855760574,18.7201
1413393258.905760527,17.2689
1413393258.955760479,22.2228
1413393259.005760431,19.1657
1413393259.055760384,19.2495
1413393259.105760574,21.1958
1413393259.155760527,22.3883
1413393259.205760479,19.3085
1413393259.255760431,19.2911
1413393259.305760384,19.843
1413393259.355760574,22.1924
1413393259.405760527,18.8644
1413393259.455760479,18.707
1413393259.505760431,20.376
1413393259.555760384,22.2169
1413393259.605760574,19.5336
1413393259.655760527,19.0396
1413393259.705760479,19.2716
1413393259.755760431,21.7929
1413393259.805760384,18.7712
1413393259.855760574,18.3053
1413393259.905760527,16.8664
1413393259.955760479,20.0112
1413393260.005760431,18.9531
1413393260.055760384,18.8296
1413393260.105760574,16.9083
1413393260.155760527,24.199
1413393260.205760479,18.6455
1413393260.255760431,18.8587
1413393260.305760384,19.4898
1413393260.355760574,22.2059
1413393260.405760527,18.6738
1413393260.455760479,18.2537
1413393260.505760431,17.2527
1413393260.555760384,20.3665
1413393260.605760574,19.8414
1413393260.655760527,19.1138
1413393260.705760479,21.5472
1413393260.755760431,21.9033
1413393260.805760384,19.8477
1413393260.855760574,20.7963
1413393260.905760527,17.6127
1413393260.955760479,24.6754
1413393261.005760431,18.5161
1413393261.055760384,18.4589
1413393261.105760574,19.5348
1413393261.155760527,24.0834
1413393261.205760479,19.2323
1413393261.255760431,19.0794
1413393261.305760384,18.095
1413393261.355760574,23.1694
1413393261.405760527,19.6242
1413393261.455760479,19.0586
1413393261.505760431,16.5001
1413393261.555760384,23.2519
1413393261.605760574,17.9736
1413393261.655760527,17.2573
1413393261.705760479,18.8853
1413393261.755760431,22.6932
1413393261.805760384,18.2028
1413393261.855760574,18.3109
1413393261.905760527,15.9468
1413393261.955760479,21.7595
1413393262.005760431,18.554
1413393262.055760384,18.1912
1413393262.105760574,19.7599
1413393262.155760527,21.0868
1413393262.205760479,20.2662
1413393262.255760431,20.2888
1413393262.305760384,18.0806
1413393262.355760574,22.307
1413393262.405760527,20.6109
1413393262.455760479,20.0707
1413393262.505760431,21.8073
1413393262.555760384,22.3906
1413393262.605760574,20.53
1413393262.655760527,20.9997
1413393262.705760479,19.3812
1413393262.755760431,25.7985
1413393262.805760384,21.3136
1413393262.855760574,22.8342
1413393262.905760527,22.4872
1413393262.955760479,24.4864
1413393263.005760431,21.6731
1413393263.055760384,20.7511
1413393263.105760574,18.6963
1413393263.155760527,23.6334
1413393263.205760479,21.1861
1413393263.255760431,20.7531
1413393263.305760384,22.2017
1413393263.355760574,24.6954
1413393263.405760527,20.9458
1413393263.455760479,20.6954
1413393263.505760431,24.3204
1413393263.555760384,23.2671
1413393263.605760574,21.1583
1413393263.655760527,21.1549
1413393263.705760479,18.7602
1413393263.755760431,23.0544
1413393263.805760384,21.2664
1413393263.855760574,21.0069
1413393263.905760527,18.9025
1413393263.955760479,24.5751
1413393264.005760431,21.9475
1413393264.055760384,21.0899
1413393264.105760574,19.5077
1413393264.155760527,24.6497
1413393264.205760479,21.9344
1413393264.255760431,22.2314
1413393264.305760384,21.6704
1413393264.355760574,25.1116
1413393264.405760527,22.9245
1413393264.455760479,23.2276
1413393264.505760431,21.4567
1413393264.555760384,24.5621
1413393264.605760574,23.1032
1413393264.655760527,22.7704
1413393264.705760479,23.1864
1413393264.755760431,26.8057
1413393264.805760384,22.707
1413393264.855760574,22.9932
1413393264.905760527,20.2606
1413393264.955760479,22.8571
1413393265.005760431,22.7246
1413393265.055760384,21.9819
1413393265.105760574,20.1858
1413393265.155760527,23.7125
1413393265.205760479,21.4379
1413393265.255760431,22.0826
1413393265.305760384,21.2645
1413393265.355760574,26.1238
1413393265.405760527,21.3591
1413393265.455760479,20.9477
1413393265.505760431,20.1216
1413393265.555760384,24.9913
1413393265.605760574,22.66
1413393265.655760527,22.498
1413393265.705760479,20.9166
1413393265.755760431,28.5126
1413393265.805760384,22.33
1413393265.855760574,22.5603
1413393265.905760527,20.9151
1413393265.955760479,24.1086
1413393266.005760431,23.527
1413393266.055760384,22.6925
1413393266.105760574,21.4662
1413393266.155760527,26.754
1413393266.205760479,23.3968
1413393266.255760431,22.6116
1413393266.305760384,20.4139
1413393266.355760574,24.5692
1413393266.405760527,23.5722
1413393266.455760479,22.418
1413393266.505760431,19.8136
1413393266.555760384,25.2309
1413393266.605760574,22.1395
1413393266.655760527,21.4298
1413393266.705760479,20.1387
1413393266.755760431,21.9766
1413393266.805760384,22.1558
1413393266.855760574,21.8115
1413393266.905760527,19.9999
1413393266.955760479,24.9042
1413393267.005760431,22.0341
1413393267.055760384,21.7492
1413393267.105760574,21.4234
1413393267.155760527,22.7711
1413393267.205760479,22.7101
1413393267.255760431,22.5744
1413393267.305760384,21.3359
1413393267.355760574,26.9249
1413393267.405760527,22.722
1413393267.455760479,22.7791
1413393267.505760431,22.1558
1413393267.555760384,28.9903
1413393267.605760574,22.8854
1413393267.655760527,23.499
1413393267.705760479,21.2479
1413393267.755760431,27.4653
1413393267.805760384,22.8908
1413393267.855760574,23.3019
1413393267.905760527,22.0094
1413393267.955760479,26.7247
1413393268.005760431,23.0111
1413393268.055760384,23.0012
1413393268.105760574,21.6949
1413393268.155760527,24.4699
1413393268.205760479,23.3608
1413393268.255760431,22.9591
1413393268.305760384,21.7666
1413393268.355760574,25.979
1413393268.405760527,22.9831
1413393268.455760479,22.8062
1413393268.505760431,22.1393
1413393268.555760384,25.0431
1413393268.605760574,23.9414
1413393268.655760527,23.6976
1413393268.705760479,22.4428
1413393268.755760431,28.3818
1413393268.805760384,23.3248
1413393268.855760574,23.8977
1413393268.905760527,22.9569
1413393268.955760479,27.809
1413393269.005760431,23.2124
1413393269.055760384,22.8695
1413393269.105760574,21.6544
1413393269.155760527,26.4744
1413393269.205760479,22.905
1413393269.255760431,23.0101
1413393269.305760384,21.1066
1413393269.355760574,28.4902
1413393269.405760527,23.8825
1413393269.455760479,21.668
1413393269.505760431,20.1827
1413393269.555760384,26.1944
1413393269.605760574,22.1291
1413393269.655760527,21.9209
1413393269.705760479,20.2023
1413393269.755760431,25.3509
1413393269.805760384,22.5919
1413393269.855760574,21.994
1413393269.905760527,20.8205
1413393269.955760479,27.7167
1413393270.005760431,21.7163
1413393270.055760384,21.4841
1413393270.105760574,20.9102
1413393270.155760527,25.4528
1413393270.205760479,22.1386
1413393270.255760431,22.3845
1413393270.305760384,21.8979
1413393270.355760574,24.4761
1413393270.405760527,22.6294
1413393270.455760479,22.4401
1413393270.505760431,20.8722
1413393270.555760384,27.6189
1413393270.605760574,22.969
1413393270.655760527,23.0953
1413393270.705760479,21.153
1413393270.755760431,25.9496
1413393270.805760384,22.8367
1413393270.855760574,23.4034
1413393270.905760527,21.6049
1413393270.955760479,28.0173
1413393271.005760431,22.8382
1413393271.055760384,23.2944
1413393271.105760574,22.1006
1413393271.155760527,27.6846
1413393271.205760479,22.4853
1413393271.255760431,22.4101
1413393271.305760384,21.6794
1413393271.355760574,27.9141
1413393271.405760527,22.6583
1413393271.455760479,22.8206
1413393271.505760431,21.0371
1413393271.555760384,26.4071
1413393271.605760574,23.0418
1413393271.655760527,22.7061
1413393271.705760479,22.1205
1413393271.755760431,26.767
1413393271.805760384,22.0906
1413393271.855760574,22.2943
1413393271.905760527,20.8106
1413393271.955760479,24.1777
1413393272.005760431,22.1561
1413393272.055760384,22.3299
1413393272.105760574,21.7552
1413393272.155760527,25.1493
1413393272.205760479,22.194
1413393272.255760431,22.3221
1413393272.305760384,20.5628
1413393272.355760574,26.347
1413393272.405760527,22.4834
1413393272.455760479,22.3262
1413393272.505760431,21.7191
1413393272.555760384,26.5651
1413393272.605760574,22.7897
1413393272.655760527,22.8521
1413393272.705760479,21.7328
1413393272.755760431,26.449
1413393272.805760384,22.3388
1413393272.855760574,22.8162
1413393272.905760527,20.5169
1413393272.955760479,27.089
1413393273.005760431,22.7698
1413393273.055760384,23.0931
1413393273.105760574,21.1433
1413393273.155760527,26.6783
1413393273.205760479,23.3855
1413393273.255760431,23.0135
1413393273.305760384,21.506
1413393273.355760574,24.3913
1413393273.405760527,22.5617
1413393273.455760479,22.4789
1413393273.505760431,20.9848
1413393273.555760384,24.8443
1413393273.605760574,21.579
1413393273.655760527,22.0764
1413393273.705760479,20.2807
1413393273.755760431,24.9099
1413393273.805760384,22.39
1413393273.855760574,21.9009
1413393273.905760527,20.9585
1413393273.955760479,25.6519
1413393274.005760431,22.5227
1413393274.055760384,22.6229
1413393274.105760574,22.6844
1413393274.155760527,27.7741
1413393274.205760479,22.6175
1413393274.255760431,22.7744
1413393274.305760384,20.8705
1413393274.355760574,23.2368
1413393274.405760527,20.7345
1413393274.455760479,21.3123
1413393274.505760431,20.3252
1413393274.555760384,26.2174
1413393274.605760574,21.6542
1413393274.655760527,21.6124
1413393274.705760479,19.9796
1413393274.755760431,26.7538
1413393274.805760384,21.7779
1413393274.855760574,21.0581
1413393274.905760527,19.9896
1413393274.955760479,25.6067
1413393275.005760431,21.5262
1413393275.055760384,21.8593
1413393275.105760574,20.2128
1413393275.155760527,24.0389
1413393275.205760479,21.6727
1413393275.255760431,21.4725
1413393275.305760384,19.9258
1413393275.355760574,25.6335
1413393275.405760527,21.3677
1413393275.455760479,21.7
1413393275.505760431,20.2268
1413393275.555760384,25.5987
1413393275.605760574,20.9911
1413393275.655760527,22.8073
1413393275.705760479,20.5231
1413393275.755760431,24.5332
1413393275.805760384,21.8049
1413393275.855760574,21.7416
1413393275.905760527,21.7321
1413393275.955760479,25.8354
1413393276.005760431,21.0164
1413393276.055760384,20.8015
1413393276.105760574,23.7146
1413393276.155760527,24.1832
1413393276.205760479,22.4183
1413393276.255760431,22.3993
1413393276.305760384,20.4911
1413393276.355760574,24.2041
1413393276.405760527,22.321
1413393276.455760479,23.011
1413393276.505760431,21.8293
1413393276.555760384,24.2177
1413393276.605760574,21.8355
1413393276.655760527,22.3489
1413393276.705760479,23.338
1413393276.755760431,25.6437
1413393276.805760384,22.1181
1413393276.855760574,22.9922
1413393276.905760527,23.6781
1413393276.955760479,24.6594
1413393277.005760431,22.0816
1413393277.055760384,22.4424
1413393277.105760574,20.8852
1413393277.155760527,24.9115
1413393277.205760479,22.0727
1413393277.255760431,22.2839
1413393277.305760384,21.8825
1413393277.355760574,24.9941
1413393277.405760527,21.756
1413393277.455760479,22.7659
1413393277.505760431,20.6406
1413393277.555760384,22.4674
1413393277.605760574,21.9885
1413393277.655760527,21.7175
1413393277.705760479,19.8237
1413393277.755760431,24.2933
1413393277.805760384,21.2953
1413393277.855760574,21.9795
1413393277.905760527,24.012
1413393277.955760479,21.2576
1413393278.005760431,21.2569
1413393278.055760384,21.7364
1413393278.105760574,19.8346
1413393278.155760527,25.0658
1413393278.205760479,21.6597
1413393278.255760431,21.3891
1413393278.305760384,19.4557
1413393278.355760574,26.1804
1413393278.405760527,20.9176
1413393278.455760479,21.2282
1413393278.505760431,19.7738
1413393278.555760384,21.3203
1413393278.605760574,20.8545
1413393278.655760527,21.3835
1413393278.705760479,19.3848
1413393278.755760431,24.2713
1413393278.805760384,20.4351
1413393278.855760574,20.4786
1413393278.905760527,18.9099
1413393278.955760479,24.0481
1413393279.005760431,20.753
1413393279.055760384,20.9623
1413393279.105760574,20.7495
1413393279.155760527,23.1553
1413393279.205760479,20.5444
1413393279.255760431,21.1616
1413393279.305760384,19.2674
1413393279.355760574,24.1564
1413393279.405760527,21.0525
1413393279.455760479,20.9389
1413393279.505760431,20.7174
1413393279.555760384,24.2494
1413393279.605760574,20.5131
1413393279.655760527,20.5182
1413393279.705760479,19.1779
1413393279.755760431,23.6457
1413393279.805760384,20.6774
1413393279.855760574,21.4109
1413393279.905760527,20.72
1413393279.955760479,19.9884
1413393280.005760431,20.6915
1413393280.055760384,21.2609
1413393280.105760574,19.729
1413393280.155760527,23.5087
1413393280.205760479,20.8061
1413393280.255760431,20.9823
1413393280.305760384,19.4319
1413393280.355760574,24.8754
1413393280.405760527,20.2457
1413393280.455760479,20.5764
1413393280.505760431,19.8624
1413393280.555760384,24.6312
1413393280.605760574,21.1313
1413393280.655760527,21.5141
1413393280.705760479,22.8231
1413393280.755760431,22.2004
1413393280.805760384,20.9483
1413393280.855760574,20.147
1413393280.905760527,20.2045
1413393280.955760479,19.9527
1413393281.005760431,20.5251
1413393281.055760384,20.784
1413393281.105760574,19.3186
1413393281.155760527,25.4786
1413393281.205760479,20.7984
1413393281.255760431,21.0925
1413393281.305760384,20.6904
1413393281.355760574,20.6305
1413393281.405760527,20.9616
1413393281.455760479,20.9748
1413393281.505760431,19.0871
1413393281.555760384,22.771
1413393281.605760574,20.5495
1413393281.655760527,20.3522
1413393281.705760479,21.9381
1413393281.755760431,20.0746
1413393281.805760384,20.5946
1413393281.855760574,20.0029
1413393281.905760527,19.4476
1413393281.955760479,20.7026
1413393282.005760431,21.0335
1413393282.055760384,20.7242
1413393282.105760574,20.9512
1413393282.155760527,22.7011
1413393282.205760479,21.5465
1413393282.255760431,21.8518
1413393282.305760384,20.3685
1413393282.355760574,25.8399
1413393282.405760527,21.0653
1413393282.455760479,20.7036
1413393282.505760431,20.476
1413393282.555760384,23.2645
1413393282.605760574,20.9049
1413393282.655760527,20.7369
1413393282.705760479,19.464
1413393282.755760431,23.8099
1413393282.805760384,21.1777
1413393282.855760574,21.1851
1413393282.905760527,20.7884
1413393282.955760479,23.1392
1413393283.005760431,20.7658
1413393283.055760384,21.4773
1413393283.105760574,21.4467
1413393283.155760527,19.5229
1413393283.205760479,20.6697
1413393283.255760431,21.506
1413393283.305760384,22.161
1413393283.355760574,23.4336
1413393283.405760527,21.3346
1413393283.455760479,22.3963
1413393283.505760431,21.0913
1413393283.555760384,23.209
1413393283.605760574,21.8329
1413393283.655760527,22.852
1413393283.705760479,22.0746
1413393283.755760431,24.4294
1413393283.805760384,22.3714
1413393283.855760574,22.9984
1413393283.905760527,23.4231
1413393283.955760479,21.7775
1413393284.005760431,22.3857
1413393284.055760384,22.7134
1413393284.105760574,22.4544
1413393284.155760527,22.7384
1413393284.205760479,22.019
1413393284.255760431,22.0107
1413393284.305760384,22.8926
1413393284.355760574,21.3081
1413393284.405760527,21.2592
1413393284.455760479,21.279
1413393284.505760431,21.7039
1413393284.555760384,21.9163
1413393284.605760574,21.1257
1413393284.655760527,20.209
1413393284.705760479,20.7762
1413393284.755760431,18.8033
1413393284.805760384,20.8899
1413393284.855760574,21.0161
1413393284.905760527,21.5053
1413393284.955760479,22.7551
1413393285.005760431,20.6324
1413393285.055760384,20.3907
1413393285.105760574,20.7935
1413393285.155760527,22.8755
1413393285.205760479,19.1471
1413393285.255760431,19.5911
1413393285.305760384,18.0879
1413393285.355760574,20.7058
1413393285.405760527,19.897
1413393285.455760479,20.1667
1413393285.505760431,19.3021
1413393285.555760384,22.8596
1413393285.605760574,19.4478
1413393285.655760527,19.3599
1413393285.705760479,18.6475
1413393285.755760431,22.7763
1413393285.805760384,19.7081
1413393285.855760574,19.5034
1413393285.905760527,17.7731
1413393285.955760479,23.5885
1413393286.005760431,19.7754
1413393286.055760384,20.0022
1413393286.105760574,18.3241
1413393286.155760527,24.6375
1413393286.205760479,20.598
1413393286.255760431,20.3263
1413393286.305760384,18.9964
1413393286.355760574,22.9597
1413393286.405760527,20.5168
1413393286.455760479,20.7951
1413393286.505760431,20.5384
1413393286.555760384,21.3521
1413393286.605760574,20.6715
1413393286.655760527,21.1385
1413393286.705760479,21.0502
1413393286.755760431,25.9334
1413393286.805760384,21.4807
1413393286.855760574,21.6061
1413393286.905760527,20.4612
1413393286.955760479,23.568
1413393287.005760431,21.8604
1413393287.055760384,22.1226
1413393287.105760574,21.3499
1413393287.155760527,23.3741
1413393287.205760479,21.4834
1413393287.255760431,21.5686
1413393287.305760384,20.087
1413393287.355760574,24.1818
1413393287.405760527,20.682
1413393287.455760479,20.4074
1413393287.505760431,18.6868
1413393287.555760384,21.3339
1413393287.605760574,19.0756
1413393287.655760527,18.462
1413393287.705760479,17.0696
1413393287.755760431,21.1264
1413393287.805760384,17.5599
1413393287.855760574,17.9916
1413393287.905760527,16.262
1413393287.955760479,22.3873
1413393288.005760431,18.287
1413393288.055760384,18.0208
1413393288.105760574,17.3025
1413393288.155760527,20.4296
1413393288.205760479,18.6049
1413393288.255760431,18.3058
1413393288.305760384,17.9989
1413393288.355760574,19.5482
1413393288.405760527,19.6714
1413393288.455760479,19.6575
1413393288.505760431,18.2394
1413393288.555760384,21.7352
1413393288.605760574,18.8423
1413393288.655760527,18.7399
1413393288.705760479,17.2678
1413393288.755760431,24.1527
1413393288.805760384,19.1003
1413393288.855760574,19.7818
1413393288.905760527,20.6099
1413393288.955760479,21.6885
1413393289.005760431,19.929
1413393289.055760384,19.9665
1413393289.105760574,18.4526
1413393289.155760527,22.6002
1413393289.205760479,18.6445
1413393289.255760431,19.8038
1413393289.305760384,20.1514
1413393289.355760574,20.713
1413393289.405760527,19.4347
1413393289.455760479,19.2432
1413393289.505760431,18.0753
1413393289.555760384,22.8453
1413393289.605760574,19.2439
1413393289.655760527,19.9009
1413393289.705760479,20.6531
1413393289.755760431,21.7553
1413393289.805760384,19.7964
1413393289.855760574,20.3696
1413393289.905760527,18.6105
1413393289.955760479,22.4854
1413393290.005760431,19.0627
1413393290.055760384,19.509
1413393290.105760574,18.4171
1413393290.155760527,19.5666
1413393290.205760479,20.4589
1413393290.255760431,20.395
1413393290.305760384,20.9085
1413393290.355760574,22.4627
1413393290.405760527,19.8817
1413393290.455760479,20.1236
1413393290.505760431,18.0628
1413393290.555760384,22.8155
1413393290.605760574,19.4707
1413393290.655760527,20.4106
1413393290.705760479,19.547
1413393290.755760431,23.5848
1413393290.805760384,20.0976
1413393290.855760574,20.3318
1413393290.905760527,19.1241
1413393290.955760479,25.2436
1413393291.005760431,20.2325
1413393291.055760384,20.3207
1413393291.105760574,18.5765
1413393291.155760527,20.1202
1413393291.205760479,19.9351
1413393291.255760431,20.8727
1413393291.305760384,19.7086
1413393291.355760574,22.0541
1413393291.405760527,21.3849
1413393291.455760479,20.6041
1413393291.505760431,19.2524
1413393291.555760384,25.4215
1413393291.605760574,20.9146
1413393291.655760527,21.0675
1413393291.705760479,20.4521
1413393291.755760431,22.7297
1413393291.805760384,21.1878
1413393291.855760574,21.1709
1413393291.905760527,19.8028
1413393291.955760479,24.4103
1413393292.005760431,21.151
1413393292.055760384,21.4456
1413393292.105760574,21.0375
1413393292.155760527,23.6007
1413393292.205760479,21.6226
1413393292.255760431,21.6675
1413393292.305760384,19.9127
1413393292.355760574,22.1037
1413393292.405760527,21.5458
1413393292.455760479,21.8562
1413393292.505760431,20.3199
1413393292.555760384,22.9094
1413393292.605760574,21.7075
1413393292.655760527,22.3461
1413393292.705760479,20.5391
1413393292.755760431,22.2667
1413393292.805760384,21.25
1413393292.855760574,21.6809
1413393292.905760527,24.0785
1413393292.955760479,21.3499
1413393293.005760431,21.1169
1413393293.055760384,21.2113
1413393293.105760574,20.9812
1413393293.155760527,20.0198
1413393293.205760479,20.8725
1413393293.255760431,20.2712
1413393293.305760384,18.4347
1413393293.355760574,22.7303
1413393293.405760527,19.7374
1413393293.455760479,20.737
1413393293.505760431,20.1356
1413393293.555760384,19.2932
1413393293.605760574,20.0283
1413393293.655760527,20.2608
1413393293.705760479,19.0474
1413393293.755760431,24.342
1413393293.805760384,19.7094
1413393293.855760574,20.3258
1413393293.905760527,20.2207
1413393293.955760479,20.6474
1413393294.005760431,19.7753
1413393294.055760384,20.2487
1413393294.105760574,19.3998
1413393294.155760527,21.2955
1413393294.205760479,19.91
1413393294.255760431,19.6743
1413393294.305760384,18.5592
1413393294.355760574,22.944
1413393294.405760527,19.6141
1413393294.455760479,19.3899
1413393294.505760431,18.8628
1413393294.555760384,22.8654
1413393294.605760574,19.4702
1413393294.655760527,19.7251
1413393294.705760479,18.1378
1413393294.755760431,24.7535
1413393294.805760384,18.9871
1413393294.855760574,19.4975
1413393294.905760527,18.9786
1413393294.955760479,20.4685
1413393295.005760431,19.6808
1413393295.055760384,19.9683
1413393295.105760574,18.0173
1413393295.155760527,24.9703
1413393295.205760479,19.1924
1413393295.255760431,19.1248
1413393295.305760384,18.6953
1413393295.355760574,20.1374
1413393295.405760527,19.6286
1413393295.455760479,19.8665
1413393295.505760431,19.3648
1413393295.555760384,22.6066
1413393295.605760574,20.2593
1413393295.655760527,20.1706
1413393295.705760479,18.2621
1413393295.755760431,24.4003
1413393295.805760384,20.0363
1413393295.855760574,19.9859
1413393295.905760527,18.8455
1413393295.955760479,19.8188
1413393296.005760431,19.9488
1413393296.055760384,20.5111
1413393296.105760574,18.7283
1413393296.155760527,23.9077
1413393296.205760479,19.934
1413393296.255760431,19.9924
1413393296.305760384,19.4967
1413393296.355760574,18.3147
1413393296.405760527,20.26
1413393296.455760479,20.2853
1413393296.505760431,18.2507
1413393296.555760384,23.6142
1413393296.605760574,20.2614
1413393296.655760527,20.1698
1413393296.705760479,18.742
1413393296.755760431,20.9447
1413393296.805760384,20.5996
1413393296.855760574,20.7757
1413393296.905760527,19.3593
1413393296.955760479,23.0971
1413393297.005760431,20.1484
1413393297.055760384,20.4737
1413393297.105760574,19.0905
1413393297.155760527,22.172
1413393297.205760479,20.2573
1413393297.255760431,20.6166
1413393297.305760384,20.3404
1413393297.355760574,21.6916
1413393297.405760527,20.9874
1413393297.455760479,21.3328
1413393297.505760431,19.5925
1413393297.555760384,24.9753
1413393297.605760574,20.5604
1413393297.655760527,20.3881
1413393297.705760479,19.3663
1413393297.755760431,21.1704
1413393297.805760384,20.5676
1413393297.855760574,20.3833
1413393297.905760527,19.2077
1413393297.955760479,23.5479
1413393298.005760431,20.4864
1413393298.055760384,20.8253
1413393298.105760574,20.4456
1413393298.155760527,22.1938
1413393298.205760479,20.2584
1413393298.255760431,20.2563
1413393298.305760384,18.853
1413393298.355760574,23.7246
1413393298.405760527,20.3064
1413393298.455760479,20.5862
1413393298.505760431,18.8153
1413393298.555760384,24.7306
1413393298.605760574,21.02
1413393298.655760527,20.3472
1413393298.705760479,20.2397
1413393298.755760431,23.0621
1413393298.805760384,20.7364
1413393298.855760574,20.4864
1413393298.905760527,18.7034
1413393298.955760479,19.9968
1413393299.005760431,20.5513
1413393299.055760384,20.4545
1413393299.105760574,17.9964
1413393299.155760527,20.226
1413393299.205760479,20.1718
1413393299.255760431,20.1094
1413393299.305760384,18.5787
1413393299.355760574,24.2442
1413393299.405760527,19.7455
1413393299.455760479,19.7071
1413393299.505760431,19.1005
1413393299.555760384,22.5563
1413393299.605760574,19.6716
1413393299.655760527,19.9052
1413393299.705760479,19.2426
1413393299.755760431,22.6077
1413393299.805760384,20.8186
1413393299.855760574,20.8678
1413393299.905760527,19.273
1413393299.955760479,25.2819
1413393300.005760431,19.9066
1413393300.055760384,19.8342
1413393300.105760574,18.3725
1413393300.155760527,22.8747
1413393300.205760479,19.9625
1413393300.255760431,20.295
1413393300.305760384,21.2441
1413393300.355760574,21.3508
1413393300.405760527,19.9704
1413393300.455760479,20.0308
1413393300.505760431,18.2008
1413393300.555760384,22.5275
1413393300.605760574,20.1357
1413393300.655760527,20.192
1413393300.705760479,20.1171
1413393300.755760431,21.1187
1413393300.805760384,19.8109
1413393300.855760574,19.8838
1413393300.905760527,18.4073
1413393300.955760479,24.4042
1413393301.005760431,19.7664
1413393301.055760384,19.8212
1413393301.105760574,17.7692
1413393301.155760527,23.9053
1413393301.205760479,19.3896
1413393301.255760431,19.4004
1413393301.305760384,18.275
1413393301.355760574,21.3936
1413393301.405760527,19.4112
1413393301.455760479,18.6395
1413393301.505760431,17.3376
1413393301.555760384,22.2093
1413393301.605760574,19.2861
1413393301.655760527,19.0861
1413393301.705760479,17.1351
1413393301.755760431,24.1685
1413393301.805760384,19.453
1413393301.855760574,18.1675
1413393301.905760527,17.1784
1413393301.955760479,23.3124
1413393302.005760431,19.016
1413393302.055760384,18.7628
1413393302.105760574,17.1429
1413393302.155760527,19.7661
1413393302.205760479,18.8458
1413393302.255760431,18.8605
1413393302.305760384,17.7393
1413393302.355760574,21.797
1413393302.405760527,18.4726
1413393302.455760479,18.0362
1413393302.505760431,17.3662
1413393302.555760384,20.7709
1413393302.605760574,18.4315
1413393302.655760527,18.1653
1413393302.705760479,17.0255
1413393302.755760431,22.3903
1413393302.805760384,17.4489
1413393302.855760574,18.01
1413393302.905760527,16.9058
1413393302.955760479,19.1955
1413393303.005760431,18.184
1413393303.055760384,17.9343
1413393303.105760574,18.3177
1413393303.155760527,21.7693
1413393303.205760479,17.8779
1413393303.255760431,18.6818
1413393303.305760384,16.642
1413393303.355760574,20.1297
1413393303.405760527,19.4965
1413393303.455760479,19.5165
1413393303.505760431,17.942
1413393303.555760384,22.3342
1413393303.605760574,18.906
1413393303.655760527,18.5983
1413393303.705760479,17.0315
1413393303.755760431,21.5184
1413393303.805760384,18.8181
1413393303.855760574,18.8694
1413393303.905760527,17.2161
1413393303.955760479,23.8224
1413393304.005760431,18.8127
1413393304.055760384,18.4544
1413393304.105760574,18.0509
1413393304.155760527,21.1142
1413393304.205760479,18.4204
1413393304.255760431,18.9628
1413393304.305760384,18.1717
1413393304.355760574,22.8733
1413393304.405760527,19.1792
1413393304.455760479,19.1485
1413393304.505760431,18.4258
1413393304.555760384,23.3732
1413393304.605760574,18.4279
1413393304.655760527,18.4128
1413393304.705760479,16.4042
1413393304.755760431,19.6083
1413393304.805760384,18.2828
1413393304.855760574,17.7294
1413393304.905760527,15.8967
1413393304.955760479,21.2364
1413393305.005760431,17.3842
1413393305.055760384,17.3588
1413393305.105760574,15.7274
1413393305.155760527,22.2564
1413393305.205760479,17.0196
1413393305.255760431,17.0222
1413393305.305760384,19.1854
1413393305.355760574,22.0879
1413393305.405760527,17.0602
1413393305.455760479,17.1167
1413393305.505760431,15.3359
1413393305.555760384,21.4609
1413393305.605760574,17.8526
1413393305.655760527,17.3287
1413393305.705760479,15.8025
1413393305.755760431,20.0449
1413393305.805760384,17.7395
1413393305.855760574,17.9898
1413393305.905760527,17.1506
1413393305.955760479,21.8165
1413393306.005760431,17.581
1413393306.055760384,16.7669
1413393306.105760574,17.3896
1413393306.155760527,19.8933
1413393306.205760479,19.225
1413393306.255760431,19.2613
1413393306.305760384,17.4395
1413393306.355760574,23.8201
1413393306.405760527,20.3084
1413393306.455760479,20.1891
1413393306.505760431,19.3282
1413393306.555760384,22.9711
1413393306.605760574,21.6445
1413393306.655760527,21.5366
1413393306.705760479,19.555
1413393306.755760431,25.5246
1413393306.805760384,21.7232
1413393306.855760574,21.7843
1413393306.905760527,20.1729
1413393306.955760479,27.6079
1413393307.005760431,22.2815
1413393307.055760384,22.4914
1413393307.105760574,22.0043
1413393307.155760527,22.6994
1413393307.205760479,22.2198
1413393307.255760431,21.7009
1413393307.305760384,21.3666
1413393307.355760574,26.1866
1413393307.405760527,22.5647
1413393307.455760479,22.5153
1413393307.505760431,22.4451
1413393307.555760384,22.0727
1413393307.605760574,23.0664
1413393307.655760527,22.5077
1413393307.705760479,21.1175
1413393307.755760431,27.1096
1413393307.805760384,23.0612
1413393307.855760574,22.962
1413393307.905760527,20.9181
1413393307.955760479,22.4888
1413393308.005760431,22.8926
1413393308.055760384,23.711
1413393308.105760574,21.0681
1413393308.155760527,22.9616
1413393308.205760479,22.9814
1413393308.255760431,22.4885
1413393308.305760384,21.3831
1413393308.355760574,26.7834
1413393308.405760527,21.8483
1413393308.455760479,21.9603
1413393308.505760431,19.6896
1413393308.555760384,25.8286
1413393308.605760574,21.7254
1413393308.655760527,21.8887
1413393308.705760479,20.3865
1413393308.755760431,24.1037
1413393308.805760384,21.711
1413393308.855760574,22.1157
1413393308.905760527,20.1035
1413393308.955760479,26.6195
1413393309.005760431,22.8577
1413393309.055760384,21.5866
1413393309.105760574,21.4522
1413393309.155760527,28.1247
1413393309.205760479,23.5363
1413393309.255760431,23.7192
1413393309.305760384,22.0989
1413393309.355760574,23.8679
1413393309.405760527,22.8044
1413393309.455760479,22.305
1413393309.505760431,22.3588
1413393309.555760384,23.9037
1413393309.605760574,22.2301
1413393309.655760527,22.409
1413393309.705760479,21.2237
1413393309.755760431,26.453
1413393309.805760384,23.0583
1413393309.855760574,23.3828
1413393309.905760527,23.031
1413393309.955760479,25.6067
1413393310.005760431,23.1463
1413393310.055760384,23.5684
1413393310.105760574,21.8514
1413393310.155760527,26.5623
1413393310.205760479,23.4724
1413393310.255760431,22.906
1413393310.305760384,22.6971
1413393310.355760574,24.5208
1413393310.405760527,23.5546
1413393310.455760479,23.7663
1413393310.505760431,22.2892
1413393310.555760384,26.3209
1413393310.605760574,22.6386
1413393310.655760527,23.1052
1413393310.705760479,23.2302
1413393310.755760431,23.5135
1413393310.805760384,23.5232
1413393310.855760574,23.4849
1413393310.905760527,24.0462
1413393310.955760479,24.8754
1413393311.005760431,24.1429
1413393311.055760384,23.0497
1413393311.105760574,21.776
1413393311.155760527,25.6265
1413393311.205760479,23.2116
1413393311.255760431,23.019
1413393311.305760384,22.2388
1413393311.355760574,23.1507
1413393311.405760527,22.7224
1413393311.455760479,22.8317
1413393311.505760431,21.382
1413393311.555760384,28.2808
1413393311.605760574,21.7716
1413393311.655760527,23.1067
1413393311.705760479,21.7436
1413393311.755760431,24.4998
1413393311.805760384,22.0308
1413393311.855760574,21.7114
1413393311.905760527,21.7561
1413393311.955760479,24.2382
1413393312.005760431,22.0362
1413393312.055760384,22.5296
1413393312.105760574,21.2542
1413393312.155760527,23.5705
1413393312.205760479,22.8927
1413393312.255760431,22.1439
1413393312.305760384,22.0416
1413393312.355760574,21.3601
1413393312.405760527,22.9915
1413393312.455760479,23.1943
1413393312.505760431,21.2308
1413393312.555760384,24.4834
1413393312.605760574,22.7079
1413393312.655760527,22.359
1413393312.705760479,21.8986
1413393312.755760431,24.6634
1413393312.805760384,23.3011
1413393312.855760574,22.8441
1413393312.905760527,21.5915
1413393312.955760479,27.2416
1413393313.005760431,22.4778
1413393313.055760384,22.9254
1413393313.105760574,22.2362
1413393313.155760527,24.0177
1413393313.205760479,22.8107
1413393313.255760431,22.6686
1413393313.305760384,20.9074
1413393313.355760574,26.2578
1413393313.405760527,22.1767
1413393313.455760479,21.8905
1413393313.505760431,23.0228
1413393313.555760384,20.2908
1413393313.605760574,22.7828
1413393313.655760527,22.4794
1413393313.705760479,22.2724
1413393313.755760431,24.1869
1413393313.805760384,22.9288
1413393313.855760574,22.6446
1413393313.905760527,21.923
1413393313.955760479,25.9137
1413393314.005760431,23.8693
1413393314.055760384,23.3832
1413393314.105760574,23.3582
1413393314.155760527,23.0011
1413393314.205760479,23.4749
1413393314.255760431,23.1515
1413393314.305760384,23.3586
1413393314.355760574,26.4479
1413393314.405760527,23.3957
1413393314.455760479,23.5089
1413393314.505760431,23.239
1413393314.555760384,27.1853
1413393314.605760574,23.3512
1413393314.655760527,23.0449
1413393314.705760479,22.9192
1413393314.755760431,22.0536
1413393314.805760384,22.7295
1413393314.855760574,22.4156
1413393314.905760527,22.2638
1413393314.955760479,21.1828
1413393315.005760431,22.2703
1413393315.055760384,21.7271
1413393315.105760574,23.628
1413393315.155760527,23.644
1413393315.205760479,21.6786
1413393315.255760431,21.4253
1413393315.305760384,21.8546
1413393315.355760574,22.4591
1413393315.405760527,21.5663
1413393315.455760479,21.8389
1413393315.505760431,21.4797
1413393315.555760384,23.6737
1413393315.605760574,22.3014
1413393315.655760527,21.9311
1413393315.705760479,21.5759
1413393315.755760431,20.6915
1413393315.805760384,22.4587
1413393315.855760574,22.1259
1413393315.905760527,23.2526
1413393315.955760479,23.6596
1413393316.005760431,22.8284
1413393316.055760384,23.4948
1413393316.105760574,23.4263
1413393316.155760527,23.4582
1413393316.205760479,23.6767
1413393316.255760431,24.2491
1413393316.305760384,23.4281
1413393316.355760574,21.9383
1413393316.405760527,23.4357
1413393316.455760479,23.7147
1413393316.505760431,23.0568
1413393316.555760384,25.3729
1413393316.605760574,23.8359
1413393316.655760527,23.5232
1413393316.705760479,22.8288
1413393316.755760431,21.6635
1413393316.805760384,23.3457
1413393316.855760574,22.9016
1413393316.905760527,22.2544
1413393316.955760479,23.9646
1413393317.005760431,23.1704
1413393317.055760384,22.8724
1413393317.105760574,22.323
1413393317.155760527,21.0499
1413393317.205760479,22.9148
1413393317.255760431,22.4075
1413393317.305760384,21.9169
1413393317.355760574,23.8058
1413393317.405760527,22.4564
1413393317.455760479,21.6634
1413393317.505760431,22.0192
1413393317.555760384,20.7228
1413393317.605760574,22.3882
1413393317.655760527,22.0686
1413393317.705760479,22.0191
1413393317.755760431,24.1208
1413393317.805760384,22.9336
1413393317.855760574,22.9689
1413393317.905760527,22.9797
1413393317.955760479,22.1486
1413393318.005760431,23.4234
1413393318.055760384,23.2903
1413393318.105760574,23.1016
1413393318.155760527,21.7535
1413393318.205760479,23.0434
1413393318.255760431,23.164
1413393318.305760384,22.868
1413393318.355760574,24.9639
1413393318.405760527,23.1951
1413393318.455760479,23.7764
1413393318.505760431,22.9572
1413393318.555760384,23.056
1413393318.605760574,23.634
1413393318.655760527,24.3456
1413393318.705760479,23.46
1413393318.755760431,23.9567
1413393318.805760384,24.1799
1413393318.855760574,23.8638
1413393318.905760527,23.5225
1413393318.955760479,22.7341
1413393319.005760431,24.2428
1413393319.055760384,23.9324
1413393319.105760574,23.1473
1413393319.155760527,22.5502
1413393319.205760479,22.805
1413393319.255760431,21.9549
1413393319.305760384,21.1509
1413393319.355760574,21.4299
1413393319.405760527,19.9812
1413393319.455760479,19.6076
1413393319.505760431,18.7345
1413393319.555760384,19.1493
1413393319.605760574,18.2548
1413393319.655760527,17.466
1413393319.705760479,17.8103
1413393319.755760431,17.9552
1413393319.805760384,18.5072
1413393319.855760574,18.4023
1413393319.905760527,19.2917
1413393319.955760479,18.6566
1413393320.005760431,17.0804
1413393320.055760384,16.717
1413393320.105760574,15.8091
1413393320.155760527,15.7877
1413393320.205760479,14.8271
1413393320.255760431,13.8942
1413393320.305760384,11.6746
1413393320.355760574,15.7659
1413393320.405760527,11.5121
1413393320.455760479,11.1803
1413393320.505760431,10.0343
1413393320.555760384,12.2643
1413393320.605760574,10.6898
1413393320.655760527,13.3142
1413393320.705760479,14.6532
1413393320.755760431,12.209
1413393320.805760384,10.0622
1413393320.855760574,10.5893
1413393320.905760527,11.2218
1413393320.955760479,12.8001
1413393321.005760431,9.30043
1413393321.055760384,12.2473
1413393321.105760574,12.3497
1413393321.155760527,13.1007
1413393321.205760479,9.19627
1413393321.255760431,11.539
1413393321.305760384,12.8567
1413393321.355760574,12.6016
1413393321.405760527,9.12974
1413393321.455760479,10.3604
1413393321.505760431,13.7769
1413393321.555760384,9.83777
1413393321.605760574,10.2498
1413393321.655760527,11.1323
1413393321.705760479,15.1295
1413393321.755760431,12.0914
1413393321.805760384,8.78516
1413393321.855760574,13.4481
1413393321.905760527,12.5813
1413393321.955760479,15.7351
1413393322.005760431,8.57616
1413393322.055760384,10.8997
1413393322.105760574,9.39641
1413393322.155760527,12.5437
1413393322.205760479,8.25976
1413393322.255760431,9.47163
1413393322.305760384,12.5768
1413393322.355760574,12.6207
1413393322.405760527,8.25323
1413393322.455760479,13.168
1413393322.505760431,9.83627
1413393322.555760384,13.9057
1413393322.605760574,8.5251
1413393322.655760527,12.8528
1413393322.705760479,16.0138
1413393322.755760431,15.6825
1413393322.805760384,9.11091
1413393322.855760574,11.8232
1413393322.905760527,14.7295
1413393322.955760479,13.2249
1413393323.005760431,9.34182
1413393323.055760384,12.7167
1413393323.105760574,12.6771
1413393323.155760527,14.678
1413393323.205760479,10.6701
1413393323.255760431,13.479
1413393323.305760384,13.7012
1413393323.355760574,13.8404
1413393323.405760527,8.43539
1413393323.455760479,13.3302
1413393323.505760431,13.155
1413393323.555760384,12.3698
1413393323.605760574,11.1836
1413393323.655760527,13.5903
1413393323.705760479,12.1658
1413393323.755760431,12.4207
1413393323.805760384,12.1349
1413393323.855760574,13.0877
1413393323.905760527,11.1911
1413393323.955760479,13.0411
1413393324.005760431,9.38731
1413393324.055760384,12.1103
1413393324.105760574,11.9038
1413393324.155760527,12.515
1413393324.205760479,10.9085
1413393324.255760431,12.0704
1413393324.305760384,12.121
1413393324.355760574,11.9906
1413393324.405760527,9.70173
1413393324.455760479,13.8424
1413393324.505760431,11.4196
1413393324.555760384,12.985
1413393324.605760574,10.3704
1413393324.655760527,10.513
1413393324.705760479,11.3774
1413393324.755760431,12.5164
1413393324.805760384,11.8497
1413393324.855760574,15.0585
1413393324.905760527,12.0301
1413393324.955760479,13.1978
1413393325.005760431,10.1292
1413393325.055760384,10.3404
1413393325.105760574,11.7778
1413393325.155760527,14.4626
1413393325.205760479,12.6828
1413393325.255760431,12.7411
1413393325.305760384,11.7424
1413393325.355760574,11.3
1413393325.405760527,8.62354
1413393325.455760479,12.6824
1413393325.505760431,9.33039
1413393325.555760384,13.1654
1413393325.605760574,8.16541
1413393325.655760527,11.5441
1413393325.705760479,14.6962
1413393325.755760431,10.0079
1413393325.805760384,9.61203
1413393325.855760574,12.605
1413393325.905760527,12.3139
1413393325.955760479,11.8716
1413393326.005760431,9.22365
1413393326.055760384,12.6007
1413393326.105760574,13.5995
1413393326.155760527,13.8988
1413393326.205760479,10.8044
