1403638127.395097017,0
1403638127.595097065,0
1403638127.795097113,9.70496
1403638127.995096922,9.38677
1403638128.19509697,9.63214
1403638128.395097017,11.6481
1403638128.595097065,11.5433
1403638128.795097113,14.2668
1403638128.995096922,12.3463
1403638129.19509697,14.6869
1403638129.395097017,22.4511
1403638129.595097065,22.9697
1403638129.795097113,31.9223
1403638129.995096922,33.2924
1403638130.19509697,42.8984
1403638130.395097017,52.0837
1403638130.595097065,53.0809
1403638130.795097113,61.0235
1403638130.995096922,70.625
1403638131.19509697,64.8643
1403638131.395097017,75.9993
1403638131.595097065,82.1093
1403638131.795097113,82.5326
1403638131.995096922,77.5073
1403638132.19509697,73.4893
1403638132.395097017,80.714
1403638132.595097065,82.3061
1403638132.795097113,81.1088
1403638132.995096922,76.4707
1403638133.19509697,88.1878
1403638133.595097065,92.5792
1403638133.795097113,88.8698
1403638133.995096922,92.2817
1403638134.19509697,91.3086
1403638134.395097017,97.3446
1403638134.595097065,99.0086
1403638134.795097113,112.01
1403638134.995096922,132.996
1403638135.19509697,119.398
1403638135.395097017,110.84
1403638135.595097065,113.943
1403638135.795097113,114.527
1403638135.995096922,122.732
1403638136.19509697,120.453
1403638136.395097017,147.674
1403638136.595097065,147.461
1403638136.795097113,132.015
1403638136.995096922,141.006
1403638137.19509697,166.774
1403638137.395097017,137.882
1403638137.595097065,136.433
1403638137.795097113,126.695
1403638137.995096922,95.0292
1403638138.19509697,117.278
1403638138.395097017,116.219
1403638138.69509697,0
1403638138.895097017,0
1403638139.095097065,11.1727
1403638139.295097113,11.9606
1403638139.495096922,11.2218
1403638139.69509697,15.257
1403638139.895097017,11.8003
1403638140.095097065,14.0547
1403638140.295097113,13.6141
1403638140.495096922,14.4384
1403638140.69509697,21.8833
1403638140.895097017,35.4246
1403638141.095097065,24.3393
1403638141.295097113,27.1487
1403638141.495096922,29.3795
1403638141.69509697,31.1525
1403638141.895097017,32.9345
1403638142.095097065,35.7648
1403638142.295097113,65.2162
1403638142.44509697,0
1403638142.645097017,0
1403638142.845097065,9.8738
1403638143.045097113,12.0639
1403638143.245096922,11.4668
1403638143.44509697,12.0889
1403638143.645097017,15.7628
1403638143.845097065,12.816
1403638144.045097113,14.4314
1403638144.245096922,16.4251
1403638144.44509697,33.2001
1403638144.645097017,23.3055
1403638144.845097065,24.6105
1403638145.045097113,26.4152
1403638145.245096922,28.2729
1403638145.44509697,51.9208
1403638147.795097113,0
1403638147.995096922,0
1403638148.19509697,12.5453
1403638148.395097017,16.7379
1403638148.595097065,23.6998
1403638148.795097113,27.7312
1403638148.995096922,32.3157
1403638149.19509697,45.4248
1403638149.395097017,50.0584
1403638149.595097065,57.5087
1403638149.795097113,62.1909
1403638149.995096922,69.1127
1403638150.19509697,74.6827
1403638150.395097017,83.8248
1403638150.595097065,89.9164
1403638150.795097113,97.5888
1403638150.995096922,104.286
1403638151.19509697,121.197
1403638151.395097017,118.417
1403638151.595097065,145.793
1403638151.795097113,130.974
1403638151.995096922,136.998
1403638152.19509697,137.559
1403638152.395097017,137.209
1403638152.595097065,136.876
1403638152.795097113,135.759
1403638152.995096922,168.028
1403638153.395097017,139.589
1403638153.595097065,126.933
1403638153.795097113,124.475
1403638153.995096922,141.579
1403638154.19509697,119.434
1403638154.395097017,120.192
1403638154.595097065,127.623
1403638154.795097113,127.543
1403638154.995096922,132.158
1403638155.19509697,141.816
1403638155.395097017,135.549
1403638155.595097065,139.31
1403638155.795097113,137.046
1403638155.995096922,142.326
1403638156.19509697,169.697
1403638156.395097017,185.753
1403638156.595097065,149.998
1403638156.795097113,154.269
1403638156.995096922,153.168
1403638157.19509697,156.01
1403638157.395097017,198.398
1403638157.595097065,159.591
1403638157.795097113,157.595
1403638157.995096922,161.895
1403638158.19509697,173.201
1403638158.395097017,161.147
1403638158.595097065,187.601
1403638158.795097113,171.979
1403638158.995096922,156.706
1403638159.19509697,156.611
1403638159.395097017,158.747
1403638159.595097065,156.762
1403638159.795097113,155.448
1403638159.995096922,156.838
1403638160.19509697,159.567
1403638160.395097017,184.36
1403638160.595097065,202.784
1403638160.795097113,163.336
1403638160.995096922,161.622
1403638161.19509697,160.732
1403638161.395097017,157.636
1403638161.595097065,154.677
1403638161.795097113,158.233
1403638161.995096922,158.958
1403638162.19509697,159.002
1403638162.395097017,157.765
1403638162.595097065,160.897
1403638162.795097113,162.617
1403638162.995096922,188.307
1403638163.19509697,158.279
1403638163.595097065,157.423
1403638163.795097113,158.755
1403638163.995096922,158.054
1403638164.19509697,161.632
1403638164.395097017,159.202
1403638164.595097065,161.35
1403638164.795097113,160.991
1403638164.995096922,159.182
1403638165.19509697,160.683
1403638165.395097017,160.619
1403638165.595097065,159.8
1403638165.795097113,158.942
1403638165.995096922,159.938
1403638166.19509697,160.81
1403638166.395097017,163.537
1403638166.595097065,162.838
1403638166.795097113,163.654
1403638166.995096922,163.201
1403638167.19509697,165.265
1403638167.395097017,164.764
1403638167.595097065,162.896
1403638167.795097113,159.052
1403638167.995096922,160.599
1403638168.19509697,159.667
1403638168.395097017,159.882
1403638168.595097065,158.567
1403638168.795097113,157.714
1403638168.995096922,157.722
1403638169.19509697,159.932
1403638169.395097017,158.058
1403638169.595097065,157.26
1403638169.795097113,157.569
1403638169.995096922,157.071
1403638170.19509697,157.087
1403638170.395097017,159.082
1403638170.595097065,158.622
1403638170.795097113,162.37
1403638170.995096922,164.682
1403638171.19509697,164.763
1403638171.395097017,167.782
1403638171.595097065,166.035
1403638171.795097113,166.335
1403638171.995096922,167.165
1403638172.19509697,169.813
1403638172.395097017,168.183
1403638172.595097065,166.669
1403638172.795097113,163.991
1403638172.995096922,165.626
1403638173.19509697,161.284
1403638173.395097017,159.573
1403638173.595097065,156.903
1403638173.795097113,154.37
1403638173.995096922,88.0744
1403638174.19509697,84.3552
1403638174.395097017,151.687
1403638174.595097065,151.015
1403638174.795097113,150.757
1403638174.995096922,149.526
1403638175.19509697,153.742
1403638175.395097017,154.999
1403638175.595097065,156.066
1403638175.795097113,158.709
1403638175.995096922,159.739
1403638176.19509697,160.281
1403638176.395097017,162.175
1403638176.595097065,167.305
1403638176.795097113,167.101
1403638176.995096922,165.615
1403638177.19509697,169.159
1403638177.395097017,169.243
1403638177.595097065,169.286
1403638177.795097113,169.506
1403638177.995096922,165.828
1403638178.19509697,164.793
1403638178.395097017,161.12
1403638178.595097065,161.577
1403638178.795097113,204.096
1403638178.995096922,166.043
1403638179.19509697,164.47
1403638179.395097017,167.383
1403638179.595097065,162.832
1403638179.795097113,164.499
1403638179.995096922,161.83
1403638180.19509697,159.175
1403638180.395097017,163.376
1403638180.595097065,164.771
1403638180.795097113,165.611
1403638180.995096922,170.574
1403638181.19509697,226.977
1403638181.395097017,173.621
1403638181.595097065,183.348
1403638181.795097113,175.719
1403638181.995096922,175.221
1403638182.19509697,178.889
1403638182.395097017,178.343
1403638182.595097065,184.853
1403638182.795097113,186.516
1403638182.995096922,184.363
1403638183.19509697,220.556
1403638183.395097017,191.451
1403638183.595097065,192.35
1403638183.795097113,197.283
1403638183.995096922,197.819
1403638184.19509697,197.089
1403638184.395097017,197.911
1403638184.595097065,202.573
1403638184.795097113,206.102
1403638184.995096922,205.755
1403638185.19509697,214.222
1403638185.395097017,230.077
1403638185.595097065,213.668
1403638185.795097113,212.362
1403638185.995096922,210.596
1403638186.19509697,206.411
1403638186.395097017,216.447
1403638186.595097065,212.911
1403638186.795097113,214.72
1403638186.995096922,212.438
1403638187.19509697,196.518
1403638187.395097017,196.887
1403638187.595097065,197.196
1403638187.795097113,194.084
1403638187.995096922,196.819
1403638188.19509697,199.855
1403638188.395097017,196.306
1403638188.595097065,205.297
1403638188.795097113,193.648
1403638188.995096922,196.374
1403638189.19509697,208.527
1403638189.395097017,187.63
1403638189.595097065,184.46
1403638189.795097113,174.705
1403638189.995096922,173.43
1403638190.19509697,172.894
1403638190.395097017,175.979
1403638190.595097065,180.884
1403638190.795097113,176.201
1403638190.995096922,174.614
1403638191.19509697,171.835
1403638191.395097017,170.577
1403638191.595097065,168.965
1403638191.795097113,169.974
1403638191.995096922,167.452
1403638192.19509697,169.027
1403638192.395097017,162.786
1403638192.595097065,163.219
1403638192.795097113,163.754
1403638192.995096922,168.429
1403638193.19509697,166.247
1403638193.395097017,168.886
1403638193.595097065,166.764
1403638193.795097113,167.923
1403638193.995096922,168.89
1403638194.19509697,170.56
1403638194.395097017,173.7
1403638194.595097065,170.014
1403638194.795097113,173.558
1403638194.995096922,172.71
1403638195.19509697,167.851
1403638195.395097017,170.235
1403638195.595097065,173.648
1403638195.795097113,172.178
1403638195.995096922,172.879
1403638196.19509697,172.81
1403638196.395097017,174.797
1403638196.595097065,176.772
1403638196.795097113,174.323
1403638196.995096922,183.215
1403638197.19509697,179.248
1403638197.395097017,181.399
1403638197.595097065,180.499
1403638197.795097113,170.625
1403638197.995096922,172.536
1403638198.19509697,171.058
1403638198.395097017,170.113
1403638198.595097065,177.568
1403638198.795097113,176.113
1403638198.995096922,183.819
1403638199.19509697,181.329
1403638199.395097017,185.166
1403638199.595097065,187.236
1403638199.795097113,185.229
1403638199.995096922,190.469
1403638200.19509697,187.117
1403638200.395097017,189.301
1403638200.595097065,186.557
1403638200.795097113,184.258
1403638200.995096922,194.907
1403638201.19509697,196.312
1403638201.395097017,201.4
1403638201.595097065,197.34
1403638201.795097113,202.526
1403638201.995096922,201.27
1403638202.19509697,199.838
1403638202.395097017,195.943
1403638202.595097065,196.144
1403638202.795097113,192.355
1403638202.995096922,190.261
1403638203.19509697,189.912
1403638203.395097017,193.947
1403638203.595097065,188.855
1403638203.795097113,192.615
1403638203.995096922,189.349
1403638204.19509697,196.177
1403638204.395097017,193.591
1403638204.595097065,194.162
1403638204.795097113,194.924
1403638204.995096922,201.682
1403638205.19509697,200.049
1403638205.395097017,196.798
1403638205.595097065,199.145
1403638205.795097113,199.782
1403638205.995096922,203.036
1403638206.19509697,204.384
1403638206.395097017,204.4
1403638206.595097065,203.18
1403638206.795097113,204.388
1403638206.995096922,204.639
1403638207.19509697,202.181
1403638207.395097017,206.616
1403638207.595097065,206.593
1403638207.795097113,214.356
1403638207.995096922,218.693
1403638208.19509697,219.981
1403638208.395097017,226.115
1403638208.595097065,218.323
1403638208.795097113,221.469
1403638208.995096922,218.452
1403638209.19509697,229.828
1403638209.395097017,221.059
1403638209.595097065,224.109
1403638209.795097113,225.449
1403638209.995096922,223.327
1403638210.19509697,227.951
1403638210.395097017,226.64
1403638210.595097065,232.06
1403638210.795097113,228.53
1403638210.995096922,230.47
1403638211.19509697,232.58
1403638211.395097017,233.729
1403638211.595097065,235.642
1403638211.795097113,233.061
1403638211.995096922,235.904
1403638212.19509697,234.618
1403638212.395097017,232.132
1403638212.595097065,232.862
1403638212.795097113,226.957
1403638212.995096922,225.43
1403638213.19509697,221.329
1403638213.395097017,220.809
1403638213.595097065,223.338
1403638213.795097113,225.028
1403638213.995096922,232.488
1403638214.19509697,233.832
1403638214.395097017,236.601
1403638214.595097065,239.455
1403638214.795097113,242.506
1403638214.995096922,240.647
1403638215.19509697,245.203
1403638215.395097017,247.147
1403638215.595097065,243.56
1403638215.795097113,248.144
1403638215.995096922,247.162
1403638216.19509697,249.016
1403638216.395097017,252.343
1403638216.595097065,250.339
1403638216.795097113,255.969
1403638216.995096922,253.384
1403638217.19509697,254.26
1403638217.395097017,250.613
1403638217.595097065,251.415
1403638217.795097113,255.267
1403638217.995096922,256.949
1403638218.19509697,259.74
1403638218.395097017,259.632
1403638218.595097065,257.667
1403638218.795097113,266.249
1403638218.995096922,266.915
1403638219.19509697,268.375
1403638219.395097017,267.327
1403638219.595097065,269.567
1403638219.795097113,271.712
1403638219.995096922,272.018
1403638220.19509697,273.204
1403638220.395097017,272.553
1403638220.595097065,279.521
1403638220.795097113,278.968
1403638220.995096922,283.448
1403638221.19509697,280.094
1403638221.395097017,284.17
1403638221.595097065,283.136
1403638221.795097113,286.071
1403638221.995096922,286.219
1403638222.19509697,289.892
1403638222.395097017,287.534
1403638222.595097065,291.328
1403638222.795097113,292.214
1403638222.995096922,296.723
1403638223.395097017,293.387
1403638223.595097065,290.734
1403638223.795097113,294.443
1403638223.995096922,292.113
1403638224.19509697,289.972
1403638224.395097017,287.383
1403638224.595097065,292.246
1403638224.795097113,282.958
1403638224.995096922,401.043
1403638225.395097017,379.803
1403638225.595097065,419.721
1403638225.995096922,196.883
1403638226.19509697,120.757
1403638226.395097017,123.652
1403638226.595097065,98.5631
1403638226.795097113,131.124
1403638226.995096922,114.481
1403638227.19509697,109.388
1403638227.395097017,82.383
1403638227.595097065,186.904
1403638227.795097113,182.685
1403638227.995096922,171.975
1403638228.19509697,175.828
1403638228.395097017,174.679
1403638228.595097065,173.681
1403638228.795097113,156.995
