1403637130.538319111,2792.45
1403637130.588319063,2945.48
1403637130.638319016,3030.46
1403637130.688318968,3114.96
1403637130.73831892,3220.77
1403637130.788319111,3309.69
1403637130.838319063,3404.07
1403637130.888319016,3505.58
1403637130.938318968,3592.46
1403637130.98831892,3692.35
1403637131.038319111,3783.43
1403637131.088319063,3871.51
1403637131.138319016,3971.98
1403637131.188318968,4067.11
1403637131.23831892,4162.4
1403637131.288319111,4277.2
1403637131.338319063,4373.5
1403637131.388319016,4465.68
1403637131.438318968,4561.61
1403637131.48831892,4639.59
1403637131.538319111,4773.89
1403637131.588319063,4872.23
1403637131.638319016,4959.63
1403637131.688318968,5051.57
1403637131.73831892,5138.65
1403637131.788319111,5228.95
1403637131.838319063,5324.03
1403637131.888319016,5421.54
1403637131.938318968,5518.21
1403637131.98831892,5614.08
1403637132.038319111,5703.18
1403637132.088319063,5796.44
1403637132.138319016,5888.72
1403637132.188318968,5989.17
1403637132.23831892,6087.24
1403637132.288319111,6181.2
1403637132.338319063,6268.86
1403637132.388319016,6401.84
1403637132.438318968,6492.34
1403637132.48831892,6579.34
1403637132.538319111,6671.45
1403637132.588319063,6787.12
1403637132.638319016,6884.75
1403637132.688318968,6967.64
1403637132.73831892,7052.09
1403637132.788319111,7151.36
1403637132.838319063,7246.7
1403637132.888319016,7338.19
1403637132.938318968,7432.58
1403637132.98831892,7527.31
1403637133.038319111,7622.08
1403637133.088319063,7710.43
1403637133.138319016,7799.17
1403637133.188318968,7890.7
1403637133.23831892,7980.4
1403637133.288319111,8071.76
1403637133.338319063,8165.91
1403637133.388319016,8272.06
1403637133.438318968,8369.32
1403637133.48831892,8458.76
1403637133.538319111,8551.8
1403637133.588319063,8645.23
1403637133.638319016,8740.33
1403637133.688318968,8840.85
1403637133.73831892,8934.61
1403637133.788319111,9037.29
1403637133.838319063,9155.14
1403637133.888319016,9250.1
1403637133.938318968,9358.83
1403637133.98831892,9463.49
1403637134.038319111,9561.88
1403637134.088319063,9653.46
1403637134.138319016,9750.19
1403637134.188318968,9848.78
1403637134.23831892,9943.56
1403637134.288319111,10034.1
1403637134.338319063,10130.8
1403637134.388319016,10239
1403637134.438318968,10334.9
1403637134.48831892,10438.2
1403637134.538319111,10527.4
1403637134.588319063,10624.1
1403637134.638319016,10718.3
1403637134.688318968,10822.4
1403637134.73831892,10917.9
1403637134.788319111,11010.9
1403637134.838319063,11110.8
1403637134.888319016,11205.2
1403637134.938318968,11303.4
1403637134.98831892,11398.4
1403637135.038319111,11506.6
1403637135.088319063,11594.6
1403637135.138319016,11691.1
1403637135.188318968,11790.1
1403637135.23831892,11888.7
1403637135.288319111,11985.2
1403637135.338319063,12076.6
1403637135.388319016,12199.9
1403637135.438318968,12291.4
1403637135.48831892,12386.6
1403637135.538319111,12505.8
1403637135.588319063,12635
1403637135.638319016,12728.8
1403637135.688318968,12828.1
1403637135.73831892,12915.3
1403637135.788319111,13023.7
1403637135.838319063,13117.8
1403637135.888319016,13229.7
1403637135.938318968,13338.1
1403637135.98831892,13465.7
1403637136.038319111,13562.1
1403637136.088319063,13663.1
1403637136.138319016,13751.2
1403637136.188318968,13857.8
1403637136.23831892,13955.7
1403637136.288319111,14056.3
1403637136.338319063,14146.6
1403637136.388319016,14247.7
1403637136.438318968,14346
1403637136.48831892,14462.3
1403637136.538319111,14561
1403637136.588319063,14660.9
1403637136.638319016,14752.5
1403637136.688318968,14844
1403637136.73831892,14937.7
1403637136.788319111,15062.3
1403637136.838319063,15182.3
1403637136.888319016,15264.2
1403637136.938318968,15357.7
1403637136.98831892,15457.1
1403637137.038319111,15558.1
1403637137.088319063,15659.4
1403637137.138319016,15759.1
1403637137.188318968,15860.8
1403637137.23831892,15957.2
1403637137.288319111,16048.5
1403637137.338319063,16138.3
1403637137.388319016,16252.6
1403637137.438318968,16360.1
1403637137.48831892,16459.8
1403637137.538319111,16550.5
1403637137.588319063,16651.4
1403637137.638319016,16747.3
1403637137.688318968,16846.7
1403637137.73831892,16939.8
1403637137.788319111,17039
1403637137.838319063,17139.3
1403637137.888319016,17253
1403637137.938318968,17353.4
1403637137.98831892,17468.7
1403637138.038319111,17566.5
1403637138.088319063,17659.6
1403637138.138319016,17756.7
1403637138.188318968,17862.2
1403637138.23831892,17960
1403637138.288319111,18066.4
1403637138.338319063,18158.3
1403637138.388319016,18265.1
1403637138.438318968,18371.9
1403637138.48831892,18467.4
1403637138.538319111,18567.8
1403637138.588319063,18664.9
1403637138.638319016,18772.5
1403637138.688318968,18862.2
1403637138.73831892,18978.2
1403637138.788319111,19096.9
1403637138.838319063,19191.2
1403637138.888319016,19288.3
1403637138.938318968,19389.5
1403637138.98831892,19500.2
1403637139.038319111,19615.5
1403637139.088319063,19714.3
1403637139.138319016,19818.4
1403637139.188318968,19924.1
1403637139.23831892,20058.2
1403637139.288319111,20147.7
1403637139.338319063,20246.7
1403637139.388319016,20363.5
1403637139.438318968,20455.3
1403637139.48831892,20551.5
1403637139.538319111,20649.1
1403637139.588319063,20752.2
1403637139.638319016,20854.2
1403637139.688318968,20949.2
1403637139.73831892,21036
1403637139.788319111,21169.4
1403637139.838319063,21261.7
1403637139.888319016,21358.8
1403637139.938318968,21453.4
1403637139.98831892,21552.3
1403637140.038319111,21673.8
1403637140.088319063,21764.1
1403637140.138319016,21862.4
1403637140.188318968,21992.9
1403637140.23831892,22084.8
1403637140.288319111,22172.5
1403637140.338319063,22278.5
1403637140.388319016,22369
1403637140.438318968,22461.6
1403637140.48831892,22558.4
1403637140.538319111,22648.8
1403637140.588319063,22760.6
1403637140.638319016,22878
1403637140.688318968,22968.4
1403637140.73831892,23061.3
1403637140.788319111,23173.2
1403637140.838319063,23273.5
1403637140.888319016,23365.8
1403637140.938318968,23456.4
1403637140.98831892,23555.3
1403637141.038319111,23657.4
1403637141.088319063,23749.2
1403637141.138319016,23846.2
1403637141.188318968,23942.3
1403637141.23831892,24040.2
1403637141.288319111,24133.8
1403637141.338319063,24226.5
1403637141.388319016,24323.3
1403637141.438318968,24411.8
1403637141.48831892,24502.4
1403637141.538319111,24592.9
1403637141.588319063,24689.9
1403637141.638319016,24784.3
1403637141.688318968,24876
1403637141.73831892,24959.8
1403637141.788319111,25061.6
1403637141.838319063,25144.6
1403637141.888319016,25260.2
1403637141.938318968,25351.2
1403637141.98831892,25455
1403637142.038319111,25555.6
1403637142.088319063,25659.2
1403637142.138319016,25756.5
1403637142.188318968,25860.6
1403637142.23831892,25954.8
1403637142.288319111,26054.4
1403637142.338319063,26140.3
1403637142.388319016,26240.9
1403637142.438318968,26329.2
1403637142.48831892,26416.9
1403637142.538319111,26510
1403637142.588319063,26605.8
1403637142.638319016,26696.2
1403637142.688318968,26790.2
1403637142.73831892,26892.7
1403637142.788319111,26978.3
1403637142.838319063,27086.6
1403637142.888319016,27185.6
1403637142.938318968,27276.7
1403637142.98831892,27376.7
1403637143.038319111,27474.2
1403637143.088319063,27580.4
1403637143.138319016,27680
1403637143.188318968,27760.2
1403637143.23831892,27863.3
1403637143.288319111,27972.5
1403637143.338319063,28068.5
1403637143.388319016,28160.6
1403637143.438318968,28263.7
1403637143.48831892,28353
1403637143.538319111,28441.4
1403637143.588319063,28530.7
1403637143.638319016,28635.3
1403637143.688318968,28722.5
1403637143.73831892,28811.8
1403637143.788319111,28899.9
1403637143.838319063,29001.9
1403637143.888319016,29105
1403637143.938318968,29204.3
1403637143.98831892,29300.6
1403637144.038319111,29394.2
1403637144.088319063,29490.1
1403637144.138319016,29583.9
1403637144.188318968,29676.4
1403637144.23831892,29770.3
1403637144.288319111,29879.5
1403637144.338319063,29964.7
1403637144.388319016,30058.3
1403637144.438318968,30141.1
1403637144.48831892,30230.7
1403637144.538319111,30320.4
1403637144.588319063,30404.5
1403637144.638319016,30488.9
1403637144.688318968,30577.3
1403637144.73831892,30668.2
1403637144.788319111,30763.5
1403637144.838319063,30849.9
1403637144.888319016,30953.4
1403637144.938318968,31057.3
1403637144.98831892,31136.9
1403637145.038319111,31230.4
1403637145.088319063,31345.7
1403637145.138319016,31444.2
1403637145.188318968,31541.4
1403637145.23831892,31634.2
1403637145.288319111,31737
1403637145.338319063,31837.7
1403637145.388319016,31925.8
1403637145.438318968,32020.7
1403637145.48831892,32121
1403637145.538319111,32211.4
1403637145.588319063,32299.9
1403637145.638319016,32402
1403637145.688318968,32496.9
1403637145.73831892,32592.7
1403637145.788319111,32677.7
1403637145.838319063,32775.8
1403637145.888319016,32871.1
1403637145.938318968,32970.1
1403637145.98831892,33056.6
1403637146.038319111,33153.5
1403637146.088319063,33280.4
1403637146.138319016,33384.2
1403637146.188318968,33475.7
1403637146.23831892,33572.6
1403637146.288319111,33670.5
1403637146.338319063,33766.2
1403637146.388319016,33867.2
1403637146.438318968,33959.8
1403637146.48831892,34070.6
1403637146.538319111,34175
1403637146.588319063,34280
1403637146.638319016,34373.5
1403637146.688318968,34493.2
1403637146.73831892,34614.2
1403637146.788319111,34720
1403637146.838319063,34807.3
1403637146.888319016,34929
1403637146.938318968,35025.2
1403637146.98831892,35119.1
1403637147.038319111,35218.3
1403637147.088319063,35319.1
1403637147.138319016,35410.6
1403637147.188318968,35500.9
1403637147.23831892,35617.9
1403637147.288319111,35717.6
1403637147.338319063,35816.4
1403637147.388319016,35915.9
1403637147.438318968,36014.9
1403637147.48831892,36097.1
1403637147.538319111,36193
1403637147.588319063,36281.5
1403637147.638319016,36374.2
1403637147.688318968,36475.2
1403637147.73831892,36561.6
1403637147.788319111,36657.8
1403637147.838319063,36761.1
1403637147.888319016,36846.7
1403637147.938318968,36936.9
1403637147.98831892,37031
1403637148.038319111,37115.5
1403637148.088319063,37206.1
1403637148.138319016,37309.4
1403637148.188318968,37397
1403637148.23831892,37486.4
1403637148.288319111,37571.9
1403637148.338319063,37659.4
1403637148.388319016,37759.8
1403637148.438318968,37854.9
1403637148.48831892,37947
1403637148.538319111,38033.8
1403637148.588319063,38125.2
1403637148.638319016,38214
1403637148.688318968,38307.1
1403637148.73831892,38403.7
1403637148.788319111,38498.7
1403637148.838319063,38594.2
1403637148.888319016,38688.8
1403637148.938318968,38778.6
1403637148.98831892,38865.1
1403637149.038319111,38953.3
1403637149.088319063,39041.6
1403637149.138319016,39123.8
1403637149.188318968,39224.6
1403637149.23831892,39336.3
1403637149.288319111,39429.3
1403637149.338319063,39519.3
1403637149.388319016,39605.5
1403637149.438318968,39701.2
1403637149.48831892,39800
1403637149.538319111,39892.9
1403637149.588319063,39976.8
1403637149.638319016,40068
1403637149.688318968,40159.1
1403637149.73831892,40265.1
1403637149.788319111,40356.2
1403637149.838319063,40452.9
1403637149.888319016,40555.3
1403637149.938318968,40648.2
1403637149.98831892,40751
1403637150.038319111,40841.2
1403637150.088319063,40937.2
1403637150.138319016,41039.9
1403637150.188318968,41139
1403637150.23831892,41231.6
1403637150.288319111,41312.1
1403637150.338319063,41412.6
1403637150.388319016,41518.1
1403637150.438318968,41615.4
1403637150.48831892,41705.6
1403637150.538319111,41809.1
1403637150.588319063,41905.5
1403637150.638319016,42006.9
1403637150.688318968,42101.6
1403637150.73831892,42189.8
1403637150.788319111,42283
1403637150.838319063,42375.1
1403637150.888319016,42474.6
1403637150.938318968,42566
1403637150.98831892,42663.5
1403637151.038319111,42766.4
1403637151.088319063,42859.1
1403637151.138319016,42963.9
1403637151.188318968,43056.4
1403637151.23831892,43167.6
1403637151.288319111,43249.4
1403637151.338319063,43346.4
1403637151.388319016,43452.2
1403637151.438318968,43556.9
1403637151.48831892,43659.7
1403637151.538319111,43772.8
1403637151.588319063,43874.9
1403637151.638319016,43999.9
1403637151.688318968,44088.7
1403637151.73831892,44185.3
1403637151.788319111,44282.5
1403637151.838319063,44377.3
1403637151.888319016,44479.1
1403637151.938318968,44574.5
1403637151.98831892,44672.8
1403637152.038319111,44779.7
1403637152.088319063,44867.9
1403637152.138319016,44967.1
1403637152.188318968,45083.2
1403637152.23831892,45192
1403637152.288319111,45289.8
1403637152.338319063,45409.2
1403637152.388319016,45530.4
1403637152.438318968,45630.8
1403637152.48831892,45737.4
1403637152.538319111,45850.1
1403637152.588319063,45980.6
1403637152.638319016,46074
1403637152.688318968,46158.8
1403637152.73831892,46259.2
1403637152.788319111,46360.5
1403637152.838319063,46460.8
1403637152.888319016,46578.8
1403637152.938318968,46685.6
1403637152.98831892,46793.3
1403637153.038319111,46891.1
1403637153.088319063,46987.8
1403637153.138319016,47082
1403637153.188318968,47191.5
1403637153.23831892,47289.7
1403637153.288319111,47377.3
1403637153.338319063,47475.2
1403637153.388319016,47571
1403637153.438318968,47671.8
1403637153.48831892,47773.2
1403637153.538319111,47878
1403637153.588319063,47991.9
1403637153.638319016,48112
1403637153.688318968,48215.6
1403637153.73831892,48313.6
1403637153.788319111,48429.2
1403637153.838319063,48543.4
1403637153.888319016,48642.2
1403637153.938318968,48734.7
1403637153.98831892,48861.2
1403637154.038319111,48971.4
1403637154.088319063,49089.5
1403637154.138319016,49194.5
1403637154.188318968,49307.4
1403637154.23831892,49410.2
1403637154.288319111,49512.3
1403637154.338319063,49611
1403637154.388319016,49717.3
1403637154.438318968,49828.5
1403637154.48831892,49932.4
1403637154.538319111,50034.5
1403637154.588319063,50166.5
1403637154.638319016,50264.8
1403637154.688318968,50372.1
1403637154.73831892,50475.6
1403637154.788319111,50574.3
1403637154.838319063,50670.7
1403637154.888319016,50770.1
1403637154.938318968,50865.8
1403637154.98831892,50961.4
1403637155.038319111,51053.4
1403637155.088319063,51161.7
1403637155.138319016,51275.6
1403637155.188318968,51397.7
1403637155.23831892,51504.2
1403637155.288319111,51595.9
1403637155.338319063,51703.4
1403637155.388319016,51804.9
1403637155.438318968,51902.8
1403637155.48831892,52014.9
1403637155.538319111,52109.4
1403637155.588319063,52212.6
1403637155.638319016,52313.5
1403637155.688318968,52408.4
1403637155.73831892,52522.9
1403637155.788319111,52661.7
1403637155.838319063,52788
1403637155.888319016,52879
1403637155.938318968,52980.2
1403637155.98831892,53097.5
1403637156.038319111,53212.2
1403637156.088319063,53301.4
1403637156.138319016,53410.9
1403637156.188318968,53515.6
1403637156.23831892,53629.1
1403637156.288319111,53720.6
1403637156.338319063,53821.9
1403637156.388319016,53925.7
1403637156.438318968,54031.2
1403637156.48831892,54122.6
1403637156.538319111,54222.9
1403637156.588319063,54337.9
1403637156.638319016,54429.7
1403637156.688318968,54526.4
1403637156.73831892,54625.8
1403637156.788319111,54740.5
1403637156.838319063,54865
1403637156.888319016,54978.7
1403637156.938318968,55075.9
1403637156.98831892,55180.4
1403637157.038319111,55279.9
1403637157.088319063,55374.5
1403637157.138319016,55473.7
1403637157.188318968,55579.5
1403637157.23831892,55719
1403637157.288319111,55823.7
1403637157.338319063,55917.7
1403637157.388319016,56037.9
1403637157.438318968,56170.8
1403637157.48831892,56283.3
1403637157.538319111,56372.5
1403637157.588319063,56511.9
1403637157.638319016,56603.1
1403637157.688318968,56705.3
1403637157.73831892,56805.5
1403637157.788319111,56913
1403637157.838319063,57019.3
1403637157.888319016,57119.2
1403637157.938318968,57205.3
1403637157.98831892,57305
1403637158.038319111,57418.9
1403637158.088319063,57513.4
1403637158.138319016,57613.2
1403637158.188318968,57725.5
1403637158.23831892,57840
1403637158.288319111,57930.3
1403637158.338319063,58026.8
1403637158.388319016,58141
1403637158.438318968,58246
1403637158.48831892,58338.9
1403637158.538319111,58434.3
1403637158.588319063,58546
1403637158.638319016,58648.9
1403637158.688318968,58746.1
1403637158.73831892,58844.2
1403637158.788319111,58945.5
1403637158.838319063,59057.6
1403637158.888319016,59150.3
1403637158.938318968,59254.4
1403637158.98831892,59367.5
1403637159.038319111,59484.8
1403637159.088319063,59582.7
1403637159.138319016,59678.9
1403637159.188318968,59797.3
1403637159.23831892,59913.5
1403637159.288319111,60011.5
1403637159.338319063,60107.2
1403637159.388319016,60232.3
1403637159.438318968,60333.5
1403637159.48831892,60431.7
1403637159.538319111,60558.8
1403637159.588319063,60661.7
1403637159.638319016,60784.2
1403637159.688318968,60883.3
1403637159.73831892,60976.7
1403637159.788319111,61086.7
1403637159.838319063,61184.2
1403637159.888319016,61278.8
1403637159.938318968,61379.2
1403637159.98831892,61500.5
1403637160.038319111,61614.3
1403637160.088319063,61706.6
1403637160.138319016,61811
1403637160.188318968,61922.5
1403637160.23831892,62055.7
1403637160.288319111,62150.4
1403637160.338319063,62235.1
1403637160.388319016,62342.7
1403637160.438318968,62467.7
1403637160.48831892,62559.9
1403637160.538319111,62652.2
1403637160.588319063,62784.6
1403637160.638319016,62902.1
1403637160.688318968,63006.3
1403637160.73831892,63110.8
1403637160.788319111,63204.8
1403637160.838319063,63307.6
1403637160.888319016,63407.3
1403637160.938318968,63499.6
1403637160.98831892,63623.2
1403637161.038319111,63733.8
1403637161.088319063,63825.8
1403637161.138319016,63909.4
1403637161.188318968,64021.3
1403637161.23831892,64120.6
1403637161.288319111,64222.2
1403637161.338319063,64322.8
1403637161.388319016,64433.7
1403637161.438318968,64552.1
1403637161.48831892,64659
1403637161.538319111,64754.5
1403637161.588319063,64884.6
1403637161.638319016,65001.5
1403637161.688318968,65094.9
1403637161.73831892,65193.8
1403637161.788319111,65309.3
1403637161.838319063,65401.3
1403637161.888319016,65500.7
1403637161.938318968,65603.7
1403637161.98831892,65714.9
1403637162.038319111,65831.3
1403637162.088319063,65927.3
1403637162.138319016,66017.2
1403637162.188318968,66138
1403637162.23831892,66248.8
1403637162.288319111,66351.7
1403637162.338319063,66439.5
1403637162.388319016,66562
1403637162.438318968,66684.6
1403637162.48831892,66796.3
1403637162.538319111,66894.7
1403637162.588319063,67002.5
1403637162.638319016,67093.1
1403637162.688318968,67218.8
1403637162.73831892,67316.2
1403637162.788319111,67433
1403637162.838319063,67539.5
1403637162.888319016,67631.4
1403637162.938318968,67742.1
1403637162.98831892,67834.2
1403637163.038319111,67970.8
1403637163.088319063,68063.9
1403637163.138319016,68154.5
1403637163.188318968,68275.2
1403637163.23831892,68367.4
1403637163.288319111,68468.5
1403637163.338319063,68561.6
1403637163.388319016,68675.6
1403637163.438318968,68787.4
1403637163.48831892,68886.9
1403637163.538319111,68980
1403637163.588319063,69094.2
1403637163.638319016,69187.9
1403637163.688318968,69287.7
1403637163.73831892,69382.8
1403637163.788319111,69490.7
1403637163.838319063,69611.6
1403637163.888319016,69716.2
1403637163.938318968,69808.1
1403637163.98831892,69917.5
1403637164.038319111,70033.6
1403637164.088319063,70130.4
1403637164.138319016,70240.9
1403637164.188318968,70361.3
1403637164.23831892,70461.6
1403637164.288319111,70570.6
1403637164.338319063,70671.1
1403637164.388319016,70759.6
1403637164.438318968,70866.2
1403637164.48831892,70965.4
1403637164.538319111,71067.8
1403637164.588319063,71177.4
1403637164.638319016,71275.2
1403637164.688318968,71376.2
1403637164.73831892,71468.4
1403637164.788319111,71595.9
1403637164.838319063,71677.3
1403637164.888319016,71787.2
1403637164.938318968,71906.2
1403637164.98831892,71993.3
1403637165.038319111,72101.7
1403637165.088319063,72215
1403637165.138319016,72323.9
1403637165.188318968,72452.4
1403637165.23831892,72546.4
1403637165.288319111,72665.6
1403637165.338319063,72763.6
1403637165.388319016,72873.5
1403637165.438318968,72988.6
1403637165.48831892,73083.2
1403637165.538319111,73186
1403637165.588319063,73277.6
1403637165.638319016,73406.2
1403637165.688318968,73501.1
1403637165.73831892,73605.7
1403637165.788319111,73726.5
1403637165.838319063,73835.3
1403637165.888319016,73933.6
1403637165.938318968,74024
1403637165.98831892,74146.5
1403637166.038319111,74240.4
1403637166.088319063,74355.4
1403637166.138319016,74450.1
1403637166.188318968,74570.9
1403637166.23831892,74688.1
1403637166.288319111,74808
1403637166.338319063,74913.9
1403637166.388319016,75030.8
1403637166.438318968,75121.7
1403637166.48831892,75221.2
1403637166.538319111,75319.6
1403637166.588319063,75434.4
1403637166.638319016,75553
1403637166.688318968,75644.9
1403637166.73831892,75752.1
1403637166.788319111,75848.3
1403637166.838319063,75955.6
1403637166.888319016,76052.5
1403637166.938318968,76139.4
1403637166.98831892,76259.5
1403637167.038319111,76368.1
1403637167.088319063,76460.6
1403637167.138319016,76555.3
1403637167.188318968,76668.5
1403637167.23831892,76779.8
1403637167.288319111,76874.7
1403637167.338319063,76982.8
1403637167.388319016,77101.2
1403637167.438318968,77192.2
1403637167.48831892,77290.2
1403637167.538319111,77386.6
1403637167.588319063,77479
1403637167.638319016,77596.2
1403637167.688318968,77688.2
1403637167.73831892,77787.1
1403637167.788319111,77895.6
1403637167.838319063,77996.6
1403637167.888319016,78094.5
1403637167.938318968,78187
1403637167.98831892,78315.2
1403637168.038319111,78424.4
1403637168.088319063,78518.9
1403637168.138319016,78609.2
1403637168.188318968,78731.9
1403637168.23831892,78847.7
1403637168.288319111,78942.1
1403637168.338319063,79044.2
1403637168.388319016,79160.4
1403637168.438318968,79274
1403637168.48831892,79369.1
1403637168.538319111,79471.7
1403637168.588319063,79574.6
1403637168.638319016,79685.2
1403637168.688318968,79804.8
1403637168.73831892,79887.2
1403637168.788319111,80000.2
1403637168.838319063,80090.6
1403637168.888319016,80189.9
1403637168.938318968,80284.9
1403637168.98831892,80385.9
1403637169.038319111,80497.4
1403637169.088319063,80609
1403637169.138319016,80709.4
1403637169.188318968,80816.3
1403637169.23831892,80931.2
1403637169.288319111,81029.5
1403637169.338319063,81120
1403637169.388319016,81229.4
1403637169.438318968,81354.6
1403637169.48831892,81467.6
1403637169.538319111,81567.1
1403637169.588319063,81665
1403637169.638319016,81773.1
1403637169.688318968,81876.7
1403637169.73831892,81971.9
1403637169.788319111,82075
1403637169.838319063,82181.3
1403637169.888319016,82284.4
1403637169.938318968,82390.5
1403637169.98831892,82499.6
1403637170.038319111,82613.8
1403637170.088319063,82719.9
1403637170.138319016,82827
1403637170.188318968,82958
1403637170.23831892,83057.3
1403637170.288319111,83175.9
1403637170.338319063,83275.6
1403637170.388319016,83401.2
1403637170.438318968,83517.9
1403637170.48831892,83612.1
1403637170.538319111,83708.8
1403637170.588319063,83800.8
1403637170.638319016,83915.8
1403637170.688318968,84033.9
1403637170.73831892,84127.8
1403637170.788319111,84238.7
1403637170.838319063,84347.2
1403637170.888319016,84460.3
1403637170.938318968,84552.4
1403637170.98831892,84677
1403637171.038319111,84765.4
1403637171.088319063,84861.4
1403637171.138319016,84963.6
1403637171.188318968,85098.6
1403637171.23831892,85205.5
1403637171.288319111,85308.3
1403637171.338319063,85406.6
1403637171.388319016,85504.9
1403637171.438318968,85624.4
1403637171.48831892,85731.6
1403637171.538319111,85819.8
1403637171.588319063,85927.4
1403637171.638319016,86020.7
1403637171.688318968,86132.9
1403637171.73831892,86217.5
1403637171.788319111,86320.3
1403637171.838319063,86438.1
1403637171.888319016,86579
1403637171.938318968,86676.6
1403637171.98831892,86797.1
1403637172.038319111,86906.9
1403637172.088319063,87024.6
1403637172.138319016,87126.2
1403637172.188318968,87230.3
1403637172.23831892,87352
1403637172.288319111,87464.1
1403637172.338319063,87552.6
1403637172.388319016,87655.5
1403637172.438318968,87746.6
1403637172.48831892,87869.4
1403637172.538319111,87955.7
1403637172.588319063,88089.5
1403637172.638319016,88204.5
1403637172.688318968,88305.2
1403637172.73831892,88408.7
1403637172.788319111,88510.9
1403637172.838319063,88646.5
1403637172.888319016,88755.7
1403637172.938318968,88862.4
1403637172.98831892,88985.7
1403637173.038319111,89075.5
1403637173.088319063,89193.4
1403637173.138319016,89293.8
1403637173.188318968,89406
1403637173.23831892,89521.3
1403637173.288319111,89636.3
1403637173.338319063,89727.6
1403637173.388319016,89835.2
1403637173.438318968,89948.5
1403637173.48831892,90070.8
1403637173.538319111,90164.3
1403637173.588319063,90306.6
1403637173.638319016,90420.9
1403637173.688318968,90533.5
1403637173.73831892,90639.3
1403637173.788319111,90740.8
1403637173.838319063,90831.1
1403637173.888319016,90944.8
1403637173.938318968,91051.5
1403637173.98831892,91167.9
1403637174.038319111,91285.1
1403637174.088319063,91395.7
1403637174.138319016,91489.2
1403637174.188318968,91602.9
1403637174.23831892,91699.1
1403637174.288319111,91824.2
1403637174.338319063,91914.5
1403637174.388319016,92025.5
1403637174.438318968,92135.3
1403637174.48831892,92255.5
1403637174.538319111,92351.9
1403637174.588319063,92461.2
1403637174.638319016,92570.8
1403637174.688318968,92686.1
1403637174.73831892,92782.7
1403637174.788319111,92908.6
1403637174.838319063,92997.6
1403637174.888319016,93112.9
1403637174.938318968,93206.2
1403637174.98831892,93314.2
1403637175.038319111,93432.4
1403637175.088319063,93542.2
1403637175.138319016,93649.9
1403637175.188318968,93752.7
1403637175.23831892,93867.3
1403637175.288319111,93973.6
1403637175.338319063,94068.6
1403637175.388319016,94181.6
1403637175.438318968,94296.5
1403637175.48831892,94391.2
1403637175.538319111,94488.1
1403637175.588319063,94583.4
1403637175.638319016,94694.2
1403637175.688318968,94813.7
1403637175.73831892,94916.1
1403637175.788319111,95041.8
1403637175.838319063,95149.7
1403637175.888319016,95270.4
1403637175.938318968,95371.9
1403637175.98831892,95472.2
1403637176.038319111,95593.6
1403637176.088319063,95695
1403637176.138319016,95794
1403637176.188318968,95916.8
1403637176.23831892,96033.9
1403637176.288319111,96132
1403637176.338319063,96251.3
1403637176.388319016,96372
1403637176.438318968,96479.8
1403637176.48831892,96588.7
1403637176.538319111,96686
1403637176.588319063,96812.4
1403637176.638319016,96906.4
1403637176.688318968,97034.8
1403637176.73831892,97130.3
1403637176.788319111,97233.5
1403637176.838319063,97352.1
1403637176.888319016,97487
1403637176.938318968,97588.9
1403637176.98831892,97709.8
1403637177.038319111,97800.5
1403637177.088319063,97916.9
1403637177.138319016,98020.3
1403637177.188318968,98125.3
1403637177.23831892,98235.4
1403637177.288319111,98321.2
1403637177.338319063,98416.1
1403637177.388319016,98515.7
1403637177.438318968,98633.8
1403637177.48831892,98756.7
1403637177.538319111,98869.3
1403637177.588319063,98975.3
1403637177.638319016,99096.8
1403637177.688318968,99185.9
1403637177.73831892,99311.4
1403637177.788319111,99428.7
1403637177.838319063,99560.7
1403637177.888319016,99676.7
1403637177.938318968,99802
1403637177.98831892,99919.4
1403637178.038319111,100016
1403637178.088319063,100148
1403637178.138319016,100244
1403637178.188318968,100357
1403637178.23831892,100459
1403637178.288319111,100583
1403637178.338319063,100685
1403637178.388319016,100796
1403637178.438318968,100937
1403637178.48831892,101061
1403637178.538319111,101152
1403637178.588319063,101258
1403637178.638319016,101372
1403637178.688318968,101483
1403637178.73831892,101581
1403637178.788319111,101683
1403637178.838319063,101792
1403637178.888319016,101916
1403637178.938318968,102011
1403637178.98831892,102133
1403637179.038319111,102259
1403637179.088319063,102378
1403637179.138319016,102473
1403637179.188318968,102585
1403637179.23831892,102712
1403637179.288319111,102839
1403637179.338319063,102952
1403637179.388319016,103050
1403637179.438318968,103177
1403637179.48831892,103301
1403637179.538319111,103399
1403637179.588319063,103501
1403637179.638319016,103635
1403637179.688318968,103736
1403637179.73831892,103839
1403637179.788319111,103943
1403637179.838319063,104056
1403637179.888319016,104147
1403637179.938318968,104253
1403637179.98831892,104362
1403637180.038319111,104474
1403637180.088319063,104577
1403637180.138319016,104679
1403637180.188318968,104781
1403637180.23831892,104902
1403637180.288319111,105053
1403637180.338319063,105145
1403637180.388319016,105238
1403637180.438318968,105358
1403637180.48831892,105476
1403637180.538319111,105576
1403637180.588319063,105683
1403637180.638319016,105803
1403637180.688318968,105915
1403637180.73831892,106015
1403637180.788319111,106114
1403637180.838319063,106238
1403637180.888319016,106343
1403637180.938318968,106455
1403637180.98831892,106551
1403637181.038319111,106668
1403637181.088319063,106785
1403637181.138319016,106883
1403637181.188318968,106985
1403637181.23831892,107097
1403637181.288319111,107237
1403637181.338319063,107330
1403637181.388319016,107446
1403637181.438318968,107562
1403637181.48831892,107666
1403637181.538319111,107762
1403637181.588319063,107888
1403637181.638319016,108013
1403637181.688318968,108120
1403637181.73831892,108219
1403637181.788319111,108334
1403637181.838319063,108456
1403637181.888319016,108558
1403637181.938318968,108677
1403637181.98831892,108784
1403637182.038319111,108891
1403637182.088319063,108983
1403637182.138319016,109088
1403637182.188318968,109184
1403637182.23831892,109274
1403637182.288319111,109375
1403637182.338319063,109489
1403637182.388319016,109598
1403637182.438318968,109741
1403637182.48831892,109845
1403637182.538319111,109951
1403637182.588319063,110049
1403637182.638319016,110161
1403637182.688318968,110283
1403637182.73831892,110372
1403637182.788319111,110477
1403637182.838319063,110582
1403637182.888319016,110700
1403637182.938318968,110814
1403637182.98831892,110936
1403637183.038319111,111054
1403637183.088319063,111170
1403637183.138319016,111267
1403637183.188318968,111362
1403637183.23831892,111485
1403637183.288319111,111582
1403637183.338319063,111689
1403637183.388319016,111799
1403637183.438318968,111921
1403637183.48831892,112040
1403637183.538319111,112138
1403637183.588319063,112244
1403637183.638319016,112353
1403637183.688318968,112478
1403637183.73831892,112571
1403637183.788319111,112687
1403637183.838319063,112798
1403637183.888319016,112905
1403637183.938318968,113009
1403637183.98831892,113117
1403637184.038319111,113234
1403637184.088319063,113359
1403637184.138319016,113454
1403637184.188318968,113554
1403637184.23831892,113675
1403637184.288319111,113777
1403637184.338319063,113867
1403637184.388319016,113992
1403637184.438318968,114128
1403637184.48831892,114252
1403637184.538319111,114344
1403637184.588319063,114437
1403637184.638319016,114542
1403637184.688318968,114645
1403637184.73831892,114740
1403637184.788319111,114848
1403637184.838319063,114959
1403637184.888319016,115069
1403637184.938318968,115169
1403637184.98831892,115277
1403637185.038319111,115380
1403637185.088319063,115505
1403637185.138319016,115600
1403637185.188318968,115706
1403637185.23831892,115828
1403637185.288319111,115951
1403637185.338319063,116059
1403637185.388319016,116200
1403637185.438318968,116293
1403637185.48831892,116398
1403637185.538319111,116494
1403637185.588319063,116600
1403637185.638319016,116710
1403637185.688318968,116819
1403637185.73831892,116913
1403637185.788319111,117047
1403637185.838319063,117168
1403637185.888319016,117268
1403637185.938318968,117373
1403637185.98831892,117484
1403637186.038319111,117606
1403637186.088319063,117706
1403637186.138319016,117824
1403637186.188318968,117930
1403637186.23831892,118049
1403637186.288319111,118171
1403637186.338319063,118268
1403637186.388319016,118370
1403637186.438318968,118464
1403637186.48831892,118580
1403637186.538319111,118671
1403637186.588319063,118797
1403637186.638319016,118915
1403637186.688318968,119026
1403637186.73831892,119126
1403637186.788319111,119225
1403637186.838319063,119335
1403637186.888319016,119454
1403637186.938318968,119547
1403637186.98831892,119656
1403637187.038319111,119753
1403637187.088319063,119876
1403637187.138319016,119985
1403637187.188318968,120091
1403637187.23831892,120217
1403637187.288319111,120331
1403637187.338319063,120430
1403637187.388319016,120528
1403637187.438318968,120640
1403637187.48831892,120730
1403637187.538319111,120842
1403637187.588319063,120954
1403637187.638319016,121097
1403637187.688318968,121212
1403637187.73831892,121312
1403637187.788319111,121433
1403637187.838319063,121552
1403637187.888319016,121671
1403637187.938318968,121778
1403637187.98831892,121913
1403637188.038319111,122027
1403637188.088319063,122132
1403637188.138319016,122239
1403637188.188318968,122347
1403637188.23831892,122462
1403637188.288319111,122581
1403637188.338319063,122675
1403637188.388319016,122787
1403637188.438318968,122887
1403637188.48831892,122998
1403637188.538319111,123089
1403637188.588319063,123208
1403637188.638319016,123325
1403637188.688318968,123439
1403637188.73831892,123536
1403637188.788319111,123632
1403637188.838319063,123737
1403637188.888319016,123846
1403637188.938318968,123957
1403637188.98831892,124061
1403637189.038319111,124180
1403637189.088319063,124297
1403637189.138319016,124408
1403637189.188318968,124517
1403637189.23831892,124626
1403637189.288319111,124742
1403637189.338319063,124842
1403637189.388319016,124941
1403637189.438318968,125033
1403637189.48831892,125145
1403637189.538319111,125262
1403637189.588319063,125385
1403637189.638319016,125504
1403637189.688318968,125624
1403637189.73831892,125715
1403637189.788319111,125814
1403637189.838319063,125918
1403637189.888319016,126034
1403637189.938318968,126129
1403637189.98831892,126243
1403637190.038319111,126348
1403637190.088319063,126469
1403637190.138319016,126574
1403637190.188318968,126680
1403637190.23831892,126794
1403637190.288319111,126914
1403637190.338319063,127020
1403637190.388319016,127140
1403637190.438318968,127253
1403637190.48831892,127342
1403637190.538319111,127448
1403637190.588319063,127549
1403637190.638319016,127650
1403637190.688318968,127759
1403637190.73831892,127855
1403637190.788319111,127967
1403637190.838319063,128075
1403637190.888319016,128174
1403637190.938318968,128271
1403637190.98831892,128379
1403637191.038319111,128491
1403637191.088319063,128591
1403637191.138319016,128707
1403637191.188318968,128822
1403637191.23831892,128916
1403637191.288319111,129033
1403637191.338319063,129145
1403637191.388319016,129249
1403637191.438318968,129363
1403637191.48831892,129477
1403637191.538319111,129570
1403637191.588319063,129670
1403637191.638319016,129769
1403637191.688318968,129857
1403637191.73831892,129961
1403637191.788319111,130096
1403637191.838319063,130224
1403637191.888319016,130352
1403637191.938318968,130460
1403637191.98831892,130559
1403637192.038319111,130682
1403637192.088319063,130791
1403637192.138319016,130914
1403637192.188318968,131031
1403637192.23831892,131146
1403637192.288319111,131252
1403637192.338319063,131346
1403637192.388319016,131455
1403637192.438318968,131581
1403637192.48831892,131702
1403637192.538319111,131815
1403637192.588319063,131927
1403637192.638319016,132047
1403637192.688318968,132168
1403637192.73831892,132274
1403637192.788319111,132386
1403637192.838319063,132506
1403637192.888319016,132628
1403637192.938318968,132728
1403637192.98831892,132829
1403637193.038319111,132946
1403637193.088319063,133066
1403637193.138319016,133185
1403637193.188318968,133286
1403637193.23831892,133404
1403637193.288319111,133515
1403637193.338319063,133606
1403637193.388319016,133738
1403637193.438318968,133855
1403637193.48831892,133967
1403637193.538319111,134102
1403637193.588319063,134207
1403637193.638319016,134314
1403637193.688318968,134430
1403637193.73831892,134547
1403637193.788319111,134659
1403637193.838319063,134792
1403637193.888319016,134915
1403637193.938318968,135036
1403637193.98831892,135153
1403637194.038319111,135247
1403637194.088319063,135365
1403637194.138319016,135481
1403637194.188318968,135590
1403637194.23831892,135697
1403637194.288319111,135816
1403637194.338319063,135928
1403637194.388319016,136031
1403637194.438318968,136139
1403637194.48831892,136257
1403637194.538319111,136388
1403637194.588319063,136493
1403637194.638319016,136604
1403637194.688318968,136693
1403637194.73831892,136794
1403637194.788319111,136897
1403637194.838319063,137011
1403637194.888319016,137132
1403637194.938318968,137236
1403637194.98831892,137348
1403637195.038319111,137443
1403637195.088319063,137545
1403637195.138319016,137663
1403637195.188318968,137768
1403637195.23831892,137881
1403637195.288319111,137990
1403637195.338319063,138098
1403637195.388319016,138206
1403637195.438318968,138311
1403637195.48831892,138433
1403637195.538319111,138553
1403637195.588319063,138658
1403637195.638319016,138775
1403637195.688318968,138892
1403637195.73831892,138995
1403637195.788319111,139093
1403637195.838319063,139209
1403637195.888319016,139325
1403637195.938318968,139441
1403637195.98831892,139544
1403637196.038319111,139657
1403637196.088319063,139751
1403637196.138319016,139851
1403637196.188318968,139974
1403637196.23831892,140077
1403637196.288319111,140211
1403637196.338319063,140333
1403637196.388319016,140446
1403637196.438318968,140580
1403637196.48831892,140689
1403637196.538319111,140794
1403637196.588319063,140912
1403637196.638319016,141016
1403637196.688318968,141157
1403637196.73831892,141254
1403637196.788319111,141343
1403637196.838319063,141466
1403637196.888319016,141575
1403637196.938318968,141675
1403637196.98831892,141796
1403637197.038319111,141942
1403637197.088319063,142061
1403637197.138319016,142174
1403637197.188318968,142289
1403637197.23831892,142399
1403637197.288319111,142497
1403637197.338319063,142592
1403637197.388319016,142690
1403637197.438318968,142788
1403637197.48831892,142908
1403637197.538319111,143000
1403637197.588319063,143109
1403637197.638319016,143232
1403637197.688318968,143344
1403637197.73831892,143441
1403637197.788319111,143563
1403637197.838319063,143682
1403637197.888319016,143770
1403637197.938318968,143873
1403637197.98831892,143967
1403637198.038319111,144092
1403637198.088319063,144197
1403637198.138319016,144331
1403637198.188318968,144437
1403637198.23831892,144527
1403637198.288319111,144641
1403637198.338319063,144731
1403637198.388319016,144857
1403637198.438318968,144971
1403637198.48831892,145072
1403637198.538319111,145176
1403637198.588319063,145270
1403637198.638319016,145391
1403637198.688318968,145491
1403637198.73831892,145597
1403637198.788319111,145718
1403637198.838319063,145826
1403637198.888319016,145942
1403637198.938318968,146050
1403637198.98831892,146166
1403637199.038319111,146282
1403637199.088319063,146380
1403637199.138319016,146470
1403637199.188318968,146591
1403637199.23831892,146707
1403637199.288319111,146806
1403637199.338319063,146913
1403637199.388319016,147016
1403637199.438318968,147126
1403637199.48831892,147259
1403637199.538319111,147358
1403637199.588319063,147470
1403637199.638319016,147593
1403637199.688318968,147712
1403637199.73831892,147810
1403637199.788319111,147910
1403637199.838319063,148038
1403637199.888319016,148148
1403637199.938318968,148238
1403637199.98831892,148345
1403637200.038319111,148462
1403637200.088319063,148584
1403637200.138319016,148678
1403637200.188318968,148801
1403637200.23831892,148908
1403637200.288319111,149031
1403637200.338319063,149125
1403637200.388319016,149241
1403637200.438318968,149332
1403637200.48831892,149435
1403637200.538319111,149541
1403637200.588319063,149652
1403637200.638319016,149766
1403637200.688318968,149879
1403637200.73831892,149978
1403637200.788319111,150071
1403637200.838319063,150188
1403637200.888319016,150310
1403637200.938318968,150406
1403637200.98831892,150515
1403637201.038319111,150625
1403637201.088319063,150743
1403637201.138319016,150839
1403637201.188318968,150935
1403637201.23831892,151042
1403637201.288319111,151171
1403637201.338319063,151263
1403637201.388319016,151377
1403637201.438318968,151491
1403637201.48831892,151614
1403637201.538319111,151730
1403637201.588319063,151842
1403637201.638319016,151949
1403637201.688318968,152071
1403637201.73831892,152171
1403637201.788319111,152289
1403637201.838319063,152413
1403637201.888319016,152514
1403637201.938318968,152617
1403637201.98831892,152735
1403637202.038319111,152848
1403637202.088319063,152951
1403637202.138319016,153063
1403637202.188318968,153161
1403637202.23831892,153283
1403637202.288319111,153431
1403637202.338319063,153533
1403637202.388319016,153640
1403637202.438318968,153760
1403637202.48831892,153878
1403637202.538319111,153973
1403637202.588319063,154088
1403637202.638319016,154205
1403637202.688318968,154314
1403637202.73831892,154437
1403637202.788319111,154543
1403637202.838319063,154665
1403637202.888319016,154770
1403637202.938318968,154886
1403637202.98831892,155004
1403637203.038319111,155124
1403637203.088319063,155212
1403637203.138319016,155331
1403637203.188318968,155438
1403637203.23831892,155559
1403637203.288319111,155677
1403637203.338319063,155774
1403637203.388319016,155884
1403637203.438318968,155994
1403637203.48831892,156092
1403637203.538319111,156207
1403637203.588319063,156312
1403637203.638319016,156445
1403637203.688318968,156535
1403637203.73831892,156644
1403637203.788319111,156755
1403637203.838319063,156857
1403637203.888319016,156978
1403637203.938318968,157096
1403637203.98831892,157197
1403637204.038319111,157314
1403637204.088319063,157426
1403637204.138319016,157536
1403637204.188318968,157645
1403637204.23831892,157753
1403637204.288319111,157857
1403637204.338319063,157973
1403637204.388319016,158083
1403637204.438318968,158203
1403637204.48831892,158304
1403637204.538319111,158404
1403637204.588319063,158533
1403637204.638319016,158636
1403637204.688318968,158741
1403637204.73831892,158848
1403637204.788319111,158961
1403637204.838319063,159073
1403637204.888319016,159164
1403637204.938318968,159285
1403637204.98831892,159387
1403637205.038319111,159507
1403637205.088319063,159627
1403637205.138319016,159719
1403637205.188318968,159816
1403637205.23831892,159926
1403637205.288319111,160044
1403637205.338319063,160159
1403637205.388319016,160262
1403637205.438318968,160383
1403637205.48831892,160498
1403637205.538319111,160589
1403637205.588319063,160690
1403637205.638319016,160809
1403637205.688318968,160917
1403637205.73831892,161014
1403637205.788319111,161128
1403637205.838319063,161248
1403637205.888319016,161359
1403637205.938318968,161477
1403637205.98831892,161588
1403637206.038319111,161701
1403637206.088319063,161833
1403637206.138319016,161944
1403637206.188318968,162078
1403637206.23831892,162173
1403637206.288319111,162284
1403637206.338319063,162393
1403637206.388319016,162509
1403637206.438318968,162630
1403637206.48831892,162752
1403637206.538319111,162877
1403637206.588319063,162988
1403637206.638319016,163092
1403637206.688318968,163206
1403637206.73831892,163322
1403637206.788319111,163441
1403637206.838319063,163560
1403637206.888319016,163693
1403637206.938318968,163807
1403637206.98831892,163924
1403637207.038319111,164032
1403637207.088319063,164147
1403637207.138319016,164268
1403637207.188318968,164391
1403637207.23831892,164503
1403637207.288319111,164607
1403637207.338319063,164718
1403637207.388319016,164820
1403637207.438318968,164939
1403637207.48831892,165048
1403637207.538319111,165165
1403637207.588319063,165324
1403637207.638319016,165418
1403637207.688318968,165515
1403637207.73831892,165634
1403637207.788319111,165733
1403637207.838319063,165854
1403637207.888319016,165963
1403637207.938318968,166097
1403637207.98831892,166190
1403637208.038319111,166312
1403637208.088319063,166422
1403637208.138319016,166548
1403637208.188318968,166652
1403637208.23831892,166753
1403637208.288319111,166867
1403637208.338319063,166958
1403637208.388319016,167058
1403637208.438318968,167179
1403637208.48831892,167279
1403637208.538319111,167408
1403637208.588319063,167511
1403637208.638319016,167621
1403637208.688318968,167733
1403637208.73831892,167838
1403637208.788319111,167936
1403637208.838319063,168024
1403637208.888319016,168124
1403637208.938318968,168246
1403637208.98831892,168362
1403637209.038319111,168479
1403637209.088319063,168572
1403637209.138319016,168689
1403637209.188318968,168808
1403637209.23831892,168926
1403637209.288319111,169047
1403637209.338319063,169170
1403637209.388319016,169279
1403637209.438318968,169385
1403637209.48831892,169490
1403637209.538319111,169585
1403637209.588319063,169695
1403637209.638319016,169816
1403637209.688318968,169917
1403637209.73831892,170022
1403637209.788319111,170136
1403637209.838319063,170263
1403637209.888319016,170369
1403637209.938318968,170488
1403637209.98831892,170597
1403637210.038319111,170705
1403637210.088319063,170809
1403637210.138319016,170909
1403637210.188318968,171026
1403637210.23831892,171135
1403637210.288319111,171241
1403637210.338319063,171361
1403637210.388319016,171471
1403637210.438318968,171579
1403637210.48831892,171699
1403637210.538319111,171804
1403637210.588319063,171901
1403637210.638319016,172021
1403637210.688318968,172131
1403637210.73831892,172239
1403637210.788319111,172344
1403637210.838319063,172447
1403637210.888319016,172561
1403637210.938318968,172651
1403637210.98831892,172755
1403637211.038319111,172880
1403637211.088319063,172989
1403637211.138319016,173099
1403637211.188318968,173203
1403637211.23831892,173326
1403637211.288319111,173425
1403637211.338319063,173545
1403637211.388319016,173644
1403637211.438318968,173765
1403637211.48831892,173856
1403637211.538319111,173989
1403637211.588319063,174088
1403637211.638319016,174212
1403637211.688318968,174328
1403637211.73831892,174466
1403637211.788319111,174599
1403637211.838319063,174693
1403637211.888319016,174810
1403637211.938318968,174925
1403637211.98831892,175039
1403637212.038319111,175147
1403637212.088319063,175275
1403637212.138319016,175386
1403637212.188318968,175480
1403637212.23831892,175591
1403637212.288319111,175700
1403637212.338319063,175818
1403637212.388319016,175925
1403637212.438318968,176031
1403637212.48831892,176143
1403637212.538319111,176249
1403637212.588319063,176350
1403637212.638319016,176485
1403637212.688318968,176579
1403637212.73831892,176700
1403637212.788319111,176811
1403637212.838319063,176920
1403637212.888319016,177052
1403637212.938318968,177162
1403637212.98831892,177261
1403637213.038319111,177377
1403637213.088319063,177490
1403637213.138319016,177656
1403637213.188318968,177771
1403637213.23831892,177880
1403637213.288319111,178005
1403637213.338319063,178116
1403637213.388319016,178208
1403637213.438318968,178333
1403637213.48831892,178464
1403637213.538319111,178584
1403637213.588319063,178676
1403637213.638319016,178785
1403637213.688318968,178905
1403637213.73831892,178995
1403637213.788319111,179115
1403637213.838319063,179234
1403637213.888319016,179346
1403637213.938318968,179462
1403637213.98831892,179613
1403637214.038319111,179741
1403637214.088319063,179857
1403637214.138319016,179983
1403637214.188318968,180083
1403637214.23831892,180200
1403637214.288319111,180313
1403637214.338319063,180428
1403637214.388319016,180539
1403637214.438318968,180643
1403637214.48831892,180764
1403637214.538319111,180865
1403637214.588319063,180962
1403637214.638319016,181074
1403637214.688318968,181176
1403637214.73831892,181293
1403637214.788319111,181418
1403637214.838319063,181528
1403637214.888319016,181643
1403637214.938318968,181744
1403637214.98831892,181845
1403637215.038319111,181955
1403637215.088319063,182068
1403637215.138319016,182172
1403637215.188318968,182291
1403637215.23831892,182387
1403637215.288319111,182492
1403637215.338319063,182607
1403637215.388319016,182711
1403637215.438318968,182820
1403637215.48831892,182938
1403637215.538319111,183079
1403637215.588319063,183173
1403637215.638319016,183279
1403637215.688318968,183391
1403637215.73831892,183481
1403637215.788319111,183585
1403637215.838319063,183714
1403637215.888319016,183832
1403637215.938318968,183928
1403637215.98831892,184026
1403637216.038319111,184134
1403637216.088319063,184272
1403637216.138319016,184376
1403637216.188318968,184520
1403637216.23831892,184652
1403637216.288319111,184747
1403637216.338319063,184870
1403637216.388319016,184972
1403637216.438318968,185095
1403637216.48831892,185183
1403637216.538319111,185297
1403637216.588319063,185404
1403637216.638319016,185539
1403637216.688318968,185637
1403637216.73831892,185751
1403637216.788319111,185863
1403637216.838319063,185987
1403637216.888319016,186078
1403637216.938318968,186185
1403637216.98831892,186290
1403637217.038319111,186389
1403637217.088319063,186506
1403637217.138319016,186602
1403637217.188318968,186720
1403637217.23831892,186833
1403637217.288319111,186943
1403637217.338319063,187050
1403637217.388319016,187171
1403637217.438318968,187283
1403637217.48831892,187377
1403637217.538319111,187506
1403637217.588319063,187610
1403637217.638319016,187705
1403637217.688318968,187805
1403637217.73831892,187915
1403637217.788319111,188017
1403637217.838319063,188112
1403637217.888319016,188242
1403637217.938318968,188350
1403637217.98831892,188453
1403637218.038319111,188608
1403637218.088319063,188714
1403637218.138319016,188841
1403637218.188318968,188963
1403637218.23831892,189067
1403637218.288319111,189195
1403637218.338319063,189317
1403637218.388319016,189426
1403637218.438318968,189541
1403637218.48831892,189647
1403637218.538319111,189743
1403637218.588319063,189858
1403637218.638319016,189975
1403637218.688318968,190068
1403637218.73831892,190171
1403637218.788319111,190267
1403637218.838319063,190377
1403637218.888319016,190497
1403637218.938318968,190593
1403637218.98831892,190691
1403637219.038319111,190793
1403637219.088319063,190893
1403637219.138319016,190993
1403637219.188318968,191111
1403637219.23831892,191225
1403637219.288319111,191341
1403637219.338319063,191441
1403637219.388319016,191557
1403637219.438318968,191684
1403637219.48831892,191810
1403637219.538319111,191907
1403637219.588319063,192031
1403637219.638319016,192128
1403637219.688318968,192247
1403637219.73831892,192351
1403637219.788319111,192458
1403637219.838319063,192575
1403637219.888319016,192684
1403637219.938318968,192810
1403637219.98831892,192987
1403637220.038319111,193082
1403637220.088319063,193205
1403637220.138319016,193322
1403637220.188318968,193434
1403637220.23831892,193526
1403637220.288319111,193634
1403637220.338319063,193755
1403637220.388319016,193868
1403637220.438318968,193978
1403637220.48831892,194098
1403637220.538319111,194215
1403637220.588319063,194335
1403637220.638319016,194439
1403637220.688318968,194549
1403637220.73831892,194678
1403637220.788319111,194776
1403637220.838319063,194879
1403637220.888319016,194993
1403637220.938318968,195105
1403637220.98831892,195235
1403637221.038319111,195342
1403637221.088319063,195433
1403637221.138319016,195546
1403637221.188318968,195657
1403637221.23831892,195763
1403637221.288319111,195886
1403637221.338319063,195992
1403637221.388319016,196092
1403637221.438318968,196210
1403637221.48831892,196325
1403637221.538319111,196431
1403637221.588319063,196544
1403637221.638319016,196655
1403637221.688318968,196783
1403637221.73831892,196906
1403637221.788319111,197008
1403637221.838319063,197141
1403637221.888319016,197248
1403637221.938318968,197364
1403637221.98831892,197456
1403637222.038319111,197569
1403637222.088319063,197682
1403637222.138319016,197784
1403637222.188318968,197903
1403637222.23831892,198015
1403637222.288319111,198146
1403637222.338319063,198262
1403637222.388319016,198372
1403637222.438318968,198490
1403637222.48831892,198591
1403637222.538319111,198729
1403637222.588319063,198838
1403637222.638319016,198949
1403637222.688318968,199065
1403637222.73831892,199172
1403637222.788319111,199280
1403637222.838319063,199390
1403637222.888319016,199505
1403637222.938318968,199635
1403637222.98831892,199765
1403637223.038319111,199855
1403637223.088319063,199963
1403637223.138319016,200078
1403637223.188318968,200183
1403637223.23831892,200288
1403637223.288319111,200420
1403637223.338319063,200532
1403637223.388319016,200673
1403637223.438318968,200805
1403637223.48831892,200929
1403637223.538319111,201056
1403637223.588319063,201177
1403637223.638319016,201297
1403637223.688318968,201407
1403637223.73831892,201530
1403637223.788319111,201653
1403637223.838319063,201763
1403637223.888319016,201851
1403637223.938318968,201979
1403637223.98831892,202081
1403637224.038319111,202195
1403637224.088319063,202306
1403637224.138319016,202431
1403637224.188318968,202542
1403637224.23831892,202646
1403637224.288319111,202770
1403637224.338319063,202875
1403637224.388319016,203011
1403637224.438318968,203131
1403637224.48831892,203226
1403637224.538319111,203359
1403637224.588319063,203460
1403637224.638319016,203575
1403637224.688318968,203685
1403637224.73831892,203806
1403637224.788319111,203923
1403637224.838319063,204041
1403637224.888319016,204161
1403637224.938318968,204281
1403637224.98831892,204407
1403637225.038319111,204520
1403637225.088319063,204639
1403637225.138319016,204752
1403637225.188318968,204857
1403637225.23831892,204976
1403637225.288319111,205069
1403637225.338319063,205203
1403637225.388319016,205343
1403637225.438318968,205464
1403637225.48831892,205563
1403637225.538319111,205669
1403637225.588319063,205760
1403637225.638319016,205859
1403637225.688318968,205980
1403637225.73831892,206091
1403637225.788319111,206221
1403637225.838319063,206313
1403637225.888319016,206430
1403637225.938318968,206521
1403637225.98831892,206634
1403637226.038319111,206771
1403637226.088319063,206886
1403637226.138319016,207000
1403637226.188318968,207092
1403637226.23831892,207211
1403637226.288319111,207317
1403637226.338319063,207440
1403637226.388319016,207547
1403637226.438318968,207667
1403637226.48831892,207775
1403637226.538319111,207867
1403637226.588319063,207961
1403637226.638319016,208085
1403637226.688318968,208202
1403637226.73831892,208326
1403637226.788319111,208475
1403637226.838319063,208582
1403637226.888319016,208682
1403637226.938318968,208794
1403637226.98831892,208898
1403637227.038319111,208991
1403637227.088319063,209136
1403637227.138319016,209258
1403637227.188318968,209361
1403637227.23831892,209478
1403637227.288319111,209571
1403637227.338319063,209692
1403637227.388319016,209790
1403637227.438318968,209904
1403637227.48831892,210030
1403637227.538319111,210156
1403637227.588319063,210246
1403637227.638319016,210350
1403637227.688318968,210455
1403637227.73831892,210577
1403637227.788319111,210680
1403637227.838319063,210809
1403637227.888319016,210919
1403637227.938318968,211010
1403637227.98831892,211107
1403637228.038319111,211223
1403637228.088319063,211344
1403637228.138319016,211470
1403637228.188318968,211567
1403637228.23831892,211674
1403637228.288319111,211774
1403637228.338319063,211890
1403637228.388319016,211993
1403637228.438318968,212089
1403637228.48831892,212210
1403637228.538319111,212341
1403637228.588319063,212430
1403637228.638319016,212566
1403637228.688318968,212659
1403637228.73831892,212779
1403637228.788319111,212881
1403637228.838319063,213005
1403637228.888319016,213120
1403637228.938318968,213263
1403637228.98831892,213351
1403637229.038319111,213458
1403637229.088319063,213574
1403637229.138319016,213676
1403637229.188318968,213790
1403637229.23831892,213901
1403637229.288319111,214017
1403637229.338319063,214115
1403637229.388319016,214213
1403637229.438318968,214329
1403637229.48831892,214432
1403637229.538319111,214532
1403637229.588319063,214646
1403637229.638319016,214756
1403637229.688318968,214851
1403637229.73831892,214973
1403637229.788319111,215069
1403637229.838319063,215208
1403637229.888319016,215324
1403637229.938318968,215448
1403637229.98831892,215532
1403637230.038319111,215644
1403637230.088319063,215750
1403637230.138319016,215844
1403637230.188318968,215955
1403637230.23831892,216086
1403637230.288319111,216187
1403637230.338319063,216315
1403637230.388319016,216403
1403637230.438318968,216516
1403637230.48831892,216641
1403637230.538319111,216731
1403637230.588319063,216844
1403637230.638319016,216964
1403637230.688318968,217054
1403637230.73831892,217168
1403637230.788319111,217277
1403637230.838319063,217373
1403637230.888319016,217498
1403637230.938318968,217618
1403637230.98831892,217725
1403637231.038319111,217836
1403637231.088319063,217954
1403637231.138319016,218073
1403637231.188318968,218172
1403637231.23831892,218270
1403637231.288319111,218399
1403637231.338319063,218523
1403637231.388319016,218658
1403637231.438318968,218750
1403637231.48831892,218859
1403637231.538319111,218952
1403637231.588319063,219054
1403637231.638319016,219185
1403637231.688318968,219296
1403637231.73831892,219408
1403637231.788319111,219499
1403637231.838319063,219625
1403637231.888319016,219749
1403637231.938318968,219873
1403637231.98831892,220002
1403637232.038319111,220099
1403637232.088319063,220214
1403637232.138319016,220318
1403637232.188318968,220429
1403637232.23831892,220573
1403637232.288319111,220690
1403637232.338319063,220796
1403637232.388319016,220923
1403637232.438318968,221023
1403637232.48831892,221138
1403637232.538319111,221247
1403637232.588319063,221338
1403637232.638319016,221492
1403637232.688318968,221614
1403637232.73831892,221718
1403637232.788319111,221833
1403637232.838319063,221955
1403637232.888319016,222059
1403637232.938318968,222171
1403637232.98831892,222286
1403637233.038319111,222410
1403637233.088319063,222502
1403637233.138319016,222629
1403637233.188318968,222768
1403637233.23831892,222883
1403637233.288319111,222979
1403637233.338319063,223087
1403637233.388319016,223205
1403637233.438318968,223318
1403637233.48831892,223424
1403637233.538319111,223527
1403637233.588319063,223630
1403637233.638319016,223743
1403637233.688318968,223865
1403637233.73831892,223987
1403637233.788319111,224095
1403637233.838319063,224197
1403637233.888319016,224308
1403637233.938318968,224408
1403637233.98831892,224520
1403637234.038319111,224631
1403637234.088319063,224746
1403637234.138319016,224887
1403637234.188318968,224983
1403637234.23831892,225077
1403637234.288319111,225192
1403637234.338319063,225286
1403637234.388319016,225392
1403637234.438318968,225497
1403637234.48831892,225631
1403637234.538319111,225749
1403637234.588319063,225843
1403637234.638319016,225984
1403637234.688318968,226103
1403637234.73831892,226220
1403637234.788319111,226347
1403637234.838319063,226445
1403637234.888319016,226547
1403637234.938318968,226662
1403637234.98831892,226780
1403637235.038319111,226871
1403637235.088319063,226981
1403637235.138319016,227106
1403637235.188318968,227218
1403637235.23831892,227341
1403637235.288319111,227434
1403637235.338319063,227547
1403637235.388319016,227668
1403637235.438318968,227781
1403637235.48831892,227889
1403637235.538319111,228005
1403637235.588319063,228111
1403637235.638319016,228218
1403637235.688318968,228318
1403637235.73831892,228430
1403637235.788319111,228526
1403637235.838319063,228639
1403637235.888319016,228750
1403637235.938318968,228855
1403637235.98831892,228963
1403637236.038319111,229069
1403637236.088319063,229164
1403637236.138319016,229295
1403637236.188318968,229407
1403637236.23831892,229541
1403637236.288319111,229657
1403637236.338319063,229773
1403637236.388319016,229876
1403637236.438318968,230005
1403637236.48831892,230130
1403637236.538319111,230260
1403637236.588319063,230356
1403637236.638319016,230474
1403637236.688318968,230574
1403637236.73831892,230694
1403637236.788319111,230832
1403637236.838319063,230948
1403637236.888319016,231044
1403637236.938318968,231150
1403637236.98831892,231256
1403637237.038319111,231353
1403637237.088319063,231451
1403637237.138319016,231579
1403637237.188318968,231701
1403637237.23831892,231799
1403637237.288319111,231907
1403637237.338319063,232044
1403637237.388319016,232162
1403637237.438318968,232254
1403637237.48831892,232391
1403637237.538319111,232496
1403637237.588319063,232614
1403637237.638319016,232732
1403637237.688318968,232833
1403637237.73831892,232947
1403637237.788319111,233068
1403637237.838319063,233189
1403637237.888319016,233293
1403637237.938318968,233421
1403637237.98831892,233528
1403637238.038319111,233630
1403637238.088319063,233734
1403637238.138319016,233844
1403637238.188318968,233979
1403637238.23831892,234094
1403637238.288319111,234207
1403637238.338319063,234331
1403637238.388319016,234450
1403637238.438318968,234566
1403637238.48831892,234685
1403637238.538319111,234804
1403637238.588319063,234910
1403637238.638319016,235033
1403637238.688318968,235144
1403637238.73831892,235245
1403637238.788319111,235343
1403637238.838319063,235436
1403637238.888319016,235571
1403637238.938318968,235670
1403637238.98831892,235769
1403637239.038319111,235884
1403637239.088319063,236002
1403637239.138319016,236127
1403637239.188318968,236230
1403637239.23831892,236355
1403637239.288319111,236477
1403637239.338319063,236624
1403637239.388319016,236716
1403637239.438318968,236832
1403637239.48831892,236934
1403637239.538319111,237055
1403637239.588319063,237151
1403637239.638319016,237280
1403637239.688318968,237396
1403637239.73831892,237499
1403637239.788319111,237595
1403637239.838319063,237717
1403637239.888319016,237830
1403637239.938318968,237946
1403637239.98831892,238048
1403637240.038319111,238180
1403637240.088319063,238295
1403637240.138319016,238414
1403637240.188318968,238503
1403637240.23831892,238614
1403637240.288319111,238726
1403637240.338319063,238852
1403637240.388319016,238962
1403637240.438318968,239075
1403637240.48831892,239183
1403637240.538319111,239303
1403637240.588319063,239407
1403637240.638319016,239521
1403637240.688318968,239645
1403637240.73831892,239767
1403637240.788319111,239872
1403637240.838319063,239986
1403637240.888319016,240097
1403637240.938318968,240215
1403637240.98831892,240317
1403637241.038319111,240414
1403637241.088319063,240540
1403637241.138319016,240655
1403637241.188318968,240793
1403637241.23831892,240897
1403637241.288319111,241018
1403637241.338319063,241115
1403637241.388319016,241258
1403637241.438318968,241360
1403637241.48831892,241485
1403637241.538319111,241616
1403637241.588319063,241725
1403637241.638319016,241824
1403637241.688318968,241915
1403637241.73831892,242047
1403637241.788319111,242142
1403637241.838319063,242258
1403637241.888319016,242380
1403637241.938318968,242498
1403637241.98831892,242618
1403637242.038319111,242734
1403637242.088319063,242855
1403637242.138319016,242966
1403637242.188318968,243102
1403637242.23831892,243220
1403637242.288319111,243316
1403637242.338319063,243440
1403637242.388319016,243551
1403637242.438318968,243664
1403637242.48831892,243786
1403637242.538319111,243928
1403637242.588319063,244039
1403637242.638319016,244150
1403637242.688318968,244260
1403637242.73831892,244380
1403637242.788319111,244478
1403637242.838319063,244592
1403637242.888319016,244714
1403637242.938318968,244823
1403637242.98831892,244930
1403637243.038319111,245053
1403637243.088319063,245160
1403637243.138319016,245277
1403637243.188318968,245383
1403637243.23831892,245496
1403637243.288319111,245607
1403637243.338319063,245736
1403637243.388319016,245844
1403637243.438318968,245955
1403637243.48831892,246062
1403637243.538319111,246220
1403637243.588319063,246339
1403637243.638319016,246428
1403637243.688318968,246566
1403637243.73831892,246691
1403637243.788319111,246781
1403637243.838319063,246908
1403637243.888319016,247019
1403637243.938318968,247141
1403637243.98831892,247263
1403637244.038319111,247360
1403637244.088319063,247478
1403637244.138319016,247595
1403637244.188318968,247687
1403637244.23831892,247815
1403637244.288319111,247929
1403637244.338319063,248026
1403637244.388319016,248128
1403637244.438318968,248246
1403637244.48831892,248355
1403637244.538319111,248480
1403637244.588319063,248587
1403637244.638319016,248714
1403637244.688318968,248820
1403637244.73831892,248909
1403637244.788319111,249036
1403637244.838319063,249131
1403637244.888319016,249287
1403637244.938318968,249399
1403637244.98831892,249517
1403637245.038319111,249656
1403637245.088319063,249765
1403637245.138319016,249868
1403637245.188318968,249972
1403637245.23831892,250090
1403637245.288319111,250210
1403637245.338319063,250323
1403637245.388319016,250410
1403637245.438318968,250538
1403637245.48831892,250661
1403637245.538319111,250776
1403637245.588319063,250883
1403637245.638319016,251005
1403637245.688318968,251116
1403637245.73831892,251241
1403637245.788319111,251335
1403637245.838319063,251484
1403637245.888319016,251602
1403637245.938318968,251742
1403637245.98831892,251877
1403637246.038319111,252015
1403637246.088319063,252128
1403637246.138319016,252217
1403637246.188318968,252333
1403637246.23831892,252448
1403637246.288319111,252563
1403637246.338319063,252706
1403637246.388319016,252817
1403637246.438318968,252929
1403637246.48831892,253030
1403637246.538319111,253142
1403637246.588319063,253265
1403637246.638319016,253390
1403637246.688318968,253509
1403637246.73831892,253627
1403637246.788319111,253736
1403637246.838319063,253865
1403637246.888319016,253980
1403637246.938318968,254105
1403637246.98831892,254213
1403637247.038319111,254319
1403637247.088319063,254440
1403637247.138319016,254563
1403637247.188318968,254679
1403637247.23831892,254794
1403637247.288319111,254886
1403637247.338319063,255024
1403637247.388319016,255147
1403637247.438318968,255286
1403637247.48831892,255371
1403637247.538319111,255483
1403637247.588319063,255600
1403637247.638319016,255718
1403637247.688318968,255813
1403637247.73831892,255940
1403637247.788319111,256046
1403637247.838319063,256165
1403637247.888319016,256265
1403637247.938318968,256389
1403637247.98831892,256507
1403637248.038319111,256614
1403637248.088319063,256721
1403637248.138319016,256842
1403637248.188318968,256949
1403637248.23831892,257060
1403637248.288319111,257179
1403637248.338319063,257286
1403637248.388319016,257408
1403637248.438318968,257518
1403637248.48831892,257645
1403637248.538319111,257779
1403637248.588319063,257887
1403637248.638319016,257991
1403637248.688318968,258109
1403637248.73831892,258214
1403637248.788319111,258312
1403637248.838319063,258437
1403637248.888319016,258536
1403637248.938318968,258655
1403637248.98831892,258756
1403637249.038319111,258859
1403637249.088319063,258950
1403637249.138319016,259075
1403637249.188318968,259203
1403637249.23831892,259305
1403637249.288319111,259396
1403637249.338319063,259508
1403637249.388319016,259629
1403637249.438318968,259744
1403637249.48831892,259853
1403637249.538319111,259975
1403637249.588319063,260101
1403637249.638319016,260205
1403637249.688318968,260321
1403637249.73831892,260412
1403637249.788319111,260548
1403637249.838319063,260654
1403637249.888319016,260785
1403637249.938318968,260872
1403637249.98831892,260974
1403637250.038319111,261075
1403637250.088319063,261187
1403637250.138319016,261307
1403637250.188318968,261429
1403637250.23831892,261544
1403637250.288319111,261662
1403637250.338319063,261748
1403637250.388319016,261857
1403637250.438318968,261956
1403637250.48831892,262081
1403637250.538319111,262206
1403637250.588319063,262312
1403637250.638319016,262423
1403637250.688318968,262524
1403637250.73831892,262619
1403637250.788319111,262713
1403637250.838319063,262816
1403637250.888319016,262934
1403637250.938318968,263047
1403637250.98831892,263167
1403637251.038319111,263262
1403637251.088319063,263377
1403637251.138319016,263488
1403637251.188318968,263639
1403637251.23831892,263742
1403637251.288319111,263848
1403637251.338319063,263971
1403637251.388319016,264062
1403637251.438318968,264181
1403637251.48831892,264316
1403637251.538319111,264416
1403637251.588319063,264545
1403637251.638319016,264676
1403637251.688318968,264802
1403637251.73831892,264937
1403637251.788319111,265041
1403637251.838319063,265147
1403637251.888319016,265254
1403637251.938318968,265368
1403637251.98831892,265489
1403637252.038319111,265607
1403637252.088319063,265716
1403637252.138319016,265815
1403637252.188318968,265933
1403637252.23831892,266030
1403637252.288319111,266137
1403637252.338319063,266251
1403637252.388319016,266360
1403637252.438318968,266475
1403637252.48831892,266587
1403637252.538319111,266680
1403637252.588319063,266802
1403637252.638319016,266909
1403637252.688318968,267031
1403637252.73831892,267123
1403637252.788319111,267261
1403637252.838319063,267402
1403637252.888319016,267522
1403637252.938318968,267623
1403637252.98831892,267753
1403637253.038319111,267866
1403637253.088319063,267959
1403637253.138319016,268074
1403637253.188318968,268184
1403637253.23831892,268297
1403637253.288319111,268399
1403637253.338319063,268520
1403637253.388319016,268631
1403637253.438318968,268758
1403637253.48831892,268885
1403637253.538319111,268986
1403637253.588319063,269080
1403637253.638319016,269193
1403637253.688318968,269309
1403637253.73831892,269419
1403637253.788319111,269531
1403637253.838319063,269628
1403637253.888319016,269722
1403637253.938318968,269831
1403637253.98831892,269930
1403637254.038319111,270039
1403637254.088319063,270171
1403637254.138319016,270283
1403637254.188318968,270370
1403637254.23831892,270480
1403637254.288319111,270575
1403637254.338319063,270680
1403637254.388319016,270791
1403637254.438318968,270900
1403637254.48831892,271013
1403637254.538319111,271138
1403637254.588319063,271252
1403637254.638319016,271369
1403637254.688318968,271465
1403637254.73831892,271577
1403637254.788319111,271699
1403637254.838319063,271804
1403637254.888319016,271911
1403637254.938318968,272022
1403637254.98831892,272122
1403637255.038319111,272255
1403637255.088319063,272374
1403637255.138319016,272485
1403637255.188318968,272588
1403637255.23831892,272698
1403637255.288319111,272818
1403637255.338319063,272939
1403637255.388319016,273035
1403637255.438318968,273152
1403637255.48831892,273285
1403637255.538319111,273374
1403637255.588319063,273489
1403637255.638319016,273607
1403637255.688318968,273721
1403637255.73831892,273848
1403637255.788319111,273974
1403637255.838319063,274089
1403637255.888319016,274212
1403637255.938318968,274324
1403637255.98831892,274448
1403637256.038319111,274558
1403637256.088319063,274674
1403637256.138319016,274792
1403637256.188318968,274914
1403637256.23831892,275001
1403637256.288319111,275102
1403637256.338319063,275220
1403637256.388319016,275358
1403637256.438318968,275473
1403637256.48831892,275579
1403637256.538319111,275696
1403637256.588319063,275802
1403637256.638319016,275915
1403637256.688318968,276038
1403637256.73831892,276147
1403637256.788319111,276237
1403637256.838319063,276361
1403637256.888319016,276476
1403637256.938318968,276590
1403637256.98831892,276684
1403637257.038319111,276799
1403637257.088319063,276898
1403637257.138319016,277029
1403637257.188318968,277153
1403637257.23831892,277282
1403637257.288319111,277402
1403637257.338319063,277505
1403637257.388319016,277618
1403637257.438318968,277737
1403637257.48831892,277853
1403637257.538319111,277977
1403637257.588319063,278093
1403637257.638319016,278206
1403637257.688318968,278313
1403637257.73831892,278418
1403637257.788319111,278548
1403637257.838319063,278672
1403637257.888319016,278794
1403637257.938318968,278908
1403637257.98831892,279029
1403637258.038319111,279155
1403637258.088319063,279262
1403637258.138319016,279377
1403637258.188318968,279483
1403637258.23831892,279610
1403637258.288319111,279716
1403637258.338319063,279849
1403637258.388319016,279950
1403637258.438318968,280049
1403637258.48831892,280171
1403637258.538319111,280287
1403637258.588319063,280402
1403637258.638319016,280516
1403637258.688318968,280617
1403637258.73831892,280722
1403637258.788319111,280838
1403637258.838319063,280955
1403637258.888319016,281069
1403637258.938318968,281176
1403637258.98831892,281304
1403637259.038319111,281425
1403637259.088319063,281544
1403637259.138319016,281644
1403637259.188318968,281748
1403637259.23831892,281895
1403637259.288319111,282019
1403637259.338319063,282123
1403637259.388319016,282227
1403637259.438318968,282354
1403637259.48831892,282464
1403637259.538319111,282584
1403637259.588319063,282678
1403637259.638319016,282807
1403637259.688318968,282941
1403637259.73831892,283033
1403637259.788319111,283156
1403637259.838319063,283271
1403637259.888319016,283366
1403637259.938318968,283467
1403637259.98831892,283581
1403637260.038319111,283691
1403637260.088319063,283804
1403637260.138319016,283927
1403637260.188318968,284033
1403637260.23831892,284153
1403637260.288319111,284263
1403637260.338319063,284370
1403637260.388319016,284530
1403637260.438318968,284643
1403637260.48831892,284760
1403637260.538319111,284860
1403637260.588319063,284977
1403637260.638319016,285107
1403637260.688318968,285208
1403637260.73831892,285329
1403637260.788319111,285443
1403637260.838319063,285558
1403637260.888319016,285678
1403637260.938318968,285780
1403637260.98831892,285898
1403637261.038319111,286006
1403637261.088319063,286112
1403637261.138319016,286233
1403637261.188318968,286350
1403637261.23831892,286466
1403637261.288319111,286585
1403637261.338319063,286692
1403637261.388319016,286789
1403637261.438318968,286903
1403637261.48831892,287009
1403637261.538319111,287128
1403637261.588319063,287233
1403637261.638319016,287349
1403637261.688318968,287473
1403637261.73831892,287570
1403637261.788319111,287747
1403637261.838319063,287863
1403637261.888319016,287985
1403637261.938318968,288081
1403637261.98831892,288203
1403637262.038319111,288348
1403637262.088319063,288447
1403637262.138319016,288552
1403637262.188318968,288662
1403637262.23831892,288783
1403637262.288319111,288908
1403637262.338319063,289003
1403637262.388319016,289133
1403637262.438318968,289222
1403637262.48831892,289333
1403637262.538319111,289437
1403637262.588319063,289560
1403637262.638319016,289661
1403637262.688318968,289793
1403637262.73831892,289891
1403637262.788319111,290005
1403637262.838319063,290109
1403637262.888319016,290224
1403637262.938318968,290319
1403637262.98831892,290434
1403637263.038319111,290552
1403637263.088319063,290677
1403637263.138319016,290773
1403637263.188318968,290881
1403637263.23831892,290990
1403637263.288319111,291105
1403637263.338319063,291198
1403637263.388319016,291305
1403637263.438318968,291420
1403637263.48831892,291554
1403637263.538319111,291647
1403637263.588319063,291746
1403637263.638319016,291861
1403637263.688318968,291956
1403637263.73831892,292057
1403637263.788319111,292182
1403637263.838319063,292326
1403637263.888319016,292432
1403637263.938318968,292527
1403637263.98831892,292640
1403637264.038319111,292756
1403637264.088319063,292890
1403637264.138319016,292985
1403637264.188318968,293075
1403637264.23831892,293190
1403637264.288319111,293304
1403637264.338319063,293420
1403637264.388319016,293528
1403637264.438318968,293643
1403637264.48831892,293755
1403637264.538319111,293852
1403637264.588319063,293958
1403637264.638319016,294069
1403637264.688318968,294188
1403637264.73831892,294303
1403637264.788319111,294398
1403637264.838319063,294525
1403637264.888319016,294630
1403637264.938318968,294731
1403637264.98831892,294857
1403637265.038319111,294950
1403637265.088319063,295073
1403637265.138319016,295171
1403637265.188318968,295277
1403637265.23831892,295393
1403637265.288319111,295502
1403637265.338319063,295602
1403637265.388319016,295712
1403637265.438318968,295829
1403637265.48831892,295932
