1403638518.177829504,3.76842
1403638518.227829456,5.64573
1403638518.277829409,16.0811
1403638518.327829599,7.94426
1403638518.377829552,7.66282
1403638518.427829504,9.15232
1403638518.477829456,6.66609
1403638518.527829409,6.37544
1403638518.577829599,5.64106
1403638518.627829552,6.49961
1403638518.677829504,9.40547
1403638518.727829456,6.91847
1403638518.777829409,7.45315
1403638518.827829599,6.33536
1403638518.877829552,8.52939
1403638518.927829504,7.49162
1403638518.977829456,5.77073
1403638519.027829409,8.24532
1403638519.077829599,6.08706
1403638519.127829552,8.37378
1403638519.177829504,7.96552
1403638519.227829456,5.26979
1403638519.277829409,6.14971
1403638519.327829599,5.42689
1403638519.377829552,5.91826
1403638519.427829504,5.44808
1403638519.477829456,7.90956
1403638519.527829409,6.40236
1403638519.577829599,8.35085
1403638519.627829552,8.62987
1403638519.677829504,9.81197
1403638519.727829456,8.86427
1403638519.777829409,6.67774
1403638519.827829599,9.20283
1403638519.877829552,9.23902
1403638519.927829504,7.6716
1403638519.977829456,10.3792
1403638520.027829409,8.84951
1403638520.077829599,8.89014
1403638520.127829552,8.47137
1403638520.177829504,10.8509
1403638520.227829456,6.89098
1403638520.277829409,8.42361
1403638520.327829599,7.25792
1403638520.377829552,8.18478
1403638520.427829504,7.85218
1403638520.477829456,9.68824
1403638520.527829409,9.9779
1403638520.577829599,8.56296
1403638520.627829552,9.70258
1403638520.677829504,7.02999
1403638520.727829456,9.72663
1403638520.777829409,8.20006
1403638520.827829599,7.75026
1403638520.877829552,7.73205
1403638520.927829504,9.20615
1403638520.977829456,8.5443
1403638521.027829409,10.0637
1403638521.077829599,10.8648
1403638521.127829552,8.00398
1403638521.177829504,9.50263
1403638521.227829456,8.071
1403638521.277829409,5.93122
1403638521.327829599,9.68051
1403638521.377829552,8.7057
1403638521.427829504,6.93629
1403638521.477829456,9.33643
1403638521.527829409,9.14393
1403638521.577829599,6.68004
1403638521.627829552,11.2488
1403638521.677829504,9.15885
1403638521.727829456,5.72478
1403638521.777829409,9.08228
1403638521.827829599,11.1347
1403638521.877829552,7.68982
1403638521.927829504,6.55533
1403638521.977829456,10.647
1403638522.027829409,8.9817
1403638522.077829599,11.2187
1403638522.127829552,11.9588
1403638522.177829504,8.79087
1403638522.227829456,11.5377
1403638522.277829409,11.4933
1403638522.327829599,7.95641
1403638522.377829552,11.6022
1403638522.427829504,14.4301
1403638522.477829456,10.2217
1403638522.527829409,14.5898
1403638522.577829599,11.6689
1403638522.627829552,10.5214
1403638522.677829504,16.3599
1403638522.727829456,16.935
1403638522.777829409,17.4158
1403638522.827829599,16.1094
1403638522.877829552,18.2171
1403638522.927829504,16.4159
1403638522.977829456,16.9967
1403638523.027829409,17.4507
1403638523.077829599,13.8062
1403638523.127829552,20.4479
1403638523.177829504,18.3035
1403638523.227829456,18.4542
1403638523.277829409,20.7677
1403638523.327829599,17.7177
1403638523.377829552,19.6966
1403638523.427829504,18.0711
1403638523.477829456,18.5957
1403638523.527829409,17.1704
1403638523.577829599,20.1144
1403638523.627829552,18.3488
1403638523.677829504,17.257
1403638523.727829456,18.4433
1403638523.777829409,18.0789
1403638523.827829599,18.7242
1403638523.877829552,18.626
1403638523.927829504,18.5547
1403638523.977829456,16.6361
1403638524.027829409,11.4208
1403638524.077829599,13.9776
1403638524.127829552,16.6937
1403638524.177829504,18.313
1403638524.227829456,17.3905
1403638524.277829409,15.9432
1403638524.327829599,17.2845
1403638524.377829552,17.7139
1403638524.427829504,19.3983
1403638524.477829456,18.6034
1403638524.527829409,21.3786
1403638524.577829599,19.1001
1403638524.627829552,19.3158
1403638524.677829504,20.1245
1403638524.727829456,17.7317
1403638524.777829409,19.6456
1403638524.827829599,20.4242
1403638524.877829552,21.3373
1403638524.927829504,20.1211
1403638524.977829456,20.8105
1403638525.027829409,21.9768
1403638525.077829599,19.6963
1403638525.127829552,20.8824
1403638525.177829504,18.9425
1403638525.227829456,22.0411
1403638525.277829409,21.6399
1403638525.327829599,20.6516
1403638525.377829552,18.0009
1403638525.427829504,18.8213
1403638525.477829456,19.8915
1403638525.527829409,19.3664
1403638525.577829599,18.3636
1403638525.627829552,16.1821
1403638525.677829504,19.2283
1403638525.727829456,20.272
1403638525.777829409,19.6472
1403638525.827829599,19.2782
1403638525.877829552,17.37
1403638525.927829504,14.4654
1403638525.977829456,15.7448
1403638526.027829409,17.2385
1403638526.077829599,18.2287
1403638526.127829552,18.7836
1403638526.177829504,19.818
1403638526.227829456,16.2843
1403638526.277829409,17.3135
1403638526.327829599,18.119
1403638526.377829552,20.0084
1403638526.427829504,21.26
1403638526.477829456,20.1787
1403638526.527829409,20.6591
1403638526.577829599,19.063
1403638526.627829552,19.3323
1403638526.677829504,20.674
1403638526.727829456,21.7625
1403638526.777829409,19.909
1403638526.827829599,17.2967
1403638526.877829552,18.2122
1403638526.927829504,18.3557
1403638526.977829456,17.2721
1403638527.027829409,16.5079
1403638527.077829599,18.0531
1403638527.127829552,15.9115
1403638527.177829504,19.1974
1403638527.227829456,20.6853
1403638527.277829409,18.6924
1403638527.327829599,18.6075
1403638527.377829552,16.7256
1403638527.427829504,14.0096
1403638527.477829456,17.1866
1403638527.527829409,17.3375
1403638527.577829599,17.2756
1403638527.627829552,18.4348
1403638527.677829504,21.3416
1403638527.727829456,20.1433
1403638527.777829409,21.3324
1403638527.827829599,18.5899
1403638527.877829552,18.1957
1403638527.927829504,21.2459
1403638527.977829456,18.6281
1403638528.027829409,20.0197
1403638528.077829599,19.9926
1403638528.127829552,20.5515
1403638528.177829504,20.5912
1403638528.227829456,19.7662
1403638528.277829409,21.0903
1403638528.327829599,21.5223
1403638528.377829552,20.1942
1403638528.427829504,20.9586
1403638528.477829456,21.7149
1403638528.527829409,20.4653
1403638528.577829599,20.309
1403638528.627829552,19.3526
1403638528.677829504,19.9956
1403638528.727829456,20.8761
1403638528.777829409,20.56
1403638528.827829599,20.3059
1403638528.877829552,21.7849
1403638528.927829504,21.8013
1403638528.977829456,21.6812
1403638529.027829409,24.1975
1403638529.077829599,21.7438
1403638529.127829552,22.2521
1403638529.177829504,22.7041
1403638529.227829456,19.3224
1403638529.277829409,20.0902
1403638529.327829599,20.4255
1403638529.377829552,23.2483
1403638529.427829504,21.0216
1403638529.477829456,20.2674
1403638529.527829409,21.5026
1403638529.577829599,20.905
1403638529.627829552,19.8642
1403638529.677829504,18.2352
1403638529.727829456,17.3726
1403638529.777829409,18.0389
1403638529.827829599,17.581
1403638529.877829552,17.2607
1403638529.927829504,16.7318
1403638529.977829456,17.9245
1403638530.027829409,16.8733
1403638530.077829599,15.3826
1403638530.127829552,14.2051
1403638530.177829504,18.1403
1403638530.227829456,15.4846
1403638530.277829409,12.7555
1403638530.327829599,15.691
1403638530.377829552,18.6564
1403638530.427829504,14.405
1403638530.477829456,15.9166
1403638530.527829409,15.9636
1403638530.577829599,14.8849
1403638530.627829552,15.3947
1403638530.677829504,14.7974
1403638530.727829456,15.812
1403638530.777829409,10.7973
1403638530.827829599,12.3077
1403638530.877829552,15.4319
1403638530.927829504,12.5501
1403638530.977829456,14.6785
1403638531.027829409,14.5052
1403638531.077829599,14.0746
1403638531.127829552,14.2993
1403638531.177829504,14.4279
1403638531.227829456,17.0651
1403638531.277829409,15.0575
1403638531.327829599,15.974
1403638531.377829552,11.6015
1403638531.427829504,14.9611
1403638531.477829456,15.323
1403638531.527829409,14.2688
1403638531.577829599,14.5433
1403638531.627829552,12.1629
1403638531.677829504,17.3678
1403638531.727829456,16.0651
1403638531.777829409,15.3904
1403638531.827829599,13.4466
1403638531.877829552,13.83
1403638531.927829504,13.5741
1403638531.977829456,16.0428
1403638532.027829409,15.1152
1403638532.077829599,11.8055
1403638532.127829552,15.7662
1403638532.177829504,17.147
1403638532.227829456,13.4596
1403638532.277829409,13.7556
1403638532.327829599,12.7606
1403638532.377829552,14.0587
1403638532.427829504,14.4838
1403638532.477829456,15.0601
1403638532.527829409,10.955
1403638532.577829599,13.7278
1403638532.627829552,14.046
1403638532.677829504,13.1926
1403638532.727829456,13.6778
1403638532.777829409,14.4163
1403638532.827829599,14.4577
1403638532.877829552,16.5207
1403638532.927829504,15.7424
1403638532.977829456,12.3341
1403638533.027829409,14.7001
1403638533.077829599,13.6277
1403638533.127829552,14.9567
1403638533.177829504,14.3873
1403638533.227829456,14.2177
1403638533.277829409,13.962
1403638533.327829599,13.4143
1403638533.377829552,14.5008
1403638533.427829504,11.7928
1403638533.477829456,16.4885
1403638533.527829409,14.1702
1403638533.577829599,12.2655
1403638533.627829552,13.7826
1403638533.677829504,14.1685
1403638533.727829456,14.9166
1403638533.777829409,14.6815
1403638533.827829599,15.748
1403638533.877829552,13.4369
1403638533.927829504,12.0362
1403638533.977829456,14.3208
1403638534.027829409,13.8684
1403638534.077829599,14.6831
1403638534.127829552,13.8669
1403638534.177829504,13.5778
1403638534.227829456,13.6958
1403638534.277829409,13.8089
1403638534.327829599,10.679
1403638534.377829552,14.2964
1403638534.427829504,13.1601
1403638534.477829456,14.8993
1403638534.527829409,15.3622
1403638534.577829599,12.6317
1403638534.627829552,10.6382
1403638534.677829504,14.6599
1403638534.727829456,14.0403
1403638534.777829409,13.9136
1403638534.827829599,16.4606
1403638534.877829552,15.5736
1403638534.927829504,14.0769
1403638534.977829456,15.1122
1403638535.027829409,13.9237
1403638535.077829599,14.823
1403638535.127829552,14.9763
1403638535.177829504,12.3285
1403638535.227829456,13.7155
1403638535.277829409,13.3775
1403638535.327829599,13.1811
1403638535.377829552,14.0553
1403638535.427829504,14.7227
1403638535.477829456,13.9148
1403638535.527829409,12.408
1403638535.577829599,14.983
1403638535.627829552,12.1003
1403638535.677829504,13.5373
1403638535.727829456,14.606
1403638535.777829409,14.4168
1403638535.827829599,13.0444
1403638535.877829552,15.8516
1403638535.927829504,16.1587
1403638535.977829456,12.9454
1403638536.027829409,14.072
1403638536.077829599,15.308
1403638536.127829552,12.0157
1403638536.177829504,13.1298
1403638536.227829456,12.8656
1403638536.277829409,13.3472
1403638536.327829599,15.801
1403638536.377829552,14.6305
1403638536.427829504,11.9312
1403638536.477829456,14.2728
1403638536.527829409,16.1101
1403638536.577829599,13.774
1403638536.627829552,15.3161
1403638536.677829504,16.8861
1403638536.727829456,15.1814
1403638536.777829409,14.5668
1403638536.827829599,14.942
1403638536.877829552,14.1667
1403638536.927829504,12.5243
1403638536.977829456,14.2155
1403638537.027829409,15.8216
1403638537.077829599,14.834
1403638537.127829552,13.8625
1403638537.177829504,13.7717
1403638537.227829456,15.0415
1403638537.277829409,16.5778
1403638537.327829599,12.3075
1403638537.377829552,12.1925
1403638537.427829504,15.1585
1403638537.477829456,13.0905
1403638537.527829409,15.4424
1403638537.577829599,14.4085
1403638537.627829552,14.3005
1403638537.677829504,14.4236
1403638537.727829456,12.6998
1403638537.777829409,12.2552
1403638537.827829599,17.2344
1403638537.877829552,16.7431
1403638537.927829504,14.1741
1403638537.977829456,13.3751
1403638538.027829409,15.1839
1403638538.077829599,13.6377
1403638538.127829552,14.323
1403638538.177829504,15.7846
1403638538.227829456,15.7044
1403638538.277829409,13.8468
1403638538.327829599,12.315
1403638538.377829552,15.8299
1403638538.427829504,17.1008
1403638538.477829456,15.386
1403638538.527829409,15.5419
1403638538.577829599,14.3615
1403638538.627829552,13.0701
1403638538.677829504,13.2272
1403638538.727829456,15.9704
1403638538.777829409,13.5955
1403638538.827829599,11.3438
1403638538.877829552,13.9729
1403638538.927829504,15.2911
1403638538.977829456,17.6941
1403638539.027829409,15.7734
1403638539.077829599,18.6092
1403638539.127829552,15.1191
1403638539.177829504,17.1085
1403638539.227829456,20.5691
1403638539.277829409,19.1952
1403638539.327829599,18.5572
1403638539.377829552,18.3331
1403638539.427829504,21.5558
1403638539.477829456,20.5358
1403638539.527829409,18.5698
1403638539.577829599,19.3115
1403638539.627829552,19.7973
1403638539.677829504,22.0486
1403638539.727829456,19.3196
1403638539.777829409,21.7765
1403638539.827829599,21.3139
1403638539.877829552,19.7993
1403638539.927829504,19.0162
1403638539.977829456,20.1154
1403638540.027829409,20.0951
1403638540.077829599,19.7529
1403638540.127829552,19.6223
1403638540.177829504,20.3591
1403638540.227829456,20.4087
1403638540.277829409,21.0574
1403638540.327829599,20.6707
1403638540.377829552,24.1593
1403638540.427829504,19.7952
1403638540.477829456,23.3308
1403638540.527829409,23.2921
1403638540.577829599,24.0819
1403638540.627829552,20.4514
1403638540.677829504,23.6755
1403638540.727829456,21.1138
1403638540.777829409,19.7355
1403638540.827829599,23.6978
1403638540.877829552,23.7077
1403638540.927829504,20.2687
1403638540.977829456,21.9515
1403638541.027829409,20.0648
1403638541.077829599,20.1742
1403638541.127829552,22.2959
1403638541.177829504,21.1263
1403638541.227829456,20.0206
1403638541.277829409,23.7644
1403638541.327829599,20.8655
1403638541.377829552,20.4863
1403638541.427829504,21.6437
1403638541.477829456,25.6081
1403638541.527829409,22.974
1403638541.577829599,24.6424
1403638541.627829552,22.4492
1403638541.677829504,24.0719
1403638541.727829456,24.2366
1403638541.777829409,22.9168
1403638541.827829599,21.3528
1403638541.877829552,24.4716
1403638541.927829504,23.5212
1403638541.977829456,21.4665
1403638542.027829409,24.2476
1403638542.077829599,17.7278
1403638542.127829552,21.3865
1403638542.177829504,24.0797
1403638542.227829456,23.9538
1403638542.277829409,22.0404
1403638542.327829599,21.8974
1403638542.377829552,22.789
1403638542.427829504,24.4674
1403638542.477829456,21.4508
1403638542.527829409,22.7916
1403638542.577829599,23.727
1403638542.627829552,21.7373
1403638542.677829504,24.0872
1403638542.727829456,22.5452
1403638542.777829409,22.4883
1403638542.827829599,22.771
1403638542.877829552,22.46
1403638542.927829504,22.8622
1403638542.977829456,22.1599
1403638543.027829409,21.8756
1403638543.077829599,20.8681
1403638543.127829552,22.8401
1403638543.177829504,21.5316
1403638543.227829456,22.8667
1403638543.277829409,23.4608
1403638543.327829599,22.7421
1403638543.377829552,26.6273
1403638543.427829504,24.0655
1403638543.477829456,23.593
1403638543.527829409,22.8775
1403638543.577829599,23.832
1403638543.627829552,24.0703
1403638543.677829504,23.2307
1403638543.727829456,24.3241
1403638543.777829409,21.5469
1403638543.827829599,21.2517
1403638543.877829552,22.6969
1403638543.927829504,21.5264
1403638543.977829456,21.6634
1403638544.027829409,20.1301
1403638544.077829599,21.9198
1403638544.127829552,24.3133
1403638544.177829504,21.3418
1403638544.227829456,21.1972
1403638544.277829409,24.6334
1403638544.327829599,20.7872
1403638544.377829552,22.5592
1403638544.427829504,23.1393
1403638544.477829456,22.3375
1403638544.527829409,22.57
1403638544.577829599,25.3676
1403638544.627829552,24.3127
1403638544.677829504,21.634
1403638544.727829456,23.1333
1403638544.777829409,22.4134
1403638544.827829599,22.7333
1403638544.877829552,23.6003
1403638544.927829504,22.2306
1403638544.977829456,23.1485
1403638545.027829409,23.6917
1403638545.077829599,23.6279
1403638545.127829552,25.3455
1403638545.177829504,23.5737
1403638545.227829456,24.0943
1403638545.277829409,23.239
1403638545.327829599,22.2736
1403638545.377829552,22.6654
1403638545.427829504,22.8969
1403638545.477829456,25.924
1403638545.527829409,23.5914
1403638545.577829599,22.5824
1403638545.627829552,25.7056
1403638545.677829504,25.8209
1403638545.727829456,22.8264
1403638545.777829409,24.5736
1403638545.827829599,25.4815
1403638545.877829552,22.3601
1403638545.927829504,22.411
1403638545.977829456,23.9618
1403638546.027829409,24.7027
1403638546.077829599,20.0463
1403638546.127829552,22.8708
1403638546.177829504,21.0792
1403638546.227829456,23.5667
1403638546.277829409,24.2693
1403638546.327829599,23.5678
1403638546.377829552,23.1595
1403638546.427829504,23.6965
1403638546.477829456,24.4544
1403638546.527829409,24.5798
1403638546.577829599,23.3041
1403638546.627829552,23.7416
1403638546.677829504,22.3653
1403638546.727829456,22.6289
1403638546.777829409,24.3969
1403638546.827829599,25.2759
1403638546.877829552,23.5501
1403638546.927829504,22.4811
1403638546.977829456,23.6028
1403638547.027829409,24.7685
1403638547.077829599,21.1648
1403638547.127829552,24.096
1403638547.177829504,21.902
1403638547.227829456,22.1506
1403638547.277829409,22.7633
1403638547.327829599,24.3864
1403638547.377829552,21.2813
1403638547.427829504,23.3001
1403638547.477829456,26.0277
1403638547.527829409,25.0887
1403638547.577829599,24.5836
1403638547.627829552,26.3489
1403638547.677829504,21.7184
1403638547.727829456,22.5134
1403638547.777829409,23.14
1403638547.827829599,22.3934
1403638547.877829552,24.6713
1403638547.927829504,25.7043
1403638547.977829456,22.3752
1403638548.027829409,25.4317
1403638548.077829599,23.1348
1403638548.127829552,21.839
1403638548.177829504,22.0717
1403638548.227829456,23.5813
1403638548.277829409,21.3104
1403638548.327829599,21.9159
1403638548.377829552,21.9722
1403638548.427829504,22.8515
1403638548.477829456,21.8293
1403638548.527829409,22.3155
1403638548.577829599,24.1574
1403638548.627829552,22.7437
1403638548.677829504,22.7582
1403638548.727829456,21.9785
1403638548.777829409,23.9758
1403638548.827829599,22.3429
1403638548.877829552,22.0113
1403638548.927829504,21.6924
1403638548.977829456,24.0494
1403638549.027829409,21.211
1403638549.077829599,24.7734
1403638549.127829552,22.8323
1403638549.177829504,23.6975
1403638549.227829456,22.0322
1403638549.277829409,23.6934
1403638549.327829599,20.9776
1403638549.377829552,22.4137
1403638549.427829504,24.8967
1403638549.477829456,21.4969
1403638549.527829409,23.2501
1403638549.577829599,22.1547
1403638549.627829552,21.3958
1403638549.677829504,23.3325
1403638549.727829456,20.8136
1403638549.777829409,23.1737
1403638549.827829599,22.3538
1403638549.877829552,22.2968
1403638549.927829504,22.1253
1403638549.977829456,22.28
1403638550.027829409,24.9648
1403638550.077829599,20.9573
1403638550.127829552,24.6721
1403638550.177829504,24.3667
1403638550.227829456,21.6368
1403638550.277829409,22.4395
1403638550.327829599,22.2023
1403638550.377829552,21.7652
1403638550.427829504,24.778
1403638550.477829456,21.5078
1403638550.527829409,24.5861
1403638550.577829599,23.2635
1403638550.627829552,24.8846
1403638550.677829504,21.9911
1403638550.727829456,22.6687
1403638550.777829409,22.6427
1403638550.827829599,23.8871
1403638550.877829552,22.5357
1403638550.927829504,22.3729
1403638550.977829456,22.245
1403638551.027829409,25.9229
1403638551.077829599,22.217
1403638551.127829552,21.4638
1403638551.177829504,22.6739
1403638551.227829456,22.4035
1403638551.277829409,23.4986
1403638551.327829599,22.1118
1403638551.377829552,22.8632
1403638551.427829504,22.8093
1403638551.477829456,22.8097
1403638551.527829409,23.2644
1403638551.577829599,23.3836
1403638551.627829552,23.2973
1403638551.677829504,22.0484
1403638551.727829456,24.9336
1403638551.777829409,23.7776
1403638551.827829599,24.3555
1403638551.877829552,24.1316
1403638551.927829504,23.7057
1403638551.977829456,22.1347
1403638552.027829409,24.4392
1403638552.077829599,25.6818
1403638552.127829552,24.4104
1403638552.177829504,22.3441
1403638552.227829456,24.0607
1403638552.277829409,24.7793
1403638552.327829599,22.4937
1403638552.377829552,25.5121
1403638552.427829504,23.8139
1403638552.477829456,23.5357
1403638552.527829409,25.1034
1403638552.577829599,23.8851
1403638552.627829552,20.2638
1403638552.677829504,23.3687
1403638552.727829456,26.8506
1403638552.777829409,26.1962
1403638552.827829599,20.8489
1403638552.877829552,26.5397
1403638552.927829504,24.9033
1403638552.977829456,23.9144
1403638553.027829409,25.0207
1403638553.077829599,22.5963
1403638553.127829552,26.0547
1403638553.177829504,26.1755
1403638553.227829456,26.2415
1403638553.277829409,26.3189
1403638553.327829599,26.3651
1403638553.377829552,23.2739
1403638553.427829504,24.0701
1403638553.477829456,25.0548
1403638553.527829409,25.1341
1403638553.577829599,23.6568
1403638553.627829552,24.8499
1403638553.677829504,23.3978
1403638553.727829456,26.7885
1403638553.777829409,24.8909
1403638553.827829599,23.9414
1403638553.877829552,27.3287
1403638553.927829504,24.4343
1403638553.977829456,25.1675
1403638554.027829409,24.897
1403638554.077829599,24.5711
1403638554.127829552,26.1623
1403638554.177829504,25.0894
1403638554.227829456,26.9228
1403638554.277829409,27.5348
1403638554.327829599,26.8264
1403638554.377829552,28.1876
1403638554.427829504,17.952
1403638554.477829456,18.9721
1403638554.527829409,22.5402
1403638554.577829599,19.3088
1403638554.627829552,23.1678
1403638554.677829504,23.6196
1403638554.727829456,22.2658
1403638554.777829409,23.3013
1403638554.827829599,25.6902
1403638554.877829552,22.1807
1403638554.927829504,22.7327
1403638554.977829456,22.8741
1403638555.027829409,25.0141
1403638555.077829599,25.4389
1403638555.127829552,22.7203
1403638555.177829504,21.5067
1403638555.227829456,21.9152
1403638555.277829409,25.3829
1403638555.327829599,24.4531
1403638555.377829552,24.238
1403638555.427829504,22.9402
1403638555.477829456,23.0289
1403638555.527829409,23.1264
1403638555.577829599,25.526
1403638555.627829552,23.1528
1403638555.677829504,23.2219
1403638555.727829456,23.4558
1403638555.777829409,26.0661
1403638555.827829599,22.6268
1403638555.877829552,24.2446
1403638555.927829504,24.0071
1403638555.977829456,23.6075
1403638556.027829409,23.4579
1403638556.077829599,21.7183
1403638556.127829552,26.0505
1403638556.177829504,22.3481
1403638556.227829456,24.276
1403638556.277829409,26.8174
1403638556.327829599,26.5192
1403638556.377829552,23.5369
1403638556.427829504,25.8303
1403638556.477829456,23.4371
1403638556.527829409,25.4172
1403638556.577829599,24.3001
1403638556.627829552,24.4762
1403638556.677829504,25.5609
1403638556.727829456,25.4469
1403638556.777829409,26.4815
1403638556.827829599,25.3497
1403638556.877829552,24.5916
1403638556.927829504,26.3022
1403638556.977829456,24.6504
1403638557.027829409,23.8097
1403638557.077829599,25.4056
1403638557.127829552,24.1745
1403638557.177829504,24.8344
1403638557.227829456,22.3426
1403638557.277829409,25.5216
1403638557.327829599,25.9749
1403638557.377829552,24.1218
1403638557.427829504,23.8655
1403638557.477829456,24.3364
1403638557.527829409,23.4525
1403638557.577829599,23.8361
1403638557.627829552,22.9565
1403638557.677829504,22.7292
1403638557.727829456,23.2444
1403638557.777829409,26.6775
1403638557.827829599,23.3971
1403638557.877829552,25.3206
1403638557.927829504,25.9354
1403638557.977829456,26.3657
1403638558.027829409,25.2207
1403638558.077829599,23.0595
1403638558.127829552,23.1441
1403638558.177829504,24.8761
1403638558.227829456,23.3402
1403638558.277829409,26.0682
1403638558.327829599,23.234
1403638558.377829552,22.6746
1403638558.427829504,25.12
1403638558.477829456,24.8619
1403638558.527829409,26.0009
1403638558.577829599,25.5699
1403638558.627829552,24.9708
1403638558.677829504,23.3059
1403638558.727829456,23.195
1403638558.777829409,24.7081
1403638558.827829599,22.0176
1403638558.877829552,22.7653
1403638558.927829504,23.4044
1403638558.977829456,23.5331
1403638559.027829409,22.7266
1403638559.077829599,22.8397
1403638559.127829552,25.4391
1403638559.177829504,24.0878
1403638559.227829456,23.1007
1403638559.277829409,21.817
1403638559.327829599,25.4286
1403638559.377829552,25.4731
1403638559.427829504,22.9092
1403638559.477829456,21.6997
1403638559.527829409,24.4177
1403638559.577829599,22.2803
1403638559.627829552,24.5771
1403638559.677829504,22.7878
1403638559.727829456,22.9091
1403638559.777829409,23.2003
1403638559.827829599,24.0345
1403638559.877829552,23.096
1403638559.927829504,25.431
1403638559.977829456,23.8058
1403638560.027829409,22.8974
1403638560.077829599,23.0054
1403638560.127829552,22.7821
1403638560.177829504,24.0079
1403638560.227829456,23.1759
1403638560.277829409,23.6614
1403638560.327829599,22.062
1403638560.377829552,22.3022
1403638560.427829504,20.6714
1403638560.477829456,23.0984
1403638560.527829409,20.2828
1403638560.577829599,22.2666
1403638560.627829552,20.5571
1403638560.677829504,21.095
1403638560.727829456,20.1503
1403638560.777829409,21.7871
1403638560.827829599,19.5554
1403638560.877829552,21.0173
1403638560.927829504,19.8273
1403638560.977829456,20.4692
1403638561.027829409,22.5933
1403638561.077829599,19.9875
1403638561.127829552,19.9135
1403638561.177829504,20.0008
1403638561.227829456,22.4226
1403638561.277829409,20.5823
1403638561.327829599,20.5061
1403638561.377829552,20.1246
1403638561.427829504,23.4247
1403638561.477829456,20.6518
1403638561.527829409,21.3129
1403638561.577829599,20.9629
1403638561.627829552,23.3407
1403638561.677829504,22.1659
1403638561.727829456,19.2777
1403638561.777829409,21.0769
1403638561.827829599,22.5467
1403638561.877829552,21.8474
1403638561.927829504,18.1379
1403638561.977829456,21.7408
1403638562.027829409,21.0838
1403638562.077829599,21.3427
1403638562.127829552,21.8519
1403638562.177829504,21.4866
1403638562.227829456,23.5072
1403638562.277829409,21.6988
1403638562.327829599,24.2652
1403638562.377829552,21.3378
1403638562.427829504,24.4476
1403638562.477829456,23.259
1403638562.527829409,23.5871
1403638562.577829599,21.8169
1403638562.627829552,22.2614
1403638562.677829504,20.7496
1403638562.727829456,22.6579
1403638562.777829409,20.9659
1403638562.827829599,20.3575
1403638562.877829552,22.2845
1403638562.927829504,19.1729
1403638562.977829456,23.5472
1403638563.027829409,23.4486
1403638563.077829599,21.9105
1403638563.127829552,23.3418
1403638563.177829504,23.5973
1403638563.227829456,20.6814
1403638563.277829409,21.2153
1403638563.327829599,21.6899
1403638563.377829552,21.421
1403638563.427829504,21.4774
1403638563.477829456,25.4506
1403638563.527829409,19.9846
1403638563.577829599,25.3252
1403638563.627829552,23.1235
1403638563.677829504,23.3713
1403638563.727829456,23.6979
1403638563.777829409,22.7568
1403638563.827829599,25.6214
1403638563.877829552,24.1758
1403638563.927829504,25.9083
1403638563.977829456,22.5251
1403638564.027829409,24.1035
1403638564.077829599,23.2508
1403638564.127829552,24.6263
1403638564.177829504,24.5625
1403638564.227829456,25.3751
1403638564.277829409,21.4057
1403638564.327829599,21.9064
1403638564.377829552,23.1778
1403638564.427829504,23.8171
1403638564.477829456,24.6706
1403638564.527829409,23.3861
1403638564.577829599,23.8829
1403638564.627829552,22.0016
1403638564.677829504,22.0384
1403638564.727829456,22.6477
1403638564.777829409,20.7859
1403638564.827829599,22.4821
1403638564.877829552,22.0781
1403638564.927829504,23.1331
1403638564.977829456,25.1699
1403638565.027829409,22.479
1403638565.077829599,23.5505
1403638565.127829552,24.4794
1403638565.177829504,21.9362
1403638565.227829456,22.9517
1403638565.277829409,23.294
1403638565.327829599,21.0901
1403638565.377829552,19.7212
1403638565.427829504,23.8171
1403638565.477829456,20.65
1403638565.527829409,23.3796
1403638565.577829599,23.2034
1403638565.627829552,21.3194
1403638565.677829504,22.2734
1403638565.727829456,23.4352
1403638565.777829409,23.4546
1403638565.827829599,20.2355
1403638565.877829552,24.6297
1403638565.927829504,20.9943
1403638565.977829456,22.0335
1403638566.027829409,21.5654
1403638566.077829599,21.8239
1403638566.127829552,23.856
1403638566.177829504,20.6465
1403638566.227829456,23.1015
1403638566.277829409,22.3743
1403638566.327829599,20.9263
1403638566.377829552,23.0587
1403638566.427829504,21.569
1403638566.477829456,20.1147
1403638566.527829409,20.23
1403638566.577829599,20.4889
1403638566.627829552,19.7647
1403638566.677829504,20.1032
1403638566.727829456,20.8577
1403638566.777829409,20.7614
1403638566.827829599,22.685
1403638566.877829552,20.27
1403638566.927829504,20.7583
1403638566.977829456,21.3406
1403638567.027829409,22.6634
1403638567.077829599,24.0373
1403638567.127829552,24.2528
1403638567.177829504,20.7534
1403638567.227829456,24.7739
1403638567.277829409,22.5873
1403638567.327829599,23.322
1403638567.377829552,21.6568
1403638567.427829504,22.8864
1403638567.477829456,25.432
1403638567.527829409,22.2891
1403638567.577829599,21.9372
1403638567.627829552,24.2072
1403638567.677829504,23.0438
1403638567.727829456,23.2453
1403638567.777829409,22.4137
1403638567.827829599,23.204
1403638567.877829552,22.9883
1403638567.927829504,25.2596
1403638567.977829456,24.5639
1403638568.027829409,24.5326
1403638568.077829599,23.1055
1403638568.127829552,25.4942
1403638568.177829504,24.7689
1403638568.227829456,25.2989
1403638568.277829409,23.7534
1403638568.327829599,26.5823
1403638568.377829552,22.3793
1403638568.427829504,25.1344
1403638568.477829456,24.1033
1403638568.527829409,22.5695
1403638568.577829599,25.5694
1403638568.627829552,24.8926
1403638568.677829504,24.9441
1403638568.727829456,23.9733
1403638568.777829409,23.6338
1403638568.827829599,25.0399
1403638568.877829552,26.9268
1403638568.927829504,25.1976
1403638568.977829456,22.7342
1403638569.027829409,24.9909
1403638569.077829599,27.3856
1403638569.127829552,24.2037
1403638569.177829504,25.382
1403638569.227829456,27.1533
1403638569.277829409,23.7943
1403638569.327829599,25.1212
1403638569.377829552,25.5539
1403638569.427829504,25.714
1403638569.477829456,25.625
1403638569.527829409,27.501
1403638569.577829599,26.4105
1403638569.627829552,25.8499
1403638569.677829504,25.6357
1403638569.727829456,23.2127
1403638569.777829409,25.4652
1403638569.827829599,26.9886
1403638569.877829552,24.0911
1403638569.927829504,24.5031
1403638569.977829456,24.6186
1403638570.027829409,24.4302
1403638570.077829599,27.9625
1403638570.127829552,28.1364
1403638570.177829504,24.0737
1403638570.227829456,25.015
1403638570.277829409,27.2205
1403638570.327829599,27.0845
1403638570.377829552,26.9162
1403638570.427829504,24.7616
1403638570.477829456,28.7961
1403638570.527829409,26.4988
1403638570.577829599,25.0151
1403638570.627829552,25.646
1403638570.677829504,24.3764
1403638570.727829456,25.7571
1403638570.777829409,23.0815
1403638570.827829599,24.3795
1403638570.877829552,23.4232
1403638570.927829504,23.0949
1403638570.977829456,23.8212
1403638571.027829409,24.5313
1403638571.077829599,19.4552
1403638571.127829552,25.2161
1403638571.177829504,23.8989
1403638571.227829456,23.2178
1403638571.277829409,24.0434
1403638571.327829599,23.7102
1403638571.377829552,24.0163
1403638571.427829504,24.6011
1403638571.477829456,24.1793
1403638571.527829409,25.7158
1403638571.577829599,26.5055
1403638571.627829552,24.1849
1403638571.677829504,25.9904
1403638571.727829456,25.0969
1403638571.777829409,23.3786
1403638571.827829599,22.6736
1403638571.877829552,23.1186
1403638571.927829504,22.2392
1403638571.977829456,22.8706
1403638572.027829409,24.1329
1403638572.077829599,21.7892
1403638572.127829552,24.2879
1403638572.177829504,24.9057
1403638572.227829456,22.7684
1403638572.277829409,22.6478
1403638572.327829599,23.9919
1403638572.377829552,24.4486
1403638572.427829504,22.9742
1403638572.477829456,23.5162
1403638572.527829409,21.4432
1403638572.577829599,22.6765
1403638572.627829552,20.0178
1403638572.677829504,24.625
1403638572.727829456,22.5583
1403638572.777829409,25.7487
1403638572.827829599,24.2689
1403638572.877829552,21.4824
1403638572.927829504,23.0349
1403638572.977829456,24.2137
1403638573.027829409,21.1441
1403638573.077829599,24.7554
1403638573.127829552,25.5018
1403638573.177829504,21.0192
1403638573.227829456,22.4494
1403638573.277829409,23.6935
1403638573.327829599,23.8712
1403638573.377829552,23.6387
1403638573.427829504,24.7562
1403638573.477829456,21.9307
1403638573.527829409,23.4344
1403638573.577829599,22.4985
1403638573.627829552,24.2534
1403638573.677829504,24.8457
1403638573.727829456,23.6228
1403638573.777829409,22.1649
1403638573.827829599,23.2851
1403638573.877829552,23.1099
1403638573.927829504,20.0914
1403638573.977829456,20.6448
1403638574.027829409,22.2669
1403638574.077829599,23.0108
1403638574.127829552,23.6759
1403638574.177829504,20.8773
1403638574.227829456,20.5944
1403638574.277829409,20.5361
1403638574.327829599,22.3851
1403638574.377829552,21.356
1403638574.427829504,21.906
1403638574.477829456,21.2097
1403638574.527829409,22.3674
1403638574.577829599,22.4773
1403638574.627829552,23.4662
1403638574.677829504,22.8081
1403638574.727829456,22.1896
1403638574.777829409,23.1503
1403638574.827829599,22.8411
1403638574.877829552,23.4649
1403638574.927829504,23.1008
1403638574.977829456,22.178
1403638575.027829409,22.3342
1403638575.077829599,25.2587
1403638575.127829552,21.6394
1403638575.177829504,20.7657
1403638575.227829456,23.0395
1403638575.277829409,23.3555
1403638575.327829599,23.3654
1403638575.377829552,23.4393
1403638575.427829504,22.4394
1403638575.477829456,23.4306
1403638575.527829409,21.6845
1403638575.577829599,21.9794
1403638575.627829552,22.4226
1403638575.677829504,22.3936
1403638575.727829456,22.4112
1403638575.777829409,24.6397
1403638575.827829599,22.7651
1403638575.877829552,20.8176
1403638575.927829504,21.5224
1403638575.977829456,22.6276
1403638576.027829409,21.5144
1403638576.077829599,21.976
1403638576.127829552,22.1116
1403638576.177829504,22.2321
1403638576.227829456,21.9836
1403638576.277829409,22.5287
1403638576.327829599,19.8201
1403638576.377829552,22.0967
1403638576.427829504,21.784
1403638576.477829456,22.0141
1403638576.527829409,22.9893
1403638576.577829599,25.1381
1403638576.627829552,20.903
1403638576.677829504,24.7561
1403638576.727829456,22.6581
1403638576.777829409,18.2375
1403638576.827829599,22.9405
1403638576.877829552,22.3667
1403638576.927829504,21.4801
1403638576.977829456,24.3074
1403638577.027829409,22.0136
1403638577.077829599,20.813
1403638577.127829552,23.6646
1403638577.177829504,23.0855
1403638577.227829456,20.8655
1403638577.277829409,23.1778
1403638577.327829599,22.3051
1403638577.377829552,20.3907
1403638577.427829504,24.4029
1403638577.477829456,20.4045
1403638577.527829409,22.2175
1403638577.577829599,20.4572
1403638577.627829552,24.9541
1403638577.677829504,21.1634
1403638577.727829456,23.0329
1403638577.777829409,22.9037
1403638577.827829599,19.2844
1403638577.877829552,24.4966
1403638577.927829504,22.0893
1403638577.977829456,21.1068
1403638578.027829409,25.5557
1403638578.077829599,25.2138
1403638578.127829552,22.4157
1403638578.177829504,22.0376
1403638578.227829456,24.2477
1403638578.277829409,19.6242
1403638578.327829599,21.6004
1403638578.377829552,22.8099
1403638578.427829504,21.1049
1403638578.477829456,21.1635
1403638578.527829409,23.0916
1403638578.577829599,22.5163
1403638578.627829552,23.5959
1403638578.677829504,23.487
1403638578.727829456,22.0693
1403638578.777829409,23.4871
1403638578.827829599,25.5813
1403638578.877829552,20.1299
1403638578.927829504,21.0801
1403638578.977829456,24.2944
1403638579.027829409,23.2337
1403638579.077829599,22.7178
1403638579.127829552,22.5106
1403638579.177829504,21.2505
1403638579.227829456,21.7883
1403638579.277829409,24.631
1403638579.327829599,21.9738
1403638579.377829552,25.1506
1403638579.427829504,24.6199
1403638579.477829456,20.1386
1403638579.527829409,25.4132
1403638579.577829599,25.3005
1403638579.627829552,20.7639
1403638579.677829504,24.1693
1403638579.727829456,24.3556
1403638579.777829409,19.1972
1403638579.827829599,23.5654
1403638579.877829552,21.0652
1403638579.927829504,21.8306
1403638579.977829456,21.5283
1403638580.027829409,20.1795
1403638580.077829599,19.2462
1403638580.127829552,20.848
1403638580.177829504,20.4282
1403638580.227829456,19.9902
1403638580.277829409,21.5372
1403638580.327829599,19.305
1403638580.377829552,19.7261
1403638580.427829504,19.6502
1403638580.477829456,20.4909
1403638580.527829409,18.2473
1403638580.577829599,18.6617
1403638580.627829552,18.8307
1403638580.677829504,15.8512
1403638580.727829456,20.1644
1403638580.777829409,18.1725
1403638580.827829599,19.5016
1403638580.877829552,17.9903
1403638580.927829504,21.6655
1403638580.977829456,17.2718
1403638581.027829409,18.7959
1403638581.077829599,19.3361
1403638581.127829552,17.7851
1403638581.177829504,21.4613
1403638581.227829456,20.586
1403638581.277829409,17.7715
1403638581.327829599,19.4547
1403638581.377829552,20.68
1403638581.427829504,14.886
1403638581.477829456,20.2918
1403638581.527829409,19.4581
1403638581.577829599,18.2047
1403638581.627829552,20.4964
1403638581.677829504,19.5932
1403638581.727829456,20.4194
1403638581.777829409,20.8349
1403638581.827829599,20.2236
1403638581.877829552,19.999
1403638581.927829504,21.3543
1403638581.977829456,21.3163
1403638582.027829409,22.6309
1403638582.077829599,21.3694
1403638582.127829552,22.2101
1403638582.177829504,17.6615
1403638582.227829456,18.735
1403638582.277829409,21.1973
1403638582.327829599,21.2742
1403638582.377829552,23.2227
1403638582.427829504,21.4143
1403638582.477829456,20.623
1403638582.527829409,22.2401
1403638582.577829599,24.3126
1403638582.627829552,19.7004
1403638582.677829504,24.908
1403638582.727829456,23.8425
1403638582.777829409,21.3506
1403638582.827829599,22.2753
1403638582.877829552,22.0872
1403638582.927829504,22.7726
1403638582.977829456,22.3357
1403638583.027829409,23.0269
1403638583.077829599,19.2848
1403638583.127829552,22.4449
1403638583.177829504,20.425
1403638583.227829456,19.9989
1403638583.277829409,21.2242
1403638583.327829599,21.6957
1403638583.377829552,19.6851
1403638583.427829504,20.9188
1403638583.477829456,19.0992
1403638583.527829409,21.3501
1403638583.577829599,21.1303
1403638583.627829552,19.6214
1403638583.677829504,19.6576
1403638583.727829456,21.4171
1403638583.777829409,20.8124
1403638583.827829599,20.5361
1403638583.877829552,23.0388
1403638583.927829504,21.1077
1403638583.977829456,19.8301
1403638584.027829409,21.633
1403638584.077829599,20.8008
1403638584.127829552,20.2179
1403638584.177829504,21.4846
1403638584.227829456,22.4637
1403638584.277829409,21.6595
1403638584.327829599,23.1441
1403638584.377829552,24.4182
1403638584.427829504,19.6524
1403638584.477829456,24.3959
1403638584.527829409,23.9444
1403638584.577829599,24.3693
1403638584.627829552,24.2966
1403638584.677829504,22.7444
1403638584.727829456,22.7092
1403638584.777829409,24.1702
1403638584.827829599,23.1408
1403638584.877829552,21.7959
1403638584.927829504,22.7833
1403638584.977829456,23.6928
1403638585.027829409,21.1206
1403638585.077829599,22.3334
1403638585.127829552,23.3675
1403638585.177829504,19.5931
1403638585.227829456,20.824
1403638585.277829409,22.9737
1403638585.327829599,23.476
1403638585.377829552,24.6963
1403638585.427829504,21.7631
1403638585.477829456,23.7953
1403638585.527829409,22.6744
1403638585.577829599,23.5203
1403638585.627829552,19.9887
1403638585.677829504,22.3076
1403638585.727829456,22.1362
1403638585.777829409,18.5716
1403638585.827829599,17.8744
1403638585.877829552,19.4969
1403638585.927829504,18.0978
1403638585.977829456,18.2111
1403638586.027829409,19.3863
1403638586.077829599,20.0296
1403638586.127829552,21.264
1403638586.177829504,18.5449
1403638586.227829456,20.2805
1403638586.277829409,21.3075
1403638586.327829599,22.2759
1403638586.377829552,22.9148
1403638586.427829504,21.5707
1403638586.477829456,21.7056
1403638586.527829409,21.7647
1403638586.577829599,21.1042
1403638586.627829552,21.1438
1403638586.677829504,21.8521
1403638586.727829456,24.0253
1403638586.777829409,22.0118
1403638586.827829599,21.2244
1403638586.877829552,23.9606
1403638586.927829504,22.0006
1403638586.977829456,22.8069
1403638587.027829409,23.8584
1403638587.077829599,22.4449
1403638587.127829552,21.7611
1403638587.177829504,23.4274
1403638587.227829456,23.9179
1403638587.277829409,21.9228
1403638587.327829599,23.8553
1403638587.377829552,21.9618
1403638587.427829504,18.8831
1403638587.477829456,24.0457
1403638587.527829409,22.0519
1403638587.577829599,22.5283
1403638587.627829552,21.9084
1403638587.677829504,24.0883
1403638587.727829456,21.5118
1403638587.777829409,24.3604
1403638587.827829599,22.9001
1403638587.877829552,21.6601
1403638587.927829504,22.7717
1403638587.977829456,23.5661
1403638588.027829409,22.4513
1403638588.077829599,24.4297
1403638588.127829552,24.3778
1403638588.177829504,21.2348
1403638588.227829456,22.3311
1403638588.277829409,22.148
1403638588.327829599,21.5319
1403638588.377829552,23.3768
1403638588.427829504,22.5646
1403638588.477829456,20.7409
1403638588.527829409,23.5692
1403638588.577829599,21.8155
1403638588.627829552,23.2221
1403638588.677829504,22.4939
1403638588.727829456,21.3445
1403638588.777829409,23.309
1403638588.827829599,22.3652
1403638588.877829552,22.1827
1403638588.927829504,23.2339
1403638588.977829456,24.0771
1403638589.027829409,21.5751
1403638589.077829599,21.7463
1403638589.127829552,24.288
1403638589.177829504,22.0533
1403638589.227829456,20.7362
1403638589.277829409,22.0268
1403638589.327829599,22.1993
1403638589.377829552,20.3568
1403638589.427829504,23.0457
1403638589.477829456,21.32
1403638589.527829409,22.3633
1403638589.577829599,24.1355
1403638589.627829552,21.9578
1403638589.677829504,23.1417
1403638589.727829456,23.0528
1403638589.777829409,24.0003
1403638589.827829599,23.6676
1403638589.877829552,24.3618
1403638589.927829504,24.9003
1403638589.977829456,23.2578
1403638590.027829409,25.5956
1403638590.077829599,23.8339
1403638590.127829552,26.0359
1403638590.177829504,25.4046
1403638590.227829456,26.2517
1403638590.277829409,24.66
1403638590.327829599,24.9562
1403638590.377829552,22.8642
1403638590.427829504,23.3932
1403638590.477829456,24.4996
1403638590.527829409,25.0577
1403638590.577829599,22.8542
1403638590.627829552,25.4753
1403638590.677829504,24.3516
1403638590.727829456,23.6507
1403638590.777829409,26.5878
1403638590.827829599,24.8805
1403638590.877829552,23.425
1403638590.927829504,25.184
1403638590.977829456,26.7014
1403638591.027829409,23.308
1403638591.077829599,26.0515
1403638591.127829552,23.8234
1403638591.177829504,23.7111
1403638591.227829456,25.8108
1403638591.277829409,26.5482
1403638591.327829599,23.8065
1403638591.377829552,23.0306
1403638591.427829504,26.572
1403638591.477829456,21.8028
1403638591.527829409,26.3388
1403638591.577829599,23.5081
1403638591.627829552,26.5342
1403638591.677829504,24.2566
1403638591.727829456,25.5662
1403638591.777829409,23.6549
1403638591.827829599,26.48
1403638591.877829552,23.3349
1403638591.927829504,22.7815
1403638591.977829456,25.2643
1403638592.027829409,24.7131
1403638592.077829599,23.4788
1403638592.127829552,24.3029
1403638592.177829504,23.9572
1403638592.227829456,21.1548
1403638592.277829409,24.7796
1403638592.327829599,24.3492
1403638592.377829552,25.5895
1403638592.427829504,25.9377
1403638592.477829456,23.8614
1403638592.527829409,23.3681
1403638592.577829599,23.4357
1403638592.627829552,23.7808
1403638592.677829504,24.6558
1403638592.727829456,23.1045
1403638592.777829409,24.1677
1403638592.827829599,21.7739
1403638592.877829552,26.5864
1403638592.927829504,24.8215
1403638592.977829456,24.9912
1403638593.027829409,24.3329
1403638593.077829599,24.4841
1403638593.127829552,21.416
1403638593.177829504,26.3116
1403638593.227829456,26.3182
1403638593.277829409,24.9937
1403638593.327829599,23.2154
1403638593.377829552,23.8413
1403638593.427829504,24.531
1403638593.477829456,23.5336
1403638593.527829409,25.905
1403638593.577829599,24.2165
1403638593.627829552,23.1969
1403638593.677829504,21.4608
1403638593.727829456,25.9242
1403638593.777829409,25.9896
1403638593.827829599,24.1619
1403638593.877829552,21.6211
1403638593.927829504,21.3578
1403638593.977829456,21.8203
1403638594.027829409,21.1193
1403638594.077829599,22.9088
1403638594.127829552,24.0381
1403638594.177829504,23.6212
1403638594.227829456,22.2878
1403638594.277829409,23.3955
1403638594.327829599,21.8915
1403638594.377829552,26.1374
1403638594.427829504,25.6418
1403638594.477829456,22.5807
1403638594.527829409,25.2685
1403638594.577829599,23.5823
1403638594.627829552,22.3905
1403638594.677829504,23.2436
1403638594.727829456,24.4055
1403638594.777829409,22.3194
1403638594.827829599,22.5037
1403638594.877829552,24.0615
1403638594.927829504,25.9962
1403638594.977829456,24.4767
1403638595.027829409,24.4065
1403638595.077829599,25.8436
1403638595.127829552,25.4628
1403638595.177829504,25.8467
1403638595.227829456,26.4628
1403638595.277829409,27.0359
1403638595.327829599,27.3455
1403638595.377829552,24.8749
1403638595.427829504,23.5025
1403638595.477829456,26.3102
1403638595.527829409,24.1176
1403638595.577829599,24.1393
1403638595.627829552,25.1424
1403638595.677829504,24.3712
1403638595.727829456,24.8463
1403638595.777829409,26.9393
1403638595.827829599,23.3891
1403638595.877829552,24.9191
1403638595.927829504,24.5538
1403638595.977829456,25.925
1403638596.027829409,24.5107
1403638596.077829599,24.0748
1403638596.127829552,26.6604
1403638596.177829504,25.0266
1403638596.227829456,25.403
1403638596.277829409,26.3081
1403638596.327829599,24.7106
1403638596.377829552,27.2004
1403638596.427829504,24.5419
1403638596.477829456,26.9839
1403638596.527829409,26.8407
1403638596.577829599,25.0777
1403638596.627829552,24.1177
1403638596.677829504,26.851
1403638596.727829456,24.1053
1403638596.777829409,24.3109
1403638596.827829599,24.6156
1403638596.877829552,25.1925
1403638596.927829504,26.4383
1403638596.977829456,25.646
1403638597.027829409,22.4158
1403638597.077829599,24.0138
1403638597.127829552,25.3309
1403638597.177829504,24.2152
1403638597.227829456,25.7012
1403638597.277829409,24.4475
1403638597.327829599,25.0129
1403638597.377829552,23.7888
1403638597.427829504,25.4321
1403638597.477829456,23.3877
1403638597.527829409,25.8596
1403638597.577829599,23.7234
1403638597.627829552,25.6274
1403638597.677829504,24.5472
1403638597.727829456,26.0893
1403638597.777829409,23.0652
1403638597.827829599,24.8096
1403638597.877829552,24.8125
1403638597.927829504,25.7993
1403638597.977829456,23.2805
1403638598.027829409,24.1142
1403638598.077829599,23.96
1403638598.127829552,23.9266
1403638598.177829504,23.4434
1403638598.227829456,23.1934
1403638598.277829409,24.7565
1403638598.327829599,27.6615
1403638598.377829552,26.1741
1403638598.427829504,25.2344
1403638598.477829456,24.379
1403638598.527829409,25.7021
1403638598.577829599,26.7478
1403638598.627829552,24.3092
1403638598.677829504,24.1362
1403638598.727829456,26.1263
1403638598.777829409,25.568
1403638598.827829599,22.8278
1403638598.877829552,23.0417
1403638598.927829504,26.2003
1403638598.977829456,22.2773
1403638599.027829409,24.3747
1403638599.077829599,23.8832
1403638599.127829552,22.9645
1403638599.177829504,24.0557
1403638599.227829456,24.2694
1403638599.277829409,22.8943
1403638599.327829599,24.2924
1403638599.377829552,25.5815
1403638599.427829504,22.582
1403638599.477829456,26.4879
1403638599.527829409,23.6696
1403638599.577829599,21.1054
1403638599.627829552,24.2527
1403638599.677829504,23.9614
1403638599.727829456,20.5918
1403638599.777829409,24.8744
1403638599.827829599,23.5773
1403638599.877829552,21.0069
1403638599.927829504,23.672
1403638599.977829456,24.327
1403638600.027829409,21.2243
1403638600.077829599,24.5555
1403638600.127829552,25.3304
1403638600.177829504,21.6064
1403638600.227829456,23.1111
1403638600.277829409,24.2587
1403638600.327829599,22.0639
1403638600.377829552,25.635
1403638600.427829504,26.2254
1403638600.477829456,21.6552
1403638600.527829409,25.0432
1403638600.577829599,25.2131
1403638600.627829552,21.3831
1403638600.677829504,23.8679
1403638600.727829456,23.3765
1403638600.777829409,22.3068
1403638600.827829599,23.6129
1403638600.877829552,26.0125
1403638600.927829504,22.1672
1403638600.977829456,22.5786
1403638601.027829409,22.7923
1403638601.077829599,20.0727
1403638601.127829552,23.6641
1403638601.177829504,25.1754
1403638601.227829456,20.5761
1403638601.277829409,22.3829
1403638601.327829599,24.7051
1403638601.377829552,19.9272
1403638601.427829504,22.6406
1403638601.477829456,24.5713
1403638601.527829409,21.9565
1403638601.577829599,25.6208
1403638601.627829552,25.0822
1403638601.677829504,20.4793
1403638601.727829456,25.4849
1403638601.777829409,25.2562
1403638601.827829599,22.3785
1403638601.877829552,23.8822
1403638601.927829504,24.7035
1403638601.977829456,22.1422
1403638602.027829409,24.6757
1403638602.077829599,25.8722
1403638602.127829552,19.9246
1403638602.177829504,25.1359
1403638602.227829456,22.3805
1403638602.277829409,22.032
1403638602.327829599,25.8149
1403638602.377829552,23.4027
1403638602.427829504,20.8106
1403638602.477829456,22.0754
1403638602.527829409,21.9606
1403638602.577829599,18.9545
1403638602.627829552,24.1419
1403638602.677829504,22.6222
1403638602.727829456,20.4495
1403638602.777829409,21.9323
1403638602.827829599,24.2368
1403638602.877829552,20.0022
1403638602.927829504,25.0034
1403638602.977829456,22.5543
1403638603.027829409,21.4276
1403638603.077829599,24.9463
1403638603.127829552,24.0606
1403638603.177829504,19.0063
1403638603.227829456,23.1015
1403638603.277829409,24.2863
1403638603.327829599,23.6764
1403638603.377829552,23.5485
1403638603.427829504,23.1245
1403638603.477829456,20.505
1403638603.527829409,25.1382
1403638603.577829599,23.3996
1403638603.627829552,21.4482
1403638603.677829504,23.5447
1403638603.727829456,25.2334
1403638603.777829409,21.7334
1403638603.827829599,23.6791
1403638603.877829552,23.806
1403638603.927829504,22.6912
1403638603.977829456,26.1184
1403638604.027829409,23.3085
1403638604.077829599,18.0524
1403638604.127829552,22.45
1403638604.177829504,22.7586
1403638604.227829456,20.8979
1403638604.277829409,23.1896
1403638604.327829599,25.235
1403638604.377829552,19.5971
1403638604.427829504,24.8168
1403638604.477829456,25.1713
1403638604.527829409,19.5375
1403638604.577829599,24.6321
1403638604.627829552,26.5523
1403638604.677829504,22.7257
1403638604.727829456,23.8281
1403638604.777829409,26.8232
1403638604.827829599,20.4317
1403638604.877829552,25.0065
1403638604.927829504,22.8857
1403638604.977829456,23.2931
1403638605.027829409,23.8403
1403638605.077829599,23.3432
1403638605.127829552,23.5573
1403638605.177829504,26.0532
1403638605.227829456,26.9679
1403638605.277829409,21.2027
1403638605.327829599,24.3721
1403638605.377829552,26.9169
1403638605.427829504,21.2185
1403638605.477829456,26.9567
1403638605.527829409,24.4565
1403638605.577829599,21.0879
1403638605.627829552,24.4967
1403638605.677829504,24.1527
1403638605.727829456,23.024
1403638605.777829409,27.1232
1403638605.827829599,25.0167
1403638605.877829552,21.899
1403638605.927829504,24.5351
1403638605.977829456,26.669
1403638606.027829409,21.8205
1403638606.077829599,25.1157
1403638606.127829552,27.5401
1403638606.177829504,22.1841
1403638606.227829456,27.0222
1403638606.277829409,24.7631
1403638606.327829599,24.0182
1403638606.377829552,22.9924
1403638606.427829504,24.361
1403638606.477829456,20.9006
1403638606.527829409,26.3499
1403638606.577829599,24.9882
1403638606.627829552,22.5833
1403638606.677829504,23.7045
1403638606.727829456,26.6972
1403638606.777829409,20.8341
1403638606.827829599,24.6526
1403638606.877829552,26.7076
1403638606.927829504,21.0151
1403638606.977829456,25.3646
1403638607.027829409,25.7461
1403638607.077829599,20.1226
1403638607.127829552,26.0211
1403638607.177829504,24.0587
1403638607.227829456,20.7775
1403638607.277829409,26.6324
1403638607.327829599,24.5943
1403638607.377829552,20.4409
1403638607.427829504,23.3526
1403638607.477829456,26.4978
1403638607.527829409,21.8317
1403638607.577829599,23.5146
1403638607.627829552,24.616
1403638607.677829504,21.175
1403638607.727829456,26.6559
1403638607.777829409,25.6604
1403638607.827829599,20.3047
1403638607.877829552,25.5192
1403638607.927829504,25.5577
1403638607.977829456,20.5615
1403638608.027829409,24.0657
1403638608.077829599,25.1133
1403638608.127829552,20.1385
1403638608.177829504,23.2899
1403638608.227829456,21.1728
1403638608.277829409,20.2167
1403638608.327829599,27.0753
1403638608.377829552,23.7095
1403638608.427829504,19.6456
1403638608.477829456,23.9587
1403638608.527829409,23.9999
1403638608.577829599,19.6512
1403638608.627829552,23.1069
1403638608.677829504,23.1728
1403638608.727829456,20.7112
1403638608.777829409,19.6633
1403638608.827829599,26.1079
1403638608.877829552,19.9506
1403638608.927829504,23.1282
1403638608.977829456,25.8057
1403638609.027829409,19.5325
1403638609.077829599,22.7016
1403638609.127829552,23.4507
1403638609.177829504,19.974
1403638609.227829456,23.8874
1403638609.277829409,23.8754
1403638609.327829599,20.0953
1403638609.377829552,23.0156
1403638609.427829504,25.1453
1403638609.477829456,19.5689
1403638609.527829409,25.5198
1403638609.577829599,25.3431
1403638609.627829552,18.4974
1403638609.677829504,24.8643
1403638609.727829456,21.7742
1403638609.777829409,20.7777
1403638609.827829599,25.0383
1403638609.877829552,23.4198
1403638609.927829504,20.215
1403638609.977829456,24.312
1403638610.027829409,24.5928
1403638610.077829599,20.0323
1403638610.127829552,23.2631
1403638610.177829504,24.6299
1403638610.227829456,24.2885
1403638610.277829409,26.2803
1403638610.327829599,26.6896
1403638610.377829552,20.0945
1403638610.427829504,24.1637
1403638610.477829456,25.4832
1403638610.527829409,20.7266
1403638610.577829599,26.2199
1403638610.627829552,22.6984
1403638610.677829504,21.3036
1403638610.727829456,26.6774
1403638610.777829409,26.3717
1403638610.827829599,19.8913
1403638610.877829552,23.4491
1403638610.927829504,22.7706
1403638610.977829456,20.7436
1403638611.027829409,25.6386
1403638611.077829599,25.5507
1403638611.127829552,19.7679
1403638611.177829504,23.9635
1403638611.227829456,24.9704
1403638611.277829409,20.2001
1403638611.327829599,24.7102
1403638611.377829552,23.6567
1403638611.427829504,19.4445
1403638611.477829456,23.8615
1403638611.527829409,25.6693
1403638611.577829599,20.5888
1403638611.627829552,25.1113
1403638611.677829504,26.3178
1403638611.727829456,20.3983
1403638611.777829409,26.3089
1403638611.827829599,24.6764
1403638611.877829552,19.7015
1403638611.927829504,23.8786
1403638611.977829456,24.4152
1403638612.027829409,19.9159
1403638612.077829599,23.457
1403638612.127829552,25.1831
1403638612.177829504,20.5851
1403638612.227829456,25.1972
1403638612.277829409,24.0872
1403638612.327829599,21.0348
1403638612.377829552,27.4698
1403638612.427829504,27.3304
1403638612.477829456,25.2357
1403638612.527829409,25.2583
1403638612.577829599,27.6039
1403638612.627829552,23.7854
1403638612.677829504,24.0747
1403638612.727829456,23.6459
1403638612.777829409,22.2953
1403638612.827829599,24.5492
1403638612.877829552,25.0982
1403638612.927829504,21.9817
1403638612.977829456,28.1989
1403638613.027829409,26.8697
1403638613.077829599,22.2786
1403638613.127829552,25.9743
1403638613.177829504,25.2934
1403638613.227829456,21.6832
1403638613.277829409,25.655
1403638613.327829599,28.3365
1403638613.377829552,21.9292
1403638613.427829504,27.3604
1403638613.477829456,24.1295
1403638613.527829409,22.0307
1403638613.577829599,25.5188
1403638613.627829552,28.3216
1403638613.677829504,21.8583
1403638613.727829456,28.5556
1403638613.777829409,30.3007
1403638613.827829599,23.3083
1403638613.877829552,27.5911
1403638613.927829504,28.0353
1403638613.977829456,21.5961
1403638614.027829409,25.3679
1403638614.077829599,24.5695
1403638614.127829552,20.9137
1403638614.177829504,24.4709
1403638614.227829456,26.3333
1403638614.277829409,20.4643
1403638614.327829599,24.0002
1403638614.377829552,26.5229
1403638614.427829504,20.6063
1403638614.477829456,24.5988
1403638614.527829409,27.1203
1403638614.577829599,21.0643
1403638614.627829552,24.0793
1403638614.677829504,26.8901
1403638614.727829456,20.5265
1403638614.777829409,24.4545
1403638614.827829599,26.1781
1403638614.877829552,21.2691
1403638614.927829504,23.5014
1403638614.977829456,23.8819
1403638615.027829409,19.9818
1403638615.077829599,24.9564
1403638615.127829552,21.6629
1403638615.177829504,19.2189
1403638615.227829456,24.3674
1403638615.277829409,21.8471
1403638615.327829599,19.0694
1403638615.377829552,23.1047
1403638615.427829504,22.5384
1403638615.477829456,19.7744
1403638615.527829409,22.7388
1403638615.577829599,24.9579
1403638615.627829552,19.4971
1403638615.677829504,24.1552
1403638615.727829456,24.7201
1403638615.777829409,20.9274
1403638615.827829599,25.766
1403638615.877829552,24.7538
1403638615.927829504,21.4799
1403638615.977829456,24.837
1403638616.027829409,23.9594
1403638616.077829599,22.3967
1403638616.127829552,26.2908
1403638616.177829504,25.4518
1403638616.227829456,23.9495
1403638616.277829409,27.3855
1403638616.327829599,26.1413
1403638616.377829552,22.9232
1403638616.427829504,29.989
1403638616.477829456,26.4702
1403638616.527829409,25.1071
1403638616.577829599,28.2887
1403638616.627829552,30.0278
1403638616.677829504,26.0961
1403638616.727829456,28.514
1403638616.777829409,27.4589
1403638616.827829599,23.7325
1403638616.877829552,30.0412
1403638616.927829504,29.5351
1403638616.977829456,25.6103
1403638617.027829409,29.8853
1403638617.077829599,30.2809
1403638617.127829552,25.5844
1403638617.177829504,29.3101
1403638617.227829456,28.9929
1403638617.277829409,26.0102
1403638617.327829599,27.6178
1403638617.377829552,28.8753
1403638617.427829504,25.885
1403638617.477829456,29.0084
1403638617.527829409,28.5636
1403638617.577829599,24.3304
1403638617.627829552,30.004
1403638617.677829504,28.2905
1403638617.727829456,26.1419
1403638617.777829409,27.3577
1403638617.827829599,31.1225
1403638617.877829552,26.0276
1403638617.927829504,27.1115
1403638617.977829456,29.0014
1403638618.027829409,25.5988
1403638618.077829599,27.6145
1403638618.127829552,28.3192
1403638618.177829504,25.6549
1403638618.227829456,28.5669
1403638618.277829409,30.2934
1403638618.327829599,26.5751
1403638618.377829552,29.6763
1403638618.427829504,32.2431
1403638618.477829456,26.6905
1403638618.527829409,28.5345
1403638618.577829599,29.629
1403638618.627829552,26.014
1403638618.677829504,29.0789
1403638618.727829456,27.491
1403638618.777829409,26.5378
1403638618.827829599,28.959
1403638618.877829552,31.0242
1403638618.927829504,26.3313
1403638618.977829456,26.5802
1403638619.027829409,27.9891
1403638619.077829599,25.6279
1403638619.127829552,27.8803
1403638619.177829504,29.8238
1403638619.227829456,26.1178
1403638619.277829409,27.6414
1403638619.327829599,27.3375
1403638619.377829552,25.0669
1403638619.427829504,27.5368
1403638619.477829456,29.9773
1403638619.527829409,24.6889
1403638619.577829599,29.078
1403638619.627829552,28.6987
1403638619.677829504,26.5717
1403638619.727829456,28.614
1403638619.777829409,27.345
1403638619.827829599,25.7591
1403638619.877829552,29.4048
1403638619.927829504,28.6958
1403638619.977829456,26.0762
1403638620.027829409,30.1329
1403638620.077829599,29.2385
1403638620.127829552,26.1356
1403638620.177829504,29.1489
1403638620.227829456,28.9883
1403638620.277829409,26.1217
1403638620.327829599,28.6185
1403638620.377829552,30.41
1403638620.427829504,27.0598
1403638620.477829456,27.7181
1403638620.527829409,29.8993
1403638620.577829599,26.8886
1403638620.627829552,30.0269
1403638620.677829504,27.782
1403638620.727829456,26.2186
1403638620.777829409,28.4782
1403638620.827829599,30.6773
1403638620.877829552,25.3985
1403638620.927829504,28.7871
1403638620.977829456,29.0186
1403638621.027829409,27.2415
1403638621.077829599,28.6614
1403638621.127829552,29.0811
1403638621.177829504,25.9678
1403638621.227829456,30.0983
1403638621.277829409,25.4473
1403638621.327829599,26.4838
1403638621.377829552,29.5836
1403638621.427829504,30.3608
1403638621.477829456,27.2119
1403638621.527829409,29.5619
1403638621.577829599,28.912
1403638621.627829552,27.1365
1403638621.677829504,30.5955
1403638621.727829456,28.9871
1403638621.777829409,26.3285
1403638621.827829599,27.5733
1403638621.877829552,31.2702
1403638621.927829504,26.2334
1403638621.977829456,25.7283
1403638622.027829409,28.4901
1403638622.077829599,26.0148
1403638622.127829552,28.8131
1403638622.177829504,29.1202
1403638622.227829456,24.9516
1403638622.277829409,27.3213
1403638622.327829599,32.2688
1403638622.377829552,26.9956
1403638622.427829504,27.5224
1403638622.477829456,27.2484
1403638622.527829409,27.0001
1403638622.577829599,30.4088
1403638622.627829552,29.8845
1403638622.677829504,26.5301
1403638622.727829456,27.7067
1403638622.777829409,30.6739
1403638622.827829599,25.7167
1403638622.877829552,29.5774
1403638622.927829504,31.7108
1403638622.977829456,26.5175
1403638623.027829409,28.0778
1403638623.077829599,29.4503
1403638623.127829552,27.4072
1403638623.177829504,27.5088
1403638623.227829456,29.2775
1403638623.277829409,27.2064
1403638623.327829599,30.9576
1403638623.377829552,31.487
1403638623.427829504,27.2706
1403638623.477829456,31.0258
1403638623.527829409,30.3799
1403638623.577829599,27.5109
1403638623.627829552,30.7646
1403638623.677829504,29.6792
1403638623.727829456,26.5774
1403638623.777829409,31.7263
1403638623.827829599,31.7187
1403638623.877829552,27.5205
1403638623.927829504,31.438
1403638623.977829456,32.2409
1403638624.027829409,27.7045
1403638624.077829599,30.445
1403638624.127829552,29.7679
1403638624.177829504,27.4053
1403638624.227829456,31.5442
1403638624.277829409,31.0539
1403638624.327829599,28.0206
1403638624.377829552,31.6357
1403638624.427829504,32.4385
1403638624.477829456,28.1961
1403638624.527829409,29.5785
1403638624.577829599,31.1386
1403638624.627829552,28.2916
1403638624.677829504,28.6211
1403638624.727829456,29.8107
1403638624.777829409,26.9679
1403638624.827829599,31.1388
1403638624.877829552,30.9183
1403638624.927829504,27.9524
1403638624.977829456,30.2121
1403638625.027829409,30.3904
1403638625.077829599,27.7469
1403638625.127829552,30.0085
1403638625.177829504,29.6811
1403638625.227829456,28.2719
1403638625.277829409,28.9998
1403638625.327829599,29.5998
1403638625.377829552,29.0949
1403638625.427829504,31.0821
1403638625.477829456,32.2339
1403638625.527829409,28.2564
1403638625.577829599,32.2867
1403638625.627829552,30.1208
1403638625.677829504,27.4447
1403638625.727829456,29.4067
1403638625.777829409,32.6433
1403638625.827829599,27.5487
1403638625.877829552,29.1477
1403638625.927829504,32.8438
1403638625.977829456,27.3074
1403638626.027829409,28.7529
1403638626.077829599,30.2602
1403638626.127829552,27.5271
1403638626.177829504,31.4701
1403638626.227829456,32.3309
1403638626.277829409,26.6433
1403638626.327829599,32.4171
1403638626.377829552,29.2733
1403638626.427829504,27.4776
1403638626.477829456,30.9606
1403638626.527829409,32.7043
1403638626.577829599,27.4016
1403638626.627829552,31.1328
1403638626.677829504,31.4918
1403638626.727829456,27.9189
1403638626.777829409,28.2599
1403638626.827829599,32.0027
1403638626.877829552,26.7878
1403638626.927829504,28.5041
1403638626.977829456,31.8369
1403638627.027829409,26.6933
1403638627.077829599,28.8472
1403638627.127829552,32.3068
1403638627.177829504,26.1711
1403638627.227829456,29.75
1403638627.277829409,29.2349
1403638627.327829599,26.299
1403638627.377829552,27.3033
1403638627.427829504,31.4913
1403638627.477829456,25.852
1403638627.527829409,30.3126
1403638627.577829599,28.4778
1403638627.627829552,26.0044
1403638627.677829504,29.3647
1403638627.727829456,28.002
1403638627.777829409,25.2439
1403638627.827829599,27.4074
1403638627.877829552,30.9022
1403638627.927829504,25.4712
1403638627.977829456,25.4663
1403638628.027829409,27.7856
1403638628.077829599,24.0937
1403638628.127829552,24.9784
1403638628.177829504,27.1185
1403638628.227829456,23.5911
1403638628.277829409,25.5567
1403638628.327829599,25.5231
1403638628.377829552,23.6259
1403638628.427829504,23.3021
1403638628.477829456,28.8808
1403638628.527829409,23.7999
1403638628.577829599,25.0781
1403638628.627829552,26.8611
1403638628.677829504,23.8669
1403638628.727829456,26.4479
1403638628.777829409,27.4997
1403638628.827829599,23.8156
1403638628.877829552,26.2757
1403638628.927829504,26.3878
1403638628.977829456,22.8924
1403638629.027829409,25.7686
1403638629.077829599,25.3619
1403638629.127829552,23.6831
1403638629.177829504,23.8898
1403638629.227829456,28.2656
1403638629.277829409,22.8713
1403638629.327829599,24.7792
1403638629.377829552,27.3446
1403638629.427829504,21.7472
1403638629.477829456,24.5495
1403638629.527829409,27.1508
1403638629.577829599,20.1052
1403638629.627829552,26.8783
1403638629.677829504,25.5724
1403638629.727829456,23.164
1403638629.777829409,24.1429
1403638629.827829599,24.0061
1403638629.877829552,23.4869
1403638629.927829504,23.3566
1403638629.977829456,25.8737
1403638630.027829409,21.7792
1403638630.077829599,27.5944
1403638630.127829552,24.8197
1403638630.177829504,20.9924
1403638630.227829456,24.505
1403638630.277829409,24.4063
1403638630.327829599,17.9271
1403638630.377829552,18.2281
1403638630.427829504,20.3251
1403638630.477829456,19.4764
1403638630.527829409,22.9127
1403638630.577829599,22.0158
1403638630.627829552,18.4259
1403638630.677829504,22.1927
1403638630.727829456,18.4379
1403638630.777829409,17.6682
1403638630.827829599,16.7826
1403638630.877829552,20.2815
1403638630.927829504,15.1813
1403638630.977829456,15.9582
1403638631.027829409,20.901
1403638631.077829599,14.4619
1403638631.127829552,18.7165
1403638631.177829504,16.408
1403638631.227829456,16.896
1403638631.277829409,19.228
1403638631.327829599,19.7515
1403638631.377829552,16.6915
1403638631.427829504,18.3146
1403638631.477829456,17.9828
1403638631.527829409,17.3938
1403638631.577829599,18.66
1403638631.627829552,20.58
1403638631.677829504,14.7201
