1403636858.651666403,4.40675
1403636858.701666594,3.80051
1403636858.751666546,13.8895
1403636858.801666498,7.45608
1403636858.851666451,7.04909
1403636858.901666403,8.02834
1403636858.951666594,8.35331
1403636859.001666546,9.95289
1403636859.051666498,7.57897
1403636859.101666451,7.55485
1403636859.151666403,9.28935
1403636859.201666594,9.14919
1403636859.251666546,8.89939
1403636859.301666498,8.47069
1403636859.351666451,12.2862
1403636859.401666403,11.8349
1403636859.451666594,12.6596
1403636859.501666546,14.5644
1403636859.551666498,15.3496
1403636859.601666451,13.5756
1403636859.651666403,13.9671
1403636859.701666594,15.7084
1403636859.751666546,14.9358
1403636859.801666498,11.1351
1403636859.851666451,12.0351
1403636859.901666403,14.9932
1403636859.951666594,16.1518
1403636860.001666546,11.5194
1403636860.051666498,14.4054
1403636860.101666451,15.1468
1403636860.151666403,19.3437
1403636860.201666594,16.976
1403636860.251666546,14.0863
1403636860.301666498,15.0113
1403636860.351666451,16.3079
1403636860.401666403,15.8353
1403636860.451666594,14.5268
1403636860.501666546,13.6473
1403636860.551666498,10.9138
1403636860.601666451,10.5482
1403636860.651666403,14.138
1403636860.701666594,13.7527
1403636860.751666546,10.9035
1403636860.801666498,9.83555
1403636860.851666451,12.5095
1403636860.901666403,13.5961
1403636860.951666594,9.77243
1403636861.001666546,12.8722
1403636861.051666498,14.133
1403636861.101666451,15.3458
1403636861.151666403,14.8805
1403636861.201666594,15.8075
1403636861.251666546,16.0937
1403636861.301666498,18.0708
1403636861.351666451,13.4288
1403636861.401666403,17.892
1403636861.451666594,18.7262
1403636861.501666546,17.4951
1403636861.551666498,15.4456
1403636861.601666451,17.5672
1403636861.651666403,19.564
1403636861.701666594,17.7396
1403636861.751666546,16.16
1403636861.801666498,21.28
1403636861.851666451,17.4654
1403636861.901666403,18.787
1403636861.951666594,13.1131
1403636862.001666546,18.784
1403636862.051666498,16.1797
1403636862.101666451,16.2829
1403636862.151666403,14.8863
1403636862.201666594,13.1772
1403636862.251666546,15.7587
1403636862.301666498,13.6529
1403636862.351666451,10.5514
1403636862.401666403,13.8963
1403636862.451666594,15.5721
1403636862.501666546,17.0377
1403636862.551666498,12.7315
1403636862.601666451,15.0737
1403636862.651666403,18.0934
1403636862.701666594,16.3071
1403636862.751666546,13.7535
1403636862.801666498,17.1044
1403636862.851666451,17.4693
1403636862.901666403,18.9819
1403636862.951666594,15.2109
1403636863.001666546,20.4632
1403636863.051666498,18.9812
1403636863.101666451,17.8795
1403636863.151666403,15.6629
1403636863.201666594,17.759
1403636863.251666546,20.5635
1403636863.301666498,20.5908
1403636863.351666451,15.6212
1403636863.401666403,17.2066
1403636863.451666594,17.9616
1403636863.501666546,18.9537
1403636863.551666498,14.3963
1403636863.601666451,15.5322
1403636863.651666403,18.842
1403636863.701666594,17.0951
1403636863.751666546,12.4072
1403636863.801666498,15.7988
1403636863.851666451,14.2646
1403636863.901666403,13.2472
1403636863.951666594,11.5451
1403636864.001666546,10.8811
1403636864.051666498,17.3257
1403636864.101666451,15.3884
1403636864.151666403,12.9395
1403636864.201666594,15.235
1403636864.251666546,19.68
1403636864.301666498,19.6503
1403636864.351666451,14.1539
1403636864.401666403,17.517
1403636864.451666594,17.7124
1403636864.501666546,20.1661
1403636864.551666498,15.3563
1403636864.601666451,18.3003
1403636864.651666403,18.7035
1403636864.701666594,21.1418
1403636864.751666546,16.1389
1403636864.801666498,20.9761
1403636864.851666451,19.737
1403636864.901666403,20.036
1403636864.951666594,15.4075
1403636865.001666546,17.4681
1403636865.051666498,15.9267
1403636865.101666451,18.9433
1403636865.151666403,13.6019
1403636865.201666594,17.5352
1403636865.251666546,16.3291
1403636865.301666498,18.2921
1403636865.351666451,12.7989
1403636865.401666403,18.2127
1403636865.451666594,16.6027
1403636865.501666546,16.4316
1403636865.551666498,12.3777
1403636865.601666451,14.5949
1403636865.651666403,19.3011
1403636865.701666594,18.7536
1403636865.751666546,14.166
1403636865.801666498,12.5607
1403636865.851666451,20.1625
1403636865.901666403,20.0673
1403636865.951666594,15.0601
1403636866.001666546,16.7577
1403636866.051666498,18.0888
1403636866.101666451,21.2968
1403636866.151666403,16.1279
1403636866.201666594,17.6823
1403636866.251666546,19.5122
1403636866.301666498,19.5363
1403636866.351666451,17.2091
1403636866.401666403,18.9991
1403636866.451666594,19.8796
1403636866.501666546,22.4854
1403636866.551666498,16.3572
1403636866.601666451,18.9423
1403636866.651666403,18.8716
1403636866.701666594,19.8815
1403636866.751666546,15.9484
1403636866.801666498,18.0622
1403636866.851666451,19.1391
1403636866.901666403,18.3745
1403636866.951666594,14.9734
1403636867.001666546,16.1348
1403636867.051666498,18.9934
1403636867.101666451,16.3707
1403636867.151666403,13.2278
1403636867.201666594,16.0582
1403636867.251666546,18.5192
1403636867.301666498,18.8112
1403636867.351666451,12.9737
1403636867.401666403,15.4632
1403636867.451666594,17.2626
1403636867.501666546,16.7072
1403636867.551666498,12.0265
1403636867.601666451,15.1325
1403636867.651666403,14.4209
1403636867.701666594,15.2175
1403636867.751666546,11.4149
1403636867.801666498,10.7411
1403636867.851666451,11.7734
1403636867.901666403,13.7554
1403636867.951666594,11.7099
1403636868.001666546,16.2791
1403636868.051666498,15.4665
1403636868.101666451,12.1105
1403636868.151666403,12.3722
1403636868.201666594,17.3754
1403636868.251666546,16.6225
1403636868.301666498,17.4615
1403636868.351666451,3.7243
1403636868.401666403,9.37052
1403636868.451666594,6.1519
1403636868.501666546,20.5647
1403636868.551666498,14.3986
1403636868.601666451,11.2579
1403636868.651666403,11.8895
1403636868.701666594,15.8085
1403636868.751666546,14.2525
1403636868.801666498,14.4783
1403636868.851666451,13.5123
1403636868.901666403,15.3403
1403636868.951666594,16.8905
1403636869.001666546,13.3379
1403636869.051666498,11.6688
1403636869.101666451,13.8722
1403636869.151666403,16.603
1403636869.201666594,12.4052
1403636869.251666546,16.1172
1403636869.301666498,14.5674
1403636869.351666451,13.1542
1403636869.401666403,14.4257
1403636869.451666594,16.0556
1403636869.501666546,15.1621
1403636869.551666498,15.0033
1403636869.601666451,15.2547
1403636869.651666403,16.0211
1403636869.701666594,13.5833
1403636869.751666546,18.4355
1403636869.801666498,15.7761
1403636869.851666451,16.3574
1403636869.901666403,19.7644
1403636869.951666594,16.4895
1403636870.001666546,16.6336
1403636870.051666498,14.9806
1403636870.101666451,17.7508
1403636870.151666403,16.3432
1403636870.201666594,17.4326
1403636870.251666546,15.1478
1403636870.301666498,11.5128
1403636870.351666451,13.5006
1403636870.401666403,18.8122
1403636870.451666594,17.5684
1403636870.501666546,14.4048
1403636870.551666498,17.9578
1403636870.601666451,15.1009
1403636870.651666403,17.5455
1403636870.701666594,14.1833
1403636870.751666546,15.7223
1403636870.801666498,15.9017
1403636870.851666451,16.285
1403636870.901666403,16.2155
1403636870.951666594,16.5421
1403636871.001666546,16.8693
1403636871.051666498,20.3101
1403636871.101666451,13.8925
1403636871.151666403,15.6848
1403636871.201666594,17.2184
1403636871.251666546,17.3704
1403636871.301666498,14.9696
1403636871.351666451,18.893
1403636871.401666403,18.0805
1403636871.451666594,17.6774
1403636871.501666546,16.2858
1403636871.551666498,16.6043
1403636871.601666451,17.1751
1403636871.651666403,19.2674
1403636871.701666594,15.5652
1403636871.751666546,19.9044
1403636871.801666498,17.9801
1403636871.851666451,18.1592
1403636871.901666403,15.2799
1403636871.951666594,18.7017
1403636872.001666546,19.056
1403636872.051666498,18.4768
1403636872.101666451,14.013
1403636872.151666403,17.9993
1403636872.201666594,16.8931
1403636872.251666546,16.5783
1403636872.301666498,12.3919
1403636872.351666451,15.3157
1403636872.401666403,16.1222
1403636872.451666594,15.3539
1403636872.501666546,11.6095
1403636872.551666498,14.7587
1403636872.601666451,18.086
1403636872.651666403,17.7543
1403636872.701666594,12.6664
1403636872.751666546,13.9177
1403636872.801666498,17.604
1403636872.851666451,15.8962
1403636872.901666403,12.305
1403636872.951666594,14.3906
1403636873.001666546,17.8435
1403636873.051666498,17.1602
1403636873.101666451,13.3433
1403636873.151666403,18.8467
1403636873.201666594,16.7033
1403636873.251666546,17.4237
1403636873.301666498,13.8744
1403636873.351666451,19.1642
1403636873.401666403,17.969
1403636873.451666594,21.2407
1403636873.501666546,14.9629
1403636873.551666498,16.642
1403636873.601666451,16.9822
1403636873.651666403,17.6982
1403636873.701666594,13.9855
1403636873.751666546,18.2828
1403636873.801666498,18.5772
1403636873.851666451,19.7965
1403636873.901666403,13.3219
1403636873.951666594,15.8547
1403636874.001666546,16.7041
1403636874.051666498,17.7178
1403636874.101666451,14.246
1403636874.151666403,12.8995
1403636874.201666594,13.594
1403636874.251666546,16.3301
1403636874.301666498,13.6142
1403636874.351666451,16.6435
1403636874.401666403,19.2067
1403636874.451666594,19.7371
1403636874.501666546,13.944
1403636874.551666498,16.4079
1403636874.601666451,17.6204
1403636874.651666403,17.4222
1403636874.701666594,13.186
1403636874.751666546,17.9766
1403636874.801666498,17.8461
1403636874.851666451,17.0774
1403636874.901666403,13.2452
1403636874.951666594,14.7014
1403636875.001666546,16.2973
1403636875.051666498,19.6345
1403636875.101666451,12.5706
1403636875.151666403,17.1058
1403636875.201666594,14.9255
1403636875.251666546,16.3033
1403636875.301666498,12.06
1403636875.351666451,13.304
1403636875.401666403,15.4508
1403636875.451666594,13.8633
1403636875.501666546,12.1732
1403636875.551666498,15.3158
1403636875.601666451,15.0476
1403636875.651666403,15.7912
1403636875.701666594,12.8336
1403636875.751666546,15.5236
1403636875.801666498,15.425
1403636875.851666451,15.2449
1403636875.901666403,12.799
1403636875.951666594,14.8408
1403636876.001666546,16.0458
1403636876.051666498,18.5433
1403636876.101666451,13.8432
1403636876.151666403,16.1832
1403636876.201666594,19.3406
1403636876.251666546,15.5688
1403636876.301666498,14.7603
1403636876.351666451,17.0029
1403636876.401666403,21.1681
1403636876.451666594,17.9985
1403636876.501666546,15.3991
1403636876.551666498,15.5199
1403636876.601666451,19.8083
1403636876.651666403,16.7865
1403636876.701666594,15.2517
1403636876.751666546,20.1868
1403636876.801666498,16.7635
1403636876.851666451,17.0729
1403636876.901666403,14.1335
1403636876.951666594,14.734
1403636877.001666546,16.4316
1403636877.051666498,15.0606
1403636877.101666451,12.5881
1403636877.151666403,14.7083
1403636877.201666594,17.7662
1403636877.251666546,15.1413
1403636877.301666498,12.0128
1403636877.351666451,14.6563
1403636877.401666403,13.977
1403636877.451666594,16.4303
1403636877.501666546,12.0453
1403636877.551666498,14.6741
1403636877.601666451,14.647
1403636877.651666403,12.8482
1403636877.701666594,10.3033
1403636877.751666546,10.368
1403636877.801666498,11.4244
1403636877.851666451,13.5078
1403636877.901666403,12.4266
1403636877.951666594,13.4024
1403636878.001666546,12.1615
1403636878.051666498,16.4176
1403636878.101666451,11.3957
1403636878.151666403,14.0692
1403636878.201666594,17.4438
1403636878.251666546,15.7713
1403636878.301666498,14.1302
1403636878.351666451,13.9586
1403636878.401666403,15.5916
1403636878.451666594,15.472
1403636878.501666546,13.5974
1403636878.551666498,19.0403
1403636878.601666451,16.1379
1403636878.651666403,17.8468
1403636878.701666594,15.0371
1403636878.751666546,17.2706
1403636878.801666498,20.8893
1403636878.851666451,20.5866
1403636878.901666403,14.8083
1403636878.951666594,18.716
1403636879.001666546,18.0081
1403636879.051666498,20.3214
1403636879.101666451,14.3206
1403636879.151666403,15.7682
1403636879.201666594,16.5623
1403636879.251666546,19.299
1403636879.301666498,13.0876
1403636879.351666451,14.8802
1403636879.401666403,15.0334
1403636879.451666594,12.3012
1403636879.501666546,12.4765
1403636879.551666498,13.8149
1403636879.601666451,17.2512
1403636879.651666403,15.7417
1403636879.701666594,13.3781
1403636879.751666546,15.416
1403636879.801666498,15.4906
1403636879.851666451,14.7037
1403636879.901666403,12.3435
1403636879.951666594,13.8792
1403636880.001666546,15.5466
1403636880.051666498,17.4862
1403636880.101666451,12.374
1403636880.151666403,15.2459
1403636880.201666594,17.1333
1403636880.251666546,17.431
1403636880.301666498,13.4168
1403636880.351666451,16.9251
1403636880.401666403,19.6231
1403636880.451666594,17.5362
1403636880.501666546,15.0238
1403636880.551666498,17.9906
1403636880.601666451,19.0012
1403636880.651666403,20.1989
1403636880.701666594,15.1036
1403636880.751666546,20.2453
1403636880.801666498,18.3565
1403636880.851666451,18.4077
1403636880.901666403,15.2426
1403636880.951666594,17.2663
1403636881.001666546,17.1909
1403636881.051666498,18.5051
1403636881.101666451,14.6853
1403636881.151666403,16.7934
1403636881.201666594,16.9305
1403636881.251666546,17.9215
1403636881.301666498,14.4289
1403636881.351666451,17.0671
1403636881.401666403,16.8438
1403636881.451666594,19.1698
1403636881.501666546,14.0931
1403636881.551666498,17.0695
1403636881.601666451,20.8237
1403636881.651666403,17.6869
1403636881.701666594,14.145
1403636881.751666546,18.0291
1403636881.801666498,16.9015
1403636881.851666451,12.8863
1403636881.901666403,13.9437
1403636881.951666594,18.9821
1403636882.001666546,16.7336
1403636882.051666498,17.6663
1403636882.101666451,13.7295
1403636882.151666403,18.5457
1403636882.201666594,18.7706
1403636882.251666546,19.1821
1403636882.301666498,14.0532
1403636882.351666451,16.1473
1403636882.401666403,17.4233
1403636882.451666594,19.4204
1403636882.501666546,14.1693
1403636882.551666498,15.9944
1403636882.601666451,16.4985
1403636882.651666403,18.6556
1403636882.701666594,13.4142
1403636882.751666546,15.2899
1403636882.801666498,15.6034
1403636882.851666451,16.476
1403636882.901666403,12.93
1403636882.951666594,15.1987
1403636883.001666546,17.7103
1403636883.051666498,15.3655
1403636883.101666451,12.0063
1403636883.151666403,13.9467
1403636883.201666594,13.9661
1403636883.251666546,14.6221
1403636883.301666498,10.9998
1403636883.351666451,14.3538
1403636883.401666403,15.2953
1403636883.451666594,16.3418
1403636883.501666546,9.90136
1403636883.551666498,11.6086
1403636883.601666451,13.9604
1403636883.651666403,11.1032
1403636883.701666594,10.0976
1403636883.751666546,14.3438
1403636883.801666498,15.8915
1403636883.851666451,15.2637
1403636883.901666403,9.86013
1403636883.951666594,13.3091
1403636884.001666546,14.1461
1403636884.051666498,14.4746
1403636884.101666451,10.0575
1403636884.151666403,14.1229
1403636884.201666594,13.5969
1403636884.251666546,13.3268
1403636884.301666498,10.5799
1403636884.351666451,13.9118
1403636884.401666403,12.9781
1403636884.451666594,14.2786
1403636884.501666546,10.6519
1403636884.551666498,11.7692
1403636884.601666451,15.3787
1403636884.651666403,17.1519
1403636884.701666594,10.7657
1403636884.751666546,10.8172
1403636884.801666498,13.8545
1403636884.851666451,14.7591
1403636884.901666403,10.7058
1403636884.951666594,14.5619
1403636885.001666546,14.6197
1403636885.051666498,15.6674
1403636885.101666451,10.7825
1403636885.151666403,13.2177
1403636885.201666594,13.9021
1403636885.251666546,14.4828
1403636885.301666498,10.7651
1403636885.351666451,14.9091
1403636885.401666403,13.6928
1403636885.451666594,13.7255
1403636885.501666546,10.9076
1403636885.551666498,15.3171
1403636885.601666451,13.3478
1403636885.651666403,15.1959
1403636885.701666594,10.712
1403636885.751666546,11.932
1403636885.801666498,13.8596
1403636885.851666451,15.5125
1403636885.901666403,10.7757
1403636885.951666594,15.5245
1403636886.001666546,15.8078
1403636886.051666498,17.8466
1403636886.101666451,10.8729
1403636886.151666403,14.3082
1403636886.201666594,14.6936
1403636886.251666546,13.9018
1403636886.301666498,10.8256
1403636886.351666451,12.3717
1403636886.401666403,13.7835
1403636886.451666594,17.1488
1403636886.501666546,10.5001
1403636886.551666498,11.6212
1403636886.601666451,13.029
1403636886.651666403,16.0207
1403636886.701666594,10.5857
1403636886.751666546,15.3927
1403636886.801666498,12.2852
1403636886.851666451,14.1439
1403636886.901666403,10.6014
1403636886.951666594,15.7198
1403636887.001666546,13.9268
1403636887.051666498,14.705
1403636887.101666451,10.712
1403636887.151666403,12.394
1403636887.201666594,13.9803
1403636887.251666546,17.9738
1403636887.301666498,10.7249
1403636887.351666451,15.1229
1403636887.401666403,16.032
1403636887.451666594,14.9583
1403636887.501666546,10.635
1403636887.551666498,11.2751
1403636887.601666451,13.8289
1403636887.651666403,16.1265
1403636887.701666594,10.738
1403636887.751666546,12.4474
1403636887.801666498,13.8183
1403636887.851666451,14.4488
1403636887.901666403,10.6095
1403636887.951666594,11.9673
1403636888.001666546,14.9791
1403636888.051666498,14.2869
1403636888.101666451,10.67
1403636888.151666403,12.0757
1403636888.201666594,13.3585
1403636888.251666546,14.595
1403636888.301666498,10.685
1403636888.351666451,11.642
1403636888.401666403,13.8721
1403636888.451666594,17.541
1403636888.501666546,10.7767
1403636888.551666498,13.2945
1403636888.601666451,13.9021
1403636888.651666403,14.6658
1403636888.701666594,10.893
1403636888.751666546,11.7283
1403636888.801666498,15.2584
1403636888.851666451,13.5465
1403636888.901666403,11.0159
1403636888.951666594,12.291
1403636889.001666546,15.6901
1403636889.051666498,14.9362
1403636889.101666451,10.7095
1403636889.151666403,16.6278
1403636889.201666594,14.3974
1403636889.251666546,11.976
1403636889.301666498,12.4422
1403636889.351666451,14.2397
1403636889.401666403,14.6111
1403636889.451666594,14.8129
1403636889.501666546,10.9007
1403636889.551666498,13.3384
1403636889.601666451,15.1382
1403636889.651666403,17.0404
1403636889.701666594,10.8564
1403636889.751666546,13.5247
1403636889.801666498,13.9618
1403636889.851666451,15.0515
1403636889.901666403,10.876
1403636889.951666594,12.9489
1403636890.001666546,12.3583
1403636890.051666498,14.9337
1403636890.101666451,10.9485
1403636890.151666403,12.9971
1403636890.201666594,13.1503
1403636890.251666546,15.2164
1403636890.301666498,10.7318
1403636890.351666451,12.0722
1403636890.401666403,13.9831
1403636890.451666594,14.1732
1403636890.501666546,10.8518
1403636890.551666498,12.4665
1403636890.601666451,15.7794
1403636890.651666403,16.849
1403636890.701666594,10.8031
1403636890.751666546,14.3092
1403636890.801666498,16.8532
1403636890.851666451,14.7203
1403636890.901666403,11.191
1403636890.951666594,9.53236
1403636891.001666546,14.7808
1403636891.051666498,13.8713
1403636891.101666451,10.4577
1403636891.151666403,12.264
1403636891.201666594,15.9824
1403636891.251666546,15.6352
1403636891.301666498,10.9059
1403636891.351666451,12.3838
1403636891.401666403,14.0654
1403636891.451666594,14.7049
1403636891.501666546,11.0439
1403636891.551666498,12.5346
1403636891.601666451,17.9485
1403636891.651666403,17.5784
1403636891.701666594,10.8791
1403636891.751666546,13.2843
1403636891.801666498,13.8548
1403636891.851666451,14.8161
1403636891.901666403,10.8997
1403636891.951666594,13.1757
1403636892.001666546,17.2661
1403636892.051666498,14.5129
1403636892.101666451,10.7253
1403636892.151666403,11.0298
1403636892.201666594,13.344
1403636892.251666546,13.8224
1403636892.301666498,10.6521
1403636892.351666451,14.5878
1403636892.401666403,16.4046
1403636892.451666594,15.5402
1403636892.501666546,10.9052
1403636892.551666498,14.8804
1403636892.601666451,15.417
1403636892.651666403,14.7909
1403636892.701666594,10.7874
1403636892.751666546,12.1553
1403636892.801666498,14.3064
1403636892.851666451,14.1409
1403636892.901666403,10.6507
1403636892.951666594,15.0117
1403636893.001666546,16.1388
1403636893.051666498,15.9523
1403636893.101666451,10.6836
1403636893.151666403,11.0367
1403636893.201666594,15.3469
1403636893.251666546,18.0343
1403636893.301666498,10.9031
1403636893.351666451,14.0216
1403636893.401666403,17.7944
1403636893.451666594,14.639
1403636893.501666546,10.786
1403636893.551666498,13.3938
1403636893.601666451,15.81
1403636893.651666403,14.6217
1403636893.701666594,11.5752
1403636893.751666546,12.1097
1403636893.801666498,14.7058
1403636893.851666451,14.6882
1403636893.901666403,10.8709
1403636893.951666594,13.9111
1403636894.001666546,19.2681
1403636894.051666498,12.3789
1403636894.101666451,11.0641
1403636894.151666403,16.6251
1403636894.201666594,17.8061
1403636894.251666546,14.8715
1403636894.301666498,10.9684
1403636894.351666451,11.7038
1403636894.401666403,16.8444
1403636894.451666594,15.773
1403636894.501666546,10.9731
1403636894.551666498,13.275
1403636894.601666451,12.9931
1403636894.651666403,14.8418
1403636894.701666594,11.0129
1403636894.751666546,13.6961
1403636894.801666498,15.6876
1403636894.851666451,14.9007
1403636894.901666403,10.896
1403636894.951666594,13.5759
1403636895.001666546,15.0518
1403636895.051666498,17.463
1403636895.101666451,10.8081
1403636895.151666403,17.0053
1403636895.201666594,17.8381
1403636895.251666546,14.6237
1403636895.301666498,10.9013
1403636895.351666451,12.654
1403636895.401666403,14.8227
1403636895.451666594,15.3479
1403636895.501666546,10.8235
1403636895.551666498,13.3672
1403636895.601666451,13.9342
1403636895.651666403,16.9453
1403636895.701666594,10.9246
1403636895.751666546,15.3826
1403636895.801666498,14.5001
1403636895.851666451,16.5009
1403636895.901666403,10.8098
1403636895.951666594,12.6354
1403636896.001666546,12.7194
1403636896.051666498,15.1015
1403636896.101666451,11.2908
1403636896.151666403,12.018
1403636896.201666594,14.1494
1403636896.251666546,18.0319
1403636896.301666498,10.6189
1403636896.351666451,13.157
1403636896.401666403,15.9836
1403636896.451666594,15.1614
1403636896.501666546,10.5718
1403636896.551666498,12.5796
1403636896.601666451,14.5885
1403636896.651666403,18.1997
1403636896.701666594,10.7085
1403636896.751666546,15.5486
1403636896.801666498,15.5206
1403636896.851666451,14.0665
1403636896.901666403,10.7057
1403636896.951666594,13.0253
1403636897.001666546,13.3413
1403636897.051666498,17.0884
1403636897.101666451,10.7818
1403636897.151666403,11.6093
1403636897.201666594,12.2259
1403636897.251666546,12.8848
1403636897.301666498,10.7062
1403636897.351666451,11.9407
1403636897.401666403,16.7309
1403636897.451666594,15.4473
1403636897.501666546,10.7345
1403636897.551666498,13.8059
1403636897.601666451,13.3314
1403636897.651666403,16.3101
1403636897.701666594,10.9035
1403636897.751666546,11.2923
1403636897.801666498,14.0845
1403636897.851666451,13.3332
1403636897.901666403,10.7241
1403636897.951666594,14.0058
1403636898.001666546,14.8265
1403636898.051666498,14.9304
1403636898.101666451,12.6902
1403636898.151666403,9.64011
1403636898.201666594,10.6333
1403636898.251666546,13.5966
1403636898.301666498,11.7131
1403636898.351666451,13.7198
1403636898.401666403,17.2872
1403636898.451666594,14.8387
1403636898.501666546,11.6556
1403636898.551666498,11.5288
1403636898.601666451,11.8869
1403636898.651666403,16.3608
1403636898.701666594,11.5357
1403636898.751666546,16.4833
1403636898.801666498,19.1748
1403636898.851666451,12.555
1403636898.901666403,11.1089
1403636898.951666594,12.515
1403636899.001666546,13.3061
1403636899.051666498,14.789
1403636899.101666451,11.4535
1403636899.151666403,13.4129
1403636899.201666594,15.8241
1403636899.251666546,14.8774
1403636899.301666498,12.4967
1403636899.351666451,14.9894
1403636899.401666403,16.2385
1403636899.451666594,14.4888
1403636899.501666546,13.9414
1403636899.551666498,15.872
1403636899.601666451,17.7629
1403636899.651666403,19.4001
1403636899.701666594,14.4023
1403636899.751666546,17.7994
1403636899.801666498,19.104
1403636899.851666451,16.7333
1403636899.901666403,15.5389
1403636899.951666594,16.4928
1403636900.001666546,20.158
1403636900.051666498,18.621
1403636900.101666451,15.9802
1403636900.151666403,14.7246
1403636900.201666594,20.9683
1403636900.251666546,18.4399
1403636900.301666498,15.8064
1403636900.351666451,20.7635
1403636900.401666403,19.2102
1403636900.451666594,18.8902
1403636900.501666546,15.5981
1403636900.551666498,14.7551
1403636900.601666451,21.9343
1403636900.651666403,21.3539
1403636900.701666594,15.8625
1403636900.751666546,17.1216
1403636900.801666498,18.7079
1403636900.851666451,21.736
1403636900.901666403,16.4026
1403636900.951666594,19.8038
1403636901.001666546,18.0615
1403636901.051666498,21.509
1403636901.101666451,16.3073
1403636901.151666403,17.5448
1403636901.201666594,19.8257
1403636901.251666546,19.5333
1403636901.301666498,16.546
1403636901.351666451,18.5321
1403636901.401666403,16.7233
1403636901.451666594,18.6533
1403636901.501666546,16.5467
1403636901.551666498,15.0194
1403636901.601666451,19.0602
1403636901.651666403,19.7548
1403636901.701666594,15.8731
1403636901.751666546,18.155
1403636901.801666498,19.8126
1403636901.851666451,21.3579
1403636901.901666403,17.2639
1403636901.951666594,17.628
1403636902.001666546,20.0891
1403636902.051666498,22.6467
1403636902.101666451,16.8593
1403636902.151666403,17.7713
1403636902.201666594,21.7778
1403636902.251666546,21.8173
1403636902.301666498,17.9647
1403636902.351666451,17.3204
1403636902.401666403,23.3343
1403636902.451666594,18.3423
1403636902.501666546,18.3341
1403636902.551666498,21.5698
1403636902.601666451,23.8757
1403636902.651666403,19.863
1403636902.701666594,18.2401
1403636902.751666546,17.1973
1403636902.801666498,21.9894
1403636902.851666451,21.7209
1403636902.901666403,18.4011
1403636902.951666594,18.0308
1403636903.001666546,21.0127
1403636903.051666498,20.5227
1403636903.101666451,18.6883
1403636903.151666403,18.6515
1403636903.201666594,21.8817
1403636903.251666546,22.8335
1403636903.301666498,18.9182
1403636903.351666451,17.5945
1403636903.401666403,24.3538
1403636903.451666594,24.8721
1403636903.501666546,19.1259
1403636903.551666498,18.0983
1403636903.601666451,22.2405
1403636903.651666403,24.8163
1403636903.701666594,19.4153
1403636903.751666546,17.8521
1403636903.801666498,23.8302
1403636903.851666451,24.3079
1403636903.901666403,20.1558
1403636903.951666594,19.8773
1403636904.001666546,21.1917
1403636904.051666498,22.3106
1403636904.101666451,19.2773
1403636904.151666403,19.174
1403636904.201666594,23.6571
1403636904.251666546,24.0711
1403636904.301666498,19.2146
1403636904.351666451,19.4608
1403636904.401666403,22.4909
1403636904.451666594,25.2686
1403636904.501666546,19.4784
1403636904.551666498,19.4829
1403636904.601666451,21.5423
1403636904.651666403,21.5057
1403636904.701666594,19.1734
1403636904.751666546,19.471
1403636904.801666498,18.1056
1403636904.851666451,23.5267
1403636904.901666403,18.7925
1403636904.951666594,18.8301
1403636905.001666546,22.9209
1403636905.051666498,22.068
1403636905.101666451,19.6083
1403636905.151666403,19.2704
1403636905.201666594,21.6967
1403636905.251666546,22.9729
1403636905.301666498,19.2916
1403636905.351666451,18.8834
1403636905.401666403,22.8964
1403636905.451666594,22.5112
1403636905.501666546,19.8338
1403636905.551666498,19.9766
1403636905.601666451,23.1941
1403636905.651666403,22.2761
1403636905.701666594,20.1974
1403636905.751666546,20.131
1403636905.801666498,21.0142
1403636905.851666451,26.0099
1403636905.901666403,20.2518
1403636905.951666594,20.5601
1403636906.001666546,24.0922
1403636906.051666498,25.1802
1403636906.101666451,19.7026
1403636906.151666403,20.1209
1403636906.201666594,18.0861
1403636906.251666546,23.6502
1403636906.301666498,19.7878
1403636906.351666451,19.7652
1403636906.401666403,18.947
1403636906.451666594,24.8425
1403636906.501666546,19.2049
1403636906.551666498,19.0633
1403636906.601666451,22.2163
1403636906.651666403,21.5601
1403636906.701666594,19.571
1403636906.751666546,19.2371
1403636906.801666498,18.3145
1403636906.851666451,23.9435
1403636906.901666403,19.2978
1403636906.951666594,20.6598
1403636907.001666546,19.0866
1403636907.051666498,23.8985
1403636907.101666451,19.0893
1403636907.151666403,19.5902
1403636907.201666594,18.4497
1403636907.251666546,23.9712
1403636907.301666498,19.629
1403636907.351666451,19.529
1403636907.401666403,23.8755
1403636907.451666594,24.4681
1403636907.501666546,19.0741
1403636907.551666498,18.9737
1403636907.601666451,20.9678
1403636907.651666403,22.6272
1403636907.701666594,18.8746
1403636907.751666546,18.6077
1403636907.801666498,20.6483
1403636907.851666451,21.6958
1403636907.901666403,19.1334
1403636907.951666594,18.6886
1403636908.001666546,19.2588
1403636908.051666498,21.935
1403636908.101666451,18.4714
1403636908.151666403,18.4982
1403636908.201666594,18.444
1403636908.251666546,23.6902
1403636908.301666498,18.5289
1403636908.351666451,18.5611
1403636908.401666403,20.1325
1403636908.451666594,21.4808
1403636908.501666546,18.8074
1403636908.551666498,18.6346
1403636908.601666451,16.7989
1403636908.651666403,20.4759
1403636908.701666594,18.6968
1403636908.751666546,19.1241
1403636908.801666498,20.5342
1403636908.851666451,22.3087
1403636908.901666403,17.9604
1403636908.951666594,17.7668
1403636909.001666546,18.7172
1403636909.051666498,20.0862
1403636909.101666451,18.3191
1403636909.151666403,18.0816
1403636909.201666594,19.1501
1403636909.251666546,21.4404
1403636909.301666498,19.3956
1403636909.351666451,18.3342
1403636909.401666403,18.9112
1403636909.451666594,24.2612
1403636909.501666546,18.3756
1403636909.551666498,17.9379
1403636909.601666451,16.8574
1403636909.651666403,21.2471
1403636909.701666594,18.6234
1403636909.751666546,18.4706
1403636909.801666498,21.4389
1403636909.851666451,23.9942
1403636909.901666403,18.6899
1403636909.951666594,18.2563
1403636910.001666546,16.6802
1403636910.051666498,22.1779
1403636910.101666451,18.1755
1403636910.151666403,18.2298
1403636910.201666594,21.0886
1403636910.251666546,21.9325
1403636910.301666498,18.3334
1403636910.351666451,18.4245
1403636910.401666403,16.6459
1403636910.451666594,19.7457
1403636910.501666546,18.3102
1403636910.551666498,17.8528
1403636910.601666451,21.9228
1403636910.651666403,22.952
1403636910.701666594,18.4359
1403636910.751666546,18.4241
1403636910.801666498,18.9002
1403636910.851666451,21.2584
1403636910.901666403,18.2443
1403636910.951666594,18.0079
1403636911.001666546,16.1444
1403636911.051666498,20.7511
1403636911.101666451,18.4271
1403636911.151666403,18.0147
1403636911.201666594,21.5324
1403636911.251666546,21.1088
1403636911.301666498,18.316
1403636911.351666451,18.067
1403636911.401666403,17.6483
1403636911.451666594,22.9804
1403636911.501666546,18.0887
1403636911.551666498,18.2239
1403636911.601666451,19.4293
1403636911.651666403,23.6244
1403636911.701666594,17.9209
1403636911.751666546,18.3121
1403636911.801666498,16.5933
1403636911.851666451,23.1697
1403636911.901666403,18.0835
1403636911.951666594,17.8621
1403636912.001666546,19.8676
1403636912.051666498,21.0935
1403636912.101666451,18.3618
1403636912.151666403,17.9793
1403636912.201666594,20.1004
1403636912.251666546,20.9763
1403636912.301666498,18.5288
1403636912.351666451,18.3993
1403636912.401666403,17.1287
1403636912.451666594,21.3865
1403636912.501666546,18.4901
1403636912.551666498,18.4166
1403636912.601666451,20.3599
1403636912.651666403,22.1759
1403636912.701666594,19.3371
1403636912.751666546,18.8153
1403636912.801666498,17.3126
1403636912.851666451,21.3359
1403636912.901666403,18.8079
1403636912.951666594,18.7537
1403636913.001666546,19.3945
1403636913.051666498,24.7659
1403636913.101666451,18.365
1403636913.151666403,18.6685
1403636913.201666594,17.6776
1403636913.251666546,21.1153
1403636913.301666498,19.5286
1403636913.351666451,19.4277
1403636913.401666403,20.7641
1403636913.451666594,24.8326
1403636913.501666546,19.5749
1403636913.551666498,19.8241
1403636913.601666451,19.5488
1403636913.651666403,19.4784
1403636913.701666594,19.4742
1403636913.751666546,19.3135
1403636913.801666498,17.2795
1403636913.851666451,23.8209
1403636913.901666403,19.2349
1403636913.951666594,19.2891
1403636914.001666546,21.3263
1403636914.051666498,25.2084
1403636914.101666451,18.962
1403636914.151666403,18.9149
1403636914.201666594,18.2242
1403636914.251666546,24.2052
1403636914.301666498,19.4843
1403636914.351666451,19.2175
1403636914.401666403,21.9529
1403636914.451666594,22.3119
1403636914.501666546,19.4614
1403636914.551666498,19.3685
1403636914.601666451,21.7998
1403636914.651666403,23.2789
1403636914.701666594,19.6637
1403636914.751666546,19.2807
1403636914.801666498,18.0955
1403636914.851666451,24.1324
1403636914.901666403,19.5425
1403636914.951666594,19.2126
1403636915.001666546,20.4819
1403636915.051666498,25.1603
1403636915.101666451,19.6793
1403636915.151666403,19.455
1403636915.201666594,18.3877
1403636915.251666546,22.085
1403636915.301666498,19.5257
1403636915.351666451,19.4116
1403636915.401666403,20.9465
1403636915.451666594,22.7064
1403636915.501666546,19.9527
1403636915.551666498,19.6214
1403636915.601666451,18.5535
1403636915.651666403,22.989
1403636915.701666594,19.5743
1403636915.751666546,19.5018
1403636915.801666498,20.7725
1403636915.851666451,22.1005
1403636915.901666403,19.5222
1403636915.951666594,19.665
1403636916.001666546,18.0654
1403636916.051666498,22.6417
1403636916.101666451,19.2152
1403636916.151666403,19.0009
1403636916.201666594,19.7256
1403636916.251666546,24.9703
1403636916.301666498,19.5392
1403636916.351666451,19.9113
1403636916.401666403,19.4846
1403636916.451666594,22.8091
1403636916.501666546,19.8717
1403636916.551666498,19.2824
1403636916.601666451,17.9096
1403636916.651666403,22.1307
1403636916.701666594,19.482
1403636916.751666546,19.7939
1403636916.801666498,18.6583
1403636916.851666451,22.6643
1403636916.901666403,20.7088
1403636916.951666594,19.7589
1403636917.001666546,18.6645
1403636917.051666498,26.1715
1403636917.101666451,20.9691
1403636917.151666403,21.0178
1403636917.201666594,19.6961
1403636917.251666546,25.0845
1403636917.301666498,20.3421
1403636917.351666451,19.6773
1403636917.401666403,19.2701
1403636917.451666594,22.6004
1403636917.501666546,19.9355
1403636917.551666498,19.675
1403636917.601666451,21.3538
1403636917.651666403,20.8253
1403636917.701666594,19.5293
1403636917.751666546,19.1147
1403636917.801666498,18.159
1403636917.851666451,22.0711
1403636917.901666403,20.3111
1403636917.951666594,20.1467
1403636918.001666546,18.9637
1403636918.051666498,24.965
1403636918.101666451,20.3205
1403636918.151666403,19.7188
1403636918.201666594,18.637
1403636918.251666546,21.6298
1403636918.301666498,20.1491
1403636918.351666451,20.5081
1403636918.401666403,18.5659
1403636918.451666594,26.6509
1403636918.501666546,20.3006
1403636918.551666498,20.6565
1403636918.601666451,19.4094
1403636918.651666403,26.5584
1403636918.701666594,20.1255
1403636918.751666546,19.9448
1403636918.801666498,19.7546
1403636918.851666451,24.4724
1403636918.901666403,20.2749
1403636918.951666594,19.8073
1403636919.001666546,19.6161
1403636919.051666498,22.8695
1403636919.101666451,19.7164
1403636919.151666403,20.325
1403636919.201666594,18.6227
1403636919.251666546,22.3458
1403636919.301666498,20.1245
1403636919.351666451,20.0767
1403636919.401666403,18.2387
1403636919.451666594,19.9657
1403636919.501666546,20.1805
1403636919.551666498,19.7647
1403636919.601666451,18.8985
1403636919.651666403,23.8583
1403636919.701666594,19.5232
1403636919.751666546,20.7433
1403636919.801666498,21.6732
1403636919.851666451,22.5203
1403636919.901666403,20.7709
1403636919.951666594,21.1122
1403636920.001666546,19.3512
1403636920.051666498,26.6665
1403636920.101666451,20.906
1403636920.151666403,21.1717
1403636920.201666594,19.4617
1403636920.251666546,25.5585
1403636920.301666498,21.3072
1403636920.351666451,21.0543
1403636920.401666403,20.1362
1403636920.451666594,26.3873
1403636920.501666546,20.8271
1403636920.551666498,21.2256
1403636920.601666451,19.6722
1403636920.651666403,26.7864
1403636920.701666594,20.9917
1403636920.751666546,20.8522
1403636920.801666498,20.9333
1403636920.851666451,25.1045
1403636920.901666403,21.4594
1403636920.951666594,21.1175
1403636921.001666546,20.2988
1403636921.051666498,28.1206
1403636921.101666451,21.7522
1403636921.151666403,21.7564
1403636921.201666594,21.4893
1403636921.251666546,25.0504
1403636921.301666498,21.5861
1403636921.351666451,23.1422
1403636921.401666403,20.254
1403636921.451666594,25.0775
1403636921.501666546,21.4268
1403636921.551666498,22.0747
1403636921.601666451,20.9622
1403636921.651666403,25.1987
1403636921.701666594,21.2874
1403636921.751666546,21.8876
1403636921.801666498,20.615
1403636921.851666451,25.3706
1403636921.901666403,20.8251
1403636921.951666594,21.452
1403636922.001666546,21.1598
1403636922.051666498,25.6331
1403636922.101666451,21.4735
1403636922.151666403,21.2577
1403636922.201666594,20.8076
1403636922.251666546,23.6436
1403636922.301666498,21.554
1403636922.351666451,21.4725
1403636922.401666403,20.0422
1403636922.451666594,23.8098
1403636922.501666546,20.8811
1403636922.551666498,20.8809
1403636922.601666451,20.4129
1403636922.651666403,22.3704
1403636922.701666594,20.1247
1403636922.751666546,20.8084
1403636922.801666498,20.4532
1403636922.851666451,19.8143
1403636922.901666403,20.5161
1403636922.951666594,20.6904
1403636923.001666546,20.1635
1403636923.051666498,24.2408
1403636923.101666451,20.7831
1403636923.151666403,20.7857
1403636923.201666594,19.9877
1403636923.251666546,22.9583
1403636923.301666498,19.5475
1403636923.351666451,19.9642
1403636923.401666403,18.774
1403636923.451666594,23.2578
1403636923.501666546,19.8914
1403636923.551666498,19.7314
1403636923.601666451,19.257
1403636923.651666403,24.1165
1403636923.701666594,20.3845
1403636923.751666546,20.3944
1403636923.801666498,18.7554
1403636923.851666451,24.7035
1403636923.901666403,20.5406
1403636923.951666594,21.4281
1403636924.001666546,22.5358
1403636924.051666498,23.0013
1403636924.101666451,20.5055
1403636924.151666403,20.5933
1403636924.201666594,19.1805
1403636924.251666546,23.0966
1403636924.301666498,20.3466
1403636924.351666451,21.1725
1403636924.401666403,21.2346
1403636924.451666594,24.4298
1403636924.501666546,20.8916
1403636924.551666498,21.7784
1403636924.601666451,20.4975
1403636924.651666403,25.7804
1403636924.701666594,21.0291
1403636924.751666546,20.6601
1403636924.801666498,19.5606
1403636924.851666451,26.6305
1403636924.901666403,20.443
1403636924.951666594,20.9933
1403636925.001666546,20.8788
1403636925.051666498,22.633
1403636925.101666451,20.585
1403636925.151666403,20.2896
1403636925.201666594,20.236
1403636925.251666546,23.6596
1403636925.301666498,20.1676
1403636925.351666451,19.8244
1403636925.401666403,18.3889
1403636925.451666594,23.5639
1403636925.501666546,20.4078
1403636925.551666498,19.8109
1403636925.601666451,20.1335
1403636925.651666403,21.401
1403636925.701666594,20.7713
1403636925.751666546,19.9745
1403636925.801666498,18.9323
1403636925.851666451,23.5911
1403636925.901666403,19.7305
1403636925.951666594,19.8232
1403636926.001666546,19.5201
1403636926.051666498,23.1094
1403636926.101666451,20.0776
1403636926.151666403,19.9054
1403636926.201666594,18.2802
1403636926.251666546,22.6235
1403636926.301666498,20.0893
1403636926.351666451,20.0894
1403636926.401666403,19.2291
1403636926.451666594,21.9642
1403636926.501666546,20.4483
1403636926.551666498,20.4822
1403636926.601666451,19.8593
1403636926.651666403,20.0646
1403636926.701666594,20.8785
1403636926.751666546,20.742
1403636926.801666498,19.7142
1403636926.851666451,24.8932
1403636926.901666403,20.5819
1403636926.951666594,19.7616
1403636927.001666546,20.3987
1403636927.051666498,22.1822
1403636927.101666451,20.4396
1403636927.151666403,19.881
1403636927.201666594,18.6917
1403636927.251666546,23.0936
1403636927.301666498,19.3407
1403636927.351666451,19.701
1403636927.401666403,19.275
1403636927.451666594,22.238
1403636927.501666546,19.773
1403636927.551666498,19.469
1403636927.601666451,18.314
1403636927.651666403,25.1766
1403636927.701666594,20.0323
1403636927.751666546,20.079
1403636927.801666498,18.8093
1403636927.851666451,25.0834
1403636927.901666403,21.055
1403636927.951666594,20.6066
1403636928.001666546,18.8625
1403636928.051666498,23.8247
1403636928.101666451,19.5428
1403636928.151666403,19.8172
1403636928.201666594,19.2804
1403636928.251666546,22.4906
1403636928.301666498,20.0084
1403636928.351666451,19.3804
1403636928.401666403,18.7801
1403636928.451666594,20.5522
1403636928.501666546,19.8287
1403636928.551666498,20.2746
1403636928.601666451,20.33
1403636928.651666403,25.3947
1403636928.701666594,20.2073
1403636928.751666546,19.7911
1403636928.801666498,19.37
1403636928.851666451,17.9244
1403636928.901666403,20.3631
1403636928.951666594,19.9112
1403636929.001666546,17.8476
1403636929.051666498,22.5764
1403636929.101666451,19.7386
1403636929.151666403,19.6757
1403636929.201666594,18.6914
1403636929.251666546,23.4964
1403636929.301666498,20.13
1403636929.351666451,19.7854
1403636929.401666403,18.2949
1403636929.451666594,23.9075
1403636929.501666546,20.5161
1403636929.551666498,20.3404
1403636929.601666451,19.5165
1403636929.651666403,22.2061
1403636929.701666594,19.8209
1403636929.751666546,19.7909
1403636929.801666498,18.8552
1403636929.851666451,23.4805
1403636929.901666403,20.4048
1403636929.951666594,20.6272
1403636930.001666546,19.8909
1403636930.051666498,23.9497
1403636930.101666451,20.0035
1403636930.151666403,19.9179
1403636930.201666594,18.7513
1403636930.251666546,22.153
1403636930.301666498,20.0894
1403636930.351666451,20.1119
1403636930.401666403,18.8299
1403636930.451666594,22.7658
1403636930.501666546,19.5295
1403636930.551666498,19.6649
1403636930.601666451,19.3513
1403636930.651666403,23.7281
1403636930.701666594,20.2987
1403636930.751666546,20.6692
1403636930.801666498,18.9054
1403636930.851666451,22.7314
1403636930.901666403,19.6576
1403636930.951666594,20.1686
1403636931.001666546,19.5276
1403636931.051666498,24.2507
1403636931.101666451,19.3906
1403636931.151666403,19.5636
1403636931.201666594,18.3779
1403636931.251666546,24.2094
1403636931.301666498,19.4263
1403636931.351666451,18.6296
1403636931.401666403,17.566
1403636931.451666594,23.8341
1403636931.501666546,19.5938
1403636931.551666498,19.4652
1403636931.601666451,19.2444
1403636931.651666403,21.9209
1403636931.701666594,20.1535
1403636931.751666546,20.4019
1403636931.801666498,19.2953
1403636931.851666451,22.9073
1403636931.901666403,20.658
1403636931.951666594,21.0193
1403636932.001666546,20.2743
1403636932.051666498,21.9152
1403636932.101666451,20.8842
1403636932.151666403,20.9863
1403636932.201666594,19.7212
1403636932.251666546,23.1885
1403636932.301666498,19.9097
1403636932.351666451,20.1131
1403636932.401666403,20.0718
1403636932.451666594,21.2529
1403636932.501666546,19.9509
1403636932.551666498,20.301
1403636932.601666451,19.0646
1403636932.651666403,22.9556
1403636932.701666594,19.4582
1403636932.751666546,20.1017
1403636932.801666498,19.0797
1403636932.851666451,23.8777
1403636932.901666403,19.9543
1403636932.951666594,20.1374
1403636933.001666546,20.1038
1403636933.051666498,22.3674
1403636933.101666451,20.4655
1403636933.151666403,20.2494
1403636933.201666594,18.7914
1403636933.251666546,22.6766
1403636933.301666498,19.4218
1403636933.351666451,19.6512
1403636933.401666403,19.0386
1403636933.451666594,24.1686
1403636933.501666546,21.1677
1403636933.551666498,21.0883
1403636933.601666451,19.5517
1403636933.651666403,24.3255
1403636933.701666594,20.6141
1403636933.751666546,20.8716
1403636933.801666498,20.4485
1403636933.851666451,25.8544
1403636933.901666403,20.7345
1403636933.951666594,21.5432
1403636934.001666546,19.7691
1403636934.051666498,24.6349
1403636934.101666451,19.9404
1403636934.151666403,20.5665
1403636934.201666594,19.9944
1403636934.251666546,22.8951
1403636934.301666498,20.0365
1403636934.351666451,19.9384
1403636934.401666403,19.0863
1403636934.451666594,22.1695
1403636934.501666546,19.7123
1403636934.551666498,19.6166
1403636934.601666451,18.1814
1403636934.651666403,25.5467
1403636934.701666594,19.1837
1403636934.751666546,19.1873
1403636934.801666498,18.29
1403636934.851666451,21.2007
1403636934.901666403,19.2096
1403636934.951666594,19.1708
1403636935.001666546,17.284
1403636935.051666498,21.8875
1403636935.101666451,19.3279
1403636935.151666403,19.1887
1403636935.201666594,19.6491
1403636935.251666546,20.9169
1403636935.301666498,19.5512
1403636935.351666451,19.4271
1403636935.401666403,18.0523
1403636935.451666594,22.9489
1403636935.501666546,20.1912
1403636935.551666498,20.6895
1403636935.601666451,19.129
1403636935.651666403,23.2278
1403636935.701666594,21.1506
1403636935.751666546,20.8984
1403636935.801666498,19.8117
1403636935.851666451,22.0608
1403636935.901666403,20.21
1403636935.951666594,19.3438
1403636936.001666546,18.2033
1403636936.051666498,23.8534
1403636936.101666451,20.1531
1403636936.151666403,20.1017
1403636936.201666594,20.5563
1403636936.251666546,22.4046
1403636936.301666498,20.3927
1403636936.351666451,20.0526
1403636936.401666403,18.7361
1403636936.451666594,22.9548
1403636936.501666546,20.1549
1403636936.551666498,20.2032
1403636936.601666451,19.4766
1403636936.651666403,23.3881
1403636936.701666594,20.1605
1403636936.751666546,20.285
1403636936.801666498,18.4862
1403636936.851666451,21.487
1403636936.901666403,19.2819
1403636936.951666594,19.7325
1403636937.001666546,20.0794
1403636937.051666498,23.5077
1403636937.101666451,20.2549
1403636937.151666403,20.0551
1403636937.201666594,19.1463
1403636937.251666546,22.6375
1403636937.301666498,20.4325
1403636937.351666451,20.5862
1403636937.401666403,19.721
1403636937.451666594,23.7171
1403636937.501666546,20.3309
1403636937.551666498,20.4717
1403636937.601666451,20.343
1403636937.651666403,22.3908
1403636937.701666594,19.8392
1403636937.751666546,19.6631
1403636937.801666498,18.72
1403636937.851666451,24.2913
1403636937.901666403,19.2043
1403636937.951666594,19.2987
1403636938.001666546,18.8062
1403636938.051666498,22.7347
1403636938.101666451,19.6086
1403636938.151666403,19.356
1403636938.201666594,18.2265
1403636938.251666546,21.8345
1403636938.301666498,19.4836
1403636938.351666451,19.3949
1403636938.401666403,20.1554
1403636938.451666594,23.6802
1403636938.501666546,20.2468
1403636938.551666498,20.2583
1403636938.601666451,18.7003
1403636938.651666403,25.4465
1403636938.701666594,19.5402
1403636938.751666546,20.0621
1403636938.801666498,19.7491
1403636938.851666451,22.9826
1403636938.901666403,19.4334
1403636938.951666594,19.2405
1403636939.001666546,18.7732
1403636939.051666498,21.2052
1403636939.101666451,19.6965
1403636939.151666403,19.2625
1403636939.201666594,18.2419
1403636939.251666546,22.8689
1403636939.301666498,19.0333
1403636939.351666451,19.4124
1403636939.401666403,18.8584
1403636939.451666594,19.4372
1403636939.501666546,18.8352
1403636939.551666498,18.3095
1403636939.601666451,16.7682
1403636939.651666403,24.1901
1403636939.701666594,18.2705
1403636939.751666546,18.2641
1403636939.801666498,17.7271
1403636939.851666451,19.9768
1403636939.901666403,19.0905
1403636939.951666594,18.6865
1403636940.001666546,18.1006
1403636940.051666498,20.5756
1403636940.101666451,18.5508
1403636940.151666403,17.9245
1403636940.201666594,16.3687
1403636940.251666546,21.1948
1403636940.301666498,18.1844
1403636940.351666451,17.7157
1403636940.401666403,19.468
1403636940.451666594,19.6063
1403636940.501666546,18.0743
1403636940.551666498,17.6871
1403636940.601666451,15.9627
1403636940.651666403,22.5757
1403636940.701666594,18.1386
1403636940.751666546,17.775
1403636940.801666498,19.2998
1403636940.851666451,20.7651
1403636940.901666403,18.0431
1403636940.951666594,17.4909
1403636941.001666546,16.9947
1403636941.051666498,21.4741
1403636941.101666451,18.2332
1403636941.151666403,18.1206
1403636941.201666594,16.8021
1403636941.251666546,21.2759
1403636941.301666498,18.0421
1403636941.351666451,17.6707
1403636941.401666403,18.9484
1403636941.451666594,20.751
1403636941.501666546,18.4597
1403636941.551666498,18.0458
1403636941.601666451,18.1608
1403636941.651666403,23.1648
1403636941.701666594,18.4018
1403636941.751666546,17.9658
1403636941.801666498,16.5741
1403636941.851666451,23.3053
1403636941.901666403,18.1149
1403636941.951666594,18.3757
1403636942.001666546,17.229
1403636942.051666498,21.8156
1403636942.101666451,18.1689
1403636942.151666403,18.4456
1403636942.201666594,16.9967
1403636942.251666546,23.1764
1403636942.301666498,18.6953
1403636942.351666451,18.1655
1403636942.401666403,20.1018
1403636942.451666594,21.6552
1403636942.501666546,18.2073
1403636942.551666498,18.1989
1403636942.601666451,16.6308
1403636942.651666403,23.3087
1403636942.701666594,17.6255
1403636942.751666546,16.929
1403636942.801666498,15.2998
1403636942.851666451,19.5103
1403636942.901666403,17.0148
1403636942.951666594,16.5727
1403636943.001666546,18.5336
1403636943.051666498,20.6092
1403636943.101666451,17.8259
1403636943.151666403,17.1326
1403636943.201666594,16.8721
1403636943.251666546,22.8952
1403636943.301666498,17.9485
1403636943.351666451,16.833
1403636943.401666403,16.7768
1403636943.451666594,20.7887
1403636943.501666546,18.734
1403636943.551666498,18.2669
1403636943.601666451,17.3363
1403636943.651666403,23.4009
1403636943.701666594,18.059
1403636943.751666546,17.7374
1403636943.801666498,19.3058
1403636943.851666451,23.408
1403636943.901666403,18.5653
1403636943.951666594,18.206
1403636944.001666546,19.8301
1403636944.051666498,21.532
1403636944.101666451,18.9575
1403636944.151666403,18.4514
1403636944.201666594,17.1765
1403636944.251666546,21.1127
1403636944.301666498,20.2136
1403636944.351666451,19.2877
1403636944.401666403,21.3331
1403636944.451666594,23.5368
1403636944.501666546,20.1926
1403636944.551666498,19.8133
1403636944.601666451,18.5541
1403636944.651666403,26.0971
1403636944.701666594,19.8636
1403636944.751666546,20.1866
1403636944.801666498,22.1815
1403636944.851666451,22.6652
1403636944.901666403,19.8051
1403636944.951666594,20.3524
1403636945.001666546,19.6586
1403636945.051666498,23.4297
1403636945.101666451,21.8184
1403636945.151666403,21.6009
1403636945.201666594,22.5845
1403636945.251666546,25.1124
1403636945.301666498,21.7946
1403636945.351666451,21.6493
1403636945.401666403,20.2629
1403636945.451666594,26.8674
1403636945.501666546,21.7708
1403636945.551666498,21.9118
1403636945.601666451,21.5893
1403636945.651666403,26.5036
1403636945.701666594,21.3665
1403636945.751666546,21.2869
1403636945.801666498,21.956
1403636945.851666451,24.9244
1403636945.901666403,22.2935
1403636945.951666594,22.3159
1403636946.001666546,20.5397
1403636946.051666498,26.8556
1403636946.101666451,22.3647
1403636946.151666403,21.3932
1403636946.201666594,23.5346
1403636946.251666546,26.4789
1403636946.301666498,20.7754
1403636946.351666451,21.1193
1403636946.401666403,22.2407
1403636946.451666594,24.432
1403636946.501666546,21.8713
1403636946.551666498,21.2348
1403636946.601666451,24.825
1403636946.651666403,25.5833
1403636946.701666594,21.9138
1403636946.751666546,21.406
1403636946.801666498,20.1287
1403636946.851666451,24.5337
1403636946.901666403,21.4798
1403636946.951666594,20.9261
1403636947.001666546,22.4234
1403636947.051666498,27.0222
1403636947.101666451,21.3487
1403636947.151666403,21.3971
1403636947.201666594,19.4373
1403636947.251666546,26.4931
1403636947.301666498,20.4063
1403636947.351666451,20.2613
1403636947.401666403,19.041
1403636947.451666594,21.1995
1403636947.501666546,21.4959
1403636947.551666498,20.9553
1403636947.601666451,21.4768
1403636947.651666403,24.9893
1403636947.701666594,21.0504
1403636947.751666546,21.6455
1403636947.801666498,20.4438
1403636947.851666451,24.6624
1403636947.901666403,22.1432
1403636947.951666594,21.1325
1403636948.001666546,20.6627
1403636948.051666498,25.7504
1403636948.101666451,21.3467
1403636948.151666403,21.6742
1403636948.201666594,20.0779
1403636948.251666546,26.2938
1403636948.301666498,21.3233
1403636948.351666451,21.9771
1403636948.401666403,23.8089
1403636948.451666594,23.5818
1403636948.501666546,21.5278
1403636948.551666498,21.1486
1403636948.601666451,21.8728
1403636948.651666403,23.6355
1403636948.701666594,21.3382
1403636948.751666546,21.8166
1403636948.801666498,23.4323
1403636948.851666451,24.9256
1403636948.901666403,21.6084
1403636948.951666594,21.2547
1403636949.001666546,20.6623
1403636949.051666498,27.5
1403636949.101666451,21.4457
1403636949.151666403,21.5558
1403636949.201666594,21.1523
1403636949.251666546,25.8362
1403636949.301666498,21.9146
1403636949.351666451,21.4349
1403636949.401666403,20.5912
1403636949.451666594,25.029
1403636949.501666546,21.4218
1403636949.551666498,21.1868
1403636949.601666451,19.8092
1403636949.651666403,20.4547
1403636949.701666594,20.3835
1403636949.751666546,20.0749
1403636949.801666498,19.763
1403636949.851666451,23.453
1403636949.901666403,20.097
1403636949.951666594,20.2023
1403636950.001666546,19.2397
1403636950.051666498,25.4134
1403636950.101666451,20.385
1403636950.151666403,20.4562
1403636950.201666594,21.1183
1403636950.251666546,22.4305
1403636950.301666498,20.6679
1403636950.351666451,19.9194
1403636950.401666403,19.1286
1403636950.451666594,23.8047
1403636950.501666546,20.9591
1403636950.551666498,20.4529
1403636950.601666451,20.4073
1403636950.651666403,24.5702
1403636950.701666594,20.5133
1403636950.751666546,20.3806
1403636950.801666498,19.2468
1403636950.851666451,23.9159
1403636950.901666403,20.8077
1403636950.951666594,20.9288
1403636951.001666546,19.2096
1403636951.051666498,23.7342
1403636951.101666451,20.4787
1403636951.151666403,20.4206
1403636951.201666594,19.0856
1403636951.251666546,23.7674
1403636951.301666498,19.2988
1403636951.351666451,18.9261
1403636951.401666403,17.5186
1403636951.451666594,22.5359
1403636951.501666546,19.1264
1403636951.551666498,19.4918
1403636951.601666451,18.5165
1403636951.651666403,22.0265
1403636951.701666594,18.8495
1403636951.751666546,18.8401
1403636951.801666498,17.7025
1403636951.851666451,23.5646
1403636951.901666403,20.0393
1403636951.951666594,21.3819
1403636952.001666546,19.6592
1403636952.051666498,20.3343
1403636952.101666451,20.6473
1403636952.151666403,21.0516
1403636952.201666594,19.0895
1403636952.251666546,24.2815
1403636952.301666498,21.0826
1403636952.351666451,20.9111
1403636952.401666403,19.626
1403636952.451666594,23.7991
1403636952.501666546,20.4373
1403636952.551666498,20.1579
1403636952.601666451,19.6622
1403636952.651666403,24.7191
1403636952.701666594,19.8213
1403636952.751666546,20.0133
1403636952.801666498,18.499
1403636952.851666451,24.5155
1403636952.901666403,19.8774
1403636952.951666594,19.841
1403636953.001666546,19.2591
1403636953.051666498,24.3155
1403636953.101666451,19.7743
1403636953.151666403,19.6102
1403636953.201666594,18.4719
1403636953.251666546,22.8363
1403636953.301666498,20.0886
1403636953.351666451,20.4392
1403636953.401666403,19.4198
1403636953.451666594,21.5772
1403636953.501666546,20.3237
1403636953.551666498,20.1667
1403636953.601666451,19.1297
1403636953.651666403,24.2715
1403636953.701666594,20.0367
1403636953.751666546,20.2554
1403636953.801666498,18.4369
1403636953.851666451,25.8176
1403636953.901666403,20.6077
1403636953.951666594,21.1231
1403636954.001666546,20.2854
1403636954.051666498,21.7059
1403636954.101666451,20.723
1403636954.151666403,20.7153
1403636954.201666594,19.1294
1403636954.251666546,24.8909
1403636954.301666498,20.5768
1403636954.351666451,20.936
1403636954.401666403,20.8521
1403636954.451666594,22.8904
1403636954.501666546,20.0435
1403636954.551666498,20.4749
1403636954.601666451,19.2836
1403636954.651666403,23.5195
1403636954.701666594,19.3527
1403636954.751666546,19.7662
1403636954.801666498,18.9702
1403636954.851666451,21.5433
1403636954.901666403,19.0639
1403636954.951666594,18.6367
1403636955.001666546,17.5916
1403636955.051666498,22.54
1403636955.101666451,19.3364
1403636955.151666403,18.8645
1403636955.201666594,17.7172
1403636955.251666546,24.4938
1403636955.301666498,20.6662
1403636955.351666451,19.319
1403636955.401666403,18.6082
1403636955.451666594,20.1596
1403636955.501666546,19.6011
1403636955.551666498,19.1168
1403636955.601666451,17.582
1403636955.651666403,25.4067
1403636955.701666594,18.8398
1403636955.751666546,18.8116
1403636955.801666498,17.5978
1403636955.851666451,16.0463
1403636955.901666403,18.4687
1403636955.951666594,17.8716
1403636956.001666546,16.4879
1403636956.051666498,19.9148
1403636956.101666451,16.4904
1403636956.151666403,17.4759
1403636956.201666594,17.0398
1403636956.251666546,21.2871
1403636956.301666498,19.8085
1403636956.351666451,19.461
1403636956.401666403,17.8655
1403636956.451666594,21.4012
1403636956.501666546,20.0313
1403636956.551666498,19.5418
1403636956.601666451,18.4197
1403636956.651666403,21.9169
1403636956.701666594,20.4339
1403636956.751666546,20.2093
1403636956.801666498,19.0222
1403636956.851666451,24.4557
1403636956.901666403,20.3793
1403636956.951666594,19.1087
1403636957.001666546,17.5844
1403636957.051666498,22.2209
1403636957.101666451,19.1743
1403636957.151666403,18.9251
1403636957.201666594,18.3963
1403636957.251666546,20.8524
1403636957.301666498,19.4544
1403636957.351666451,19.3298
1403636957.401666403,17.9242
1403636957.451666594,22.6305
1403636957.501666546,19.6327
1403636957.551666498,19.4354
1403636957.601666451,19.3377
1403636957.651666403,21.2297
1403636957.701666594,19.9709
1403636957.751666546,19.659
1403636957.801666498,18.0778
1403636957.851666451,22.7022
1403636957.901666403,19.546
1403636957.951666594,19.9373
1403636958.001666546,18.3253
1403636958.051666498,23.7132
1403636958.101666451,19.9948
1403636958.151666403,19.9742
1403636958.201666594,18.7943
1403636958.251666546,23.0494
1403636958.301666498,19.7364
1403636958.351666451,20.1455
1403636958.401666403,19.1055
1403636958.451666594,24.0123
1403636958.501666546,20.4856
1403636958.551666498,20.7136
1403636958.601666451,20.2444
1403636958.651666403,21.4299
1403636958.701666594,22.596
1403636958.751666546,20.7431
1403636958.801666498,20.1265
1403636958.851666451,25.5128
1403636958.901666403,20.7775
1403636958.951666594,20.9382
1403636959.001666546,21.178
1403636959.051666498,21.9005
1403636959.101666451,21.5633
1403636959.151666403,20.8611
1403636959.201666594,19.9886
1403636959.251666546,25.0982
1403636959.301666498,21.1114
1403636959.351666451,21.1756
1403636959.401666403,20.8206
1403636959.451666594,21.6618
1403636959.501666546,21.3672
1403636959.551666498,21.2154
1403636959.601666451,19.8143
1403636959.651666403,24.358
1403636959.701666594,21.3869
1403636959.751666546,21.2502
1403636959.801666498,19.6362
1403636959.851666451,25.4189
1403636959.901666403,20.709
1403636959.951666594,20.6665
1403636960.001666546,20.7984
1403636960.051666498,22.9763
1403636960.101666451,20.9296
1403636960.151666403,21.0077
1403636960.201666594,19.5498
1403636960.251666546,22.7783
1403636960.301666498,21.0101
1403636960.351666451,21.4807
1403636960.401666403,20.6313
1403636960.451666594,22.8976
1403636960.501666546,20.7834
1403636960.551666498,20.4935
1403636960.601666451,19.6219
1403636960.651666403,26.3522
1403636960.701666594,20.8158
1403636960.751666546,21.2506
1403636960.801666498,23.1307
1403636960.851666451,22.395
1403636960.901666403,21.1421
1403636960.951666594,20.5554
1403636961.001666546,21.6305
1403636961.051666498,19.6608
1403636961.101666451,20.193
1403636961.151666403,19.6581
1403636961.201666594,18.3259
1403636961.251666546,25.0377
1403636961.301666498,19.6495
1403636961.351666451,20.7141
1403636961.401666403,20.6282
1403636961.451666594,20.5971
1403636961.501666546,21.455
1403636961.551666498,20.7211
1403636961.601666451,19.918
1403636961.651666403,26.0277
1403636961.701666594,20.9134
1403636961.751666546,21.0921
1403636961.801666498,20.7234
1403636961.851666451,21.1649
1403636961.901666403,20.8031
1403636961.951666594,20.4079
1403636962.001666546,18.8461
1403636962.051666498,23.5622
1403636962.101666451,20.7938
1403636962.151666403,20.3904
1403636962.201666594,19.921
1403636962.251666546,24.8088
1403636962.301666498,20.1558
1403636962.351666451,19.4532
1403636962.401666403,19.4473
1403636962.451666594,19.922
1403636962.501666546,19.9211
1403636962.551666498,19.2171
1403636962.601666451,20.8457
1403636962.651666403,20.7353
1403636962.701666594,19.9536
1403636962.751666546,19.4482
1403636962.801666498,18.6929
1403636962.851666451,21.7798
1403636962.901666403,20.2835
1403636962.951666594,19.8172
1403636963.001666546,19.3643
1403636963.051666498,22.1413
1403636963.101666451,19.4058
1403636963.151666403,19.4841
1403636963.201666594,19.7657
1403636963.251666546,18.2227
1403636963.301666498,19.8801
1403636963.351666451,19.3914
1403636963.401666403,19.2789
1403636963.451666594,19.6226
1403636963.501666546,19.4534
1403636963.551666498,19.8204
1403636963.601666451,19.6215
1403636963.651666403,19.2715
1403636963.701666594,20.7035
1403636963.751666546,20.4552
1403636963.801666498,19.7141
1403636963.851666451,19.2376
1403636963.901666403,20.5909
1403636963.951666594,20.0978
1403636964.001666546,19.7002
1403636964.051666498,21.7993
1403636964.101666451,20.6584
1403636964.151666403,20.4174
1403636964.201666594,19.635
1403636964.251666546,19.1094
1403636964.301666498,20.5737
1403636964.351666451,20.2926
1403636964.401666403,19.6803
1403636964.451666594,19.1274
1403636964.501666546,19.8912
1403636964.551666498,20.3582
1403636964.601666451,21.2881
1403636964.651666403,18.8397
1403636964.701666594,20.0234
1403636964.751666546,19.4248
1403636964.801666498,19.0026
1403636964.851666451,18.8788
1403636964.901666403,18.8681
1403636964.951666594,18.418
1403636965.001666546,19.4182
1403636965.051666498,18.2632
1403636965.101666451,19.6646
1403636965.151666403,19.6347
1403636965.201666594,18.8462
1403636965.251666546,17.8801
1403636965.301666498,18.8206
1403636965.351666451,18.5832
1403636965.401666403,17.8132
1403636965.451666594,22.4179
1403636965.501666546,18.5997
1403636965.551666498,19.0924
1403636965.601666451,18.417
1403636965.651666403,17.9065
1403636965.701666594,19.4461
1403636965.751666546,19.3126
1403636965.801666498,20.0088
1403636965.851666451,19.1754
1403636965.901666403,20.5381
1403636965.951666594,20.5202
1403636966.001666546,21.6934
1403636966.051666498,21.8226
1403636966.101666451,21.0721
1403636966.151666403,20.6779
1403636966.201666594,20.8417
1403636966.251666546,21.618
1403636966.301666498,21.6681
1403636966.351666451,21.3811
1403636966.401666403,20.5423
1403636966.451666594,23.0148
1403636966.501666546,21.0438
1403636966.551666498,21.1329
1403636966.601666451,21.0321
1403636966.651666403,20.5381
1403636966.701666594,21.5082
1403636966.751666546,21.8833
1403636966.801666498,21.34
1403636966.851666451,22.3676
1403636966.901666403,21.4306
1403636966.951666594,21.3513
1403636967.001666546,20.8896
1403636967.051666498,20.5284
1403636967.101666451,21.7757
1403636967.151666403,21.8488
1403636967.201666594,21.4216
1403636967.251666546,23.0117
1403636967.301666498,21.8595
1403636967.351666451,22.6332
1403636967.401666403,21.2902
1403636967.451666594,20.9025
1403636967.501666546,21.6777
1403636967.551666498,22.1854
1403636967.601666451,22.1081
1403636967.651666403,21.2833
1403636967.701666594,22.6577
1403636967.751666546,22.7954
1403636967.801666498,22.1676
1403636967.851666451,23.2404
1403636967.901666403,22.4141
1403636967.951666594,22.1912
1403636968.001666546,20.6923
1403636968.051666498,20.541
1403636968.101666451,21.9021
1403636968.151666403,21.864
1403636968.201666594,20.827
1403636968.251666546,21.4784
1403636968.301666498,21.8445
1403636968.351666451,21.3416
1403636968.401666403,20.3384
1403636968.451666594,19.5725
1403636968.501666546,21.3202
1403636968.551666498,21.4971
1403636968.601666451,20.6342
1403636968.651666403,20.0936
1403636968.701666594,21.2791
1403636968.751666546,21.3976
1403636968.801666498,19.6527
1403636968.851666451,22.0558
1403636968.901666403,21.483
1403636968.951666594,21.6772
1403636969.001666546,20.8828
1403636969.051666498,20.2676
1403636969.101666451,20.9908
1403636969.151666403,21.7924
1403636969.201666594,20.4188
1403636969.251666546,20.1459
1403636969.301666498,20.1806
1403636969.351666451,20.2756
1403636969.401666403,19.4642
1403636969.451666594,18.9604
1403636969.501666546,20.225
1403636969.551666498,20.454
1403636969.601666451,19.7333
1403636969.651666403,21.0661
1403636969.701666594,20.6412
1403636969.751666546,20.2164
1403636969.801666498,19.8912
1403636969.851666451,18.9395
1403636969.901666403,19.8011
1403636969.951666594,19.9689
1403636970.001666546,19.2607
1403636970.051666498,21.3911
1403636970.101666451,18.9701
1403636970.151666403,19.8467
1403636970.201666594,20.0559
1403636970.251666546,18.4013
1403636970.301666498,19.7753
1403636970.351666451,19.6645
1403636970.401666403,20.2506
1403636970.451666594,17.8909
1403636970.501666546,19.1956
1403636970.551666498,19.2172
1403636970.601666451,18.6636
1403636970.651666403,22.9623
1403636970.701666594,18.9068
1403636970.751666546,18.329
1403636970.801666498,17.995
1403636970.851666451,17.5147
1403636970.901666403,18.9946
1403636970.951666594,18.5037
1403636971.001666546,16.97
1403636971.051666498,24.1477
1403636971.101666451,18.1836
1403636971.151666403,18.0484
1403636971.201666594,17.9073
1403636971.251666546,19.3389
1403636971.301666498,18.9277
1403636971.351666451,18.5511
1403636971.401666403,16.8268
1403636971.451666594,21.9827
1403636971.501666546,17.9676
1403636971.551666498,19.328
1403636971.601666451,18.3946
1403636971.651666403,19.7913
1403636971.701666594,18.7572
1403636971.751666546,19.0038
1403636971.801666498,18.2711
1403636971.851666451,22.4366
1403636971.901666403,18.5758
1403636971.951666594,18.2076
1403636972.001666546,17.0923
1403636972.051666498,21.4277
1403636972.101666451,19.1753
1403636972.151666403,18.7782
1403636972.201666594,18.2939
1403636972.251666546,20.1706
1403636972.301666498,18.6009
1403636972.351666451,18.6097
1403636972.401666403,17.5302
1403636972.451666594,22.0472
1403636972.501666546,19.9985
1403636972.551666498,19.8212
1403636972.601666451,20.2844
1403636972.651666403,20.2697
1403636972.701666594,20.0008
1403636972.751666546,20.2834
1403636972.801666498,20.593
1403636972.851666451,26.6867
1403636972.901666403,19.8776
1403636972.951666594,20.3783
1403636973.001666546,20.0342
1403636973.051666498,21.5811
1403636973.101666451,20.6122
1403636973.151666403,20.7093
1403636973.201666594,19.6024
1403636973.251666546,24.5584
1403636973.301666498,21.2409
1403636973.351666451,21.2831
1403636973.401666403,19.9792
1403636973.451666594,24.1281
1403636973.501666546,20.9415
1403636973.551666498,20.5182
1403636973.601666451,20.4267
1403636973.651666403,23.1619
1403636973.701666594,21.6953
1403636973.751666546,21.3844
1403636973.801666498,20.2943
1403636973.851666451,23.6946
1403636973.901666403,21.1678
1403636973.951666594,21.061
1403636974.001666546,20.7329
1403636974.051666498,26.7454
1403636974.101666451,20.399
1403636974.151666403,21.1281
1403636974.201666594,20.8938
1403636974.251666546,24.0349
1403636974.301666498,20.5046
1403636974.351666451,21.5012
1403636974.401666403,20.9829
1403636974.451666594,23.1574
1403636974.501666546,21.7087
1403636974.551666498,21.8763
1403636974.601666451,20.5335
1403636974.651666403,26.0929
1403636974.701666594,21.6015
1403636974.751666546,21.8808
1403636974.801666498,20.3221
1403636974.851666451,24.8426
1403636974.901666403,22.1769
1403636974.951666594,21.8096
1403636975.001666546,21.9214
1403636975.051666498,25.0921
1403636975.101666451,22.4722
1403636975.151666403,23.1558
1403636975.201666594,22.1179
1403636975.251666546,25.5107
1403636975.301666498,23.3935
1403636975.351666451,22.993
1403636975.401666403,23.0234
1403636975.451666594,23.5824
1403636975.501666546,22.4568
1403636975.551666498,22.6832
1403636975.601666451,22.0824
1403636975.651666403,21.8484
1403636975.701666594,22.8325
1403636975.751666546,23.3065
1403636975.801666498,21.8247
1403636975.851666451,25.6232
1403636975.901666403,22.7648
1403636975.951666594,22.7691
1403636976.001666546,21.9118
1403636976.051666498,26.0425
1403636976.101666451,22.8186
1403636976.151666403,23.0258
1403636976.201666594,22.2872
1403636976.251666546,29.2891
1403636976.301666498,23.9816
1403636976.351666451,23.9207
1403636976.401666403,23.9365
1403636976.451666594,24.6986
1403636976.501666546,23.8514
1403636976.551666498,24.4144
1403636976.601666451,22.6988
1403636976.651666403,26.7056
1403636976.701666594,23.686
1403636976.751666546,24.2041
1403636976.801666498,24.3568
1403636976.851666451,23.8292
1403636976.901666403,23.9862
1403636976.951666594,23.5366
1403636977.001666546,23.8801
1403636977.051666498,22.6782
1403636977.101666451,24.1295
1403636977.151666403,24.0762
1403636977.201666594,24.9059
1403636977.251666546,26.289
1403636977.301666498,24.6928
1403636977.351666451,25.0993
1403636977.401666403,24.755
1403636977.451666594,23.9639
1403636977.501666546,24.0405
1403636977.551666498,24.9225
1403636977.601666451,24.1279
1403636977.651666403,25.8158
1403636977.701666594,25.0057
1403636977.751666546,24.9662
1403636977.801666498,24.0281
1403636977.851666451,23.0456
1403636977.901666403,24.2906
1403636977.951666594,23.9995
1403636978.001666546,23.4209
1403636978.051666498,22.5934
1403636978.101666451,23.8385
1403636978.151666403,23.8841
1403636978.201666594,23.129
1403636978.251666546,27.1427
1403636978.301666498,23.5798
1403636978.351666451,24.0667
1403636978.401666403,23.1591
1403636978.451666594,22.1581
1403636978.501666546,22.9603
1403636978.551666498,23.6554
1403636978.601666451,22.3535
1403636978.651666403,23.7574
1403636978.701666594,23.102
1403636978.751666546,23.8957
1403636978.801666498,23.4848
1403636978.851666451,21.985
1403636978.901666403,23.4507
1403636978.951666594,23.8963
1403636979.001666546,23.1454
1403636979.051666498,22.4317
1403636979.101666451,23.9787
1403636979.151666403,24.5466
1403636979.201666594,23.5592
1403636979.251666546,24.8008
1403636979.301666498,24.1467
1403636979.351666451,23.6414
1403636979.401666403,23.6803
1403636979.451666594,22.3017
1403636979.501666546,23.1896
1403636979.551666498,23.7083
1403636979.601666451,23.1007
1403636979.651666403,23.0352
1403636979.701666594,23.8631
1403636979.751666546,23.5424
1403636979.801666498,22.7247
1403636979.851666451,21.8444
1403636979.901666403,23.2341
1403636979.951666594,24.3209
1403636980.001666546,22.7873
1403636980.051666498,22.9557
1403636980.101666451,22.7356
1403636980.151666403,23.1721
1403636980.201666594,23.2579
1403636980.251666546,22.3662
1403636980.301666498,23.0326
1403636980.351666451,23.7549
1403636980.401666403,23.0288
1403636980.451666594,22.5892
1403636980.501666546,23.3124
1403636980.551666498,23.6689
1403636980.601666451,23.5725
1403636980.651666403,22.0135
1403636980.701666594,23.8218
1403636980.751666546,23.8799
1403636980.801666498,23.6208
1403636980.851666451,22.7712
1403636980.901666403,23.6502
1403636980.951666594,23.1667
1403636981.001666546,23.5091
1403636981.051666498,21.9553
1403636981.101666451,23.0116
1403636981.151666403,23.4324
1403636981.201666594,23.1101
1403636981.251666546,22.7673
1403636981.301666498,23.2504
1403636981.351666451,23.0421
1403636981.401666403,22.8609
1403636981.451666594,23.7448
1403636981.501666546,22.86
1403636981.551666498,23.1966
1403636981.601666451,22.3268
1403636981.651666403,22.2579
1403636981.701666594,22.7482
1403636981.751666546,22.7882
1403636981.801666498,22.7935
1403636981.851666451,22.4776
1403636981.901666403,23.8349
1403636981.951666594,22.5587
1403636982.001666546,21.8945
1403636982.051666498,22.4045
1403636982.101666451,23.6963
1403636982.151666403,21.5019
1403636982.201666594,21.4434
1403636982.251666546,22.5769
1403636982.301666498,23.2792
1403636982.351666451,22.016
1403636982.401666403,21.8943
1403636982.451666594,22.081
1403636982.501666546,23.3696
1403636982.551666498,21.9207
1403636982.601666451,22.9674
1403636982.651666403,22.985
1403636982.701666594,23.2095
1403636982.751666546,22.653
1403636982.801666498,20.7675
1403636982.851666451,21.1356
1403636982.901666403,22.2554
1403636982.951666594,22.3322
1403636983.001666546,20.7298
1403636983.051666498,20.7074
1403636983.101666451,21.9987
1403636983.151666403,22.0303
1403636983.201666594,20.5295
1403636983.251666546,21.4122
1403636983.301666498,20.823
1403636983.351666451,21.0721
1403636983.401666403,20.7149
1403636983.451666594,20.8138
1403636983.501666546,21.9396
1403636983.551666498,21.8541
1403636983.601666451,21.7764
1403636983.651666403,21.2442
1403636983.701666594,21.2271
1403636983.751666546,21.3883
1403636983.801666498,21.0379
1403636983.851666451,21.3534
1403636983.901666403,21.067
1403636983.951666594,20.6283
1403636984.001666546,21.597
1403636984.051666498,21.7077
1403636984.101666451,21.5943
1403636984.151666403,21.1746
1403636984.201666594,20.9498
1403636984.251666546,21.5756
1403636984.301666498,22.1783
1403636984.351666451,19.5277
1403636984.401666403,20.7571
1403636984.451666594,21.2864
1403636984.501666546,22.8518
1403636984.551666498,21.1518
1403636984.601666451,20.7376
1403636984.651666403,21.5281
1403636984.701666594,21.9438
1403636984.751666546,21.8217
1403636984.801666498,19.8439
1403636984.851666451,20.0448
1403636984.901666403,22.4702
1403636984.951666594,21.2324
1403636985.001666546,19.8889
1403636985.051666498,19.6929
1403636985.101666451,21.7694
1403636985.151666403,21.1897
1403636985.201666594,19.03
1403636985.251666546,19.3198
1403636985.301666498,20.0249
1403636985.351666451,20.7331
1403636985.401666403,19.994
1403636985.451666594,20.462
1403636985.501666546,18.5201
1403636985.551666498,18.7071
1403636985.601666451,18.4347
1403636985.651666403,18.4326
1403636985.701666594,18.7782
1403636985.751666546,18.699
1403636985.801666498,17.9586
1403636985.851666451,17.8674
1403636985.901666403,17.9578
1403636985.951666594,17.4475
1403636986.001666546,17.5003
1403636986.051666498,17.2365
1403636986.101666451,21.1574
1403636986.151666403,17.3736
1403636986.201666594,17.3919
1403636986.251666546,17.2779
1403636986.301666498,19.0531
1403636986.351666451,15.9867
1403636986.401666403,17.0729
1403636986.451666594,17.0928
1403636986.501666546,19.3407
1403636986.551666498,17.4629
1403636986.601666451,16.7332
1403636986.651666403,17.537
1403636986.701666594,19.0667
1403636986.751666546,16.5895
1403636986.801666498,16.5577
1403636986.851666451,17.0623
1403636986.901666403,19.6989
1403636986.951666594,17.7143
1403636987.001666546,16.8073
1403636987.051666498,16.7387
1403636987.101666451,18.8071
1403636987.151666403,16.155
1403636987.201666594,16.5736
1403636987.251666546,16.7192
1403636987.301666498,19.6877
1403636987.351666451,17.2474
1403636987.401666403,16.5142
1403636987.451666594,17.1253
1403636987.501666546,17.7957
1403636987.551666498,18.2159
1403636987.601666451,16.8242
1403636987.651666403,16.5398
1403636987.701666594,18.0459
1403636987.751666546,17.127
1403636987.801666498,17.3369
1403636987.851666451,17.3644
1403636987.901666403,17.677
1403636987.951666594,16.8001
1403636988.001666546,17.5504
1403636988.051666498,16.5108
1403636988.101666451,17.5464
1403636988.151666403,17.4176
1403636988.201666594,17.0343
1403636988.251666546,19.5483
1403636988.301666498,18.1804
1403636988.351666451,17.1607
1403636988.401666403,16.6942
1403636988.451666594,17.6501
1403636988.501666546,19.5889
1403636988.551666498,19.0012
1403636988.601666451,18.3358
1403636988.651666403,18.325
1403636988.701666594,20.3754
1403636988.751666546,19.829
1403636988.801666498,19.3405
1403636988.851666451,23.2451
1403636988.901666403,20.6499
1403636988.951666594,19.8138
1403636989.001666546,19.5858
1403636989.051666498,22.7734
1403636989.101666451,21.5907
1403636989.151666403,22.343
1403636989.201666594,21.2995
1403636989.251666546,25.5091
1403636989.301666498,21.865
1403636989.351666451,21.844
1403636989.401666403,20.7224
1403636989.451666594,20.5483
1403636989.501666546,21.713
1403636989.551666498,21.7582
1403636989.601666451,20.4449
1403636989.651666403,24.5543
1403636989.701666594,22.0099
1403636989.751666546,22.175
1403636989.801666498,20.6912
1403636989.851666451,22.6491
1403636989.901666403,22.7371
1403636989.951666594,22.7698
1403636990.001666546,22.4893
1403636990.051666498,23.6108
1403636990.101666451,22.4684
1403636990.151666403,22.456
1403636990.201666594,21.0215
1403636990.251666546,23.1224
1403636990.301666498,22.183
1403636990.351666451,22.6865
1403636990.401666403,22.2758
1403636990.451666594,21.2151
1403636990.501666546,21.9758
1403636990.551666498,22.6664
1403636990.601666451,21.2886
1403636990.651666403,24.3868
1403636990.701666594,22.2579
1403636990.751666546,22.5759
1403636990.801666498,22.3928
1403636990.851666451,22.41
1403636990.901666403,22.2064
1403636990.951666594,22.6342
1403636991.001666546,20.8037
1403636991.051666498,21.835
1403636991.101666451,22.4297
1403636991.151666403,22.2638
1403636991.201666594,21.1251
1403636991.251666546,24.7145
1403636991.301666498,21.7611
1403636991.351666451,22.5566
1403636991.401666403,20.6525
1403636991.451666594,25.8603
1403636991.501666546,22.1709
1403636991.551666498,23.745
1403636991.601666451,22.3082
1403636991.651666403,21.963
1403636991.701666594,23.0617
1403636991.751666546,22.6984
1403636991.801666498,22.8016
1403636991.851666451,23.3269
1403636991.901666403,22.7402
1403636991.951666594,23.2104
1403636992.001666546,23.8715
1403636992.051666498,21.027
1403636992.101666451,22.1936
1403636992.151666403,23.4142
1403636992.201666594,23.1258
1403636992.251666546,23.9501
1403636992.301666498,23.9192
1403636992.351666451,24.135
1403636992.401666403,23.2189
1403636992.451666594,21.8166
1403636992.501666546,23.4589
1403636992.551666498,23.6635
1403636992.601666451,22.191
1403636992.651666403,27.4696
1403636992.701666594,24.0275
1403636992.751666546,24.1184
1403636992.801666498,23.8894
1403636992.851666451,22.5763
1403636992.901666403,23.5578
1403636992.951666594,24.4514
1403636993.001666546,24.1146
1403636993.051666498,25.1868
1403636993.101666451,24.0609
1403636993.151666403,24.1775
1403636993.201666594,23.9066
1403636993.251666546,21.9942
1403636993.301666498,24.3046
1403636993.351666451,24.3734
1403636993.401666403,24.0964
1403636993.451666594,23.4432
1403636993.501666546,23.6313
1403636993.551666498,23.8202
1403636993.601666451,23.7069
1403636993.651666403,22.5731
1403636993.701666594,23.9784
1403636993.751666546,24.0982
1403636993.801666498,24.0037
1403636993.851666451,25.4098
1403636993.901666403,23.5964
1403636993.951666594,25.0157
1403636994.001666546,23.9744
1403636994.051666498,23.2116
1403636994.101666451,24.0099
1403636994.151666403,24.8219
1403636994.201666594,24.9163
1403636994.251666546,23.7296
1403636994.301666498,23.9751
1403636994.351666451,24.7414
1403636994.401666403,24.2504
1403636994.451666594,24.6889
1403636994.501666546,24.1905
1403636994.551666498,25.0944
1403636994.601666451,24.4191
1403636994.651666403,23.3523
1403636994.701666594,24.4074
1403636994.751666546,24.5912
1403636994.801666498,24.9055
1403636994.851666451,22.8433
1403636994.901666403,24.2934
1403636994.951666594,25.2332
1403636995.001666546,25.0889
1403636995.051666498,24.1801
1403636995.101666451,24.1506
1403636995.151666403,25.7697
1403636995.201666594,25.0531
1403636995.251666546,25.1565
1403636995.301666498,23.7574
1403636995.351666451,24.8018
1403636995.401666403,24.6823
1403636995.451666594,25.0237
1403636995.501666546,24.502
1403636995.551666498,24.8618
1403636995.601666451,24.8814
1403636995.651666403,24.7662
1403636995.701666594,24.9504
1403636995.751666546,24.7087
1403636995.801666498,25.6653
1403636995.851666451,24.9494
1403636995.901666403,24.8654
1403636995.951666594,24.6114
1403636996.001666546,24.7822
1403636996.051666498,25.0836
1403636996.101666451,25.2754
1403636996.151666403,23.908
1403636996.201666594,24.1558
1403636996.251666546,24.7198
1403636996.301666498,27.3149
1403636996.351666451,25.618
1403636996.401666403,23.5383
1403636996.451666594,24.4858
1403636996.501666546,25.3055
1403636996.551666498,24.9496
1403636996.601666451,23.742
1403636996.651666403,24.0221
1403636996.701666594,23.713
1403636996.751666546,24.663
1403636996.801666498,23.5486
1403636996.851666451,24.3343
1403636996.901666403,23.6987
1403636996.951666594,23.0292
1403636997.001666546,23.0779
1403636997.051666498,22.983
1403636997.101666451,23.5205
1403636997.151666403,23.0866
1403636997.201666594,22.3485
1403636997.251666546,22.602
1403636997.301666498,24.2626
1403636997.351666451,23.5563
1403636997.401666403,23.019
1403636997.451666594,22.812
1403636997.501666546,23.8476
1403636997.551666498,23.6786
1403636997.601666451,22.334
1403636997.651666403,21.844
1403636997.701666594,23.615
1403636997.751666546,23.7889
1403636997.801666498,23.6167
1403636997.851666451,22.4868
1403636997.901666403,23.1498
1403636997.951666594,23.0459
1403636998.001666546,23.0289
1403636998.051666498,23.6017
1403636998.101666451,26.2285
1403636998.151666403,21.9336
1403636998.201666594,22.6871
1403636998.251666546,22.7064
1403636998.301666498,24.657
1403636998.351666451,23.6828
1403636998.401666403,22.4162
1403636998.451666594,22.2711
1403636998.501666546,24.5169
1403636998.551666498,23.8103
1403636998.601666451,23.2739
1403636998.651666403,21.9296
1403636998.701666594,23.513
1403636998.751666546,22.5722
1403636998.801666498,23.308
1403636998.851666451,23.3744
1403636998.901666403,22.2788
1403636998.951666594,21.6783
1403636999.001666546,22.3334
1403636999.051666498,22.0248
1403636999.101666451,23.3472
1403636999.151666403,21.9827
1403636999.201666594,21.3208
1403636999.251666546,21.995
1403636999.301666498,23.8332
1403636999.351666451,23.2921
1403636999.401666403,21.5573
1403636999.451666594,21.8983
1403636999.501666546,22.4759
1403636999.551666498,22.9014
1403636999.601666451,22.5593
1403636999.651666403,22.574
1403636999.701666594,22.4363
1403636999.751666546,22.1166
1403636999.801666498,22.1724
1403636999.851666451,22.4899
1403636999.901666403,23.7573
1403636999.951666594,21.926
1403637000.001666546,21.9904
1403637000.051666498,23.2335
1403637000.101666451,23.4864
1403637000.151666403,24.0668
1403637000.201666594,21.0406
1403637000.251666546,21.3986
1403637000.301666498,23.8084
1403637000.351666451,24.3707
1403637000.401666403,23.3956
1403637000.451666594,22.0124
1403637000.501666546,23.2
1403637000.551666498,22.8871
1403637000.601666451,22.2306
1403637000.651666403,23.0466
1403637000.701666594,21.2167
1403637000.751666546,21.4415
1403637000.801666498,21.5308
1403637000.851666451,21.9447
1403637000.901666403,23.9682
1403637000.951666594,23.9757
1403637001.001666546,20.7498
1403637001.051666498,21.9131
1403637001.101666451,23.2338
1403637001.151666403,23.5827
1403637001.201666594,21.5347
1403637001.251666546,22.37
1403637001.301666498,22.8501
1403637001.351666451,23.7243
1403637001.401666403,22.2149
1403637001.451666594,22.397
1403637001.501666546,21.9704
1403637001.551666498,21.7902
1403637001.601666451,22.4562
1403637001.651666403,21.9347
1403637001.701666594,24.3266
1403637001.751666546,22.1233
1403637001.801666498,21.9644
1403637001.851666451,22.3292
1403637001.901666403,24.0768
1403637001.951666594,23.2614
1403637002.001666546,21.3211
1403637002.051666498,21.3923
1403637002.101666451,23.0094
1403637002.151666403,22.3431
1403637002.201666594,20.1625
1403637002.251666546,21.4834
1403637002.301666498,23.0819
1403637002.351666451,22.7018
1403637002.401666403,23.3254
1403637002.451666594,23.094
1403637002.501666546,21.7923
1403637002.551666498,21.6446
1403637002.601666451,21.6594
1403637002.651666403,22.6034
1403637002.701666594,22.7227
1403637002.751666546,21.8727
1403637002.801666498,21.8419
1403637002.851666451,21.7007
1403637002.901666403,23.0803
1403637002.951666594,20.7067
1403637003.001666546,20.5733
1403637003.051666498,21.776
1403637003.101666451,23.2531
1403637003.151666403,20.5948
1403637003.201666594,20.1924
1403637003.251666546,20.8199
1403637003.301666498,21.5016
1403637003.351666451,20.709
1403637003.401666403,18.7274
1403637003.451666594,19.4539
1403637003.501666546,21.4846
1403637003.551666498,20.2219
1403637003.601666451,17.496
1403637003.651666403,18.8492
1403637003.701666594,20.2562
1403637003.751666546,17.3022
1403637003.801666498,19.1946
1403637003.851666451,19.1766
1403637003.901666403,17.9167
1403637003.951666594,18.1765
1403637004.001666546,17.4488
1403637004.051666498,17.1653
1403637004.101666451,19.6416
1403637004.151666403,16.1495
1403637004.201666594,17.412
1403637004.251666546,17.6271
1403637004.301666498,16.7017
1403637004.351666451,17.0203
1403637004.401666403,16.5429
1403637004.451666594,15.7722
1403637004.501666546,17.9106
1403637004.551666498,17.892
1403637004.601666451,16.9818
1403637004.651666403,21.0028
1403637004.701666594,19.3838
1403637004.751666546,18.6359
1403637004.801666498,18.5168
1403637004.851666451,17.5095
1403637004.901666403,18.6637
1403637004.951666594,19.0309
1403637005.001666546,18.7663
1403637005.051666498,19.6546
1403637005.101666451,19.3653
1403637005.151666403,19.506
1403637005.201666594,18.0778
1403637005.251666546,24.0805
1403637005.301666498,19.0544
1403637005.351666451,18.5636
1403637005.401666403,18.1358
1403637005.451666594,23.1236
1403637005.501666546,19.0775
1403637005.551666498,19.3839
1403637005.601666451,17.748
1403637005.651666403,21.898
1403637005.701666594,18.6817
1403637005.751666546,18.8981
1403637005.801666498,17.3684
1403637005.851666451,22.1599
1403637005.901666403,19.4957
1403637005.951666594,19.7767
1403637006.001666546,19.0638
1403637006.051666498,24.196
1403637006.101666451,20.3149
1403637006.151666403,20.8731
1403637006.201666594,19.4505
1403637006.251666546,23.8276
1403637006.301666498,20.4816
1403637006.351666451,20.6413
1403637006.401666403,18.5867
1403637006.451666594,22.3002
1403637006.501666546,20.0558
1403637006.551666498,19.4943
1403637006.601666451,21.945
1403637006.651666403,25.2568
1403637006.701666594,19.7783
1403637006.751666546,20.2114
1403637006.801666498,18.5516
1403637006.851666451,23.0591
1403637006.901666403,19.2758
1403637006.951666594,19.0608
1403637007.001666546,20.4558
1403637007.051666498,21.7917
1403637007.101666451,18.5807
1403637007.151666403,17.7772
1403637007.201666594,19.3428
1403637007.251666546,21.2957
1403637007.301666498,17.6399
1403637007.351666451,16.5173
1403637007.401666403,18.9301
1403637007.451666594,21.761
1403637007.501666546,16.3443
1403637007.551666498,17.5604
1403637007.601666451,16.0547
1403637007.651666403,19.9183
1403637007.701666594,16.4275
1403637007.751666546,15.5612
1403637007.801666498,17.1648
1403637007.851666451,19.1714
1403637007.901666403,15.0966
1403637007.951666594,17.0953
1403637008.001666546,16.4202
1403637008.051666498,17.1414
1403637008.101666451,15.499
1403637008.151666403,15.0642
1403637008.201666594,16.4017
1403637008.251666546,16.5873
1403637008.301666498,14.445
1403637008.351666451,14.333
1403637008.401666403,18.1293
1403637008.451666594,18.5297
1403637008.501666546,14.6327
1403637008.551666498,14.8871
1403637008.601666451,16.5288
1403637008.651666403,19.7253
1403637008.701666594,16.1643
1403637008.751666546,16.1117
1403637008.801666498,17.723
1403637008.851666451,17.4337
1403637008.901666403,15.3031
1403637008.951666594,15.2041
1403637009.001666546,16.3858
1403637009.051666498,19.2557
1403637009.101666451,15.1988
1403637009.151666403,17.8035
1403637009.201666594,16.1554
1403637009.251666546,18.3446
1403637009.301666498,14.3916
1403637009.351666451,14.7173
1403637009.401666403,17.4715
1403637009.451666594,19.4178
1403637009.501666546,13.9761
1403637009.551666498,14.8811
1403637009.601666451,14.3435
1403637009.651666403,19.6668
1403637009.701666594,14.596
1403637009.751666546,14.3721
1403637009.801666498,19.7479
1403637009.851666451,18.2242
1403637009.901666403,14.9782
1403637009.951666594,14.9494
1403637010.001666546,16.8598
1403637010.051666498,17.6776
1403637010.101666451,15.347
1403637010.151666403,14.2322
1403637010.201666594,19.6639
1403637010.251666546,21.7684
1403637010.301666498,14.5631
1403637010.351666451,14.3532
1403637010.401666403,18.6743
1403637010.451666594,18.2535
1403637010.501666546,15.3761
1403637010.551666498,15.5226
1403637010.601666451,17.1446
